LAST_GIT_COMMIT_SHA:STRING=adf77c97ed8425a245449f2582d2441f4b72da1e

***** GLOBAL STATISTICS ( 86400 MPI TASKS) *****

$Id: gptl.c,v 1.157 2011-03-28 20:55:18 rosinski Exp $
'count' is cumulative. All other stats are max/min
name                           processes  threads        count      walltotal   wallmax (proc   thrd  )   wallmin (proc   thrd  )
"Total"                            86400    86400 8.640000e+04   4.035339e+07   467.529 ( 71945      0)   466.844 ( 57316      0)
"prim_init1"                       86400    86400 8.640000e+04   8.890234e+05    10.619 (  1716      0)     9.590 ( 57966      0)
"PartitioningTime"                 86400    86400 8.640000e+04   2.806883e+03     0.091 ( 38167      0)     0.003 ( 83062      0)
"repro_sum_int"                    86400    86400 3.888000e+06   2.958459e+05    14.135 (  1423      0)     0.380 ( 23287      0)
"prim_init2"                       86400    86400 8.640000e+04   4.424299e+05    13.613 (     0      0)     2.147 ( 66192      0)
"prim_printstate"                  86400    86400 8.640000e+04   2.666024e+04     0.386 ( 13532      0)     0.244 ( 64662      0)
"interp_movie_output"              86400    86400 1.728000e+05   3.835057e+03     0.096 (  3054      0)     0.001 (  8312      0)
"prim_main_loop"                   86400    86400 8.640000e+04   3.777838e+07   437.341 ( 71945      0)   437.193 (  7349      0)
"prim_run"                         86400    86400 1.036800e+09   3.777370e+07   437.329 ( 71945      0)   437.131 (  4296      0)
"ApplyCAMForcing"                  86400    86400 1.036800e+09   1.822563e+05     2.382 ( 64806      0)     2.033 ( 45863      0)
"prim_step_rX"                     86400    86400 3.110400e+09   3.577865e+07   415.426 ( 70210      0)   411.123 ( 64812      0)
"prim_step_dyn"                    86400    86400 3.110400e+09   1.273529e+07   183.399 ( 17245      0)   114.493 ( 25901      0)
"prim_advance_exp"                 86400    86400 3.110400e+09   1.272609e+07   183.290 ( 17245      0)   114.398 ( 25901      0)
"U3-5stage_timestep"               86400    86400 3.110400e+09   6.307149e+06   110.703 ( 17245      0)    46.448 ( 71424      0)
"compute_and_apply_rhs"            86400    86400 1.555200e+10   6.276945e+06   110.332 ( 17245      0)    46.090 ( 71424      0)
"caar_bexchV"                      86400    86400 1.555200e+10   5.192982e+06    97.711 ( 17245      0)    33.280 ( 71424      0)
"advance_hypervis_dp"              86400    86400 3.110400e+09   6.410745e+06   100.291 ( 48746      0)    53.940 ( 72882      0)
"biwkdp3d_bexchV"                  86400    86400 9.331200e+09   2.564800e+06    48.223 ( 48832      0)    18.829 ( 72882      0)
"ahdp_bexchV2"                     86400    86400 9.331200e+09   2.631990e+06    50.426 ( 48746      0)    19.337 ( 72925      0)
"prim_step_advec"                  86400    86400 3.110400e+09   2.299308e+07   298.100 ( 25901      0)   230.784 ( 17245      0)
"PAT_remap"                        86400    86400 3.110400e+09   2.298910e+07   298.058 ( 25901      0)   230.739 ( 17245      0)
"prim_advec_tracers_remap_rk2"     86400    86400 3.110400e+09   2.298365e+07   297.998 ( 25901      0)   230.677 ( 17245      0)
"precomput_divdp"                  86400    86400 3.110400e+09   3.320866e+04     0.557 ( 72648      0)     0.257 ( 51550      0)
"euler_step_0"                     86400    86400 3.110400e+09   6.329585e+06    91.927 ( 75809      0)    57.235 ( 59806      0)
"bihmix_qminmax"                   86400    86400 9.331200e+09   1.044531e+07   148.628 ( 67770      0)    96.226 ( 48818      0)
"eus_neighbor_minmax1"             86400    86400 3.110400e+09   1.966138e+06    37.621 ( 75809      0)    13.865 ( 59757      0)
"nmm_bexchV"                       86400    86400 3.110400e+09   1.578763e+06    32.781 (  8979      0)    10.043 ( 32727      0)
"eus_2d_advec"                     86400    86400 9.331200e+09   1.209144e+07   179.560 ( 71361      0)   114.969 ( 79964      0)
"eus_bexchV"                       86400    86400 9.331200e+09   6.059911e+06   109.126 ( 71361      0)    44.252 ( 69005      0)
"euler_step_1"                     86400    86400 3.110400e+09   3.939297e+06    59.926 ( 85803      0)    37.783 ( 32303      0)
"euler_step_2"                     86400    86400 3.110400e+09   1.229622e+07   161.326 ( 72903      0)   122.987 ( 17245      0)
"nmm_bexchS_start"                 86400    86400 3.110400e+09   7.362954e+04     2.089 ( 76357      0)     0.307 ( 24242      0)
"biwksc_bexchV"                    86400    86400 3.110400e+09   3.164640e+06    60.078 ( 76614      0)    19.507 (  6472      0)
"nmm_bexchS_fini"                  86400    86400 3.110400e+09   8.328049e+03     0.339 ( 56682      0)     0.065 ( 47204      0)
"qdp_tavg"                         86400    86400 3.110400e+09   3.669891e+05     4.744 ( 64800      0)     4.174 ( 59948      0)
"vertical_remap"                   86400    86400 1.036800e+09   1.502263e+06    19.332 ( 64804      0)    16.679 ( 81212      0)
"vertical_remap1_1"                86400    86400 1.036800e+09   1.005714e+05     1.290 ( 64800      0)     0.974 ( 71296      0)
"remap_Q_ppm"                      86400    86400 3.110400e+09   1.462689e+06    18.818 ( 64804      0)    16.336 ( 67647      0)
"vertical_remap1_2"                86400    86400 1.036800e+09   1.116608e+05     1.448 ( 64808      0)     1.264 ( 81950      0)
"vertical_remap1_3"                86400    86400 1.036800e+09   1.262327e+06    16.244 ( 64804      0)    14.058 ( 70710      0)
"prim_run_subcyle_diags"           86400    86400 1.036800e+09   2.371927e+05     3.781 ( 55547      0)     2.247 ( 76600      0)
"t_prf"                                0        0 0.000000e+00   0.000000e+00     0.000 (     0      0)     0.000 (     0      0)

