LAST_GIT_COMMIT_SHA:STRING=adf77c97ed8425a245449f2582d2441f4b72da1e

***** GLOBAL STATISTICS (  1920 MPI TASKS) *****

$Id: gptl.c,v 1.157 2011-03-28 20:55:18 rosinski Exp $
'count' is cumulative. All other stats are max/min
name                           processes  threads        count      walltotal   wallmax (proc   thrd  )   wallmin (proc   thrd  )
"Total"                             1920     1920 1.920000e+03   7.757735e+05   404.095 (  1592      0)   403.983 (  1074      0)
"prim_init1"                        1920     1920 1.920000e+03   1.504795e+03     0.796 (   494      0)     0.767 (  1914      0)
"PartitioningTime"                  1920     1920 1.920000e+03   9.532554e+00     0.006 (  1872      0)     0.003 (   498      0)
"repro_sum_int"                     1920     1920 8.640000e+04   1.060479e+02     0.148 (   813      0)     0.018 (  1221      0)
"prim_init2"                        1920     1920 1.920000e+03   3.115149e+02     0.224 (     6      0)     0.127 (  1108      0)
"prim_printstate"                   1920     1920 1.920000e+03   6.124337e+01     0.040 (     0      0)     0.031 (   862      0)
"interp_movie_output"               1920     1920 3.840000e+03   2.943552e+00     0.004 (  1564      0)     0.000 (   189      0)
"prim_main_loop"                    1920     1920 1.920000e+03   7.645470e+05   398.248 (  1537      0)   398.136 (  1074      0)
"prim_run"                          1920     1920 5.126400e+05   7.645447e+05   398.247 (  1553      0)   398.135 (  1074      0)
"ApplyCAMForcing"                   1920     1920 5.126400e+05   1.354501e+04     8.036 (    14      0)     5.574 (   169      0)
"prim_step_rX"                      1920     1920 1.537920e+06   7.028580e+05   368.747 (   169      0)   364.266 (  1534      0)
"prim_step_dyn"                     1920     1920 1.537920e+06   1.395840e+05    89.732 (  1122      0)    61.721 (  1539      0)
"prim_advance_exp"                  1920     1920 1.537920e+06   1.395723e+05    89.725 (  1122      0)    61.715 (  1539      0)
"U3-5stage_timestep"                1920     1920 1.537920e+06   6.804067e+04    53.513 (  1122      0)    26.126 (  1879      0)
"compute_and_apply_rhs"             1920     1920 7.689600e+06   6.705930e+04    53.036 (  1122      0)    25.571 (     2      0)
"caar_bexchV"                       1920     1920 7.689600e+06   3.668175e+04    37.300 (  1122      0)     7.673 (  1539      0)
"advance_hypervis_dp"               1920     1920 1.537920e+06   7.151489e+04    44.538 (  1079      0)    31.489 (  1862      0)
"biwkdp3d_bexchV"                   1920     1920 4.613760e+06   1.793322e+04    17.259 (  1079      0)     4.213 (  1555      0)
"ahdp_bexchV2"                      1920     1920 4.613760e+06   1.888154e+04    15.983 (   573      0)     5.029 (  1574      0)
"prim_step_advec"                   1920     1920 1.537920e+06   5.612457e+05   302.027 (  1536      0)   277.415 (  1122      0)
"PAT_remap"                         1920     1920 1.537920e+06   5.612400e+05   302.024 (  1536      0)   277.412 (  1122      0)
"prim_advec_tracers_remap_rk2"      1920     1920 1.537920e+06   5.612320e+05   302.020 (  1536      0)   277.408 (  1122      0)
"precomput_divdp"                   1920     1920 1.537920e+06   1.105843e+03     0.749 (   928      0)     0.306 (   620      0)
"euler_step_0"                      1920     1920 1.537920e+06   1.541113e+05    85.766 (   516      0)    73.262 (   610      0)
"bihmix_qminmax"                    1920     1920 4.613760e+06   2.646934e+05   148.742 (  1861      0)   124.577 (   603      0)
"eus_neighbor_minmax1"              1920     1920 1.537920e+06   4.262233e+04    30.055 (  1416      0)    16.161 (   358      0)
"nmm_bexchV"                        1920     1920 1.537920e+06   2.266808e+04    20.711 (   592      0)     7.339 (   393      0)
"eus_2d_advec"                      1920     1920 4.613760e+06   2.799248e+05   158.440 (  1633      0)   130.081 (  1118      0)
"eus_bexchV"                        1920     1920 4.613760e+06   7.946672e+04    55.666 (   359      0)    29.342 (   543      0)
"euler_step_1"                      1920     1920 1.537920e+06   1.083674e+05    62.812 (    80      0)    52.268 (    35      0)
"euler_step_2"                      1920     1920 1.537920e+06   2.822208e+05   156.105 (   362      0)   136.754 (  1034      0)
"nmm_bexchS_start"                  1920     1920 1.537920e+06   1.141786e+02     0.111 (  1329      0)     0.027 (   357      0)
"biwksc_bexchV"                     1920     1920 1.537920e+06   2.887023e+04    21.695 (  1635      0)     8.173 (   472      0)
"nmm_bexchS_fini"                   1920     1920 1.537920e+06   1.061878e+04     7.558 (     9      0)     2.954 (   286      0)
"qdp_tavg"                          1920     1920 1.537920e+06   1.538632e+04     9.809 (    14      0)     4.598 (  1107      0)
"vertical_remap"                    1920     1920 5.126400e+05   3.342338e+04    18.622 (  1246      0)    16.864 (  1432      0)
"vertical_remap1_1"                 1920     1920 2.306880e+07   1.797574e+03     0.982 (  1341      0)     0.918 (   841      0)
"remap_Q_ppm"                       1920     1920 6.920640e+07   3.288971e+04    18.233 (  1246      0)    16.597 (  1432      0)
"vertical_remap1_2"                 1920     1920 2.306880e+07   2.467987e+03     1.337 (  1827      0)     1.264 (   817      0)
"vertical_remap1_3"                 1920     1920 2.306880e+07   2.869597e+04    15.980 (  1246      0)    14.440 (  1432      0)
"prim_run_subcyle_diags"            1920     1920 5.126400e+05   1.219949e+04     8.224 (  1636      0)     4.973 (  1050      0)
"t_prf"                                0        0 0.000000e+00   0.000000e+00     0.000 (     0      0)     0.000 (     0      0)

