LAST_GIT_COMMIT_SHA:STRING=adf77c97ed8425a245449f2582d2441f4b72da1e

***** GLOBAL STATISTICS (   240 MPI TASKS) *****

$Id: gptl.c,v 1.157 2011-03-28 20:55:18 rosinski Exp $
'count' is cumulative. All other stats are max/min
name                           processes  threads        count      walltotal   wallmax (proc   thrd  )   wallmin (proc   thrd  )
"Total"                              240      240 2.400000e+02   8.127128e+04   338.671 (    33      0)   338.540 (   122      0)
"prim_init1"                         240      240 2.400000e+02   1.216561e+02     0.510 (   221      0)     0.505 (   147      0)
"PartitioningTime"                   240      240 2.400000e+02   5.441015e-01     0.002 (   152      0)     0.002 (   232      0)
"repro_sum_int"                      240      240 1.080000e+04   2.208919e+00     0.029 (     2      0)     0.006 (    56      0)
"prim_init2"                         240      240 2.400000e+02   6.194316e+01     0.278 (     2      0)     0.256 (    85      0)
"prim_printstate"                    240      240 2.400000e+02   9.381082e+00     0.043 (     0      0)     0.039 (    94      0)
"interp_movie_output"                240      240 4.800000e+02   7.211280e-02     0.001 (    85      0)     0.000 (   147      0)
"prim_main_loop"                     240      240 2.400000e+02   8.040151e+04   335.047 (    33      0)   334.916 (   122      0)
"prim_run"                           240      240 1.608000e+04   8.040140e+04   335.046 (    33      0)   334.916 (   122      0)
"ApplyCAMForcing"                    240      240 1.608000e+04   1.582022e+03     7.238 (    25      0)     5.365 (   136      0)
"prim_step_rX"                       240      240 4.824000e+04   7.342900e+04   307.684 (   122      0)   305.285 (   146      0)
"prim_step_dyn"                      240      240 4.824000e+04   1.393806e+04    69.353 (   122      0)    53.735 (    33      0)
"prim_advance_exp"                   240      240 4.824000e+04   1.393764e+04    69.351 (   122      0)    53.734 (    33      0)
"U3-5stage_timestep"                 240      240 4.824000e+04   6.747572e+03    39.796 (   122      0)    24.769 (    46      0)
"compute_and_apply_rhs"              240      240 2.412000e+05   6.609355e+03    39.307 (   122      0)    23.966 (    46      0)
"caar_bexchV"                        240      240 2.412000e+05   2.801677e+03    24.089 (   122      0)     5.588 (    45      0)
"advance_hypervis_dp"                240      240 4.824000e+04   7.189382e+03    32.558 (   140      0)    28.201 (    61      0)
"biwkdp3d_bexchV"                    240      240 1.447200e+05   1.333486e+03     8.398 (   119      0)     2.973 (    46      0)
"ahdp_bexchV2"                       240      240 1.447200e+05   1.434735e+03    10.126 (   225      0)     3.793 (    34      0)
"prim_step_advec"                    240      240 4.824000e+04   5.924887e+04   250.772 (    47      0)   237.140 (   122      0)
"PAT_remap"                          240      240 4.824000e+04   5.924865e+04   250.771 (    47      0)   237.140 (   122      0)
"prim_advec_tracers_remap_rk2"       240      240 4.824000e+04   5.924835e+04   250.769 (    47      0)   237.139 (   122      0)
"precomput_divdp"                    240      240 4.824000e+04   1.314914e+02     0.646 (   217      0)     0.293 (   171      0)
"euler_step_0"                       240      240 4.824000e+04   1.628730e+04    70.452 (    50      0)    62.833 (   139      0)
"bihmix_qminmax"                     240      240 1.447200e+05   2.862545e+04   127.001 (   227      0)   109.692 (   137      0)
"eus_neighbor_minmax1"               240      240 4.824000e+04   4.280765e+03    22.370 (   227      0)    14.652 (   222      0)
"nmm_bexchV"                         240      240 4.824000e+04   1.964954e+03    12.121 (   157      0)     6.336 (   139      0)
"eus_2d_advec"                       240      240 1.447200e+05   2.860400e+04   128.400 (   137      0)   110.063 (   119      0)
"eus_bexchV"                         240      240 1.447200e+05   7.047576e+03    41.062 (   138      0)    23.387 (   119      0)
"euler_step_1"                       240      240 4.824000e+04   1.147076e+04    50.276 (   233      0)    43.942 (   123      0)
"euler_step_2"                       240      240 4.824000e+04   2.947450e+04   127.601 (   123      0)   116.333 (   139      0)
"nmm_bexchS_start"                   240      240 4.824000e+04   4.215780e+00     0.029 (    47      0)     0.008 (     2      0)
"biwksc_bexchV"                      240      240 4.824000e+04   2.348165e+03    12.200 (   123      0)     8.172 (    78      0)
"nmm_bexchS_fini"                    240      240 4.824000e+04   1.549809e+03     7.347 (    28      0)     4.951 (   143      0)
"qdp_tavg"                           240      240 4.824000e+04   1.882414e+03     8.889 (    29      0)     4.850 (   143      0)
"vertical_remap"                     240      240 1.608000e+04   3.710368e+03    15.816 (   119      0)    15.106 (    21      0)
"vertical_remap1_1"                  240      240 2.572800e+06   1.979492e+02     0.834 (     1      0)     0.815 (    97      0)
"remap_Q_ppm"                        240      240 7.718400e+06   3.653251e+03    15.535 (   119      0)    14.875 (   158      0)
"vertical_remap1_2"                  240      240 2.572800e+06   2.743114e+02     1.152 (   129      0)     1.125 (   158      0)
"vertical_remap1_3"                  240      240 2.572800e+06   3.188733e+03    13.590 (   119      0)    12.964 (    21      0)
"prim_run_subcyle_diags"             240      240 1.608000e+04   1.358921e+03     6.842 (   137      0)     4.625 (   122      0)
"t_prf"                                0        0 0.000000e+00   0.000000e+00     0.000 (     0      0)     0.000 (     0      0)

