LAST_GIT_COMMIT_SHA:STRING=4790f40f2fb6acbc051ce4c988681a628c18e83d

***** GLOBAL STATISTICS (  1536 MPI TASKS) *****

$Id: gptl.c,v 1.157 2011-03-28 20:55:18 rosinski Exp $
'count' is cumulative. All other stats are max/min
name                               processes  threads        count      walltotal   wallmax (proc   thrd  )   wallmin (proc   thrd  )
Total                                   1536     1536 1.536000e+03   6.090494e+05   396.526 (  1200      0)   396.504 (   623      0)
prim_init1                              1536     1536 1.536000e+03   4.900550e+02     0.326 (  1372      0)     0.312 (   879      0)
repro_sum_int                           1536     1536 6.912000e+04   5.549547e+01     0.124 (    10      0)     0.020 (  1370      0)
prim_init2                              1536     1536 1.536000e+03   3.244289e+02     0.297 (    23      0)     0.186 (    66      0)
prim_printstate                         1536     1536 1.536000e+03   5.714564e+01     0.039 (  1228      0)     0.035 (   528      0)
interp_movie_output                     1536     1536 3.072000e+03   1.240752e+00     0.002 (   222      0)     0.000 (   427      0)
prim_main_loop                          1536     1536 1.536000e+03   6.063388e+05   394.760 (  1200      0)   394.740 (   622      0)
prim_run                                1536     1536 1.311744e+06   6.063337e+05   394.758 (  1214      0)   394.735 (   623      0)
tl-sc prim_run_subcycle_c               1536     1536 1.311744e+06   6.063030e+05   394.740 (  1158      0)   394.714 (   554      0)
tl-sc dp3d-from-ps                      1536     1536 1.311744e+06   7.481270e+01     0.072 (  1501      0)     0.035 (  1199      0)
tl-sc prim_step-loop                    1536     1536 1.311744e+06   5.687169e+05   371.445 (   358      0)   368.500 (  1202      0)
tl-s prim_step                          1536     1536 3.935232e+06   5.687038e+05   371.440 (   358      0)   368.490 (  1202      0)
tl-s deep_copy+derived_dp               1536     1536 3.935232e+06   1.235632e+03     1.206 (  1489      0)     0.402 (  1273      0)
tl-s prim_advance_exp-loop              1536     1536 3.935232e+06   9.386879e+04    83.427 (  1399      0)    43.008 (  1493      0)
tl-ae prim_advance_exp                  1536     1536 3.935232e+06   9.385645e+04    83.418 (  1399      0)    43.002 (  1493      0)
tl-ae U3-5stage_timestep                1536     1536 3.935232e+06   4.900458e+04    48.937 (  1394      0)    19.692 (   448      0)
caar compute                            1536     1536 1.967616e+07   1.918281e+04    14.155 (  1208      0)    11.316 (   361      0)
caar_bexchV                             1536     1536 1.967616e+07   2.912319e+04    35.777 (  1394      0)     6.820 (   448      0)
tl-ae advance_hypervis_dp               1536     1536 3.935232e+06   4.483326e+04    40.403 (   295      0)    21.465 (   886      0)
hvf-bhwk                                1536     1536 1.180570e+07   2.803895e+04    31.678 (   296      0)    13.922 (   246      0)
hvf-bexch                               1536     1536 2.361139e+07   2.240804e+04    25.823 (   295      0)     6.815 (  1208      0)
tl-s prim_advec_tracers_remap           1536     1536 3.935232e+06   4.735678e+05   326.586 (  1493      0)   285.810 (  1399      0)
tl-at prim_advec_tracers_remap_RK2      1536     1536 3.935232e+06   4.735496e+05   326.578 (  1493      0)   285.797 (  1399      0)
tl-at precompute_divdp                  1536     1536 3.935232e+06   8.286235e+02     0.743 (   858      0)     0.274 (   310      0)
tl-at esf-0                             1536     1536 3.935232e+06   1.324493e+05    99.671 (   197      0)    68.544 (  1399      0)
tl-at esf-1                             1536     1536 3.935232e+06   9.975413e+04    69.871 (   231      0)    61.146 (   220      0)
tl-at esf-2                             1536     1536 3.935232e+06   2.278072e+05   159.866 (   917      0)   138.438 (  1091      0)
tl-at qdp_time_avg                      1536     1536 3.935232e+06   1.259114e+04    10.494 (  1500      0)     5.003 (   362      0)
tl-sc vertical_remap                    1536     1536 1.311744e+06   3.253244e+04    22.759 (  1202      0)    20.217 (     5      0)
Remap Thickness Functor                 1536     1536 1.311744e+06   3.096391e+02     0.257 (  1501      0)     0.150 (   361      0)
Remap Scale States Functor              1536     1536 1.311744e+06   1.958941e+02     0.196 (  1501      0)     0.054 (   405      0)
Remap Compute Grids Functor             1536     1536 1.311744e+06   1.848376e+03     1.864 (   849      0)     0.744 (   405      0)
Remap Compute Remap Functor             1536     1536 1.311744e+06   2.992031e+04    20.352 (  1202      0)    18.914 (  1151      0)
Remap Rescale States Functor            1536     1536 1.311744e+06   2.247008e+02     0.215 (  1376      0)     0.126 (   308      0)
tl-sc Q-from-qdp                        1536     1536 1.311744e+06   4.962275e+03     3.925 (  1500      0)     2.821 (  1399      0)
t_prf                                      0        0 0.000000e+00   0.000000e+00     0.000 (     0      0)     0.000 (     0      0)

