LAST_GIT_COMMIT_SHA:STRING=4790f40f2fb6acbc051ce4c988681a628c18e83d

***** GLOBAL STATISTICS (  1536 MPI TASKS) *****

$Id: gptl.c,v 1.157 2011-03-28 20:55:18 rosinski Exp $
'count' is cumulative. All other stats are max/min
name                               processes  threads        count      walltotal   wallmax (proc   thrd  )   wallmin (proc   thrd  )
Total                                   1536     1536 1.536000e+03   1.965977e+05   128.003 (     3      0)   127.978 (   607      0)
prim_init1                              1536     1536 1.536000e+03   3.367239e+02     0.226 (    35      0)     0.211 (   606      0)
repro_sum_int                           1536     1536 6.912000e+04   8.879764e+01     0.122 (     6      0)     0.031 (   268      0)
prim_init2                              1536     1536 1.536000e+03   2.973282e+02     0.262 (   804      0)     0.155 (    95      0)
prim_printstate                         1536     1536 1.536000e+03   7.769635e+01     0.052 (   487      0)     0.049 (  1324      0)
interp_movie_output                     1536     1536 3.072000e+03   1.656952e+00     0.002 (  1134      0)     0.000 (  1106      0)
prim_main_loop                          1536     1536 1.536000e+03   1.953652e+05   127.198 (   881      0)   127.181 (   195      0)
prim_run                                1536     1536 1.638912e+06   1.953606e+05   127.196 (   881      0)   127.178 (   190      0)
tl-sc prim_run_subcycle_c               1536     1536 1.638912e+06   1.953474e+05   127.188 (   981      0)   127.169 (   256      0)
tl-sc dp3d-from-ps                      1536     1536 1.638912e+06   2.671347e+01     0.023 (   563      0)     0.015 (  1002      0)
tl-sc prim_step-loop                    1536     1536 1.638912e+06   1.839084e+05   119.948 (   496      0)   119.280 (   562      0)
tl-s prim_step                          1536     1536 4.916736e+06   1.838985e+05   119.944 (   496      0)   119.269 (   562      0)
tl-s deep_copy+derived_dp               1536     1536 4.916736e+06   3.194890e+02     0.346 (   562      0)     0.131 (   576      0)
tl-s prim_advance_exp-loop              1536     1536 4.916736e+06   3.279691e+04    27.539 (    95      0)    15.631 (   911      0)
tl-ae prim_advance_exp                  1536     1536 4.916736e+06   3.278700e+04    27.531 (    95      0)    15.627 (   911      0)
tl-ae U3-5stage_timestep                1536     1536 4.916736e+06   1.780335e+04    17.762 (    95      0)     7.007 (   911      0)
caar compute                            1536     1536 2.458368e+07   5.622709e+03     4.030 (   562      0)     3.439 (   981      0)
caar_bexchV                             1536     1536 2.458368e+07   1.199254e+04    13.794 (    95      0)     3.356 (   911      0)
tl-ae advance_hypervis_dp               1536     1536 4.916736e+06   1.496959e+04    12.505 (   599      0)     8.321 (  1322      0)
hvf-bhwk                                1536     1536 1.475021e+07   9.522838e+03     8.152 (   119      0)     5.324 (  1322      0)
hvf-bexch                               1536     1536 2.950042e+07   8.239770e+03     8.186 (   599      0)     3.848 (  1497      0)
tl-s prim_advec_tracers_remap           1536     1536 4.916736e+06   1.507567e+05   103.962 (   911      0)    91.769 (    95      0)
tl-at prim_advec_tracers_remap_RK2      1536     1536 4.916736e+06   1.507434e+05   103.955 (   911      0)    91.759 (    95      0)
tl-at precompute_divdp                  1536     1536 4.916736e+06   2.530822e+02     0.264 (   456      0)     0.109 (   596      0)
tl-at esf-0                             1536     1536 4.916736e+06   4.434269e+04    32.641 (  1084      0)    24.869 (   226      0)
tl-at esf-1                             1536     1536 4.916736e+06   3.105750e+04    21.394 (   837      0)    18.772 (    95      0)
tl-at esf-2                             1536     1536 4.916736e+06   7.235428e+04    51.016 (  1349      0)    43.456 (   371      0)
tl-at qdp_time_avg                      1536     1536 4.916736e+06   2.651703e+03     2.174 (  1522      0)     1.507 (   149      0)
tl-sc vertical_remap                    1536     1536 1.638912e+06   9.997085e+03     6.913 (   562      0)     6.298 (   496      0)
Remap Thickness Functor                 1536     1536 1.638912e+06   1.002535e+02     0.087 (    95      0)     0.055 (   533      0)
Remap Scale States Functor              1536     1536 1.638912e+06   4.277953e+01     0.046 (    95      0)     0.018 (  1002      0)
Remap Compute Grids Functor             1536     1536 1.638912e+06   4.677290e+02     0.455 (  1533      0)     0.240 (   502      0)
Remap Compute Remap Functor             1536     1536 1.638912e+06   9.292140e+03     6.380 (   693      0)     5.897 (   190      0)
Remap Rescale States Functor            1536     1536 1.638912e+06   6.523138e+01     0.057 (   981      0)     0.040 (    93      0)
tl-sc Q-from-qdp                        1536     1536 1.638912e+06   1.403210e+03     1.062 (   554      0)     0.868 (   439      0)
t_prf                                      0        0 0.000000e+00   0.000000e+00     0.000 (     0      0)     0.000 (     0      0)

