LAST_GIT_COMMIT_SHA:STRING=adf77c97ed8425a245449f2582d2441f4b72da1e

***** GLOBAL STATISTICS (  1536 MPI TASKS) *****

$Id: gptl.c,v 1.157 2011-03-28 20:55:18 rosinski Exp $
'count' is cumulative. All other stats are max/min
name                           processes  threads        count      walltotal   wallmax (proc   thrd  )   wallmin (proc   thrd  )
"Total"                             1536     1536 1.536000e+03   2.089232e+05   136.027 (   140      0)   136.009 (   625      0)
"prim_init1"                        1536     1536 1.536000e+03   3.209646e+02     0.219 (   106      0)     0.200 (   510      0)
"PartitioningTime"                  1536     1536 1.536000e+03   1.726202e+00     0.002 (   414      0)     0.000 (  1272      0)
"repro_sum_int"                     1536     1536 6.912000e+04   5.553274e+01     0.494 (   532      0)     0.018 (  1270      0)
"prim_init2"                        1536     1536 1.536000e+03   1.280806e+02     0.539 (   532      0)     0.066 (  1248      0)
"prim_printstate"                   1536     1536 1.536000e+03   3.761243e+01     0.029 (     0      0)     0.023 (  1288      0)
"interp_movie_output"               1536     1536 3.072000e+03   1.275556e+00     0.004 (  1155      0)     0.000 (   357      0)
"prim_main_loop"                    1536     1536 1.536000e+03   2.057900e+05   133.983 (   888      0)   133.972 (   283      0)
"prim_run"                          1536     1536 1.638912e+06   2.057863e+05   133.980 (   896      0)   133.970 (   282      0)
"ApplyCAMForcing"                   1536     1536 1.638912e+06   2.261380e+03     1.906 (  1527      0)     0.932 (  1249      0)
"prim_step_rX"                      1536     1536 4.916736e+06   1.910042e+05   125.557 (  1249      0)   123.656 (  1169      0)
"prim_step_dyn"                     1536     1536 4.916736e+06   3.745361e+04    33.402 (  1250      0)    16.638 (   980      0)
"prim_advance_exp"                  1536     1536 4.916736e+06   3.743774e+04    33.392 (  1250      0)    16.630 (   980      0)
"U3-5stage_timestep"                1536     1536 4.916736e+06   2.116199e+04    22.846 (  1249      0)     8.040 (   980      0)
"compute_and_apply_rhs"             1536     1536 2.458368e+07   2.105304e+04    22.777 (  1249      0)     7.972 (   980      0)
"caar_bexchV"                       1536     1536 2.458368e+07   1.435431e+04    18.394 (  1249      0)     3.785 (   980      0)
"advance_hypervis_dp"               1536     1536 4.916736e+06   1.625934e+04    13.715 (   636      0)     8.213 (   912      0)
"biwkdp3d_bexchV"                   1536     1536 1.475021e+07   4.482860e+03     5.337 (   621      0)     1.665 (   879      0)
"ahdp_bexchV2"                      1536     1536 1.475021e+07   4.411299e+03     5.437 (   635      0)     1.739 (   912      0)
"prim_step_advec"                   1536     1536 4.916736e+06   1.531414e+05   106.887 (   980      0)    91.544 (  1250      0)
"PAT_remap"                         1536     1536 4.916736e+06   1.531310e+05   106.881 (   980      0)    91.536 (  1250      0)
"prim_advec_tracers_remap_rk2"      1536     1536 4.916736e+06   1.531170e+05   106.874 (   980      0)    91.527 (  1250      0)
"precomput_divdp"                   1536     1536 4.916736e+06   3.263948e+02     0.326 (   169      0)     0.128 (   160      0)
"euler_step_0"                      1536     1536 4.916736e+06   4.391878e+04    33.685 (   981      0)    23.096 (   658      0)
"bihmix_qminmax"                    1536     1536 1.475021e+07   7.132587e+04    52.226 (   980      0)    39.273 (   583      0)
"eus_neighbor_minmax1"              1536     1536 4.916736e+06   1.249544e+04    11.308 (   981      0)     4.464 (   151      0)
"nmm_bexchV"                        1536     1536 4.916736e+06   8.508485e+03     8.543 (   197      0)     2.329 (   151      0)
"eus_2d_advec"                      1536     1536 1.475021e+07   7.871825e+04    59.237 (   898      0)    46.175 (  1248      0)
"eus_bexchV"                        1536     1536 1.475021e+07   3.292075e+04    31.014 (   903      0)    16.016 (  1059      0)
"euler_step_1"                      1536     1536 4.916736e+06   2.947174e+04    21.211 (   898      0)    17.413 (  1247      0)
"euler_step_2"                      1536     1536 4.916736e+06   7.675469e+04    53.656 (   952      0)    46.245 (  1251      0)
"nmm_bexchS_start"                  1536     1536 4.916736e+06   2.902538e+02     0.259 (   936      0)     0.125 (     7      0)
"biwksc_bexchV"                     1536     1536 4.916736e+06   1.577368e+04    12.628 (  1083      0)     7.170 (   616      0)
"nmm_bexchS_fini"                   1536     1536 4.916736e+06   9.481189e+02     0.806 (  1530      0)     0.448 (  1027      0)
"qdp_tavg"                          1536     1536 4.916736e+06   2.593432e+03     2.114 (  1522      0)     1.506 (   149      0)
"vertical_remap"                    1536     1536 1.638912e+06   9.490332e+03     6.479 (   440      0)     5.971 (   318      0)
"vertical_remap1_1"                 1536     1536 6.555648e+06   5.301323e+02     0.365 (   673      0)     0.336 (  1470      0)
"remap_Q_ppm"                       1536     1536 1.966694e+07   9.328201e+03     6.360 (   440      0)     5.869 (   318      0)
"vertical_remap1_2"                 1536     1536 6.555648e+06   7.044527e+02     0.476 (   572      0)     0.449 (   318      0)
"vertical_remap1_3"                 1536     1536 6.555648e+06   8.116028e+03     5.539 (   440      0)     5.095 (   318      0)
"prim_run_subcyle_diags"            1536     1536 1.638912e+06   2.443703e+03     2.134 (  1088      0)     1.094 (  1249      0)
"t_prf"                                0        0 0.000000e+00   0.000000e+00     0.000 (     0      0)     0.000 (     0      0)

