LAST_GIT_COMMIT_SHA:STRING=adf77c97ed8425a245449f2582d2441f4b72da1e

***** GLOBAL STATISTICS (   192 MPI TASKS) *****

$Id: gptl.c,v 1.157 2011-03-28 20:55:18 rosinski Exp $
'count' is cumulative. All other stats are max/min
name                           processes  threads        count      walltotal   wallmax (proc   thrd  )   wallmin (proc   thrd  )
"Total"                              192      192 1.920000e+02   2.649977e+04   138.031 (     8      0)   138.008 (   182      0)
"prim_init1"                         192      192 1.920000e+02   2.497855e+01     0.131 (    74      0)     0.129 (     2      0)
"PartitioningTime"                   192      192 1.920000e+02   1.111705e-01     0.001 (   181      0)     0.000 (     9      0)
"repro_sum_int"                      192      192 8.640000e+03   3.742899e+00     0.024 (    11      0)     0.016 (   130      0)
"prim_init2"                         192      192 1.920000e+02   1.671359e+01     0.092 (     0      0)     0.086 (   155      0)
"prim_printstate"                    192      192 1.920000e+02   7.265004e+00     0.043 (     0      0)     0.037 (   179      0)
"interp_movie_output"                192      192 3.840000e+02   3.875208e-02     0.000 (   152      0)     0.000 (    16      0)
"prim_main_loop"                     192      192 1.920000e+02   2.636722e+04   137.340 (     8      0)   137.318 (   182      0)
"prim_run"                           192      192 2.572800e+04   2.636713e+04   137.340 (     8      0)   137.318 (   182      0)
"ApplyCAMForcing"                    192      192 2.572800e+04   4.826850e+02     2.760 (   127      0)     2.256 (   146      0)
"prim_step_rX"                       192      192 7.718400e+04   2.416135e+04   126.418 (   160      0)   125.454 (    10      0)
"prim_step_dyn"                      192      192 7.718400e+04   4.380881e+03    26.383 (   160      0)    20.572 (     4      0)
"prim_advance_exp"                   192      192 7.718400e+04   4.380309e+03    26.379 (   160      0)    20.569 (     4      0)
"U3-5stage_timestep"                 192      192 7.718400e+04   2.193536e+03    15.370 (   160      0)     9.547 (   130      0)
"compute_and_apply_rhs"              192      192 3.859200e+05   2.154768e+03    15.182 (   160      0)     9.276 (   130      0)
"caar_bexchV"                        192      192 3.859200e+05   1.058668e+03     9.354 (   160      0)     2.912 (   130      0)
"advance_hypervis_dp"                192      192 7.718400e+04   2.185977e+03    12.115 (    57      0)    10.747 (     3      0)
"biwkdp3d_bexchV"                    192      192 2.315520e+05   4.546415e+02     3.197 (    70      0)     1.681 (   126      0)
"ahdp_bexchV2"                       192      192 2.315520e+05   4.758505e+02     3.452 (    57      0)     1.827 (    10      0)
"prim_step_advec"                    192      192 7.718400e+04   1.970862e+04   104.569 (     4      0)    99.568 (   160      0)
"PAT_remap"                          192      192 7.718400e+04   1.970833e+04   104.567 (     4      0)    99.567 (   160      0)
"prim_advec_tracers_remap_rk2"       192      192 7.718400e+04   1.970794e+04   104.566 (     4      0)    99.565 (   160      0)
"precomput_divdp"                    192      192 7.718400e+04   4.301817e+01     0.267 (    12      0)     0.137 (    35      0)
"euler_step_0"                       192      192 7.718400e+04   5.466107e+03    29.668 (     2      0)    26.425 (   158      0)
"bihmix_qminmax"                     192      192 2.315520e+05   9.378852e+03    51.255 (   130      0)    45.857 (   113      0)
"eus_neighbor_minmax1"               192      192 7.718400e+04   1.486747e+03     9.223 (   164      0)     6.261 (   113      0)
"nmm_bexchV"                         192      192 7.718400e+04   7.587710e+02     5.373 (   164      0)     2.405 (   113      0)
"eus_2d_advec"                       192      192 2.315520e+05   9.714307e+03    53.146 (   153      0)    47.501 (   159      0)
"eus_bexchV"                         192      192 2.315520e+05   2.847327e+03    17.620 (   191      0)    11.694 (   159      0)
"euler_step_1"                       192      192 7.718400e+04   3.825785e+03    21.096 (   158      0)    19.160 (   159      0)
"euler_step_2"                       192      192 7.718400e+04   9.805129e+03    52.184 (     3      0)    49.607 (   160      0)
"nmm_bexchS_start"                   192      192 7.718400e+04   5.794296e+00     0.047 (    72      0)     0.018 (    50      0)
"biwksc_bexchV"                      192      192 7.718400e+04   1.004806e+03     6.020 (     3      0)     3.564 (    14      0)
"nmm_bexchS_fini"                    192      192 7.718400e+04   3.896888e+02     2.339 (    15      0)     1.628 (   113      0)
"qdp_tavg"                           192      192 7.718400e+04   5.659745e+02     3.379 (   127      0)     2.292 (   146      0)
"vertical_remap"                     192      192 2.572800e+04   1.192532e+03     6.401 (    12      0)     6.081 (   145      0)
"vertical_remap1_1"                  192      192 8.232960e+05   6.387774e+01     0.346 (    14      0)     0.328 (   145      0)
"remap_Q_ppm"                        192      192 2.469888e+06   1.173705e+03     6.301 (    12      0)     5.988 (    66      0)
"vertical_remap1_2"                  192      192 8.232960e+05   8.799605e+01     0.471 (    14      0)     0.452 (     7      0)
"vertical_remap1_3"                  192      192 8.232960e+05   1.024395e+03     5.500 (    12      0)     5.220 (    66      0)
"prim_run_subcyle_diags"             192      192 2.572800e+04   4.365929e+02     2.606 (   190      0)     1.902 (   160      0)
"t_prf"                                0        0 0.000000e+00   0.000000e+00     0.000 (     0      0)     0.000 (     0      0)

