LAST_GIT_COMMIT_SHA:STRING=4790f40f2fb6acbc051ce4c988681a628c18e83d

***** GLOBAL STATISTICS (   768 MPI TASKS) *****

$Id: gptl.c,v 1.157 2011-03-28 20:55:18 rosinski Exp $
'count' is cumulative. All other stats are max/min
name                               processes  threads        count      walltotal   wallmax (proc   thrd  )   wallmin (proc   thrd  )
Total                                    768      768 7.680000e+02   5.837825e+04    76.016 (    16      0)    76.008 (   157      0)
prim_init1                               768      768 7.680000e+02   8.533338e+01     0.113 (    30      0)     0.107 (   166      0)
repro_sum_int                            768      768 3.456000e+04   1.363649e+02     0.202 (   453      0)     0.014 (   513      0)
prim_init2                               768      768 7.680000e+02   1.895293e+02     0.272 (   419      0)     0.081 (   513      0)
prim_printstate                          768      768 7.680000e+02   1.504116e+01     0.021 (     0      0)     0.019 (   198      0)
interp_movie_output                      768      768 1.536000e+03   3.785510e-01     0.001 (   364      0)     0.000 (   741      0)
prim_main_loop                           768      768 7.680000e+02   5.799818e+04    75.520 (   207      0)    75.516 (   352      0)
prim_run                                 768      768 9.830400e+05   5.799616e+04    75.518 (   205      0)    75.513 (   658      0)
tl-sc prim_run_subcycle_c                768      768 9.830400e+05   5.799097e+04    75.512 (    85      0)    75.506 (   380      0)
tl-sc dp3d-from-ps                       768      768 9.830400e+05   5.810494e+00     0.008 (   384      0)     0.007 (   210      0)
tl-sc prim_step-loop                     768      768 9.830400e+05   5.458932e+04    71.192 (   243      0)    70.849 (   323      0)
tl-s prim_step                           768      768 2.949120e+06   5.458437e+04    71.187 (   243      0)    70.840 (   323      0)
tl-s deep_copy+derived_dp                768      768 2.949120e+06   1.058357e+02     0.179 (   709      0)     0.102 (   672      0)
tl-s prim_advance_exp-loop               768      768 2.949120e+06   1.177446e+04    18.750 (   257      0)    12.597 (    93      0)
tl-ae prim_advance_exp                   768      768 2.949120e+06   1.176983e+04    18.744 (   257      0)    12.592 (    93      0)
tl-ae U3-5stage_timestep                 768      768 2.949120e+06   6.368046e+03    11.593 (   257      0)     6.011 (   501      0)
caar compute                             768      768 1.474560e+07   1.705304e+03     2.376 (   729      0)     2.137 (   437      0)
caar_bexchV                              768      768 1.474560e+07   4.593526e+03     9.220 (   257      0)     3.752 (   501      0)
tl-ae advance_hypervis_dp                768      768 2.949120e+06   5.394078e+03     8.054 (   364      0)     6.409 (   157      0)
hvf-bhwk                                 768      768 8.847360e+06   3.331587e+03     5.032 (   364      0)     3.956 (   100      0)
hvf-bexch                                768      768 1.769472e+07   3.319258e+03     5.338 (   364      0)     3.688 (    72      0)
tl-s prim_advec_tracers_remap            768      768 2.949120e+06   4.269220e+04    58.372 (    93      0)    52.063 (   257      0)
tl-at prim_advec_tracers_remap_RK2       768      768 2.949120e+06   4.268591e+04    58.364 (    93      0)    52.054 (   257      0)
tl-at precompute_divdp                   768      768 2.949120e+06   8.634284e+01     0.178 (   480      0)     0.083 (   354      0)
tl-at esf-0                              768      768 2.949120e+06   1.359274e+04    19.531 (    72      0)    15.543 (   511      0)
tl-at esf-1                              768      768 2.949120e+06   7.798454e+03    10.848 (   126      0)     9.286 (   292      0)
tl-at esf-2                              768      768 2.949120e+06   2.043248e+04    29.179 (    93      0)    24.883 (   260      0)
tl-at qdp_time_avg                       768      768 2.949120e+06   7.430401e+02     1.083 (   538      0)     0.907 (   437      0)
tl-sc vertical_remap                     768      768 9.830400e+05   2.989756e+03     4.104 (   323      0)     3.782 (   243      0)
Remap Thickness Functor                  768      768 9.830400e+05   3.037979e+01     0.049 (   512      0)     0.035 (   362      0)
Remap Scale States Functor               768      768 9.830400e+05   1.220345e+01     0.025 (   292      0)     0.011 (   362      0)
Remap Compute Grids Functor              768      768 9.830400e+05   1.306317e+02     0.216 (   292      0)     0.145 (   746      0)
Remap Compute Remap Functor              768      768 9.830400e+05   2.786230e+03     3.791 (   323      0)     3.543 (    97      0)
Remap Rescale States Functor             768      768 9.830400e+05   1.914694e+01     0.026 (   323      0)     0.025 (   545      0)
tl-sc Q-from-qdp                         768      768 9.830400e+05   4.010139e+02     0.542 (   319      0)     0.519 (   560      0)
t_prf                                      0        0 0.000000e+00   0.000000e+00     0.000 (     0      0)     0.000 (     0      0)

