LAST_GIT_COMMIT_SHA:STRING=4790f40f2fb6acbc051ce4c988681a628c18e83d

***** GLOBAL STATISTICS (   768 MPI TASKS) *****

$Id: gptl.c,v 1.157 2011-03-28 20:55:18 rosinski Exp $
'count' is cumulative. All other stats are max/min
name                               processes  threads        count      walltotal   wallmax (proc   thrd  )   wallmin (proc   thrd  )
Total                                    768      768 7.680000e+02   3.033658e+05   395.023 (   608      0)   394.991 (   260      0)
prim_init1                               768      768 7.680000e+02   1.979259e+02     0.262 (    41      0)     0.253 (    87      0)
repro_sum_int                            768      768 3.456000e+04   2.390217e+01     0.050 (   114      0)     0.019 (   297      0)
prim_init2                               768      768 7.680000e+02   1.745778e+02     0.243 (   414      0)     0.214 (   681      0)
prim_printstate                          768      768 7.680000e+02   3.339276e+01     0.045 (     0      0)     0.043 (    80      0)
interp_movie_output                      768      768 1.536000e+03   3.065221e-01     0.001 (   577      0)     0.000 (   708      0)
prim_main_loop                           768      768 7.680000e+02   3.020953e+05   393.371 (   608      0)   393.336 (   117      0)
prim_run                                 768      768 3.279360e+05   3.020937e+05   393.370 (   608      0)   393.333 (   260      0)
tl-sc prim_run_subcycle_c                768      768 3.279360e+05   3.020691e+05   393.338 (   608      0)   393.303 (   260      0)
tl-sc dp3d-from-ps                       768      768 3.279360e+05   3.878144e+01     0.069 (   746      0)     0.032 (   673      0)
tl-sc prim_step-loop                     768      768 3.279360e+05   2.832215e+05   369.922 (   624      0)   367.402 (   724      0)
tl-s prim_step                           768      768 9.838080e+05   2.832178e+05   369.919 (   624      0)   367.396 (   724      0)
tl-s deep_copy+derived_dp                768      768 9.838080e+05   6.845184e+02     1.261 (   668      0)     0.404 (   525      0)
tl-s prim_advance_exp-loop               768      768 9.838080e+05   5.302144e+04    79.109 (   185      0)    57.325 (   622      0)
tl-ae prim_advance_exp                   768      768 9.838080e+05   5.301764e+04    79.104 (   185      0)    57.320 (   622      0)
tl-ae U3-5stage_timestep                 768      768 9.838080e+05   2.655010e+04    46.313 (   641      0)    25.218 (   671      0)
caar compute                             768      768 4.919040e+06   1.022420e+04    15.196 (   602      0)    12.105 (   575      0)
caar_bexchV                              768      768 4.919040e+06   1.591431e+04    32.355 (   185      0)    11.186 (   224      0)
tl-ae advance_hypervis_dp                768      768 9.838080e+05   2.646100e+04    41.262 (   487      0)    29.353 (   726      0)
hvf-bhwk                                 768      768 2.951424e+06   1.582668e+04    28.258 (    42      0)    16.309 (   707      0)
hvf-bexch                                768      768 5.902848e+06   1.452191e+04    25.726 (    43      0)    12.746 (   622      0)
tl-s prim_advec_tracers_remap            768      768 9.838080e+05   2.295013e+05   309.901 (   622      0)   288.490 (   185      0)
tl-at prim_advec_tracers_remap_RK2       768      768 9.838080e+05   2.294961e+05   309.894 (   622      0)   288.483 (   185      0)
tl-at precompute_divdp                   768      768 9.838080e+05   3.995133e+02     0.772 (   611      0)     0.279 (   434      0)
tl-at esf-0                              768      768 9.838080e+05   6.313921e+04    87.958 (   580      0)    76.407 (   281      0)
tl-at esf-1                              768      768 9.838080e+05   4.853802e+04    66.291 (   129      0)    60.297 (   201      0)
tl-at esf-2                              768      768 9.838080e+05   1.104745e+05   150.787 (   664      0)   134.120 (   598      0)
tl-at qdp_time_avg                       768      768 9.838080e+05   6.910244e+03    10.961 (   607      0)     5.115 (   181      0)
tl-sc vertical_remap                     768      768 3.279360e+05   1.618868e+04    22.602 (   724      0)    20.240 (    20      0)
Remap Thickness Functor                  768      768 3.279360e+05   1.509997e+02     0.249 (   668      0)     0.147 (   203      0)
Remap Scale States Functor               768      768 3.279360e+05   1.064047e+02     0.223 (   668      0)     0.056 (   531      0)
Remap Compute Grids Functor              768      768 3.279360e+05   9.261221e+02     1.925 (   434      0)     0.741 (   525      0)
Remap Compute Remap Functor              768      768 3.279360e+05   1.487869e+04    20.199 (   742      0)    18.912 (   583      0)
Remap Rescale States Functor             768      768 3.279360e+05   1.165129e+02     0.223 (   609      0)     0.125 (   640      0)
tl-sc Q-from-qdp                         768      768 3.279360e+05   2.615201e+03     3.819 (   615      0)     2.854 (   507      0)
t_prf                                      0        0 0.000000e+00   0.000000e+00     0.000 (     0      0)     0.000 (     0      0)

