LAST_GIT_COMMIT_SHA:STRING=4790f40f2fb6acbc051ce4c988681a628c18e83d

***** GLOBAL STATISTICS (   600 MPI TASKS) *****

$Id: gptl.c,v 1.157 2011-03-28 20:55:18 rosinski Exp $
'count' is cumulative. All other stats are max/min
name                               processes  threads        count      walltotal   wallmax (proc   thrd  )   wallmin (proc   thrd  )
Total                                    600      600 6.000000e+02   1.876147e+05   312.736 (   486      0)   312.662 (   202      0)
prim_init1                               600      600 6.000000e+02   3.784892e+02     0.632 (   181      0)     0.627 (   526      0)
repro_sum_int                            600      600 2.700000e+04   1.311997e+01     0.035 (   501      0)     0.009 (   278      0)
prim_init2                               600      600 6.000000e+02   2.120605e+02     0.366 (     4      0)     0.342 (   278      0)
prim_printstate                          600      600 6.000000e+02   2.175044e+01     0.040 (     0      0)     0.036 (   448      0)
interp_movie_output                      600      600 1.200000e+03   1.871095e-01     0.001 (    66      0)     0.000 (   408      0)
prim_main_loop                           600      600 6.000000e+02   1.854449e+05   309.120 (   486      0)   309.027 (   290      0)
prim_run                                 600      600 1.002000e+05   1.854443e+05   309.119 (   486      0)   309.027 (   290      0)
tl-sc prim_run_subcycle_c                600      600 1.002000e+05   1.854100e+05   309.060 (   486      0)   308.975 (   215      0)
tl-sc dp3d-from-ps                       600      600 1.002000e+05   2.244790e+01     0.054 (   448      0)     0.024 (   290      0)
tl-sc prim_step-loop                     600      600 1.002000e+05   1.739242e+05   290.839 (   409      0)   288.412 (   502      0)
tl-s prim_step                           600      600 3.006000e+05   1.739230e+05   290.838 (   409      0)   288.408 (   502      0)
tl-s deep_copy+derived_dp                600      600 3.006000e+05   4.044699e+02     0.999 (   502      0)     0.286 (   413      0)
tl-s prim_advance_exp-loop               600      600 3.006000e+05   3.675443e+04    71.536 (   426      0)    49.678 (   435      0)
tl-ae prim_advance_exp                   600      600 3.006000e+05   3.675299e+04    71.534 (   426      0)    49.676 (   435      0)
tl-ae U3-5stage_timestep                 600      600 3.006000e+05   1.817442e+04    42.831 (   155      0)    20.313 (   576      0)
caar compute                             600      600 1.503000e+06   6.311438e+03    13.094 (   502      0)     9.524 (   404      0)
caar_bexchV                              600      600 1.503000e+06   1.162606e+04    32.308 (   155      0)     9.115 (   131      0)
tl-ae advance_hypervis_dp                600      600 3.006000e+05   1.857562e+04    38.837 (   356      0)    27.016 (   391      0)
hvf-bhwk                                 600      600 9.018000e+05   1.092821e+04    25.114 (     0      0)    15.318 (   269      0)
hvf-bexch                                600      600 1.803600e+06   1.072373e+04    25.808 (   356      0)    12.629 (   486      0)
tl-s prim_advec_tracers_remap            600      600 3.006000e+05   1.367597e+05   238.568 (   435      0)   217.651 (   426      0)
tl-at prim_advec_tracers_remap_RK2       600      600 3.006000e+05   1.367579e+05   238.566 (   435      0)   217.648 (   426      0)
tl-at precompute_divdp                   600      600 3.006000e+05   2.404113e+02     0.648 (   500      0)     0.206 (   129      0)
tl-at esf-0                              600      600 3.006000e+05   3.732335e+04    65.419 (   562      0)    58.987 (   532      0)
tl-at esf-1                              600      600 3.006000e+05   2.912278e+04    50.787 (    42      0)    46.171 (   152      0)
tl-at esf-2                              600      600 3.006000e+05   6.596369e+04   116.013 (   432      0)   102.472 (   148      0)
tl-at qdp_time_avg                       600      600 3.006000e+05   4.096070e+03     8.658 (   438      0)     4.001 (   309      0)
tl-sc vertical_remap                     600      600 1.002000e+05   9.898503e+03    17.812 (   502      0)    15.848 (   409      0)
Remap Thickness Functor                  600      600 1.002000e+05   8.880223e+01     0.195 (   502      0)     0.114 (   308      0)
Remap Scale States Functor               600      600 1.002000e+05   6.757313e+01     0.193 (   502      0)     0.042 (   308      0)
Remap Compute Grids Functor              600      600 1.002000e+05   5.679688e+02     1.626 (   501      0)     0.577 (   308      0)
Remap Compute Remap Functor              600      600 1.002000e+05   9.099053e+03    15.791 (   502      0)    14.833 (   418      0)
Remap Rescale States Functor             600      600 1.002000e+05   6.959430e+01     0.176 (   486      0)     0.098 (   425      0)
tl-sc Q-from-qdp                         600      600 1.002000e+05   1.563349e+03     3.039 (   435      0)     2.195 (   429      0)
t_prf                                      0        0 0.000000e+00   0.000000e+00     0.000 (     0      0)     0.000 (     0      0)

