LAST_GIT_COMMIT_SHA:STRING=adf77c97ed8425a245449f2582d2441f4b72da1e

***** GLOBAL STATISTICS ( 21600 MPI TASKS) *****

$Id: gptl.c,v 1.157 2011-03-28 20:55:18 rosinski Exp $
'count' is cumulative. All other stats are max/min
name                           processes  threads        count      walltotal   wallmax (proc   thrd  )   wallmin (proc   thrd  )
"Total"                            21600    21600 2.160000e+04   8.724445e+06   404.069 (     0      0)   403.830 (  5244      0)
"prim_init1"                       21600    21600 2.160000e+04   5.844262e+04     2.903 (  4718      0)     2.510 (  2120      0)
"PartitioningTime"                 21600    21600 2.160000e+04   1.146839e+02     0.009 ( 11284      0)     0.003 ( 19005      0)
"repro_sum_int"                    21600    21600 9.720000e+05   1.000034e+04     2.650 ( 16040      0)     0.098 ( 16275      0)
"prim_init2"                       21600    21600 2.160000e+04   2.236707e+04     2.534 (     0      0)     0.675 (  8010      0)
"prim_printstate"                  21600    21600 2.160000e+04   2.486021e+03     0.177 (  5552      0)     0.087 (  7971      0)
"interp_movie_output"              21600    21600 4.320000e+04   3.739623e+02     0.066 ( 11240      0)     0.000 (  3644      0)
"prim_main_loop"                   21600    21600 2.160000e+04   8.498417e+06   393.500 ( 11381      0)   393.393 ( 16568      0)
"prim_run"                         21600    21600 6.480000e+07   8.498129e+06   393.495 ( 11376      0)   393.378 ( 16568      0)
"ApplyCAMForcing"                  21600    21600 6.480000e+07   1.152901e+05     6.705 (  7401      0)     2.158 ( 16216      0)
"prim_step_rX"                     21600    21600 1.944000e+08   7.842652e+06   370.116 ( 13240      0)   359.994 ( 14147      0)
"prim_step_dyn"                    21600    21600 1.944000e+08   1.692904e+06   104.984 ( 15752      0)    57.228 ( 14053      0)
"prim_advance_exp"                 21600    21600 1.944000e+08   1.692046e+06   104.945 ( 15752      0)    57.184 ( 14053      0)
"U3-5stage_timestep"               21600    21600 1.944000e+08   8.916068e+05    67.557 ( 11965      0)    25.918 ( 20250      0)
"compute_and_apply_rhs"            21600    21600 9.720000e+08   8.870730e+05    67.346 ( 11965      0)    25.704 ( 20250      0)
"caar_bexchV"                      21600    21600 9.720000e+08   6.239029e+05    54.990 ( 11965      0)    13.489 ( 14053      0)
"advance_hypervis_dp"              21600    21600 1.944000e+08   7.997800e+05    49.150 (  3189      0)    28.647 ( 20592      0)
"biwkdp3d_bexchV"                  21600    21600 5.832000e+08   2.506868e+05    21.796 (  4125      0)     6.336 ( 20592      0)
"ahdp_bexchV2"                     21600    21600 5.832000e+08   2.564894e+05    21.368 (  3284      0)     7.251 (  6467      0)
"prim_step_advec"                  21600    21600 1.944000e+08   6.133369e+06   302.426 ( 14053      0)   260.700 (   189      0)
"PAT_remap"                        21600    21600 1.944000e+08   6.132950e+06   302.408 ( 14053      0)   260.682 (   189      0)
"prim_advec_tracers_remap_rk2"     21600    21600 1.944000e+08   6.132400e+06   302.383 ( 14053      0)   260.660 (   189      0)
"precomput_divdp"                  21600    21600 1.944000e+08   1.274289e+04     0.962 (  3605      0)     0.335 (  3552      0)
"euler_step_0"                     21600    21600 1.944000e+08   1.697906e+06    92.373 ( 11610      0)    63.503 (   333      0)
"bihmix_qminmax"                   21600    21600 5.832000e+08   2.839819e+06   149.189 ( 11610      0)   107.377 (  3448      0)
"eus_neighbor_minmax1"             21600    21600 1.944000e+08   4.925311e+05    32.532 ( 11680      0)    12.040 ( 21016      0)
"nmm_bexchV"                       21600    21600 1.944000e+08   3.413554e+05    25.773 ( 20016      0)     6.300 ( 21021      0)
"eus_2d_advec"                     21600    21600 5.832000e+08   3.169734e+06   173.686 (  1144      0)   126.502 ( 10032      0)
"eus_bexchV"                       21600    21600 5.832000e+08   1.278463e+06    88.173 ( 13048      0)    41.151 (  3840      0)
"euler_step_1"                     21600    21600 1.944000e+08   1.160604e+06    60.166 ( 12680      0)    48.383 (  3332      0)
"euler_step_2"                     21600    21600 1.944000e+08   3.155465e+06   158.766 (  6616      0)   134.257 ( 15755      0)
"nmm_bexchS_start"                 21600    21600 1.944000e+08   1.143419e+04     0.789 ( 11472      0)     0.323 (  3447      0)
"biwksc_bexchV"                    21600    21600 1.944000e+08   6.659658e+05    41.709 (  5546      0)    17.957 (  1383      0)
"nmm_bexchS_fini"                  21600    21600 1.944000e+08   3.533411e+04     2.177 (  1904      0)     1.193 (  3592      0)
"qdp_tavg"                         21600    21600 1.944000e+08   1.035291e+05     5.841 (  9304      0)     4.224 (  3605      0)
"vertical_remap"                   21600    21600 6.480000e+07   3.742853e+05    18.598 ( 21085      0)    16.619 ( 10366      0)
"vertical_remap1_1"                21600    21600 2.592000e+08   2.151226e+04     1.066 ( 14061      0)     0.935 (     4      0)
"remap_Q_ppm"                      21600    21600 7.776000e+08   3.671542e+05    18.255 (  4568      0)    16.299 ( 10366      0)
"vertical_remap1_2"                21600    21600 2.592000e+08   2.781642e+04     1.361 ( 21085      0)     1.263 ( 20960      0)
"vertical_remap1_3"                21600    21600 2.592000e+08   3.191272e+05    15.897 (  4568      0)    14.119 ( 10366      0)
"prim_run_subcyle_diags"           21600    21600 6.480000e+07   1.452602e+05     8.926 ( 12564      0)     3.039 ( 18312      0)
"t_prf"                                0        0 0.000000e+00   0.000000e+00     0.000 (     0      0)     0.000 (     0      0)

