LAST_GIT_COMMIT_SHA:STRING=adf77c97ed8425a245449f2582d2441f4b72da1e

***** GLOBAL STATISTICS ( 19200 MPI TASKS) *****

$Id: gptl.c,v 1.157 2011-03-28 20:55:18 rosinski Exp $
'count' is cumulative. All other stats are max/min
name                           processes  threads        count      walltotal   wallmax (proc   thrd  )   wallmin (proc   thrd  )
"Total"                            19200    19200 1.920000e+04   7.042524e+06   366.937 ( 18913      0)   366.723 (  7093      0)
"prim_init1"                       19200    19200 1.920000e+04   5.210269e+04     2.923 (  6232      0)     2.501 ( 16130      0)
"PartitioningTime"                 19200    19200 1.920000e+04   1.332635e+02     0.026 (  7247      0)     0.001 ( 10416      0)
"repro_sum_int"                    19200    19200 8.640000e+05   2.070722e+04     3.959 ( 10416      0)     0.105 ( 16447      0)
"prim_init2"                       19200    19200 1.920000e+04   3.284975e+04     3.920 (  3057      0)     0.737 ( 13004      0)
"prim_printstate"                  19200    19200 1.920000e+04   2.711955e+03     0.213 (   858      0)     0.105 ( 17481      0)
"interp_movie_output"              19200    19200 3.840000e+04   4.484432e+02     0.066 ( 15588      0)     0.001 ( 18924      0)
"prim_main_loop"                   19200    19200 1.920000e+04   6.853741e+06   357.005 ( 14711      0)   356.916 ( 17104      0)
"prim_run"                         19200    19200 1.024128e+08   6.853412e+06   356.999 ( 14697      0)   356.893 ( 17104      0)
"ApplyCAMForcing"                  19200    19200 1.024128e+08   4.517185e+04     4.318 (  4862      0)     1.836 (  3215      0)
"prim_step_rX"                     19200    19200 3.072384e+08   6.414941e+06   336.946 (  3215      0)   330.342 (   497      0)
"prim_step_dyn"                    19200    19200 3.072384e+08   1.717615e+06   113.191 (  5183      0)    68.388 ( 14277      0)
"prim_advance_exp"                 19200    19200 3.072384e+08   1.716676e+06   113.143 (  5183      0)    68.341 ( 14277      0)
"U3-5stage_timestep"               19200    19200 3.072384e+08   8.899509e+05    72.978 ( 18282      0)    30.062 ( 14277      0)
"compute_and_apply_rhs"            19200    19200 1.536192e+09   8.857666e+05    72.750 ( 18282      0)    29.853 ( 14277      0)
"caar_bexchV"                      19200    19200 1.536192e+09   6.762934e+05    61.664 ( 18282      0)    19.242 ( 14277      0)
"advance_hypervis_dp"              19200    19200 3.072384e+08   8.257940e+05    58.759 (  1797      0)    31.373 (  1599      0)
"biwkdp3d_bexchV"                  19200    19200 9.217152e+08   2.936141e+05    26.280 (  1906      0)     9.034 (  1596      0)
"ahdp_bexchV2"                     19200    19200 9.217152e+08   2.986239e+05    25.866 (  1531      0)     9.868 (  1600      0)
"prim_step_advec"                  19200    19200 3.072384e+08   4.685935e+06   264.077 ( 14277      0)   220.391 (  5187      0)
"PAT_remap"                        19200    19200 3.072384e+08   4.685382e+06   264.051 ( 14277      0)   220.364 (  5187      0)
"prim_advec_tracers_remap_rk2"     19200    19200 3.072384e+08   4.684692e+06   264.019 ( 14277      0)   220.329 (  5187      0)
"precomput_divdp"                  19200    19200 3.072384e+08   9.469429e+03     0.801 ( 12757      0)     0.324 (  5878      0)
"euler_step_0"                     19200    19200 3.072384e+08   1.362695e+06    84.062 ( 13688      0)    58.694 (   891      0)
"bihmix_qminmax"                   19200    19200 9.217152e+08   2.227275e+06   132.926 ( 18346      0)    91.653 (  1745      0)
"eus_neighbor_minmax1"             19200    19200 3.072384e+08   4.415060e+05    31.824 ( 11421      0)    12.084 (  1817      0)
"nmm_bexchV"                       19200    19200 3.072384e+08   3.353904e+05    25.452 ( 11421      0)     6.661 (  1817      0)
"eus_2d_advec"                     19200    19200 9.217152e+08   2.366513e+06   153.139 ( 18374      0)   104.130 (  5181      0)
"eus_bexchV"                       19200    19200 9.217152e+08   1.110078e+06    90.052 (  8742      0)    39.855 ( 17018      0)
"euler_step_1"                     19200    19200 3.072384e+08   8.276966e+05    49.207 ( 13626      0)    36.892 (  5176      0)
"euler_step_2"                     19200    19200 3.072384e+08   2.407780e+06   136.648 ( 18393      0)   111.789 ( 18239      0)
"nmm_bexchS_start"                 19200    19200 3.072384e+08   1.519503e+04     2.370 ( 13616      0)     0.286 (  4889      0)
"biwksc_bexchV"                    19200    19200 3.072384e+08   6.230799e+05    42.256 (  1605      0)    18.499 (  2430      0)
"nmm_bexchS_fini"                  19200    19200 3.072384e+08   9.374330e+03     0.733 (  2136      0)     0.383 (   326      0)
"qdp_tavg"                         19200    19200 3.072384e+08   7.466552e+04     4.178 ( 10981      0)     3.723 (  3712      0)
"vertical_remap"                   19200    19200 1.024128e+08   2.952063e+05    18.484 (   497      0)    14.897 ( 10208      0)
"vertical_remap1_1"                19200    19200 2.048256e+08   1.735040e+04     1.007 (   497      0)     0.849 (  8152      0)
"remap_Q_ppm"                      19200    19200 6.144768e+08   2.891630e+05    18.174 (   497      0)    14.611 ( 16140      0)
"vertical_remap1_2"                19200    19200 2.048256e+08   2.193360e+04     1.299 (   497      0)     1.120 ( 13190      0)
"vertical_remap1_3"                19200    19200 2.048256e+08   2.511003e+05    15.933 (   497      0)    12.669 ( 10208      0)
"prim_run_subcyle_diags"           19200    19200 1.024128e+08   8.443261e+04     5.294 ( 10432      0)     2.427 ( 17296      0)
"t_prf"                                0        0 0.000000e+00   0.000000e+00     0.000 (     0      0)     0.000 (     0      0)

