LAST_GIT_COMMIT_SHA:STRING=4790f40f2fb6acbc051ce4c988681a628c18e83d

***** GLOBAL STATISTICS (   384 MPI TASKS) *****

$Id: gptl.c,v 1.157 2011-03-28 20:55:18 rosinski Exp $
'count' is cumulative. All other stats are max/min
name                               processes  threads        count      walltotal   wallmax (proc   thrd  )   wallmin (proc   thrd  )
Total                                    384      384 3.840000e+02   2.899586e+04    75.511 (   374      0)    75.509 (    29      0)
prim_init1                               384      384 3.840000e+02   2.643019e+01     0.070 (     0      0)     0.068 (    88      0)
repro_sum_int                            384      384 1.728000e+04   4.209254e+00     0.018 (   118      0)     0.006 (    43      0)
prim_init2                               384      384 3.840000e+02   1.904002e+01     0.057 (   332      0)     0.044 (    43      0)
prim_printstate                          384      384 3.840000e+02   3.080076e+00     0.011 (     0      0)     0.008 (    87      0)
interp_movie_output                      384      384 7.680000e+02   7.357192e-02     0.000 (    88      0)     0.000 (   169      0)
prim_main_loop                           384      384 3.840000e+02   2.892913e+04    75.337 (   372      0)    75.336 (   287      0)
prim_run                                 384      384 1.024128e+06   2.892737e+04    75.333 (   360      0)    75.330 (     7      0)
tl-sc prim_run_subcycle_c                384      384 1.024128e+06   2.892354e+04    75.324 (   329      0)    75.317 (     7      0)
tl-sc dp3d-from-ps                       384      384 1.024128e+06   3.536958e+00     0.010 (     7      0)     0.009 (   333      0)
tl-sc prim_step-loop                     384      384 1.024128e+06   2.713098e+04    70.794 (    10      0)    70.469 (   380      0)
tl-s prim_step                           384      384 3.072384e+06   2.712656e+04    70.782 (    10      0)    70.457 (   380      0)
tl-s deep_copy+derived_dp                384      384 3.072384e+06   4.725180e+01     0.145 (   103      0)     0.101 (    79      0)
tl-s prim_advance_exp-loop               384      384 3.072384e+06   6.619847e+03    20.677 (   142      0)    13.708 (   353      0)
tl-ae prim_advance_exp                   384      384 3.072384e+06   6.615505e+03    20.664 (   142      0)    13.697 (   353      0)
tl-ae U3-5stage_timestep                 384      384 3.072384e+06   3.653472e+03    12.866 (   130      0)     6.436 (   353      0)
caar compute                             384      384 1.536192e+07   9.261066e+02     2.604 (    41      0)     2.315 (   236      0)
caar_bexchV                              384      384 1.536192e+07   2.679309e+03    10.333 (   130      0)     3.876 (   353      0)
tl-ae advance_hypervis_dp                384      384 3.072384e+06   2.954185e+03     8.571 (   156      0)     7.161 (   375      0)
hvf-bhwk                                 384      384 9.217152e+06   1.822627e+03     5.337 (   157      0)     4.448 (   381      0)
hvf-bexch                                384      384 1.843430e+07   1.810256e+03     5.648 (   156      0)     4.029 (   370      0)
tl-s prim_advec_tracers_remap            384      384 3.072384e+06   2.044924e+04    56.743 (   353      0)    49.817 (   142      0)
tl-at prim_advec_tracers_remap_RK2       384      384 3.072384e+06   2.044376e+04    56.731 (   353      0)    49.801 (   142      0)
tl-at precompute_divdp                   384      384 3.072384e+06   4.055529e+01     0.142 (    69      0)     0.077 (   181      0)
tl-at esf-0                              384      384 3.072384e+06   6.496979e+03    19.635 (   353      0)    13.652 (   323      0)
tl-at esf-1                              384      384 3.072384e+06   3.729416e+03    11.116 (   370      0)     8.545 (   206      0)
tl-at esf-2                              384      384 3.072384e+06   9.784151e+03    27.429 (   349      0)    23.766 (    74      0)
tl-at qdp_time_avg                       384      384 3.072384e+06   3.700379e+02     1.005 (    39      0)     0.937 (   196      0)
tl-sc vertical_remap                     384      384 1.024128e+06   1.575404e+03     4.273 (   380      0)     3.971 (    10      0)
Remap Thickness Functor                  384      384 1.024128e+06   1.582105e+01     0.047 (     7      0)     0.038 (   308      0)
Remap Scale States Functor               384      384 1.024128e+06   5.864944e+00     0.019 (   376      0)     0.013 (   113      0)
Remap Compute Grids Functor              384      384 1.024128e+06   6.737470e+01     0.193 (   323      0)     0.162 (   223      0)
Remap Compute Remap Functor              384      384 1.024128e+06   1.466813e+03     3.986 (   270      0)     3.698 (    10      0)
Remap Rescale States Functor             384      384 1.024128e+06   1.103293e+01     0.030 (   264      0)     0.028 (   113      0)
tl-sc Q-from-qdp                         384      384 1.024128e+06   2.092809e+02     0.568 (   240      0)     0.535 (   310      0)
t_prf                                      0        0 0.000000e+00   0.000000e+00     0.000 (     0      0)     0.000 (     0      0)

