LAST_GIT_COMMIT_SHA:STRING=4790f40f2fb6acbc051ce4c988681a628c18e83d

***** GLOBAL STATISTICS (   192 MPI TASKS) *****

$Id: gptl.c,v 1.157 2011-03-28 20:55:18 rosinski Exp $
'count' is cumulative. All other stats are max/min
name                               processes  threads        count      walltotal   wallmax (proc   thrd  )   wallmin (proc   thrd  )
Total                                    192      192 1.920000e+02   6.922836e+04   360.726 (    27      0)   360.018 (   165      0)
prim_init1                               192      192 1.920000e+02   1.373094e+02     0.717 (    27      0)     0.712 (   160      0)
repro_sum_int                            192      192 8.640000e+03   2.426305e+00     0.016 (    19      0)     0.009 (    63      0)
prim_init2                               192      192 1.920000e+02   4.151179e+02     2.188 (    25      0)     2.139 (    71      0)
prim_printstate                          192      192 1.920000e+02   3.769803e+01     0.201 (     0      0)     0.196 (    87      0)
interp_movie_output                      192      192 3.840000e+02   3.173614e-02     0.000 (    43      0)     0.000 (   187      0)
prim_main_loop                           192      192 1.920000e+02   6.734357e+04   350.910 (    27      0)   350.201 (   165      0)
prim_run                                 192      192 5.184000e+03   6.734351e+04   350.910 (    27      0)   350.201 (   165      0)
tl-sc prim_run_subcycle_c                192      192 5.184000e+03   6.728176e+04   350.638 (    10      0)   350.080 (   165      0)
tl-sc dp3d-from-ps                       192      192 5.184000e+03   7.019130e+00     0.050 (   129      0)     0.028 (   164      0)
tl-sc prim_step-loop                     192      192 5.184000e+03   6.316149e+04   329.715 (   149      0)   328.080 (   120      0)
tl-s prim_step                           192      192 1.555200e+04   6.316142e+04   329.715 (   149      0)   328.080 (   120      0)
tl-s deep_copy+derived_dp                192      192 1.555200e+04   1.298882e+02     0.978 (   131      0)     0.354 (   149      0)
tl-s prim_advance_exp-loop               192      192 1.555200e+04   1.288413e+04    85.611 (   165      0)    57.055 (   126      0)
tl-ae prim_advance_exp                   192      192 1.555200e+04   1.288404e+04    85.610 (   165      0)    57.055 (   126      0)
tl-ae U3-5stage_timestep                 192      192 1.555200e+04   6.461918e+03    54.178 (   165      0)    22.913 (   126      0)
caar compute                             192      192 7.776000e+04   2.320286e+03    13.123 (    21      0)    11.249 (   148      0)
caar_bexchV                              192      192 7.776000e+04   4.041438e+03    42.217 (   165      0)    10.696 (   126      0)
tl-ae advance_hypervis_dp                192      192 1.555200e+04   6.421917e+03    36.229 (    71      0)    30.577 (   104      0)
hvf-bhwk                                 192      192 4.665600e+04   3.725794e+03    23.024 (    97      0)    17.415 (   168      0)
hvf-bexch                                192      192 9.331200e+04   3.250833e+03    20.483 (    71      0)    13.579 (     3      0)
tl-s prim_advec_tracers_remap            192      192 1.555200e+04   5.014711e+04   271.252 (   126      0)   242.354 (   165      0)
tl-at prim_advec_tracers_remap_RK2       192      192 1.555200e+04   5.014699e+04   271.251 (   126      0)   242.353 (   165      0)
tl-at precompute_divdp                   192      192 1.555200e+04   9.252512e+01     0.762 (    22      0)     0.259 (    97      0)
tl-at esf-0                              192      192 1.555200e+04   1.351635e+04    76.721 (    24      0)    66.401 (   189      0)
tl-at esf-1                              192      192 1.555200e+04   1.056909e+04    58.461 (   144      0)    51.508 (   153      0)
tl-at esf-2                              192      192 1.555200e+04   2.470029e+04   138.092 (   126      0)   114.313 (    69      0)
tl-at qdp_time_avg                       192      192 1.555200e+04   1.267994e+03     8.591 (   136      0)     4.566 (   149      0)
tl-sc vertical_remap                     192      192 5.184000e+03   3.585748e+03    19.440 (   120      0)    18.007 (    84      0)
Remap Thickness Functor                  192      192 5.184000e+03   3.003204e+01     0.193 (   130      0)     0.128 (   149      0)
Remap Scale States Functor               192      192 5.184000e+03   2.293558e+01     0.186 (    94      0)     0.054 (   149      0)
Remap Compute Grids Functor              192      192 5.184000e+03   1.995544e+02     1.637 (    94      0)     0.662 (   149      0)
Remap Compute Remap Functor              192      192 5.184000e+03   3.299853e+03    17.670 (   165      0)    16.805 (   123      0)
Remap Rescale States Functor             192      192 5.184000e+03   2.386882e+01     0.175 (    85      0)     0.110 (   165      0)
tl-sc Q-from-qdp                         192      192 5.184000e+03   5.274062e+02     3.076 (   122      0)     2.492 (   164      0)
t_prf                                      0        0 0.000000e+00   0.000000e+00     0.000 (     0      0)     0.000 (     0      0)

