LAST_GIT_COMMIT_SHA:STRING=4790f40f2fb6acbc051ce4c988681a628c18e83d

***** GLOBAL STATISTICS (  5400 MPI TASKS) *****

$Id: gptl.c,v 1.157 2011-03-28 20:55:18 rosinski Exp $
'count' is cumulative. All other stats are max/min
name                               processes  threads        count      walltotal   wallmax (proc   thrd  )   wallmin (proc   thrd  )
Total                                   5400     5400 5.400000e+03   2.028700e+06   375.740 (  4787      0)   375.630 (  1964      0)
prim_init1                              5400     5400 5.400000e+03   8.364758e+03     1.612 (  4610      0)     1.477 (  2638      0)
repro_sum_int                           5400     5400 2.430000e+05   1.615414e+03     0.707 (  5107      0)     0.128 (  3449      0)
prim_init2                              5400     5400 5.400000e+03   6.206481e+03     1.552 (    19      0)     0.795 (  1260      0)
prim_printstate                         5400     5400 5.400000e+03   1.502367e+03     0.302 (   958      0)     0.261 (  5089      0)
interp_movie_output                     5400     5400 1.080000e+04   2.810421e+01     0.022 (  4934      0)     0.001 (  4154      0)
prim_main_loop                          5400     5400 5.400000e+03   1.985560e+06   367.739 (  5352      0)   367.653 (   168      0)
prim_run                                5400     5400 4.050000e+06   1.985529e+06   367.733 (  5361      0)   367.645 (  1964      0)
tl-sc prim_run_subcycle_c               5400     5400 4.050000e+06   1.985362e+06   367.690 (  3861      0)   367.623 (  1964      0)
tl-sc dp3d-from-ps                      5400     5400 4.050000e+06   2.464291e+02     0.081 (   540      0)     0.032 (  2925      0)
tl-sc prim_step-loop                    5400     5400 4.050000e+06   1.870385e+06   347.649 (  1897      0)   344.772 (   452      0)
tl-s prim_step                          5400     5400 1.215000e+07   1.870346e+06   347.645 (  1897      0)   344.762 (   452      0)
tl-s deep_copy+derived_dp               5400     5400 1.215000e+07   3.675123e+03     1.097 (  2428      0)     0.316 (  2925      0)
tl-s prim_advance_exp-loop              5400     5400 1.215000e+07   3.468225e+05    96.967 (  1028      0)    42.052 (  5246      0)
tl-ae prim_advance_exp                  5400     5400 1.215000e+07   3.467868e+05    96.960 (  1028      0)    42.046 (  5246      0)
tl-ae U3-5stage_timestep                5400     5400 1.215000e+07   1.786924e+05    59.059 (  2909      0)    17.731 (  2442      0)
caar compute                            5400     5400 6.075000e+07   5.874688e+04    12.933 (   454      0)     9.920 (  1055      0)
caar_bexchV                             5400     5400 6.075000e+07   1.179980e+05    47.670 (  2909      0)     6.390 (  2442      0)
tl-ae advance_hypervis_dp               5400     5400 1.215000e+07   1.680324e+05    49.951 (  4667      0)    20.501 (  5233      0)
hvf-bhwk                                5400     5400 3.645000e+07   1.011711e+05    33.916 (  2497      0)    13.008 (  4887      0)
hvf-bexch                               5400     5400 7.290000e+07   9.872995e+04    37.167 (  4667      0)     7.802 (  5234      0)
tl-s prim_advec_tracers_remap           5400     5400 1.215000e+07   1.519724e+06   303.079 (  5246      0)   248.258 (  1028      0)
tl-at prim_advec_tracers_remap_RK2      5400     5400 1.215000e+07   1.519661e+06   303.067 (  5246      0)   248.244 (  1028      0)
tl-at precompute_divdp                  5400     5400 1.215000e+07   2.428695e+03     0.657 (  4374      0)     0.242 (  1943      0)
tl-at esf-0                             5400     5400 1.215000e+07   4.069317e+05    87.879 (  3342      0)    65.524 (  5028      0)
tl-at esf-1                             5400     5400 1.215000e+07   3.086951e+05    62.173 (  4713      0)    53.446 (  1001      0)
tl-at esf-2                             5400     5400 1.215000e+07   7.646694e+05   157.091 (  5248      0)   117.147 (  1029      0)
tl-at qdp_time_avg                      5400     5400 1.215000e+07   3.657441e+04     9.076 (  2434      0)     4.264 (  2925      0)
tl-sc vertical_remap                    5400     5400 4.050000e+06   9.987014e+04    20.209 (   454      0)    17.410 (  1897      0)
Remap Thickness Functor                 5400     5400 4.050000e+06   1.077648e+03     0.252 (  2430      0)     0.147 (   989      0)
Remap Scale States Functor              5400     5400 4.050000e+06   5.987646e+02     0.178 (  4933      0)     0.051 (  4986      0)
Remap Compute Grids Functor             5400     5400 4.050000e+06   5.614322e+03     1.676 (  4933      0)     0.658 (  2925      0)
Remap Compute Remap Functor             5400     5400 4.050000e+06   9.154285e+04    18.084 (  3496      0)    16.134 (  4086      0)
Remap Rescale States Functor            5400     5400 4.050000e+06   6.743729e+02     0.189 (  4370      0)     0.110 (  2911      0)
tl-sc Q-from-qdp                        5400     5400 4.050000e+06   1.481317e+04     3.305 (  2445      0)     2.457 (  1701      0)
t_prf                                      0        0 0.000000e+00   0.000000e+00     0.000 (     0      0)     0.000 (     0      0)

