LAST_GIT_COMMIT_SHA:STRING=adf77c97ed8425a245449f2582d2441f4b72da1e

***** GLOBAL STATISTICS (  1080 MPI TASKS) *****

$Id: gptl.c,v 1.157 2011-03-28 20:55:18 rosinski Exp $
'count' is cumulative. All other stats are max/min
name                           processes  threads        count      walltotal   wallmax (proc   thrd  )   wallmin (proc   thrd  )
"Total"                             1080     1080 1.080000e+03   4.243727e+05   393.020 (   962      0)   392.866 (    34      0)
"prim_init1"                        1080     1080 1.080000e+03   8.874880e+02     0.832 (   571      0)     0.812 (   954      0)
"PartitioningTime"                  1080     1080 1.080000e+03   5.307450e+00     0.006 (    19      0)     0.003 (   739      0)
"repro_sum_int"                     1080     1080 4.860000e+04   3.778457e+01     0.069 (   786      0)     0.013 (   375      0)
"prim_init2"                        1080     1080 1.080000e+03   1.861633e+02     0.205 (   786      0)     0.152 (   129      0)
"prim_printstate"                   1080     1080 1.080000e+03   3.479939e+01     0.037 (     0      0)     0.031 (  1044      0)
"interp_movie_output"               1080     1080 2.160000e+03   7.092676e-01     0.001 (   747      0)     0.000 (   190      0)
"prim_main_loop"                    1080     1080 1.080000e+03   4.176780e+05   386.821 (   962      0)   386.667 (    34      0)
"prim_run"                          1080     1080 1.620000e+05   4.176769e+05   386.820 (   962      0)   386.666 (    34      0)
"ApplyCAMForcing"                   1080     1080 1.620000e+05   7.503365e+03     7.928 (  1012      0)     4.892 (   553      0)
"prim_step_rX"                      1080     1080 4.860000e+05   3.831036e+05   358.629 (   171      0)   353.019 (   304      0)
"prim_step_dyn"                     1080     1080 4.860000e+05   8.179872e+04    93.514 (   383      0)    58.288 (   962      0)
"prim_advance_exp"                  1080     1080 4.860000e+05   8.179503e+04    93.510 (   383      0)    58.285 (   962      0)
"U3-5stage_timestep"                1080     1080 4.860000e+05   3.975755e+04    57.733 (   318      0)    25.948 (   914      0)
"compute_and_apply_rhs"             1080     1080 2.430000e+06   3.923846e+04    57.356 (   318      0)    25.237 (   914      0)
"caar_bexchV"                       1080     1080 2.430000e+06   2.220041e+04    41.738 (   318      0)     5.500 (   962      0)
"advance_hypervis_dp"               1080     1080 4.860000e+05   4.203201e+04    48.820 (   499      0)    31.787 (   962      0)
"biwkdp3d_bexchV"                   1080     1080 1.458000e+06   1.089693e+04    20.361 (   205      0)     3.252 (   960      0)
"ahdp_bexchV2"                      1080     1080 1.458000e+06   1.126754e+04    20.524 (   209      0)     4.129 (   964      0)
"prim_step_advec"                   1080     1080 4.860000e+05   3.001754e+05   294.018 (   962      0)   263.722 (   383      0)
"PAT_remap"                         1080     1080 4.860000e+05   3.001734e+05   294.016 (   962      0)   263.720 (   383      0)
"prim_advec_tracers_remap_rk2"      1080     1080 4.860000e+05   3.001708e+05   294.014 (   962      0)   263.718 (   383      0)
"precomput_divdp"                   1080     1080 4.860000e+05   5.863755e+02     0.733 (   989      0)     0.260 (   237      0)
"euler_step_0"                      1080     1080 4.860000e+05   8.187227e+04    84.921 (   153      0)    66.009 (   661      0)
"bihmix_qminmax"                    1080     1080 1.458000e+06   1.422478e+05   146.344 (   254      0)   116.211 (   667      0)
"eus_neighbor_minmax1"              1080     1080 4.860000e+05   2.241878e+04    30.795 (   237      0)    14.453 (   605      0)
"nmm_bexchV"                        1080     1080 4.860000e+05   1.182449e+04    23.336 (   237      0)     6.502 (   605      0)
"eus_2d_advec"                      1080     1080 1.458000e+06   1.488155e+05   153.541 (   736      0)   120.068 (   382      0)
"eus_bexchV"                        1080     1080 1.458000e+06   3.959313e+04    55.283 (   663      0)    25.004 (   252      0)
"euler_step_1"                      1080     1080 4.860000e+05   5.808671e+04    62.458 (   463      0)    47.529 (   383      0)
"euler_step_2"                      1080     1080 4.860000e+05   1.511313e+05   150.920 (   643      0)   129.886 (   115      0)
"nmm_bexchS_start"                  1080     1080 4.860000e+05   3.826205e+01     0.068 (   193      0)     0.014 (   364      0)
"biwksc_bexchV"                     1080     1080 4.860000e+05   1.297565e+04    19.405 (   794      0)     8.633 (   237      0)
"nmm_bexchS_fini"                   1080     1080 4.860000e+05   6.820120e+03     8.210 (   952      0)     3.054 (   480      0)
"qdp_tavg"                          1080     1080 4.860000e+05   8.478781e+03     9.930 (  1020      0)     4.325 (   190      0)
"vertical_remap"                    1080     1080 1.620000e+05   1.872631e+04    18.087 (   819      0)    16.832 (   806      0)
"vertical_remap1_1"                 1080     1080 1.296000e+07   1.011701e+03     0.975 (   819      0)     0.923 (   806      0)
"remap_Q_ppm"                       1080     1080 3.888000e+07   1.843211e+04    17.796 (   819      0)    16.573 (   806      0)
"vertical_remap1_2"                 1080     1080 1.296000e+07   1.384144e+03     1.335 (     5      0)     1.262 (   958      0)
"vertical_remap1_3"                 1080     1080 1.296000e+07   1.607561e+04    15.530 (   819      0)    14.422 (   806      0)
"prim_run_subcyle_diags"            1080     1080 1.620000e+05   6.938342e+03     8.558 (   603      0)     4.821 (   171      0)
"t_prf"                                0        0 0.000000e+00   0.000000e+00     0.000 (     0      0)     0.000 (     0      0)

