LAST_GIT_COMMIT_SHA:STRING=4790f40f2fb6acbc051ce4c988681a628c18e83d

***** GLOBAL STATISTICS ( 86400 MPI TASKS) *****

$Id: gptl.c,v 1.157 2011-03-28 20:55:18 rosinski Exp $
'count' is cumulative. All other stats are max/min
name                               processes  threads        count      walltotal   wallmax (proc   thrd  )   wallmin (proc   thrd  )
Total                                  86400    86400 8.640000e+04   3.913287e+07   453.452 ( 12392      0)   452.544 ( 39102      0)
prim_init1                             86400    86400 8.640000e+04   1.067779e+06    13.142 (    63      0)    11.994 ( 79703      0)
repro_sum_int                          86400    86400 3.888000e+06   4.687876e+05    12.508 (     8      0)     2.002 (    69      0)
prim_init2                             86400    86400 8.640000e+04   1.037331e+06    19.139 (    23      0)     8.373 ( 37291      0)
prim_printstate                        86400    86400 8.640000e+04   7.034546e+04     0.895 (  8879      0)     0.724 ( 36394      0)
interp_movie_output                    86400    86400 1.728000e+05   4.571616e+03     0.100 ( 21540      0)     0.034 ( 69678      0)
prim_main_loop                         86400    86400 8.640000e+04   3.578069e+07   414.222 ( 26098      0)   413.921 (   296      0)
prim_run                               86400    86400 1.036800e+09   3.577481e+07   414.163 ( 26110      0)   413.849 ( 38389      0)
tl-sc prim_run_subcycle_c              86400    86400 1.036800e+09   3.575786e+07   413.948 ( 76266      0)   413.741 ( 49347      0)
tl-sc dp3d-from-ps                     86400    86400 1.036800e+09   8.072355e+03     0.148 ( 62568      0)     0.073 ( 21422      0)
tl-sc prim_step-loop                   86400    86400 1.036800e+09   3.386619e+07   392.864 ( 20700      0)   389.706 ( 64800      0)
tl-s prim_step                         86400    86400 3.110400e+09   3.386193e+07   392.810 ( 30646      0)   389.650 ( 64800      0)
tl-s deep_copy+derived_dp              86400    86400 3.110400e+09   4.656280e+04     0.673 ( 48393      0)     0.336 (    50      0)
tl-s prim_advance_exp-loop             86400    86400 3.110400e+09   1.195621e+07   173.186 ( 16820      0)   103.062 ( 67263      0)
tl-ae prim_advance_exp                 86400    86400 3.110400e+09   1.195173e+07   173.136 ( 16820      0)   103.011 ( 67263      0)
tl-ae U3-5stage_timestep               86400    86400 3.110400e+09   5.748893e+06    95.117 ( 16881      0)    44.596 ( 71807      0)
caar compute                           86400    86400 1.555200e+10   9.465483e+05    12.509 ( 64800      0)    10.512 ( 30260      0)
caar_bexchV                            86400    86400 1.555200e+10   4.744735e+06    83.534 ( 16881      0)    33.138 ( 71807      0)
tl-ae advance_hypervis_dp              86400    86400 3.110400e+09   6.195091e+06    99.318 ( 16824      0)    52.482 ( 67210      0)
hvf-bhwk                               86400    86400 9.331200e+09   3.406887e+06    57.054 ( 16818      0)    29.464 ( 67254      0)
hvf-bexch                              86400    86400 1.866240e+10   5.001104e+06    85.580 ( 16823      0)    38.128 ( 67231      0)
tl-s prim_advec_tracers_remap          86400    86400 3.110400e+09   2.184412e+07   287.596 ( 67349      0)   218.094 ( 16820      0)
tl-at prim_advec_tracers_remap_RK2     86400    86400 3.110400e+09   2.183603e+07   287.531 ( 67349      0)   218.021 ( 16820      0)
tl-at precompute_divdp                 86400    86400 3.110400e+09   5.067396e+04     0.852 ( 66504      0)     0.382 ( 40664      0)
tl-at esf-0                            86400    86400 3.110400e+09   6.136999e+06    89.172 ( 72591      0)    57.040 ( 47521      0)
tl-at esf-1                            86400    86400 3.110400e+09   3.739608e+06    53.333 ( 71602      0)    36.892 ( 70943      0)
tl-at esf-2                            86400    86400 3.110400e+09   1.150975e+07   157.323 ( 23906      0)   109.068 ( 60046      0)
tl-at qdp_time_avg                     86400    86400 3.110400e+09   3.759971e+05     4.890 ( 64800      0)     4.229 ( 17116      0)
tl-sc vertical_remap                   86400    86400 1.036800e+09   1.671345e+06    21.270 ( 64800      0)    18.476 ( 30646      0)
Remap Thickness Functor                86400    86400 1.036800e+09   4.116682e+04     0.569 ( 58680      0)     0.436 ( 49384      0)
Remap Scale States Functor             86400    86400 1.036800e+09   1.005340e+04     0.163 ( 77130      0)     0.091 ( 24277      0)
Remap Compute Grids Functor            86400    86400 1.036800e+09   7.476611e+04     1.006 (  7920      0)     0.775 ( 71045      0)
Remap Compute Remap Functor            86400    86400 1.036800e+09   1.471651e+06    18.777 ( 64800      0)    16.208 ( 30646      0)
Remap Rescale States Functor           86400    86400 1.036800e+09   1.082902e+04     0.143 ( 64800      0)     0.123 (  2253      0)
tl-sc Q-from-qdp                       86400    86400 1.036800e+09   2.079367e+05     2.721 ( 64800      0)     2.384 ( 34172      0)
t_prf                                      0        0 0.000000e+00   0.000000e+00     0.000 (     0      0)     0.000 (     0      0)

