LAST_GIT_COMMIT_SHA:STRING=adf77c97ed8425a245449f2582d2441f4b72da1e

***** GLOBAL STATISTICS (   120 MPI TASKS) *****

$Id: gptl.c,v 1.157 2011-03-28 20:55:18 rosinski Exp $
'count' is cumulative. All other stats are max/min
name                           processes  threads        count      walltotal   wallmax (proc   thrd  )   wallmin (proc   thrd  )
"Total"                              120      120 1.200000e+02   4.023988e+04   335.400 (     8      0)   335.262 (    41      0)
"prim_init1"                         120      120 1.200000e+02   8.666009e+01     0.723 (    35      0)     0.721 (    74      0)
"PartitioningTime"                   120      120 1.200000e+02   2.603261e-01     0.002 (    87      0)     0.002 (    29      0)
"repro_sum_int"                      120      120 5.400000e+03   1.073188e+00     0.011 (    82      0)     0.007 (    96      0)
"prim_init2"                         120      120 1.200000e+02   6.209241e+01     0.522 (     0      0)     0.516 (    94      0)
"prim_printstate"                    120      120 1.200000e+02   1.135641e+01     0.099 (     0      0)     0.094 (    38      0)
"interp_movie_output"                120      120 2.400000e+02   3.272939e-02     0.001 (    24      0)     0.000 (    77      0)
"prim_main_loop"                     120      120 1.200000e+02   3.973726e+04   331.211 (     8      0)   331.073 (    41      0)
"prim_run"                           120      120 4.080000e+03   3.973722e+04   331.211 (     8      0)   331.073 (    41      0)
"ApplyCAMForcing"                    120      120 4.080000e+03   7.896992e+02     7.132 (     4      0)     5.856 (    25      0)
"prim_step_rX"                       120      120 1.224000e+04   3.620527e+04   302.895 (    41      0)   300.635 (     8      0)
"prim_step_dyn"                      120      120 1.224000e+04   6.838650e+03    60.530 (    45      0)    53.449 (     8      0)
"prim_advance_exp"                   120      120 1.224000e+04   6.838531e+03    60.528 (    45      0)    53.449 (     8      0)
"U3-5stage_timestep"                 120      120 1.224000e+04   3.326129e+03    32.140 (    41      0)    24.858 (     8      0)
"compute_and_apply_rhs"              120      120 6.120000e+04   3.252011e+03    31.730 (    41      0)    23.992 (     8      0)
"caar_bexchV"                        120      120 6.120000e+04   1.324907e+03    16.408 (    41      0)     4.701 (    22      0)
"advance_hypervis_dp"                120      120 1.224000e+04   3.512224e+03    31.189 (    97      0)    27.827 (    40      0)
"biwkdp3d_bexchV"                    120      120 3.672000e+04   5.571803e+02     6.285 (    99      0)     1.847 (    22      0)
"ahdp_bexchV2"                       120      120 3.672000e+04   6.323196e+02     8.019 (    31      0)     2.910 (    35      0)
"prim_step_advec"                    120      120 1.224000e+04   2.924064e+04   246.362 (     0      0)   240.674 (    45      0)
"PAT_remap"                          120      120 1.224000e+04   2.924058e+04   246.361 (     0      0)   240.673 (    45      0)
"prim_advec_tracers_remap_rk2"       120      120 1.224000e+04   2.924049e+04   246.361 (     0      0)   240.672 (    45      0)
"precomput_divdp"                    120      120 1.224000e+04   6.490006e+01     0.630 (   107      0)     0.311 (    62      0)
"euler_step_0"                       120      120 1.224000e+04   7.985120e+03    68.004 (   118      0)    64.870 (    95      0)
"bihmix_qminmax"                     120      120 3.672000e+04   1.419844e+04   121.534 (    81      0)   112.757 (    96      0)
"eus_neighbor_minmax1"               120      120 1.224000e+04   2.063978e+03    19.650 (    61      0)    14.801 (    96      0)
"nmm_bexchV"                         120      120 1.224000e+04   8.867920e+02     9.783 (    61      0)     6.271 (    29      0)
"eus_2d_advec"                       120      120 3.672000e+04   1.401375e+04   123.549 (    68      0)   111.066 (    41      0)
"eus_bexchV"                         120      120 3.672000e+04   3.268177e+03    34.260 (    51      0)    22.928 (    80      0)
"euler_step_1"                       120      120 1.224000e+04   5.656937e+03    48.444 (   110      0)    45.261 (    42      0)
"euler_step_2"                       120      120 1.224000e+04   1.457093e+04   123.750 (    35      0)   119.140 (    29      0)
"nmm_bexchS_start"                   120      120 1.224000e+04   1.113518e+00     0.016 (    23      0)     0.004 (    88      0)
"biwksc_bexchV"                      120      120 1.224000e+04   1.094933e+03    10.454 (    23      0)     8.191 (     2      0)
"nmm_bexchS_fini"                    120      120 1.224000e+04   7.584535e+02     7.538 (    78      0)     5.625 (    93      0)
"qdp_tavg"                           120      120 1.224000e+04   9.621318e+02     8.931 (    10      0)     5.706 (    91      0)
"vertical_remap"                     120      120 4.080000e+03   1.889319e+03    16.336 (     8      0)    15.328 (    97      0)
"vertical_remap1_1"                  120      120 1.305600e+06   1.016643e+02     0.878 (    22      0)     0.834 (    97      0)
"remap_Q_ppm"                        120      120 3.916800e+06   1.860656e+03    16.095 (     8      0)    15.096 (    97      0)
"vertical_remap1_2"                  120      120 1.305600e+06   1.396289e+02     1.207 (    22      0)     1.143 (    97      0)
"vertical_remap1_3"                  120      120 1.305600e+06   1.623196e+03    14.044 (     8      0)    13.149 (    97      0)
"prim_run_subcyle_diags"             120      120 4.080000e+03   6.774064e+02     6.784 (    88      0)     4.875 (    61      0)
"t_prf"                                0        0 0.000000e+00   0.000000e+00     0.000 (     0      0)     0.000 (     0      0)

