LAST_GIT_COMMIT_SHA:STRING=4790f40f2fb6acbc051ce4c988681a628c18e83d

***** GLOBAL STATISTICS (    96 MPI TASKS) *****

$Id: gptl.c,v 1.157 2011-03-28 20:55:18 rosinski Exp $
'count' is cumulative. All other stats are max/min
name                               processes  threads        count      walltotal   wallmax (proc   thrd  )   wallmin (proc   thrd  )
Total                                     96       96 9.600000e+01   2.952530e+04   307.639 (    94      0)   307.470 (    42      0)
prim_init1                                96       96 9.600000e+01   3.519017e+01     0.368 (     2      0)     0.366 (    93      0)
repro_sum_int                             96       96 4.320000e+03   1.754152e+00     0.024 (    12      0)     0.015 (    69      0)
prim_init2                                96       96 9.600000e+01   1.810406e+02     1.897 (    51      0)     1.879 (    93      0)
prim_printstate                           96       96 9.600000e+01   1.748020e+01     0.185 (     0      0)     0.181 (    23      0)
interp_movie_output                       96       96 1.920000e+02   2.419233e-02     0.000 (    58      0)     0.000 (    38      0)
prim_main_loop                            96       96 9.600000e+01   2.898772e+04   302.040 (    94      0)   301.870 (    42      0)
prim_run                                  96       96 2.592000e+03   2.898764e+04   302.039 (    94      0)   301.867 (    42      0)
tl-sc prim_run_subcycle_c                 96       96 2.592000e+03   2.895353e+04   301.683 (    94      0)   301.502 (    42      0)
tl-sc dp3d-from-ps                        96       96 2.592000e+03   4.248995e+00     0.055 (    76      0)     0.029 (    29      0)
tl-sc prim_step-loop                      96       96 2.592000e+03   2.707763e+04   282.676 (    47      0)   281.584 (     0      0)
tl-s prim_step                            96       96 7.776000e+03   2.707759e+04   282.676 (    47      0)   281.584 (     0      0)
tl-s deep_copy+derived_dp                 96       96 7.776000e+03   7.543958e+01     1.000 (    95      0)     0.424 (    23      0)
tl-s prim_advance_exp-loop                96       96 7.776000e+03   5.258309e+03    59.329 (    41      0)    50.760 (    92      0)
tl-ae prim_advance_exp                    96       96 7.776000e+03   5.258256e+03    59.328 (    41      0)    50.759 (    92      0)
tl-ae U3-5stage_timestep                  96       96 7.776000e+03   2.495965e+03    31.004 (    41      0)    22.192 (    92      0)
caar compute                              96       96 3.888000e+04   1.062488e+03    12.229 (    95      0)    10.326 (    23      0)
caar_bexchV                               96       96 3.888000e+04   1.381891e+03    19.315 (    41      0)     9.685 (    74      0)
tl-ae advance_hypervis_dp                 96       96 7.776000e+03   2.762187e+03    30.593 (    11      0)    27.457 (    60      0)
hvf-bhwk                                  96       96 2.332800e+04   1.581409e+03    17.825 (     1      0)    15.465 (    80      0)
hvf-bexch                                 96       96 4.665600e+04   1.313762e+03    16.500 (    11      0)    12.132 (    93      0)
tl-s prim_advec_tracers_remap             96       96 7.776000e+03   2.174367e+04   230.534 (    92      0)   221.629 (    41      0)
tl-at prim_advec_tracers_remap_RK2        96       96 7.776000e+03   2.174361e+04   230.534 (    92      0)   221.629 (    41      0)
tl-at precompute_divdp                    96       96 7.776000e+03   4.323478e+01     0.560 (    72      0)     0.283 (    55      0)
tl-at esf-0                               96       96 7.776000e+03   5.904039e+03    62.778 (    70      0)    59.542 (    11      0)
tl-at esf-1                               96       96 7.776000e+03   4.616027e+03    49.384 (     0      0)    47.065 (     1      0)
tl-at esf-2                               96       96 7.776000e+03   1.044418e+04   112.080 (    94      0)   104.855 (    61      0)
tl-at qdp_time_avg                        96       96 7.776000e+03   7.357377e+02     8.750 (    72      0)     5.686 (    23      0)
tl-sc vertical_remap                      96       96 2.592000e+03   1.603640e+03    17.266 (     0      0)    16.093 (     9      0)
Remap Thickness Functor                   96       96 2.592000e+03   1.445593e+01     0.184 (    95      0)     0.117 (    66      0)
Remap Scale States Functor                96       96 2.592000e+03   1.207442e+01     0.188 (    95      0)     0.059 (    66      0)
Remap Compute Grids Functor               96       96 2.592000e+03   9.241941e+01     1.515 (    42      0)     0.613 (    23      0)
Remap Compute Remap Functor               96       96 2.592000e+03   1.468938e+03    15.493 (    10      0)    15.060 (    30      0)
Remap Rescale States Functor              96       96 2.592000e+03   1.171389e+01     0.166 (    10      0)     0.098 (    41      0)
tl-sc Q-from-qdp                          96       96 2.592000e+03   2.679388e+02     2.999 (    82      0)     2.352 (    41      0)
t_prf                                      0        0 0.000000e+00   0.000000e+00     0.000 (     0      0)     0.000 (     0      0)

