LAST_GIT_COMMIT_SHA:STRING=adf77c97ed8425a245449f2582d2441f4b72da1e

***** GLOBAL STATISTICS (    48 MPI TASKS) *****

$Id: gptl.c,v 1.157 2011-03-28 20:55:18 rosinski Exp $
'count' is cumulative. All other stats are max/min
name                           processes  threads        count      walltotal   wallmax (proc   thrd  )   wallmin (proc   thrd  )
"Total"                               48       48 4.800000e+01   3.840395e+03    80.010 (    13      0)    80.004 (    47      0)
"prim_init1"                          48       48 4.800000e+01   3.073530e+00     0.113 (     0      0)     0.062 (    26      0)
"PartitioningTime"                    48       48 4.800000e+01   3.213692e-02     0.001 (    36      0)     0.000 (     1      0)
"repro_sum_int"                       48       48 2.160000e+03   2.037749e-01     0.007 (     3      0)     0.002 (    36      0)
"prim_init2"                          48       48 4.800000e+01   1.114834e+00     0.028 (     0      0)     0.021 (    11      0)
"prim_printstate"                     48       48 4.800000e+01   1.978326e-01     0.007 (     0      0)     0.004 (     6      0)
"interp_movie_output"                 48       48 9.600000e+01   8.640051e-03     0.000 (     7      0)     0.000 (    24      0)
"prim_main_loop"                      48       48 4.800000e+01   3.830112e+03    79.795 (    26      0)    79.791 (    18      0)
"prim_run"                            48       48 1.603200e+04   3.830077e+03    79.794 (    24      0)    79.790 (    18      0)
"ApplyCAMForcing"                     48       48 1.603200e+04   7.260830e+01     1.642 (    32      0)     1.166 (    18      0)
"prim_step_rX"                        48       48 4.809600e+04   3.485126e+03    73.211 (    18      0)    72.425 (    26      0)
"prim_step_dyn"                       48       48 4.809600e+04   3.754018e+02    11.760 (    18      0)     6.936 (    36      0)
"prim_advance_exp"                    48       48 4.809600e+04   3.752175e+02    11.755 (    18      0)     6.932 (    36      0)
"U3-5stage_timestep"                  48       48 4.809600e+04   2.023220e+02     8.153 (    18      0)     3.330 (    36      0)
"compute_and_apply_rhs"               48       48 2.404800e+05   1.999623e+02     8.103 (    18      0)     3.278 (    36      0)
"caar_bexchV"                         48       48 2.404800e+05   6.858938e+01     5.072 (    18      0)     0.627 (    36      0)
"advance_hypervis_dp"                 48       48 4.809600e+04   1.727013e+02     3.615 (    22      0)     3.581 (    29      0)
"biwkdp3d_bexchV"                     48       48 1.442880e+05   1.535005e+01     0.344 (    42      0)     0.298 (    32      0)
"ahdp_bexchV2"                        48       48 1.442880e+05   1.541754e+01     0.348 (    42      0)     0.301 (    32      0)
"prim_step_advec"                     48       48 4.809600e+04   3.098494e+03    65.333 (    36      0)    61.138 (    18      0)
"PAT_remap"                           48       48 4.809600e+04   3.098379e+03    65.331 (    36      0)    61.135 (    18      0)
"prim_advec_tracers_remap_rk2"        48       48 4.809600e+04   3.098224e+03    65.328 (    36      0)    61.131 (    18      0)
"precomput_divdp"                     48       48 4.809600e+04   5.341409e+00     0.165 (    22      0)     0.066 (    18      0)
"euler_step_0"                        48       48 4.809600e+04   8.678651e+02    18.943 (    36      0)    15.227 (    18      0)
"bihmix_qminmax"                      48       48 1.442880e+05   1.466436e+03    31.564 (    34      0)    29.087 (     6      0)
"eus_neighbor_minmax1"                48       48 4.809600e+04   2.269729e+02     5.398 (    38      0)     3.620 (    32      0)
"nmm_bexchV"                          48       48 4.809600e+04   1.290894e+02     3.293 (    36      0)     1.932 (    30      0)
"eus_2d_advec"                        48       48 1.442880e+05   1.534840e+03    33.244 (     6      0)    28.826 (    18      0)
"eus_bexchV"                          48       48 1.442880e+05   4.779924e+02    11.018 (     5      0)     7.980 (    18      0)
"euler_step_1"                        48       48 4.809600e+04   6.018591e+02    12.809 (    18      0)    12.344 (    40      0)
"euler_step_2"                        48       48 4.809600e+04   1.533637e+03    32.729 (    30      0)    30.934 (    47      0)
"nmm_bexchS_start"                    48       48 4.809600e+04   2.786631e+00     0.089 (     0      0)     0.035 (    18      0)
"biwksc_bexchV"                       48       48 4.809600e+04   2.081390e+02     4.732 (    42      0)     3.787 (    10      0)
"nmm_bexchS_fini"                     48       48 4.809600e+04   4.113822e+01     1.020 (    36      0)     0.468 (    18      0)
"qdp_tavg"                            48       48 4.809600e+04   8.860840e+01     2.100 (    32      0)     1.569 (     4      0)
"vertical_remap"                      48       48 1.603200e+04   1.859578e+02     4.063 (    18      0)     3.783 (    42      0)
"vertical_remap1_1"                   48       48 1.282560e+05   1.023262e+01     0.223 (    18      0)     0.209 (     4      0)
"remap_Q_ppm"                         48       48 3.847680e+05   1.828309e+02     3.970 (    18      0)     3.720 (    42      0)
"vertical_remap1_2"                   48       48 1.282560e+05   1.370744e+01     0.287 (    18      0)     0.282 (    42      0)
"vertical_remap1_3"                   48       48 1.282560e+05   1.593073e+02     3.473 (    18      0)     3.235 (    42      0)
"prim_run_subcyle_diags"              48       48 1.603200e+04   7.103777e+01     1.622 (    12      0)     1.120 (    18      0)
"t_prf"                                0        0 0.000000e+00   0.000000e+00     0.000 (     0      0)     0.000 (     0      0)

