LAST_GIT_COMMIT_SHA:STRING=4790f40f2fb6acbc051ce4c988681a628c18e83d

***** GLOBAL STATISTICS (   192 MPI TASKS) *****

$Id: gptl.c,v 1.157 2011-03-28 20:55:18 rosinski Exp $
'count' is cumulative. All other stats are max/min
name                               processes  threads        count      walltotal   wallmax (proc   thrd  )   wallmin (proc   thrd  )
Total                                    192      192 1.920000e+02   1.476617e+04    76.908 (    14      0)    76.906 (   188      0)
prim_init1                               192      192 1.920000e+02   1.074227e+01     0.056 (    38      0)     0.056 (   190      0)
repro_sum_int                            192      192 8.640000e+03   1.048871e+00     0.058 (    20      0)     0.004 (    85      0)
prim_init2                               192      192 1.920000e+02   8.903369e+00     0.098 (    20      0)     0.044 (    16      0)
prim_printstate                          192      192 1.920000e+02   1.329629e+00     0.010 (     0      0)     0.007 (   115      0)
interp_movie_output                      192      192 3.840000e+02   3.288817e-02     0.000 (   130      0)     0.000 (   116      0)
prim_main_loop                           192      192 1.920000e+02   1.472242e+04    76.680 (     2      0)    76.678 (   188      0)
prim_run                                 192      192 2.561280e+05   1.472193e+04    76.678 (   109      0)    76.674 (   159      0)
tl-sc prim_run_subcycle_c                192      192 2.561280e+05   1.472067e+04    76.672 (   109      0)    76.667 (   159      0)
tl-sc dp3d-from-ps                       192      192 2.561280e+05   1.514604e+00     0.008 (     3      0)     0.007 (   165      0)
tl-sc prim_step-loop                     192      192 2.561280e+05   1.382673e+04    72.170 (   143      0)    71.799 (    35      0)
tl-s prim_step                           192      192 7.683840e+05   1.382547e+04    72.165 (   143      0)    71.789 (    35      0)
tl-s deep_copy+derived_dp                192      192 7.683840e+05   2.690715e+01     0.205 (    35      0)     0.107 (    55      0)
tl-s prim_advance_exp-loop               192      192 7.683840e+05   2.581429e+03    16.778 (    71      0)    10.811 (    98      0)
tl-ae prim_advance_exp                   192      192 7.683840e+05   2.580253e+03    16.771 (    71      0)    10.805 (    98      0)
tl-ae U3-5stage_timestep                 192      192 7.683840e+05   1.473403e+03    10.811 (    70      0)     5.177 (    98      0)
caar compute                             192      192 3.841920e+06   4.488582e+02     2.511 (    35      0)     2.231 (   143      0)
caar_bexchV                              192      192 3.841920e+06   1.006724e+03     8.355 (    70      0)     2.715 (    98      0)
tl-ae advance_hypervis_dp                192      192 7.683840e+05   1.104781e+03     6.203 (    75      0)     5.562 (   124      0)
hvf-bhwk                                 192      192 2.305152e+06   7.167203e+02     4.085 (    75      0)     3.605 (   191      0)
hvf-bexch                                192      192 4.610304e+06   5.587116e+02     3.383 (    76      0)     2.567 (   120      0)
tl-s prim_advec_tracers_remap            192      192 7.683840e+05   1.121403e+04    60.966 (    98      0)    55.080 (    71      0)
tl-at prim_advec_tracers_remap_RK2       192      192 7.683840e+05   1.121233e+04    60.958 (    98      0)    55.070 (    71      0)
tl-at precompute_divdp                   192      192 7.683840e+05   2.151154e+01     0.143 (    50      0)     0.090 (    62      0)
tl-at esf-0                              192      192 7.683840e+05   3.610749e+03    20.910 (   133      0)    16.152 (    71      0)
tl-at esf-1                              192      192 7.683840e+05   2.040465e+03    11.864 (   110      0)     9.447 (    61      0)
tl-at esf-2                              192      192 7.683840e+05   5.335764e+03    29.328 (   100      0)    25.936 (    66      0)
tl-at qdp_time_avg                       192      192 7.683840e+05   1.955439e+02     1.284 (    35      0)     0.945 (    56      0)
tl-sc vertical_remap                     192      192 2.561280e+05   7.856760e+02     4.293 (    35      0)     3.943 (   143      0)
Remap Thickness Functor                  192      192 2.561280e+05   7.717344e+00     0.056 (    35      0)     0.035 (    55      0)
Remap Scale States Functor               192      192 2.561280e+05   3.300188e+00     0.029 (    35      0)     0.012 (    56      0)
Remap Compute Grids Functor              192      192 2.561280e+05   3.421955e+01     0.237 (     3      0)     0.152 (    55      0)
Remap Compute Remap Functor              192      192 2.561280e+05   7.326325e+02     4.024 (   136      0)     3.699 (   143      0)
Remap Rescale States Functor             192      192 2.561280e+05   5.111207e+00     0.028 (   144      0)     0.026 (    14      0)
tl-sc Q-from-qdp                         192      192 2.561280e+05   1.054300e+02     0.574 (   144      0)     0.540 (    60      0)
t_prf                                      0        0 0.000000e+00   0.000000e+00     0.000 (     0      0)     0.000 (     0      0)

