LAST_GIT_COMMIT_SHA:STRING=adf77c97ed8425a245449f2582d2441f4b72da1e

***** GLOBAL STATISTICS (  1536 MPI TASKS) *****

$Id: gptl.c,v 1.157 2011-03-28 20:55:18 rosinski Exp $
'count' is cumulative. All other stats are max/min
name                           processes  threads        count      walltotal   wallmax (proc   thrd  )   wallmin (proc   thrd  )
"Total"                             1536     1536 1.536000e+03   6.821883e+05   444.149 (  1220      0)   444.113 (   723      0)
"prim_init1"                        1536     1536 1.536000e+03   4.978021e+02     0.331 (  1180      0)     0.316 (   551      0)
"PartitioningTime"                  1536     1536 1.536000e+03   2.388783e+00     0.002 (   851      0)     0.001 (   408      0)
"repro_sum_int"                     1536     1536 6.912000e+04   5.448926e+01     0.072 (   113      0)     0.016 (  1465      0)
"prim_init2"                        1536     1536 1.536000e+03   1.513386e+02     0.135 (  1318      0)     0.079 (   460      0)
"prim_printstate"                   1536     1536 1.536000e+03   3.954387e+01     0.032 (     0      0)     0.024 (   202      0)
"interp_movie_output"               1536     1536 3.072000e+03   1.324170e+00     0.002 (   313      0)     0.000 (   545      0)
"prim_main_loop"                    1536     1536 1.536000e+03   6.796316e+05   442.486 (  1220      0)   442.448 (   723      0)
"prim_run"                          1536     1536 1.311744e+06   6.796281e+05   442.484 (  1220      0)   442.446 (   723      0)
"ApplyCAMForcing"                   1536     1536 1.311744e+06   1.127910e+04     8.708 (  1208      0)     5.616 (   453      0)
"prim_step_rX"                      1536     1536 3.935232e+06   6.243174e+05   409.852 (   453      0)   404.345 (  1206      0)
"prim_step_dyn"                     1536     1536 3.935232e+06   1.162117e+05   104.305 (  1394      0)    50.103 (  1206      0)
"prim_advance_exp"                  1536     1536 3.935232e+06   1.161927e+05   104.292 (  1394      0)    50.094 (  1206      0)
"U3-5stage_timestep"                1536     1536 3.935232e+06   6.118602e+04    70.306 (  1245      0)    25.117 (   448      0)
"compute_and_apply_rhs"             1536     1536 1.967616e+07   6.044270e+04    69.870 (  1245      0)    24.564 (   448      0)
"caar_bexchV"                       1536     1536 1.967616e+07   3.648786e+04    53.784 (  1245      0)     7.142 (  1206      0)
"advance_hypervis_dp"               1536     1536 3.935232e+06   5.498264e+04    51.826 (   299      0)    23.782 (  1207      0)
"biwkdp3d_bexchV"                   1536     1536 1.180570e+07   1.449224e+04    29.267 (   380      0)     2.870 (  1210      0)
"ahdp_bexchV2"                      1536     1536 1.180570e+07   1.498927e+04    29.671 (   299      0)     3.287 (  1208      0)
"prim_step_advec"                   1536     1536 3.935232e+06   5.064300e+05   353.318 (  1206      0)   303.409 (  1394      0)
"PAT_remap"                         1536     1536 3.935232e+06   5.064178e+05   353.312 (  1206      0)   303.402 (  1394      0)
"prim_advec_tracers_remap_rk2"      1536     1536 3.935232e+06   5.064005e+05   353.302 (  1206      0)   303.392 (  1394      0)
"precomput_divdp"                   1536     1536 3.935232e+06   1.014868e+03     0.957 (  1151      0)     0.304 (   453      0)
"euler_step_0"                      1536     1536 3.935232e+06   1.399062e+05   104.513 (  1206      0)    71.016 (  1399      0)
"bihmix_qminmax"                    1536     1536 1.180570e+07   2.390265e+05   176.172 (   454      0)   132.413 (  1400      0)
"eus_neighbor_minmax1"              1536     1536 3.935232e+06   3.912994e+04    44.793 (   454      0)    13.521 (  1411      0)
"nmm_bexchV"                        1536     1536 3.935232e+06   2.264665e+04    36.796 (   474      0)     5.509 (  1160      0)
"eus_2d_advec"                      1536     1536 1.180570e+07   2.536140e+05   188.341 (  1207      0)   144.890 (   717      0)
"eus_bexchV"                        1536     1536 1.180570e+07   8.184954e+04    75.829 (  1411      0)    35.415 (   454      0)
"euler_step_1"                      1536     1536 3.935232e+06   9.866240e+04    73.727 (  1207      0)    59.423 (  1346      0)
"euler_step_2"                      1536     1536 3.935232e+06   2.542418e+05   176.847 (  1208      0)   152.981 (   477      0)
"nmm_bexchS_start"                  1536     1536 3.935232e+06   2.716615e+02     0.292 (  1488      0)     0.095 (   411      0)
"biwksc_bexchV"                     1536     1536 3.935232e+06   3.193889e+04    33.268 (   361      0)    10.856 (  1336      0)
"nmm_bexchS_fini"                   1536     1536 3.935232e+06   7.471823e+03     6.613 (  1500      0)     2.970 (   184      0)
"qdp_tavg"                          1536     1536 3.935232e+06   1.249606e+04    10.731 (  1490      0)     4.952 (   409      0)
"vertical_remap"                    1536     1536 1.311744e+06   3.068522e+04    21.302 (   493      0)    19.260 (   143      0)
"vertical_remap1_1"                 1536     1536 2.098790e+07   1.657645e+03     1.130 (   493      0)     1.056 (   143      0)
"remap_Q_ppm"                       1536     1536 6.296371e+07   3.017662e+04    20.859 (   493      0)    18.961 (   143      0)
"vertical_remap1_2"                 1536     1536 2.098790e+07   2.263021e+03     1.537 (  1455      0)     1.443 (   738      0)
"vertical_remap1_3"                 1536     1536 2.098790e+07   2.632471e+04    18.259 (   493      0)    16.503 (   143      0)
"prim_run_subcyle_diags"            1536     1536 1.311744e+06   1.130164e+04     9.662 (  1274      0)     5.525 (   453      0)
"t_prf"                                0        0 0.000000e+00   0.000000e+00     0.000 (     0      0)     0.000 (     0      0)

