LAST_GIT_COMMIT_SHA:STRING=adf77c97ed8425a245449f2582d2441f4b72da1e

***** GLOBAL STATISTICS (   432 MPI TASKS) *****

$Id: gptl.c,v 1.157 2011-03-28 20:55:18 rosinski Exp $
'count' is cumulative. All other stats are max/min
name                           processes  threads        count      walltotal   wallmax (proc   thrd  )   wallmin (proc   thrd  )
"Total"                              432      432 4.320000e+02   1.648652e+05   381.720 (   418      0)   381.540 (   114      0)
"prim_init1"                         432      432 4.320000e+02   3.742592e+02     0.870 (   431      0)     0.862 (   261      0)
"PartitioningTime"                   432      432 4.320000e+02   2.158869e+00     0.006 (   203      0)     0.003 (   332      0)
"repro_sum_int"                      432      432 1.944000e+04   6.457580e+00     0.022 (   393      0)     0.011 (    40      0)
"prim_init2"                         432      432 4.320000e+02   1.447734e+02     0.344 (     0      0)     0.332 (    75      0)
"prim_printstate"                    432      432 4.320000e+02   2.461091e+01     0.065 (     0      0)     0.056 (   349      0)
"interp_movie_output"                432      432 8.640000e+02   7.867885e-02     0.000 (    44      0)     0.000 (    13      0)
"prim_main_loop"                     432      432 4.320000e+02   1.621043e+05   375.329 (   418      0)   375.149 (   114      0)
"prim_run"                           432      432 2.592000e+04   1.621037e+05   375.327 (   418      0)   375.147 (   114      0)
"ApplyCAMForcing"                    432      432 2.592000e+04   3.084810e+03     7.968 (   428      0)     5.472 (    98      0)
"prim_step_rX"                       432      432 7.776000e+04   1.481976e+05   345.433 (   114      0)   341.786 (    94      0)
"prim_step_dyn"                      432      432 7.776000e+04   2.977435e+04    80.931 (   114      0)    59.206 (   418      0)
"prim_advance_exp"                   432      432 7.776000e+04   2.977366e+04    80.929 (   114      0)    59.205 (   418      0)
"U3-5stage_timestep"                 432      432 7.776000e+04   1.473945e+04    46.673 (   114      0)    26.826 (   418      0)
"compute_and_apply_rhs"              432      432 3.888000e+05   1.449603e+04    46.334 (   114      0)    25.844 (   418      0)
"caar_bexchV"                        432      432 3.888000e+05   7.301321e+03    30.838 (   114      0)     6.036 (   418      0)
"advance_hypervis_dp"                432      432 7.776000e+04   1.503314e+04    39.953 (   263      0)    31.570 (   233      0)
"biwkdp3d_bexchV"                    432      432 2.332800e+05   3.208423e+03    11.061 (    28      0)     3.575 (   420      0)
"ahdp_bexchV2"                       432      432 2.332800e+05   3.321765e+03    11.794 (   263      0)     3.922 (   418      0)
"prim_step_advec"                    432      432 7.776000e+04   1.179590e+05   282.143 (   418      0)   263.185 (   114      0)
"PAT_remap"                          432      432 7.776000e+04   1.179586e+05   282.142 (   418      0)   263.184 (   114      0)
"prim_advec_tracers_remap_rk2"       432      432 7.776000e+04   1.179582e+05   282.142 (   418      0)   263.183 (   114      0)
"precomput_divdp"                    432      432 7.776000e+04   2.497764e+02     0.705 (   222      0)     0.331 (   117      0)
"euler_step_0"                       432      432 7.776000e+04   3.211594e+04    78.333 (    95      0)    70.090 (   105      0)
"bihmix_qminmax"                     432      432 2.332800e+05   5.652382e+04   138.162 (   310      0)   120.729 (   332      0)
"eus_neighbor_minmax1"               432      432 7.776000e+04   8.388201e+03    25.268 (   117      0)    15.536 (    44      0)
"nmm_bexchV"                         432      432 7.776000e+04   3.989857e+03    15.154 (   117      0)     6.442 (    39      0)
"eus_2d_advec"                       432      432 2.332800e+05   5.759657e+04   147.116 (    95      0)   121.733 (   114      0)
"eus_bexchV"                         432      432 2.332800e+05   1.416272e+04    48.032 (    38      0)    25.026 (     0      0)
"euler_step_1"                       432      432 7.776000e+04   2.280540e+04    55.784 (   135      0)    48.177 (    20      0)
"euler_step_2"                       432      432 7.776000e+04   5.920387e+04   144.518 (    49      0)   130.189 (   397      0)
"nmm_bexchS_start"                   432      432 7.776000e+04   6.122202e+00     0.026 (   262      0)     0.004 (    68      0)
"biwksc_bexchV"                      432      432 7.776000e+04   4.628435e+03    12.994 (   143      0)     8.884 (   160      0)
"nmm_bexchS_fini"                    432      432 7.776000e+04   2.934480e+03     8.194 (    84      0)     4.814 (    97      0)
"qdp_tavg"                           432      432 7.776000e+04   3.580214e+03     9.888 (   200      0)     4.546 (    97      0)
"vertical_remap"                     432      432 2.592000e+04   7.462997e+03    17.837 (    84      0)    16.797 (   151      0)
"vertical_remap1_1"                  432      432 5.184000e+06   4.019601e+02     0.941 (   229      0)     0.915 (    87      0)
"remap_Q_ppm"                        432      432 1.555200e+07   7.347289e+03    17.498 (    84      0)    16.541 (   151      0)
"vertical_remap1_2"                  432      432 5.184000e+06   5.522928e+02     1.291 (   361      0)     1.260 (   151      0)
"vertical_remap1_3"                  432      432 5.184000e+06   6.408530e+03    15.327 (    84      0)    14.393 (   151      0)
"prim_run_subcyle_diags"             432      432 2.592000e+04   2.759140e+03     8.584 (    97      0)     5.103 (   114      0)
"t_prf"                                0        0 0.000000e+00   0.000000e+00     0.000 (     0      0)     0.000 (     0      0)

