LAST_GIT_COMMIT_SHA:STRING=4790f40f2fb6acbc051ce4c988681a628c18e83d

***** GLOBAL STATISTICS (  1728 MPI TASKS) *****

$Id: gptl.c,v 1.157 2011-03-28 20:55:18 rosinski Exp $
'count' is cumulative. All other stats are max/min
name                               processes  threads        count      walltotal   wallmax (proc   thrd  )   wallmin (proc   thrd  )
Total                                   1728     1728 1.728000e+03   6.389339e+05   369.819 (  1444      0)   369.664 (   617      0)
prim_init1                              1728     1728 1.728000e+03   1.406110e+03     0.823 (   464      0)     0.800 (   140      0)
repro_sum_int                           1728     1728 7.776000e+04   1.162966e+02     0.155 (    13      0)     0.025 (   501      0)
prim_init2                              1728     1728 1.728000e+03   7.198830e+02     0.504 (    15      0)     0.365 (   421      0)
prim_printstate                         1728     1728 1.728000e+03   1.029297e+02     0.063 (     0      0)     0.057 (  1296      0)
interp_movie_output                     1728     1728 3.456000e+03   3.102853e+00     0.005 (  1675      0)     0.000 (   827      0)
prim_main_loop                          1728     1728 1.728000e+03   6.285978e+05   363.839 (  1444      0)   363.686 (   617      0)
prim_run                                1728     1728 4.147200e+05   6.285950e+05   363.837 (  1444      0)   363.685 (   617      0)
tl-sc prim_run_subcycle_c               1728     1728 4.147200e+05   6.285253e+05   363.792 (  1444      0)   363.666 (   617      0)
tl-sc dp3d-from-ps                      1728     1728 4.147200e+05   6.217983e+01     0.054 (   840      0)     0.028 (   500      0)
tl-sc prim_step-loop                    1728     1728 4.147200e+05   5.920562e+05   343.771 (   606      0)   341.194 (   212      0)
tl-s prim_step                          1728     1728 1.244160e+06   5.920519e+05   343.769 (   606      0)   341.191 (   212      0)
tl-s deep_copy+derived_dp               1728     1728 1.244160e+06   1.111797e+03     1.039 (   942      0)     0.319 (   237      0)
tl-s prim_advance_exp-loop              1728     1728 1.244160e+06   1.260301e+05    99.203 (   329      0)    50.154 (  1033      0)
tl-ae prim_advance_exp                  1728     1728 1.244160e+06   1.260247e+05    99.199 (   329      0)    50.152 (  1033      0)
tl-ae U3-5stage_timestep                1728     1728 1.244160e+06   6.306280e+04    63.960 (   617      0)    21.357 (  1681      0)
caar compute                            1728     1728 6.220800e+06   2.009611e+04    13.862 (  1456      0)    10.358 (   238      0)
caar_bexchV                             1728     1728 6.220800e+06   4.220810e+04    52.312 (   617      0)     9.339 (  1681      0)
tl-ae advance_hypervis_dp               1728     1728 1.244160e+06   6.295206e+04    52.829 (   333      0)    26.580 (  1636      0)
hvf-bhwk                                1728     1728 3.732480e+06   3.661988e+04    33.913 (   344      0)    15.945 (  1674      0)
hvf-bexch                               1728     1728 7.464960e+06   3.826738e+04    39.681 (   333      0)    12.594 (  1636      0)
tl-s prim_advec_tracers_remap           1728     1728 1.244160e+06   4.648947e+05   292.132 (  1033      0)   242.246 (   329      0)
tl-at prim_advec_tracers_remap_RK2      1728     1728 1.244160e+06   4.648882e+05   292.129 (  1033      0)   242.242 (   329      0)
tl-at precompute_divdp                  1728     1728 1.244160e+06   7.360544e+02     0.624 (  1460      0)     0.239 (   350      0)
tl-at esf-0                             1728     1728 1.244160e+06   1.232704e+05    80.862 (   102      0)    64.358 (   906      0)
tl-at esf-1                             1728     1728 1.244160e+06   9.588232e+04    63.259 (   997      0)    48.658 (   361      0)
tl-at esf-2                             1728     1728 1.244160e+06   2.336228e+05   151.848 (   994      0)   113.722 (   329      0)
tl-at qdp_time_avg                      1728     1728 1.244160e+06   1.133602e+04     9.086 (   844      0)     4.319 (   236      0)
tl-sc vertical_remap                    1728     1728 4.147200e+05   3.174237e+04    19.916 (   212      0)    17.384 (  1248      0)
Remap Thickness Functor                 1728     1728 4.147200e+05   2.744565e+02     0.209 (   942      0)     0.128 (   236      0)
Remap Scale States Functor              1728     1728 4.147200e+05   1.868386e+02     0.194 (   942      0)     0.047 (   525      0)
Remap Compute Grids Functor             1728     1728 4.147200e+05   1.766315e+03     1.656 (   592      0)     0.647 (  1295      0)
Remap Compute Remap Functor             1728     1728 4.147200e+05   2.928888e+04    18.228 (   212      0)    16.206 (  1324      0)
Remap Rescale States Functor            1728     1728 4.147200e+05   2.090181e+02     0.177 (   576      0)     0.110 (   618      0)
tl-sc Q-from-qdp                        1728     1728 4.147200e+05   4.659576e+03     3.262 (   847      0)     2.458 (  1270      0)
t_prf                                      0        0 0.000000e+00   0.000000e+00     0.000 (     0      0)     0.000 (     0      0)

