LAST_GIT_COMMIT_SHA:STRING=4790f40f2fb6acbc051ce4c988681a628c18e83d

***** GLOBAL STATISTICS (   600 MPI TASKS) *****

$Id: gptl.c,v 1.157 2011-03-28 20:55:18 rosinski Exp $
'count' is cumulative. All other stats are max/min
name                               processes  threads        count      walltotal   wallmax (proc   thrd  )   wallmin (proc   thrd  )
Total                                    600      600 6.000000e+02   2.189426e+05   365.018 (   534      0)   364.674 (    53      0)
prim_init1                               600      600 6.000000e+02   4.046474e+02     0.678 (   517      0)     0.671 (   160      0)
repro_sum_int                            600      600 2.700000e+04   1.156132e+01     0.041 (    20      0)     0.011 (   192      0)
prim_init2                               600      600 6.000000e+02   4.235974e+02     0.725 (   167      0)     0.693 (   282      0)
prim_printstate                          600      600 6.000000e+02   4.162597e+01     0.073 (     0      0)     0.069 (   321      0)
interp_movie_output                      600      600 1.200000e+03   3.738601e-01     0.001 (   462      0)     0.000 (   336      0)
prim_main_loop                           600      600 6.000000e+02   2.152205e+05   358.815 (   534      0)   358.473 (    53      0)
prim_run                                 600      600 5.040000e+04   2.152201e+05   358.814 (   534      0)   358.472 (    53      0)
tl-sc prim_run_subcycle_c                600      600 5.040000e+04   2.151599e+05   358.713 (   534      0)   358.431 (    53      0)
tl-sc dp3d-from-ps                       600      600 5.040000e+04   2.004383e+01     0.049 (   456      0)     0.027 (    52      0)
tl-sc prim_step-loop                     600      600 5.040000e+04   2.024522e+05   338.339 (    83      0)   335.688 (    13      0)
tl-s prim_step                           600      600 1.512000e+05   2.024517e+05   338.338 (    83      0)   335.687 (    13      0)
tl-s deep_copy+derived_dp                600      600 1.512000e+05   3.687731e+02     0.999 (   456      0)     0.320 (   307      0)
tl-s prim_advance_exp-loop               600      600 1.512000e+05   4.359935e+04   101.747 (    53      0)    55.406 (   361      0)
tl-ae prim_advance_exp                   600      600 1.512000e+05   4.359855e+04   101.746 (    53      0)    55.405 (   361      0)
tl-ae U3-5stage_timestep                 600      600 1.512000e+05   2.195522e+04    69.184 (    53      0)    21.547 (   568      0)
caar compute                             600      600 7.560000e+05   7.093130e+03    13.340 (   478      0)    10.829 (   312      0)
caar_bexchV                              600      600 7.560000e+05   1.457497e+04    57.304 (    53      0)     9.482 (   568      0)
tl-ae advance_hypervis_dp                600      600 1.512000e+05   2.164159e+04    47.521 (   339      0)    29.274 (   315      0)
hvf-bhwk                                 600      600 4.536000e+05   1.254005e+04    27.939 (   258      0)    16.537 (   312      0)
hvf-bexch                                600      600 9.072000e+05   1.221787e+04    32.205 (   339      0)    13.059 (   315      0)
tl-s prim_advec_tracers_remap            600      600 1.512000e+05   1.584814e+05   281.613 (   361      0)   235.009 (    53      0)
tl-at prim_advec_tracers_remap_RK2       600      600 1.512000e+05   1.584805e+05   281.612 (   361      0)   235.008 (    53      0)
tl-at precompute_divdp                   600      600 1.512000e+05   2.758619e+02     0.740 (   542      0)     0.248 (   265      0)
tl-at esf-0                              600      600 1.512000e+05   4.238582e+04    77.707 (    32      0)    64.614 (    77      0)
tl-at esf-1                              600      600 1.512000e+05   3.311828e+04    60.522 (   395      0)    50.729 (    47      0)
tl-at esf-2                              600      600 1.512000e+05   7.894025e+04   147.762 (    43      0)   110.316 (   119      0)
tl-at qdp_time_avg                       600      600 1.512000e+05   3.753801e+03     8.719 (   460      0)     4.447 (   183      0)
tl-sc vertical_remap                     600      600 5.040000e+04   1.108943e+04    20.085 (    13      0)    17.606 (   287      0)
Remap Thickness Functor                  600      600 5.040000e+04   9.249207e+01     0.197 (   478      0)     0.128 (   183      0)
Remap Scale States Functor               600      600 5.040000e+04   6.743770e+01     0.192 (   478      0)     0.048 (   183      0)
Remap Compute Grids Functor              600      600 5.040000e+04   6.019760e+02     1.651 (   474      0)     0.658 (   183      0)
Remap Compute Remap Functor              600      600 5.040000e+04   1.024861e+04    18.603 (    17      0)    16.299 (   486      0)
Remap Rescale States Functor             600      600 5.040000e+04   7.172613e+01     0.169 (   464      0)     0.110 (   151      0)
tl-sc Q-from-qdp                         600      600 5.040000e+04   1.597518e+03     3.128 (   470      0)     2.479 (    53      0)
t_prf                                      0        0 0.000000e+00   0.000000e+00     0.000 (     0      0)     0.000 (     0      0)

