LAST_GIT_COMMIT_SHA:STRING=adf77c97ed8425a245449f2582d2441f4b72da1e

***** GLOBAL STATISTICS (    96 MPI TASKS) *****

$Id: gptl.c,v 1.157 2011-03-28 20:55:18 rosinski Exp $
'count' is cumulative. All other stats are max/min
name                           processes  threads        count      walltotal   wallmax (proc   thrd  )   wallmin (proc   thrd  )
"Total"                               96       96 9.600000e+01   7.735032e+03    80.579 (    80      0)    80.562 (    40      0)
"prim_init1"                          96       96 9.600000e+01   8.879195e+00     0.093 (    20      0)     0.092 (    91      0)
"PartitioningTime"                    96       96 9.600000e+01   4.296374e-02     0.001 (    69      0)     0.000 (    28      0)
"repro_sum_int"                       96       96 4.320000e+03   5.509553e-01     0.007 (    77      0)     0.004 (    35      0)
"prim_init2"                          96       96 9.600000e+01   3.441204e+00     0.038 (    11      0)     0.034 (    35      0)
"prim_printstate"                     96       96 9.600000e+01   6.856940e-01     0.009 (     0      0)     0.007 (    17      0)
"interp_movie_output"                 96       96 1.920000e+02   1.706553e-02     0.000 (    54      0)     0.000 (    12      0)
"prim_main_loop"                      96       96 9.600000e+01   7.709073e+03    80.308 (    80      0)    80.292 (    40      0)
"prim_run"                            96       96 1.536000e+04   7.709032e+03    80.308 (    80      0)    80.292 (    40      0)
"ApplyCAMForcing"                     96       96 1.536000e+04   1.298652e+02     1.643 (    88      0)     1.140 (    22      0)
"prim_step_rX"                        96       96 4.608000e+04   7.064549e+03    74.031 (    40      0)    73.268 (    80      0)
"prim_step_dyn"                       96       96 4.608000e+04   1.142078e+03    15.697 (    38      0)     9.120 (    80      0)
"prim_advance_exp"                    96       96 4.608000e+04   1.141818e+03    15.695 (    38      0)     9.117 (    80      0)
"U3-5stage_timestep"                  96       96 4.608000e+04   6.920196e+02    10.988 (    39      0)     4.674 (    80      0)
"compute_and_apply_rhs"               96       96 2.304000e+05   6.801390e+02    10.897 (    39      0)     4.484 (    80      0)
"caar_bexchV"                         96       96 2.304000e+05   3.899495e+02     7.882 (    39      0)     1.139 (    80      0)
"advance_hypervis_dp"                 96       96 4.608000e+04   4.494778e+02     5.150 (     8      0)     4.320 (    93      0)
"biwkdp3d_bexchV"                     96       96 1.382400e+05   7.135482e+01     1.115 (    53      0)     0.488 (    94      0)
"ahdp_bexchV2"                        96       96 1.382400e+05   7.038202e+01     1.072 (    20      0)     0.510 (    92      0)
"prim_step_advec"                     96       96 4.608000e+04   5.902623e+03    64.113 (    84      0)    58.065 (    38      0)
"PAT_remap"                           96       96 4.608000e+04   5.902460e+03    64.112 (    84      0)    58.064 (    38      0)
"prim_advec_tracers_remap_rk2"        96       96 4.608000e+04   5.902244e+03    64.109 (    84      0)    58.062 (    38      0)
"precomput_divdp"                     96       96 4.608000e+04   1.432563e+01     0.178 (    65      0)     0.094 (    38      0)
"euler_step_0"                        96       96 4.608000e+04   1.669006e+03    19.029 (    84      0)    15.394 (    39      0)
"bihmix_qminmax"                      96       96 1.382400e+05   2.817838e+03    30.917 (    80      0)    27.253 (    34      0)
"eus_neighbor_minmax1"                96       96 4.608000e+04   4.493558e+02     5.656 (    84      0)     3.228 (    45      0)
"nmm_bexchV"                          96       96 4.608000e+04   2.336242e+02     3.337 (    85      0)     1.290 (    45      0)
"eus_2d_advec"                        96       96 1.382400e+05   2.919496e+03    33.059 (    82      0)    27.093 (    15      0)
"eus_bexchV"                          96       96 1.382400e+05   9.173502e+02    11.807 (    45      0)     6.854 (    12      0)
"euler_step_1"                        96       96 4.608000e+04   1.146173e+03    12.868 (    82      0)    10.999 (    14      0)
"euler_step_2"                        96       96 4.608000e+04   2.924214e+03    31.942 (    82      0)    29.124 (     1      0)
"nmm_bexchS_start"                    96       96 4.608000e+04   2.989614e+00     0.042 (    72      0)     0.019 (    34      0)
"biwksc_bexchV"                       96       96 4.608000e+04   3.449495e+02     4.683 (    27      0)     3.027 (     7      0)
"nmm_bexchS_fini"                     96       96 4.608000e+04   9.764331e+01     1.225 (    77      0)     0.683 (    41      0)
"qdp_tavg"                            96       96 4.608000e+04   1.475941e+02     2.011 (    94      0)     1.027 (    22      0)
"vertical_remap"                      96       96 1.536000e+04   3.566542e+02     3.868 (    38      0)     3.593 (    84      0)
"vertical_remap1_1"                   96       96 2.457600e+05   1.932808e+01     0.206 (    93      0)     0.197 (    84      0)
"remap_Q_ppm"                         96       96 7.372800e+05   3.506331e+02     3.785 (    38      0)     3.537 (    84      0)
"vertical_remap1_2"                   96       96 2.457600e+05   2.618638e+01     0.275 (    13      0)     0.268 (    84      0)
"vertical_remap1_3"                   96       96 2.457600e+05   3.059230e+02     3.317 (    38      0)     3.079 (    84      0)
"prim_run_subcyle_diags"              96       96 1.536000e+04   1.330084e+02     1.654 (    22      0)     1.101 (    41      0)
"t_prf"                                0        0 0.000000e+00   0.000000e+00     0.000 (     0      0)     0.000 (     0      0)

