LAST_GIT_COMMIT_SHA:STRING=adf77c97ed8425a245449f2582d2441f4b72da1e

***** GLOBAL STATISTICS (  1200 MPI TASKS) *****

$Id: gptl.c,v 1.157 2011-03-28 20:55:18 rosinski Exp $
'count' is cumulative. All other stats are max/min
name                           processes  threads        count      walltotal   wallmax (proc   thrd  )   wallmin (proc   thrd  )
"Total"                             1200     1200 1.200000e+03   4.285236e+05   357.134 (   390      0)   357.062 (   882      0)
"prim_init1"                        1200     1200 1.200000e+03   5.429930e+02     0.461 (     0      0)     0.443 (   690      0)
"PartitioningTime"                  1200     1200 1.200000e+03   2.649883e+00     0.003 (  1024      0)     0.002 (   430      0)
"repro_sum_int"                     1200     1200 5.400000e+04   3.614371e+01     0.062 (  1157      0)     0.010 (   490      0)
"prim_init2"                        1200     1200 1.200000e+03   1.657827e+02     0.171 (    16      0)     0.121 (   727      0)
"prim_printstate"                   1200     1200 1.200000e+03   4.916149e+01     0.044 (     0      0)     0.040 (   153      0)
"interp_movie_output"               1200     1200 2.400000e+03   9.549015e-01     0.002 (   150      0)     0.000 (   512      0)
"prim_main_loop"                    1200     1200 1.200000e+03   4.244992e+05   353.783 (   390      0)   353.709 (   882      0)
"prim_run"                          1200     1200 4.008000e+05   4.244978e+05   353.782 (   406      0)   353.708 (   882      0)
"ApplyCAMForcing"                   1200     1200 4.008000e+05   7.484336e+03     7.247 (   405      0)     4.831 (   832      0)
"prim_step_rX"                      1200     1200 1.202400e+06   3.900940e+05   327.622 (   844      0)   323.539 (   906      0)
"prim_step_dyn"                     1200     1200 1.202400e+06   7.878607e+04    82.951 (   832      0)    52.315 (   390      0)
"prim_advance_exp"                  1200     1200 1.202400e+06   7.877788e+04    82.944 (   832      0)    52.309 (   390      0)
"U3-5stage_timestep"                1200     1200 1.202400e+06   3.854621e+04    48.368 (    83      0)    22.450 (  1062      0)
"compute_and_apply_rhs"             1200     1200 6.012000e+06   3.803123e+04    47.951 (    83      0)    22.090 (   802      0)
"caar_bexchV"                       1200     1200 6.012000e+06   2.161315e+04    34.321 (   832      0)     5.872 (   406      0)
"advance_hypervis_dp"               1200     1200 1.202400e+06   4.022026e+04    43.207 (   617      0)    25.300 (   604      0)
"biwkdp3d_bexchV"                   1200     1200 3.607200e+06   1.082100e+04    18.568 (  1128      0)     3.164 (   601      0)
"ahdp_bexchV2"                      1200     1200 3.607200e+06   1.116921e+04    18.697 (   577      0)     3.976 (   604      0)
"prim_step_advec"                   1200     1200 1.202400e+06   3.101840e+05   271.052 (   390      0)   243.391 (   855      0)
"PAT_remap"                         1200     1200 1.202400e+06   3.101791e+05   271.048 (   390      0)   243.386 (   855      0)
"prim_advec_tracers_remap_rk2"      1200     1200 1.202400e+06   3.101733e+05   271.043 (   390      0)   243.380 (   855      0)
"precomput_divdp"                   1200     1200 1.202400e+06   6.160919e+02     0.716 (   216      0)     0.239 (  1170      0)
"euler_step_0"                      1200     1200 1.202400e+06   8.557010e+04    77.337 (   390      0)    64.356 (  1167      0)
"bihmix_qminmax"                    1200     1200 3.607200e+06   1.475683e+05   136.663 (   621      0)   108.067 (  1161      0)
"eus_neighbor_minmax1"              1200     1200 1.202400e+06   2.383609e+04    27.501 (  1125      0)    13.585 (  1158      0)
"nmm_bexchV"                        1200     1200 1.202400e+06   1.289371e+04    20.076 (   178      0)     5.682 (   161      0)
"eus_2d_advec"                      1200     1200 3.607200e+06   1.532832e+05   138.799 (   414      0)   111.392 (   563      0)
"eus_bexchV"                        1200     1200 3.607200e+06   4.483507e+04    52.650 (   219      0)    23.557 (   181      0)
"euler_step_1"                      1200     1200 1.202400e+06   6.019033e+04    57.017 (   622      0)    45.225 (  1169      0)
"euler_step_2"                      1200     1200 1.202400e+06   1.551500e+05   140.317 (   621      0)   119.205 (   846      0)
"nmm_bexchS_start"                  1200     1200 1.202400e+06   9.394126e+01     0.143 (  1127      0)     0.033 (   414      0)
"biwksc_bexchV"                     1200     1200 1.202400e+06   1.636080e+04    21.402 (   621      0)     6.808 (   582      0)
"nmm_bexchS_fini"                   1200     1200 1.202400e+06   6.246989e+03     7.101 (   400      0)     2.380 (  1097      0)
"qdp_tavg"                          1200     1200 1.202400e+06   8.618162e+03     8.791 (   400      0)     4.132 (   818      0)
"vertical_remap"                    1200     1200 4.008000e+05   1.861288e+04    16.260 (   564      0)    15.108 (   664      0)
"vertical_remap1_1"                 1200     1200 1.282560e+07   1.004827e+03     0.871 (   902      0)     0.824 (   664      0)
"remap_Q_ppm"                       1200     1200 3.847680e+07   1.831477e+04    15.911 (   564      0)    14.877 (   664      0)
"vertical_remap1_2"                 1200     1200 1.282560e+07   1.369496e+03     1.186 (   898      0)     1.125 (    40      0)
"vertical_remap1_3"                 1200     1200 1.282560e+07   1.598007e+04    13.955 (   564      0)    12.958 (   664      0)
"prim_run_subcyle_diags"            1200     1200 4.008000e+05   6.893789e+03     7.604 (   409      0)     4.512 (   564      0)
"t_prf"                                0        0 0.000000e+00   0.000000e+00     0.000 (     0      0)     0.000 (     0      0)

