LAST_GIT_COMMIT_SHA:STRING=4790f40f2fb6acbc051ce4c988681a628c18e83d

***** GLOBAL STATISTICS (   576 MPI TASKS) *****

$Id: gptl.c,v 1.157 2011-03-28 20:55:18 rosinski Exp $
'count' is cumulative. All other stats are max/min
name                               processes  threads        count      walltotal   wallmax (proc   thrd  )   wallmin (proc   thrd  )
Total                                    576      576 5.760000e+02   9.673049e+04   168.137 (   249      0)   167.502 (   306      0)
prim_init1                               576      576 5.760000e+02   9.132999e+02     1.595 (   495      0)     1.563 (    64      0)
repro_sum_int                            576      576 2.592000e+04   2.130720e+01     0.070 (    26      0)     0.022 (   384      0)
prim_init2                               576      576 5.760000e+02   1.627520e+03     2.869 (    20      0)     2.785 (   224      0)
prim_printstate                          576      576 5.760000e+02   1.607843e+02     0.285 (     0      0)     0.278 (   238      0)
interp_movie_output                      576      576 1.152000e+03   1.781332e-01     0.001 (    12      0)     0.000 (   427      0)
prim_main_loop                           576      576 5.760000e+02   8.498504e+04   147.746 (   249      0)   147.111 (   306      0)
prim_run                                 576      576 1.728000e+04   8.498460e+04   147.746 (   196      0)   147.110 (   306      0)
tl-sc prim_run_subcycle_c                576      576 1.728000e+04   8.482319e+04   147.437 (   198      0)   147.013 (   306      0)
tl-sc dp3d-from-ps                       576      576 1.728000e+04   1.067939e+01     0.030 (   213      0)     0.016 (   328      0)
tl-sc prim_step-loop                     576      576 1.728000e+04   7.762731e+04   135.526 (   511      0)   133.528 (   158      0)
tl-s prim_step                           576      576 5.184000e+04   7.762686e+04   135.525 (   511      0)   133.527 (   158      0)
tl-s deep_copy+derived_dp                576      576 5.184000e+04   1.079944e+02     0.370 (   212      0)     0.126 (   188      0)
tl-s prim_advance_exp-loop               576      576 5.184000e+04   1.768774e+04    49.080 (   467      0)    18.457 (   196      0)
tl-ae prim_advance_exp                   576      576 5.184000e+04   1.768709e+04    49.079 (   467      0)    18.456 (   196      0)
tl-ae U3-5stage_timestep                 576      576 5.184000e+04   1.088063e+04    34.181 (   306      0)     9.385 (   236      0)
caar compute                             576      576 2.592000e+05   2.917667e+03     6.415 (   213      0)     4.308 (   461      0)
caar_bexchV                              576      576 2.592000e+05   7.854354e+03    29.572 (   306      0)     3.224 (   236      0)
tl-ae advance_hypervis_dp                576      576 5.184000e+04   6.805294e+03    20.977 (   471      0)     8.625 (   227      0)
hvf-bhwk                                 576      576 1.555200e+05   3.989792e+03    12.889 (   470      0)     5.281 (   240      0)
hvf-bexch                                576      576 3.110400e+05   4.145820e+03    16.775 (   471      0)     3.479 (   227      0)
tl-s prim_advec_tracers_remap            576      576 5.184000e+04   5.982928e+04   115.541 (   198      0)    84.832 (   467      0)
tl-at prim_advec_tracers_remap_RK2       576      576 5.184000e+04   5.982863e+04   115.540 (   198      0)    84.831 (   467      0)
tl-at precompute_divdp                   576      576 5.184000e+04   1.073951e+02     0.367 (   519      0)     0.093 (   389      0)
tl-at esf-0                              576      576 5.184000e+04   1.984462e+04    40.069 (   200      0)    28.750 (   184      0)
tl-at esf-1                              576      576 5.184000e+04   1.107232e+04    23.873 (   123      0)    13.839 (   482      0)
tl-at esf-2                              576      576 5.184000e+04   2.726694e+04    55.158 (   137      0)    35.792 (   306      0)
tl-at qdp_time_avg                       576      576 5.184000e+04   1.533571e+03     4.817 (   228      0)     1.609 (   130      0)
tl-sc vertical_remap                     576      576 1.728000e+04   6.353007e+03    12.251 (   158      0)    10.464 (   511      0)
Remap Thickness Functor                  576      576 1.728000e+04   3.684583e+01     0.089 (   204      0)     0.054 (   296      0)
Remap Scale States Functor               576      576 1.728000e+04   2.723740e+01     0.092 (    43      0)     0.025 (   282      0)
Remap Compute Grids Functor              576      576 1.728000e+04   2.455442e+02     0.605 (   213      0)     0.342 (   296      0)
Remap Compute Remap Functor              576      576 1.728000e+04   5.996147e+03    11.660 (   158      0)     9.941 (   493      0)
Remap Rescale States Functor             576      576 1.728000e+04   2.441249e+01     0.105 (   199      0)     0.034 (   397      0)
tl-sc Q-from-qdp                         576      576 1.728000e+04   8.315116e+02     2.014 (   246      0)     1.317 (   311      0)
t_prf                                      0        0 0.000000e+00   0.000000e+00     0.000 (     0      0)     0.000 (     0      0)

