LAST_GIT_COMMIT_SHA:STRING=adf77c97ed8425a245449f2582d2441f4b72da1e
10950092

***** GLOBAL STATISTICS (   192 MPI TASKS) *****

$Id: gptl.c,v 1.157 2011-03-28 20:55:18 rosinski Exp $
'count' is cumulative. All other stats are max/min
name                           processes  threads        count      walltotal   wallmax (proc   thrd  )   wallmin (proc   thrd  )
"Total"                              192      192 1.920000e+02   7.392607e+03    38.505 (     0      0)    38.501 (   189      0)
"prim_init1"                         192      192 1.920000e+02   2.480444e+01     0.134 (     0      0)     0.128 (   122      0)
"PartitioningTime"                   192      192 1.920000e+02   2.565031e-01     0.002 (   184      0)     0.001 (   151      0)
"repro_sum_int"                      192      192 8.640000e+03   6.345665e+00     0.051 (    87      0)     0.015 (     1      0)
"prim_init2"                         192      384 3.840000e+02   2.342043e+01     0.075 (    87      0)     0.045 (     1      1)
"prim_printstate"                    192      384 3.840000e+02   9.326185e+00     0.030 (     0      0)     0.024 (   117      1)
"interp_movie_output"                192      192 3.840000e+02   1.194444e-01     0.001 (   114      0)     0.000 (    48      0)
"prim_main_loop"                     192      192 1.920000e+02   7.320396e+03    38.129 (     0      0)    38.125 (   130      0)
"prim_run"                           192      384 1.920000e+05   1.463924e+04    38.125 (    62      1)    38.121 (   188      0)
"ApplyCAMForcing"                    192      384 1.920000e+05   1.153629e+02     0.326 (     0      0)     0.269 (   105      0)
"prim_step_rX"                       192      384 5.760000e+05   1.338459e+04    34.963 (   132      1)    34.641 (     0      1)
"prim_step_dyn"                      192      384 5.760000e+05   4.064743e+03    13.146 (   188      0)     8.821 (   115      1)
"prim_advance_exp"                   192      384 5.760000e+05   4.058678e+03    13.130 (   188      0)     8.805 (   115      1)
"U3-5stage_timestep"                 192      384 5.760000e+05   2.367648e+03     8.576 (   188      0)     4.497 (   115      1)
"compute_and_apply_rhs"              192      384 2.880000e+06   2.330870e+03     8.484 (   188      1)     4.402 (   115      0)
"caar_bexchV"                        192      384 2.880000e+06   1.541962e+03     6.503 (   188      0)     2.288 (   115      1)
"advance_hypervis_dp"                192      384 5.760000e+05   1.680783e+03     4.658 (    98      0)     4.221 (   117      1)
"biwkdp3d_bexchV"                    192      384 1.728000e+06   4.710739e+02     1.445 (   188      0)     1.103 (     0      0)
"ahdp_bexchV2"                       192      384 1.728000e+06   4.552799e+02     1.308 (    99      1)     1.099 (    52      1)
"prim_step_advec"                    192      384 5.760000e+05   9.295620e+03    25.967 (   115      1)    21.714 (   188      0)
"PAT_remap"                          192      384 5.760000e+05   9.290667e+03    25.954 (   115      1)    21.701 (   188      0)
"prim_advec_tracers_remap_rk2"       192      384 5.760000e+05   9.284338e+03    25.937 (   115      1)    21.685 (   188      0)
"precomput_divdp"                    192      384 5.760000e+05   1.331632e+01     0.037 (    86      1)     0.032 (   123      0)
"euler_step_0"                       192      384 5.760000e+05   2.366536e+03     7.313 (    61      1)     4.872 (   163      0)
"bihmix_qminmax"                     192      384 1.728000e+06   4.235601e+03    12.834 (   171      0)     9.821 (   161      1)
"eus_neighbor_minmax1"               192      384 5.760000e+05   5.950000e+02     2.392 (    61      1)     1.003 (     3      0)
"nmm_bexchV"                         192      384 5.760000e+05   4.429280e+02     2.004 (    61      0)     0.643 (     3      1)
"eus_2d_advec"                       192      384 1.728000e+06   4.870414e+03    14.806 (     5      1)    11.025 (   188      0)
"eus_bexchV"                         192      384 1.728000e+06   1.780834e+03     6.782 (     5      0)     3.273 (   189      1)
"euler_step_1"                       192      384 5.760000e+05   1.792073e+03     5.318 (    26      1)     3.929 (   188      1)
"euler_step_2"                       192      384 5.760000e+05   4.990448e+03    13.835 (    70      1)    12.145 (   156      0)
"nmm_bexchS_start"                   192      384 5.760000e+05   2.956097e+01     0.253 (    74      0)     0.016 (   107      1)
"biwksc_bexchV"                      192      384 5.760000e+05   8.307460e+02     3.050 (   170      1)     1.607 (    42      0)
"nmm_bexchS_fini"                    192      384 5.760000e+05   2.265097e+01     0.159 (     0      1)     0.044 (    32      0)
"qdp_tavg"                           192      384 5.760000e+05   1.003419e+02     0.352 (    63      1)     0.201 (   111      1)
"vertical_remap"                     192      384 1.920000e+05   1.047018e+03     2.899 (     0      0)     2.638 (   131      0)
"vertical_remap1_1"                  192      384 1.920000e+05   4.802608e+01     0.141 (    31      1)     0.114 (   191      1)
"remap_Q_ppm"                        192      384 5.760000e+05   1.027523e+03     2.852 (     0      0)     2.589 (   131      0)
"vertical_remap1_2"                  192      384 1.920000e+05   6.404392e+01     0.182 (   168      0)     0.158 (   191      1)
"vertical_remap1_3"                  192      384 1.920000e+05   9.232260e+02     2.581 (     0      0)     2.329 (   131      0)
"prim_run_subcyle_diags"             192      384 1.920000e+05   5.715502e+01     0.171 (    56      1)     0.117 (   105      0)
"t_prf"                                0        0 0.000000e+00   0.000000e+00     0.000 (     0      0)     0.000 (     0      0)

10950092
