LAST_GIT_COMMIT_SHA:STRING=4790f40f2fb6acbc051ce4c988681a628c18e83d

***** GLOBAL STATISTICS ( 19200 MPI TASKS) *****

$Id: gptl.c,v 1.157 2011-03-28 20:55:18 rosinski Exp $
'count' is cumulative. All other stats are max/min
name                               processes  threads        count      walltotal   wallmax (proc   thrd  )   wallmin (proc   thrd  )
Total                                  19200    19200 1.920000e+04   3.322300e+06   173.091 (   152      0)   172.979 ( 13657      0)
prim_init1                             19200    19200 1.920000e+04   3.329471e+04     1.799 (  7428      0)     1.637 ( 16352      0)
repro_sum_int                          19200    19200 8.640000e+05   1.318043e+04     1.598 (    60      0)     0.094 (  9732      0)
prim_init2                             19200    19200 1.920000e+04   3.442529e+04     2.704 ( 14165      0)     1.153 (  9987      0)
prim_printstate                        19200    19200 1.920000e+04   4.912871e+03     0.272 ( 12418      0)     0.227 (  9167      0)
interp_movie_output                    19200    19200 3.840000e+04   1.664666e+02     0.024 (  2270      0)     0.000 ( 11661      0)
prim_main_loop                         19200    19200 1.920000e+04   3.060707e+06   159.443 (  8176      0)   159.367 ( 12996      0)
prim_run                               19200    19200 3.840000e+07   3.060347e+06   159.427 (  8132      0)   159.345 ( 12992      0)
tl-sc prim_run_subcycle_c              19200    19200 3.840000e+07   3.058878e+06   159.360 (  7952      0)   159.279 ( 15488      0)
tl-sc dp3d-from-ps                     19200    19200 3.840000e+07   1.241538e+03     0.088 (  2368      0)     0.050 (  8038      0)
tl-sc prim_step-loop                   19200    19200 3.840000e+07   2.837491e+06   148.297 (  6119      0)   145.907 ( 14912      0)
tl-s prim_step                         19200    19200 1.152000e+08   2.836782e+06   148.263 (  6119      0)   145.859 ( 14912      0)
tl-s deep_copy+derived_dp              19200    19200 1.152000e+08   4.466566e+03     0.285 ( 12544      0)     0.215 ( 17047      0)
tl-s prim_advance_exp-loop             19200    19200 1.152000e+08   1.146763e+06    69.233 (  8028      0)    48.830 ( 14592      0)
tl-ae prim_advance_exp                 19200    19200 1.152000e+08   1.145865e+06    69.192 (  8028      0)    48.775 ( 14592      0)
tl-ae U3-5stage_timestep               19200    19200 1.152000e+08   5.735701e+05    41.322 (  7913      0)    21.146 (  8064      0)
caar compute                           19200    19200 5.760000e+08   1.044884e+05     6.485 ( 12544      0)     4.849 (  7912      0)
caar_bexchV                            19200    19200 5.760000e+08   4.553569e+05    35.587 (  7913      0)    14.262 (  8064      0)
tl-ae advance_hypervis_dp              19200    19200 1.152000e+08   5.706744e+05    38.298 (  7848      0)    22.993 ( 14654      0)
hvf-bhwk                               19200    19200 3.456000e+08   3.015667e+05    21.538 (  4812      0)    11.920 (  7019      0)
hvf-bexch                              19200    19200 6.912000e+08   4.633887e+05    32.683 (  7848      0)    17.349 ( 14654      0)
tl-s prim_advec_tracers_remap          19200    19200 1.152000e+08   1.683411e+06    98.568 ( 18591      0)    78.197 (  7844      0)
tl-at prim_advec_tracers_remap_RK2     19200    19200 1.152000e+08   1.682346e+06    98.511 ( 18591      0)    78.145 (  7844      0)
tl-at precompute_divdp                 19200    19200 1.152000e+08   5.107871e+03     0.358 ( 12928      0)     0.217 (  1850      0)
tl-at esf-0                            19200    19200 1.152000e+08   4.571708e+05    30.950 ( 12546      0)    19.241 ( 16836      0)
tl-at esf-1                            19200    19200 1.152000e+08   3.292295e+05    21.724 (  7934      0)    14.295 ( 16955      0)
tl-at esf-2                            19200    19200 1.152000e+08   8.567737e+05    53.833 ( 18594      0)    38.959 ( 13971      0)
tl-at qdp_time_avg                     19200    19200 1.152000e+08   2.901988e+04     1.797 ( 12032      0)     1.309 ( 11468      0)
tl-sc vertical_remap                   19200    19200 3.840000e+07   1.955893e+05    11.945 ( 14912      0)     9.687 ( 16517      0)
Remap Thickness Functor                19200    19200 3.840000e+07   2.586753e+03     0.182 ( 12544      0)     0.106 (  8026      0)
Remap Scale States Functor             19200    19200 3.840000e+07   1.453283e+03     0.105 ( 11386      0)     0.054 (  1664      0)
Remap Compute Grids Functor            19200    19200 3.840000e+07   7.468242e+03     0.462 ( 12544      0)     0.348 (  8719      0)
Remap Compute Remap Functor            19200    19200 3.840000e+07   1.784374e+05    10.964 ( 14912      0)     8.831 ( 11113      0)
Remap Rescale States Functor           19200    19200 3.840000e+07   1.617054e+03     0.156 ( 17251      0)     0.072 ( 11248      0)
tl-sc Q-from-qdp                       19200    19200 3.840000e+07   2.355096e+04     1.374 ( 12544      0)     1.210 (  7664      0)
t_prf                                      0        0 0.000000e+00   0.000000e+00     0.000 (     0      0)     0.000 (     0      0)

