LAST_GIT_COMMIT_SHA:STRING=4790f40f2fb6acbc051ce4c988681a628c18e83d

***** GLOBAL STATISTICS (   768 MPI TASKS) *****

$Id: gptl.c,v 1.157 2011-03-28 20:55:18 rosinski Exp $
'count' is cumulative. All other stats are max/min
name                               processes  threads        count      walltotal   wallmax (proc   thrd  )   wallmin (proc   thrd  )
Total                                    768      768 7.680000e+02   3.417920e+04    44.510 (   704      0)    44.500 (   438      0)
prim_init1                               768      768 7.680000e+02   2.146059e+02     0.286 (   256      0)     0.274 (    15      0)
repro_sum_int                            768      768 3.456000e+04   3.380842e+01     0.108 (    13      0)     0.020 (   651      0)
prim_init2                               768      768 7.680000e+02   2.176783e+02     0.340 (     0      0)     0.266 (   420      0)
prim_printstate                          768      768 7.680000e+02   4.252690e+01     0.061 (     0      0)     0.053 (   457      0)
interp_movie_output                      768      768 1.536000e+03   2.853281e-01     0.001 (   145      0)     0.000 (   374      0)
prim_main_loop                           768      768 7.680000e+02   3.295288e+04    42.913 (   704      0)    42.904 (   445      0)
prim_run                                 768      768 1.536000e+05   3.295138e+04    42.910 (   704      0)    42.902 (   444      0)
tl-sc prim_run_subcycle_c                768      768 1.536000e+05   3.294294e+04    42.901 (   231      0)    42.889 (   431      0)
tl-sc dp3d-from-ps                       768      768 1.536000e+05   7.859903e+00     0.013 (     0      0)     0.009 (   103      0)
tl-sc prim_step-loop                     768      768 1.536000e+05   2.959591e+04    38.653 (    95      0)    38.322 (   572      0)
tl-s prim_step                           768      768 4.608000e+05   2.959271e+04    38.650 (    95      0)    38.318 (   572      0)
tl-s deep_copy+derived_dp                768      768 4.608000e+05   4.602742e+01     0.070 (   209      0)     0.049 (    93      0)
tl-s prim_advance_exp-loop               768      768 4.608000e+05   8.642015e+03    13.471 (   315      0)     8.799 (   224      0)
tl-ae prim_advance_exp                   768      768 4.608000e+05   8.638249e+03    13.466 (   315      0)     8.794 (   224      0)
tl-ae U3-5stage_timestep                 768      768 4.608000e+05   4.652111e+03     7.717 (   317      0)     4.257 (   224      0)
caar compute                             768      768 2.304000e+06   1.519787e+03     2.282 (   640      0)     1.732 (   290      0)
caar_bexchV                              768      768 2.304000e+06   3.026465e+03     5.801 (   317      0)     2.018 (   224      0)
tl-ae advance_hypervis_dp                768      768 4.608000e+05   3.977308e+03     6.133 (   310      0)     4.465 (   678      0)
hvf-bhwk                                 768      768 1.382400e+06   2.283077e+03     3.747 (   305      0)     2.582 (   674      0)
hvf-bexch                                768      768 2.764800e+06   2.515409e+03     4.368 (   476      0)     2.474 (   225      0)
tl-s prim_advec_tracers_remap            768      768 4.608000e+05   2.089366e+04    29.734 (   224      0)    24.958 (   315      0)
tl-at prim_advec_tracers_remap_RK2       768      768 4.608000e+05   2.088911e+04    29.728 (   224      0)    24.952 (   315      0)
tl-at precompute_divdp                   768      768 4.608000e+05   4.877174e+01     0.088 (   704      0)     0.051 (   105      0)
tl-at esf-0                              768      768 4.608000e+05   5.669097e+03     8.913 (   640      0)     6.134 (   282      0)
tl-at esf-1                              768      768 4.608000e+05   4.397250e+03     6.376 (   232      0)     5.088 (   315      0)
tl-at esf-2                              768      768 4.608000e+05   1.026117e+04    15.081 (   700      0)    12.387 (   479      0)
tl-at qdp_time_avg                       768      768 4.608000e+05   4.886898e+02     0.704 (   576      0)     0.534 (    96      0)
tl-sc vertical_remap                     768      768 1.536000e+05   2.969829e+03     4.081 (   572      0)     3.753 (    95      0)
Remap Thickness Functor                  768      768 1.536000e+05   2.328007e+01     0.034 (    60      0)     0.026 (   256      0)
Remap Scale States Functor               768      768 1.536000e+05   1.186298e+01     0.020 (   444      0)     0.013 (   102      0)
Remap Compute Grids Functor              768      768 1.536000e+05   1.103982e+02     0.159 (    23      0)     0.127 (   263      0)
Remap Compute Remap Functor              768      768 1.536000e+05   2.791967e+03     3.829 (   572      0)     3.538 (    73      0)
Remap Rescale States Functor             768      768 1.536000e+05   1.396976e+01     0.021 (     0      0)     0.017 (   204      0)
tl-sc Q-from-qdp                         768      768 1.536000e+05   3.651153e+02     0.534 (     0      0)     0.471 (   304      0)
t_prf                                      0        0 0.000000e+00   0.000000e+00     0.000 (     0      0)     0.000 (     0      0)

