LAST_GIT_COMMIT_SHA:STRING=4790f40f2fb6acbc051ce4c988681a628c18e83d

***** GLOBAL STATISTICS (   192 MPI TASKS) *****

$Id: gptl.c,v 1.157 2011-03-28 20:55:18 rosinski Exp $
'count' is cumulative. All other stats are max/min
name                               processes  threads        count      walltotal   wallmax (proc   thrd  )   wallmin (proc   thrd  )
Total                                    192      192 1.920000e+02   6.703001e+03    34.912 (   104      0)    34.911 (   156      0)
prim_init1                               192      192 1.920000e+02   3.279807e+01     0.174 (     4      0)     0.169 (    64      0)
repro_sum_int                            192      192 8.640000e+03   4.972480e+00     0.048 (    87      0)     0.012 (   150      0)
prim_init2                               192      192 1.920000e+02   2.715157e+01     0.155 (    81      0)     0.130 (   158      0)
prim_printstate                          192      192 1.920000e+02   4.515203e+00     0.029 (     0      0)     0.023 (    68      0)
interp_movie_output                      192      192 3.840000e+02   6.346345e-02     0.001 (    56      0)     0.000 (    45      0)
prim_main_loop                           192      192 1.920000e+02   6.608516e+03    34.420 (    69      0)    34.419 (   151      0)
prim_run                                 192      192 9.600000e+04   6.607726e+03    34.416 (   106      0)    34.414 (    61      0)
tl-sc prim_run_subcycle_c                192      192 9.600000e+04   6.605559e+03    34.406 (   170      0)    34.403 (   131      0)
tl-sc dp3d-from-ps                       192      192 9.600000e+04   2.736931e+00     0.016 (     0      0)     0.013 (   160      0)
tl-sc prim_step-loop                     192      192 9.600000e+04   6.041626e+03    31.558 (   175      0)    31.317 (    22      0)
tl-s prim_step                           192      192 2.880000e+05   6.039784e+03    31.549 (   175      0)    31.307 (    22      0)
tl-s deep_copy+derived_dp                192      192 2.880000e+05   1.168793e+01     0.067 (    17      0)     0.056 (   165      0)
tl-s prim_advance_exp-loop               192      192 2.880000e+05   2.016360e+03    11.939 (   103      0)     9.393 (    56      0)
tl-ae prim_advance_exp                   192      192 2.880000e+05   2.014323e+03    11.929 (   103      0)     9.382 (    56      0)
tl-ae U3-5stage_timestep                 192      192 2.880000e+05   1.080013e+03     7.075 (   103      0)     4.565 (    56      0)
caar compute                             192      192 1.440000e+06   2.701915e+02     1.567 (   128      0)     1.269 (   165      0)
caar_bexchV                              192      192 1.440000e+06   7.754397e+02     5.474 (   103      0)     2.923 (    55      0)
tl-ae advance_hypervis_dp                192      192 2.880000e+05   9.302852e+02     5.065 (   181      0)     4.700 (     6      0)
hvf-bhwk                                 192      192 8.640000e+05   5.130081e+02     2.889 (   191      0)     2.516 (   124      0)
hvf-bexch                                192      192 1.728000e+06   6.507325e+02     3.581 (   181      0)     3.181 (     0      0)
tl-s prim_advec_tracers_remap            192      192 2.880000e+05   4.006431e+03    21.963 (    55      0)    19.400 (   103      0)
tl-at prim_advec_tracers_remap_RK2       192      192 2.880000e+05   4.003842e+03    21.949 (    55      0)    19.387 (   103      0)
tl-at precompute_divdp                   192      192 2.880000e+05   1.271784e+01     0.091 (     0      0)     0.055 (   123      0)
tl-at esf-0                              192      192 2.880000e+05   1.099176e+03     6.752 (    75      0)     4.640 (   157      0)
tl-at esf-1                              192      192 2.880000e+05   8.180809e+02     4.821 (    49      0)     3.599 (   156      0)
tl-at esf-2                              192      192 2.880000e+05   1.984642e+03    11.510 (   163      0)     9.729 (    95      0)
tl-at qdp_time_avg                       192      192 2.880000e+05   7.666241e+01     0.439 (    60      0)     0.350 (   167      0)
tl-sc vertical_remap                     192      192 9.600000e+04   4.999083e+02     2.754 (    22      0)     2.514 (   175      0)
Remap Thickness Functor                  192      192 9.600000e+04   6.092280e+00     0.036 (    52      0)     0.028 (   168      0)
Remap Scale States Functor               192      192 9.600000e+04   3.465927e+00     0.021 (    46      0)     0.016 (   170      0)
Remap Compute Grids Functor              192      192 9.600000e+04   1.894457e+01     0.107 (    19      0)     0.093 (   168      0)
Remap Compute Remap Functor              192      192 9.600000e+04   4.456581e+02     2.459 (    22      0)     2.244 (   161      0)
Remap Rescale States Functor             192      192 9.600000e+04   4.125969e+00     0.024 (     0      0)     0.020 (    90      0)
tl-sc Q-from-qdp                         192      192 9.600000e+04   5.873066e+01     0.332 (     0      0)     0.303 (   188      0)
t_prf                                      0        0 0.000000e+00   0.000000e+00     0.000 (     0      0)     0.000 (     0      0)

