LAST_GIT_COMMIT_SHA:STRING=4790f40f2fb6acbc051ce4c988681a628c18e83d

***** GLOBAL STATISTICS (   768 MPI TASKS) *****

$Id: gptl.c,v 1.157 2011-03-28 20:55:18 rosinski Exp $
'count' is cumulative. All other stats are max/min
name                               processes  threads        count      walltotal   wallmax (proc   thrd  )   wallmin (proc   thrd  )
Total                                    768      768 7.680000e+02   8.536980e+04   111.198 (   170      0)   111.117 (   418      0)
prim_init1                               768      768 7.680000e+02   6.886216e+02     0.905 (     0      0)     0.861 (   527      0)
repro_sum_int                            768      768 3.456000e+04   3.121726e+01     0.088 (   290      0)     0.022 (   320      0)
prim_init2                               768      768 7.680000e+02   7.757805e+02     1.058 (    20      0)     0.983 (   721      0)
prim_printstate                          768      768 7.680000e+02   9.155748e+01     0.125 (     0      0)     0.118 (   162      0)
interp_movie_output                      768      768 1.536000e+03   3.012557e-01     0.001 (   731      0)     0.000 (   646      0)
prim_main_loop                           768      768 7.680000e+02   7.746748e+04   100.908 (   170      0)   100.826 (   418      0)
prim_run                                 768      768 6.144000e+04   7.746664e+04   100.907 (   170      0)   100.825 (   418      0)
tl-sc prim_run_subcycle_c                768      768 6.144000e+04   7.742566e+04   100.851 (   169      0)   100.775 (   418      0)
tl-sc dp3d-from-ps                       768      768 6.144000e+04   1.240137e+01     0.019 (   128      0)     0.015 (   247      0)
tl-sc prim_step-loop                     768      768 6.144000e+04   6.924996e+04    90.487 (   105      0)    89.144 (   382      0)
tl-s prim_step                           768      768 1.843200e+05   6.924853e+04    90.486 (   105      0)    89.142 (   382      0)
tl-s deep_copy+derived_dp                768      768 1.843200e+05   1.029677e+02     0.167 (   499      0)     0.102 (   228      0)
tl-s prim_advance_exp-loop               768      768 1.843200e+05   1.773413e+04    27.997 (   434      0)    17.172 (   156      0)
tl-ae prim_advance_exp                   768      768 1.843200e+05   1.773220e+04    27.994 (   434      0)    17.170 (   156      0)
tl-ae U3-5stage_timestep                 768      768 1.843200e+05   9.415633e+03    18.843 (   217      0)     8.925 (   156      0)
caar compute                             768      768 9.216000e+05   3.651399e+03     5.618 (   128      0)     3.941 (   420      0)
caar_bexchV                              768      768 9.216000e+05   5.612708e+03    14.554 (   217      0)     3.237 (   156      0)
tl-ae advance_hypervis_dp                768      768 1.843200e+05   8.312499e+03    14.263 (    42      0)     8.231 (   171      0)
hvf-bhwk                                 768      768 5.529600e+05   4.854731e+03     9.265 (    47      0)     4.946 (   193      0)
hvf-bexch                                768      768 1.105920e+06   5.106937e+03    10.295 (    42      0)     3.542 (   169      0)
tl-s prim_advec_tracers_remap            768      768 1.843200e+05   5.140594e+04    72.830 (   156      0)    62.146 (   434      0)
tl-at prim_advec_tracers_remap_RK2       768      768 1.843200e+05   5.140387e+04    72.827 (   156      0)    62.143 (   434      0)
tl-at precompute_divdp                   768      768 1.843200e+05   9.235616e+01     0.173 (   308      0)     0.083 (   382      0)
tl-at esf-0                              768      768 1.843200e+05   1.437168e+04    21.632 (   128      0)    15.152 (   232      0)
tl-at esf-1                              768      768 1.843200e+05   1.093170e+04    15.288 (   445      0)    12.574 (   415      0)
tl-at esf-2                              768      768 1.843200e+05   2.457442e+04    36.261 (   231      0)    29.941 (    17      0)
tl-at qdp_time_avg                       768      768 1.843200e+05   1.422517e+03     2.320 (   142      0)     1.341 (   228      0)
tl-sc vertical_remap                     768      768 6.144000e+04   7.222138e+03    10.401 (   382      0)     9.132 (   408      0)
Remap Thickness Functor                  768      768 6.144000e+04   4.572139e+01     0.067 (    36      0)     0.049 (   193      0)
Remap Scale States Functor               768      768 6.144000e+04   2.324687e+01     0.045 (   484      0)     0.022 (   194      0)
Remap Compute Grids Functor              768      768 6.144000e+04   2.706158e+02     0.414 (   484      0)     0.299 (   228      0)
Remap Compute Remap Functor              768      768 6.144000e+04   6.840495e+03     9.859 (   382      0)     8.697 (   104      0)
Remap Rescale States Functor             768      768 6.144000e+04   2.585731e+01     0.039 (   704      0)     0.032 (   421      0)
tl-sc Q-from-qdp                         768      768 6.144000e+04   9.390774e+02     1.358 (   320      0)     1.181 (   219      0)
t_prf                                      0        0 0.000000e+00   0.000000e+00     0.000 (     0      0)     0.000 (     0      0)

