LAST_GIT_COMMIT_SHA:STRING=adf77c97ed8425a245449f2582d2441f4b72da1e
10950789

***** GLOBAL STATISTICS (  6400 MPI TASKS) *****

$Id: gptl.c,v 1.157 2011-03-28 20:55:18 rosinski Exp $
'count' is cumulative. All other stats are max/min
name                           processes  threads        count      walltotal   wallmax (proc   thrd  )   wallmin (proc   thrd  )
"Total"                             6400     6400 6.400000e+03   9.913238e+05   154.914 (  4349      0)   154.876 (  5754      0)
"prim_init1"                        6400     6400 6.400000e+03   8.162506e+03     1.301 (  3527      0)     1.227 (  5571      0)
"PartitioningTime"                  6400     6400 6.400000e+03   1.603410e+01     0.009 (  6038      0)     0.001 (  3223      0)
"repro_sum_int"                     6400     6400 2.880000e+05   3.735409e+03     1.262 (    34      0)     0.130 (   721      0)
"prim_init2"                        6400    12800 1.280000e+04   7.500924e+03     1.263 (    34      0)     0.132 (  5251      0)
"prim_printstate"                   6400    12800 1.280000e+04   8.776294e+02     0.078 (  4205      1)     0.065 (  1015      0)
"interp_movie_output"               6400     6400 1.280000e+04   1.718885e+01     0.006 (  2502      0)     0.001 (    36      0)
"prim_main_loop"                    6400     6400 6.400000e+03   9.220266e+05   144.082 (  6346      0)   144.052 (  4706      0)
"prim_run"                          6400    12800 8.537600e+06   1.843969e+06   144.075 (  6343      1)   144.046 (  4708      0)
"ApplyCAMForcing"                   6400    12800 8.537600e+06   1.588665e+04     1.404 (   704      0)     0.993 (  4352      1)
"prim_step_rX"                      6400    12800 2.561280e+07   1.674727e+06   131.925 (    32      1)   129.838 (   704      1)
"prim_step_dyn"                     6400    12800 2.561280e+07   5.101331e+05    51.595 (    22      1)    29.194 (  6342      0)
"prim_advance_exp"                  6400    12800 2.561280e+07   5.097987e+05    51.572 (    22      1)    29.165 (  6342      0)
"U3-5stage_timestep"                6400    12800 2.561280e+07   2.673317e+05    32.677 (    22      1)    14.263 (  4433      0)
"compute_and_apply_rhs"             6400    12800 1.280640e+08   2.642854e+05    32.466 (    22      1)    14.003 (  4433      0)
"caar_bexchV"                       6400    12800 1.280640e+08   1.624070e+05    25.301 (    22      1)     5.184 (  6342      0)
"advance_hypervis_dp"               6400    12800 2.561280e+07   2.418456e+05    25.439 (  5605      1)    14.422 (  6356      0)
"biwkdp3d_bexchV"                   6400    12800 7.683840e+07   7.100395e+04    11.010 (  5614      0)     2.766 (  6336      0)
"ahdp_bexchV2"                      6400    12800 7.683840e+07   7.039264e+04    10.922 (  5613      1)     2.958 (  6357      0)
"prim_step_advec"                   6400    12800 2.561280e+07   1.162041e+06   100.987 (  5433      0)    80.092 (  1056      1)
"PAT_remap"                         6400    12800 2.561280e+07   1.161808e+06   100.970 (  5433      0)    80.075 (  1056      1)
"prim_advec_tracers_remap_rk2"      6400    12800 2.561280e+07   1.161501e+06   100.948 (  5433      0)    80.050 (  1056      1)
"precomput_divdp"                   6400    12800 2.561280e+07   1.660467e+03     0.165 (  4224      0)     0.120 (  1636      1)
"euler_step_0"                      6400    12800 2.561280e+07   2.807988e+05    27.415 (  6346      0)    18.467 (  5352      1)
"bihmix_qminmax"                    6400    12800 7.683840e+07   5.273444e+05    49.743 (  5433      1)    35.885 (    19      0)
"eus_neighbor_minmax1"              6400    12800 2.561280e+07   5.913719e+04     7.937 (  5369      1)     3.084 (  4185      0)
"nmm_bexchV"                        6400    12800 2.561280e+07   3.933298e+04     6.363 (  5641      0)     1.627 (  4185      0)
"eus_2d_advec"                      6400    12800 7.683840e+07   6.150159e+05    57.914 (  4361      0)    41.417 (   121      1)
"eus_bexchV"                        6400    12800 7.683840e+07   1.767632e+05    24.844 (  4353      0)     8.505 (  5376      0)
"euler_step_1"                      6400    12800 2.561280e+07   2.255182e+05    20.529 (  4315      0)    15.127 (  1059      1)
"euler_step_2"                      6400    12800 2.561280e+07   6.381853e+05    55.194 (  6217      0)    43.557 (  1056      1)
"nmm_bexchS_start"                  6400    12800 2.561280e+07   1.409043e+03     0.513 (  3904      1)     0.028 (  1507      1)
"biwksc_bexchV"                     6400    12800 2.561280e+07   7.938112e+04    11.561 (  4352      1)     3.338 (   119      1)
"nmm_bexchS_fini"                   6400    12800 2.561280e+07   5.066030e+03     2.363 (   119      0)     0.061 (   121      0)
"qdp_tavg"                          6400    12800 2.561280e+07   1.423920e+04     1.419 (  1572      1)     0.802 (  4352      1)
"vertical_remap"                    6400    12800 8.537600e+06   1.415668e+05    11.836 (   704      0)    10.153 (    34      0)
"vertical_remap1_1"                 6400    12800 2.561280e+07   6.367018e+03     0.558 (   705      0)     0.433 (     4      0)
"remap_Q_ppm"                       6400    12800 7.683840e+07   1.390297e+05    11.641 (   704      0)     9.974 (    34      1)
"vertical_remap1_2"                 6400    12800 2.561280e+07   8.800487e+03     0.758 (   705      0)     0.602 (     4      1)
"vertical_remap1_3"                 6400    12800 2.561280e+07   1.249014e+05    10.468 (   704      0)     8.980 (    22      1)
"prim_run_subcyle_diags"            6400    12800 8.537600e+06   8.305068e+03     0.724 (   269      0)     0.478 (  4352      1)
"t_prf"                                0        0 0.000000e+00   0.000000e+00     0.000 (     0      0)     0.000 (     0      0)

10950789
