LAST_GIT_COMMIT_SHA:STRING=4790f40f2fb6acbc051ce4c988681a628c18e83d

***** GLOBAL STATISTICS (  1920 MPI TASKS) *****

$Id: gptl.c,v 1.157 2011-03-28 20:55:18 rosinski Exp $
'count' is cumulative. All other stats are max/min
name                               processes  threads        count      walltotal   wallmax (proc   thrd  )   wallmin (proc   thrd  )
Total                                   1920     1920 1.920000e+03   2.224495e+05   116.371 (  1143      0)   115.313 (  1767      0)
prim_init1                              1920     1920 1.920000e+03   2.025954e+03     1.061 (  1472      0)     1.012 (  1240      0)
repro_sum_int                           1920     1920 8.640000e+04   2.075053e+02     0.465 (  1237      0)     0.036 (   576      0)
prim_init2                              1920     1920 1.920000e+03   1.115957e+03     0.947 (  1263      0)     0.512 (   820      0)
prim_printstate                         1920     1920 1.920000e+03   1.407440e+02     0.078 (     0      0)     0.073 (  1787      0)
interp_movie_output                     1920     1920 3.840000e+03   7.589228e-01     0.001 (  1103      0)     0.000 (  1631      0)
prim_main_loop                          1920     1920 1.920000e+03   2.027268e+05   106.099 (  1143      0)   105.041 (  1767      0)
prim_run                                1920     1920 3.840000e+05   2.027228e+05   106.097 (  1113      0)   105.038 (  1746      0)
tl-sc prim_run_subcycle_c               1920     1920 3.840000e+05   1.914338e+05    99.734 (  1144      0)    99.682 (  1700      0)
tl-sc dp3d-from-ps                      1920     1920 3.840000e+05   3.482318e+01     0.022 (  1216      0)     0.017 (  1328      0)
tl-sc prim_step-loop                    1920     1920 3.840000e+05   1.709087e+05    89.381 (   103      0)    88.234 (  1270      0)
tl-s prim_step                          1920     1920 1.152000e+06   1.709004e+05    89.378 (   103      0)    88.229 (  1270      0)
tl-s deep_copy+derived_dp               1920     1920 1.152000e+06   2.563265e+02     0.166 (  1201      0)     0.107 (  1087      0)
tl-s prim_advance_exp-loop              1920     1920 1.152000e+06   4.794809e+04    30.607 (  1896      0)    18.476 (  1146      0)
tl-ae prim_advance_exp                  1920     1920 1.152000e+06   4.793788e+04    30.602 (  1896      0)    18.470 (  1146      0)
tl-ae U3-5stage_timestep                1920     1920 1.152000e+06   2.447640e+04    17.654 (   164      0)     9.026 (    58      0)
caar compute                            1920     1920 5.760000e+06   9.190233e+03     5.771 (  1088      0)     4.035 (  1030      0)
caar_bexchV                             1920     1920 5.760000e+06   1.482570e+04    13.057 (    88      0)     3.629 (    58      0)
tl-ae advance_hypervis_dp               1920     1920 1.152000e+06   2.343852e+04    16.850 (   197      0)     9.092 (   109      0)
hvf-bhwk                                1920     1920 3.456000e+06   1.340036e+04    10.115 (   195      0)     5.332 (   112      0)
hvf-bexch                               1920     1920 6.912000e+06   1.518283e+04    12.627 (   198      0)     4.188 (  1144      0)
tl-s prim_advec_tracers_remap           1920     1920 1.152000e+06   1.226658e+05    70.271 (  1146      0)    58.295 (  1891      0)
tl-at prim_advec_tracers_remap_RK2      1920     1920 1.152000e+06   1.226533e+05    70.264 (  1146      0)    58.288 (  1891      0)
tl-at precompute_divdp                  1920     1920 1.152000e+06   2.356568e+02     0.173 (   128      0)     0.092 (   942      0)
tl-at esf-0                             1920     1920 1.152000e+06   3.332931e+04    20.507 (  1148      0)    15.498 (  1911      0)
tl-at esf-1                             1920     1920 1.152000e+06   2.622368e+04    15.456 (  1227      0)    12.120 (  1894      0)
tl-at esf-2                             1920     1920 1.152000e+06   5.955927e+04    35.739 (  1140      0)    28.531 (  1896      0)
tl-at qdp_time_avg                      1920     1920 1.152000e+06   3.240318e+03     1.945 (  1792      0)     1.352 (   103      0)
tl-sc vertical_remap                    1920     1920 3.840000e+05   1.816268e+04    10.182 (  1270      0)     9.132 (   103      0)
Remap Thickness Functor                 1920     1920 3.840000e+05   1.244629e+02     0.075 (  1187      0)     0.055 (   114      0)
Remap Scale States Functor              1920     1920 3.840000e+05   6.378371e+01     0.043 (  1838      0)     0.026 (   103      0)
Remap Compute Grids Functor             1920     1920 3.840000e+05   6.817404e+02     0.406 (  1211      0)     0.306 (   103      0)
Remap Compute Remap Functor             1920     1920 3.840000e+05   1.716143e+04     9.604 (  1274      0)     8.675 (  1017      0)
Remap Rescale States Functor            1920     1920 3.840000e+05   7.134048e+01     0.041 (  1408      0)     0.035 (   313      0)
tl-sc Q-from-qdp                        1920     1920 3.840000e+05   2.316383e+03     1.377 (  1216      0)     1.189 (  1055      0)
t_prf                                      0        0 0.000000e+00   0.000000e+00     0.000 (     0      0)     0.000 (     0      0)

