LAST_GIT_COMMIT_SHA:STRING=4790f40f2fb6acbc051ce4c988681a628c18e83d

***** GLOBAL STATISTICS (  3840 MPI TASKS) *****

$Id: gptl.c,v 1.157 2011-03-28 20:55:18 rosinski Exp $
'count' is cumulative. All other stats are max/min
name                               processes  threads        count      walltotal   wallmax (proc   thrd  )   wallmin (proc   thrd  )
Total                                   3840     3840 3.840000e+03   4.577569e+05   119.232 (   228      0)   119.189 (  3478      0)
prim_init1                              3840     3840 3.840000e+03   3.898803e+03     1.024 (  2245      0)     0.969 (   874      0)
repro_sum_int                           3840     3840 1.728000e+05   6.077986e+02     0.482 (   848      0)     0.032 (  2444      0)
prim_init2                              3840     3840 3.840000e+03   1.833361e+03     0.790 (   878      0)     0.349 (   446      0)
prim_printstate                         3840     3840 3.840000e+03   2.885647e+02     0.078 (   558      0)     0.073 (   256      0)
interp_movie_output                     3840     3840 7.680000e+03   3.164681e+00     0.002 (   199      0)     0.000 (  2184      0)
prim_main_loop                          3840     3840 3.840000e+03   4.176874e+05   108.796 (  2289      0)   108.756 (  3486      0)
prim_run                                3840     3840 1.536000e+06   4.176730e+05   108.792 (  2293      0)   108.752 (  3472      0)
tl-sc prim_run_subcycle_c               3840     3840 1.536000e+06   4.176111e+05   108.779 (  2293      0)   108.733 (  3492      0)
tl-sc dp3d-from-ps                      3840     3840 1.536000e+06   8.878573e+01     0.028 (   576      0)     0.022 (  2142      0)
tl-sc prim_step-loop                    3840     3840 1.536000e+06   3.758216e+05    98.371 (  2290      0)    96.870 (  1634      0)
tl-s prim_step                          3840     3840 4.608000e+06   3.757904e+05    98.364 (  2290      0)    96.862 (  1634      0)
tl-s deep_copy+derived_dp               3840     3840 4.608000e+06   5.488547e+02     0.173 (  1465      0)     0.119 (   106      0)
tl-s prim_advance_exp-loop              3840     3840 4.608000e+06   1.192003e+05    36.498 (    80      0)    21.506 (  2289      0)
tl-ae prim_advance_exp                  3840     3840 4.608000e+06   1.191621e+05    36.487 (    80      0)    21.495 (  2289      0)
tl-ae U3-5stage_timestep                3840     3840 4.608000e+06   5.986543e+04    23.131 (  2385      0)    10.267 (  2289      0)
caar compute                            3840     3840 2.304000e+07   1.822789e+04     5.611 (  3200      0)     4.129 (    18      0)
caar_bexchV                             3840     3840 2.304000e+07   4.047370e+04    18.384 (  2385      0)     5.123 (  2289      0)
tl-ae advance_hypervis_dp               3840     3840 4.608000e+06   5.921169e+04    20.180 (  2441      0)    10.852 (  2271      0)
hvf-bhwk                                3840     3840 1.382400e+07   3.301544e+04    12.022 (  2052      0)     6.165 (  2271      0)
hvf-bexch                               3840     3840 2.764800e+07   4.206578e+04    15.877 (  2441      0)     5.867 (   219      0)
tl-s prim_advec_tracers_remap           3840     3840 4.608000e+06   2.559297e+05    76.613 (  2289      0)    61.391 (    80      0)
tl-at prim_advec_tracers_remap_RK2      3840     3840 4.608000e+06   2.558815e+05    76.600 (  2289      0)    61.378 (    80      0)
tl-at precompute_divdp                  3840     3840 4.608000e+06   5.335764e+02     0.195 (   228      0)     0.114 (   371      0)
tl-at esf-0                             3840     3840 4.608000e+06   6.873377e+04    22.833 (   201      0)    15.224 (   413      0)
tl-at esf-1                             3840     3840 4.608000e+06   5.411334e+04    17.060 (  2077      0)    12.117 (    81      0)
tl-at esf-2                             3840     3840 4.608000e+06   1.261098e+05    41.255 (  2292      0)    30.545 (  2440      0)
tl-at qdp_time_avg                      3840     3840 4.608000e+06   6.149812e+03     1.891 (  3200      0)     1.312 (  2040      0)
tl-sc vertical_remap                    3840     3840 1.536000e+06   3.702913e+04    10.659 (  1634      0)     9.178 (  2290      0)
Remap Thickness Functor                 3840     3840 1.536000e+06   2.743815e+02     0.081 (  3200      0)     0.060 (  2290      0)
Remap Scale States Functor              3840     3840 1.536000e+06   1.406367e+02     0.049 (  2899      0)     0.031 (   389      0)
Remap Compute Grids Functor             3840     3840 1.536000e+06   1.373889e+03     0.403 (  3200      0)     0.314 (  2041      0)
Remap Compute Remap Functor             3840     3840 1.536000e+06   3.491164e+04    10.093 (  1634      0)     8.692 (  2290      0)
Remap Rescale States Functor            3840     3840 1.536000e+06   1.630624e+02     0.051 (   576      0)     0.040 (   932      0)
tl-sc Q-from-qdp                        3840     3840 1.536000e+06   4.629247e+03     1.358 (   192      0)     1.189 (  1635      0)
t_prf                                      0        0 0.000000e+00   0.000000e+00     0.000 (     0      0)     0.000 (     0      0)

