LAST_GIT_COMMIT_SHA:STRING=adf77c97ed8425a245449f2582d2441f4b72da1e
10950731

***** GLOBAL STATISTICS (   640 MPI TASKS) *****

$Id: gptl.c,v 1.157 2011-03-28 20:55:18 rosinski Exp $
'count' is cumulative. All other stats are max/min
name                           processes  threads        count      walltotal   wallmax (proc   thrd  )   wallmin (proc   thrd  )
"Total"                              640      640 6.400000e+02   1.016614e+05   158.932 (   609      0)   158.773 (   561      0)
"prim_init1"                         640      640 6.400000e+02   5.979931e+02     0.942 (   600      0)     0.887 (   192      0)
"PartitioningTime"                   640      640 6.400000e+02   8.119733e-01     0.003 (    11      0)     0.001 (   385      0)
"repro_sum_int"                      640      640 2.880000e+04   3.801958e+01     0.119 (   239      0)     0.032 (   441      0)
"prim_init2"                         640     1280 1.280000e+03   2.242489e+02     0.233 (   216      1)     0.147 (   338      1)
"prim_printstate"                    640     1280 1.280000e+03   8.455690e+01     0.073 (     0      0)     0.065 (   230      1)
"interp_movie_output"                640      640 1.280000e+03   5.098855e-01     0.002 (   176      0)     0.000 (    15      0)
"prim_main_loop"                     640      640 6.400000e+02   9.554110e+04   149.369 (   609      0)   149.210 (   561      0)
"prim_run"                           640     1280 8.576000e+04   1.910806e+05   149.368 (   611      1)   149.209 (   561      0)
"ApplyCAMForcing"                    640     1280 8.576000e+04   1.873102e+03     2.435 (   637      0)     1.038 (   319      0)
"prim_step_rX"                       640     1280 2.572800e+05   1.734097e+05   136.863 (   551      0)   134.798 (   585      1)
"prim_step_dyn"                      640     1280 2.572800e+05   4.696400e+04    53.405 (   561      0)    21.850 (   614      1)
"prim_advance_exp"                   640     1280 2.572800e+05   4.695967e+04    53.402 (   561      0)    21.846 (   614      1)
"U3-5stage_timestep"                 640     1280 2.572800e+05   2.537109e+04    41.989 (   561      0)    10.847 (   614      1)
"compute_and_apply_rhs"              640     1280 1.286400e+06   2.520508e+04    41.878 (   561      1)    10.683 (   614      1)
"caar_bexchV"                        640     1280 1.286400e+06   1.507606e+04    35.120 (   561      0)     1.588 (   615      0)
"advance_hypervis_dp"                640     1280 2.572800e+05   2.158124e+04    25.490 (   148      0)    10.923 (   585      1)
"biwkdp3d_bexchV"                    640     1280 7.718400e+05   6.151192e+03    12.629 (   154      1)     0.864 (   639      0)
"ahdp_bexchV2"                       640     1280 7.718400e+05   5.676666e+03    12.124 (    72      1)     1.209 (   634      0)
"prim_step_advec"                    640     1280 2.572800e+05   1.261698e+05   112.850 (   614      0)    83.077 (   561      0)
"PAT_remap"                          640     1280 2.572800e+05   1.261674e+05   112.848 (   614      0)    83.075 (   561      0)
"prim_advec_tracers_remap_rk2"       640     1280 2.572800e+05   1.261640e+05   112.846 (   614      0)    83.073 (   561      0)
"precomput_divdp"                    640     1280 2.572800e+05   1.855241e+02     0.221 (   223      0)     0.114 (    19      0)
"euler_step_0"                       640     1280 2.572800e+05   3.322070e+04    30.560 (   615      1)    20.631 (   559      1)
"bihmix_qminmax"                     640     1280 7.718400e+05   5.765379e+04    54.180 (   618      0)    39.270 (   535      1)
"eus_neighbor_minmax1"               640     1280 2.572800e+05   7.235338e+03     9.516 (    15      1)     3.248 (   456      0)
"nmm_bexchV"                         640     1280 2.572800e+05   3.467769e+03     7.704 (    15      1)     1.270 (   558      0)
"eus_2d_advec"                       640     1280 7.718400e+05   6.608823e+04    59.379 (    17      1)    42.430 (   561      0)
"eus_bexchV"                         640     1280 7.718400e+05   1.827930e+04    26.023 (   574      1)     8.707 (   502      1)
"euler_step_1"                       640     1280 2.572800e+05   2.394624e+04    24.391 (    19      1)    13.876 (   561      1)
"euler_step_2"                       640     1280 2.572800e+05   6.660111e+04    58.970 (   619      0)    46.426 (   273      0)
"nmm_bexchS_start"                   640     1280 2.572800e+05   3.849575e+01     0.323 (   596      1)     0.003 (   550      1)
"biwksc_bexchV"                      640     1280 2.572800e+05   6.684191e+03    12.231 (   551      1)     2.485 (   299      0)
"nmm_bexchS_fini"                    640     1280 2.572800e+05   1.421052e+03     2.757 (   591      1)     0.523 (   530      0)
"qdp_tavg"                           640     1280 2.572800e+05   2.196307e+03     2.993 (   596      0)     0.865 (   550      0)
"vertical_remap"                     640     1280 8.576000e+04   1.424589e+04    11.767 (   459      0)    10.422 (   559      1)
"vertical_remap1_1"                  640     1280 2.572800e+06   6.243420e+02     0.528 (   501      0)     0.444 (   512      1)
"remap_Q_ppm"                        640     1280 7.718400e+06   1.399005e+04    11.568 (   459      1)    10.229 (   559      1)
"vertical_remap1_2"                  640     1280 2.572800e+06   8.783438e+02     0.743 (   495      0)     0.631 (   175      1)
"vertical_remap1_3"                  640     1280 2.572800e+06   1.259148e+04    10.466 (   420      0)     9.190 (   559      0)
"prim_run_subcyle_diags"             640     1280 8.576000e+04   1.168058e+03     1.605 (   609      1)     0.601 (   548      0)
"t_prf"                                0        0 0.000000e+00   0.000000e+00     0.000 (     0      0)     0.000 (     0      0)

10950731
