LAST_GIT_COMMIT_SHA:STRING=4790f40f2fb6acbc051ce4c988681a628c18e83d

***** GLOBAL STATISTICS (  6144 MPI TASKS) *****

$Id: gptl.c,v 1.157 2011-03-28 20:55:18 rosinski Exp $
'count' is cumulative. All other stats are max/min
name                               processes  threads        count      walltotal   wallmax (proc   thrd  )   wallmin (proc   thrd  )
Total                                   6144     6144 6.144000e+03   5.298003e+05    86.240 (  5590      0)    86.220 (  3386      0)
prim_init1                              6144     6144 6.144000e+03   2.913558e+03     0.489 (  4920      0)     0.461 (  5712      0)
repro_sum_int                           6144     6144 2.764800e+05   1.288554e+03     0.618 (    10      0)     0.042 (   659      0)
prim_init2                              6144     6144 6.144000e+03   2.852571e+03     0.836 (    47      0)     0.287 (  2608      0)
prim_printstate                         6144     6144 6.144000e+03   3.952662e+02     0.070 (  3249      0)     0.060 (  6066      0)
interp_movie_output                     6144     6144 1.228800e+04   1.185664e+01     0.008 (  5132      0)     0.001 (  3103      0)
prim_main_loop                          6144     6144 6.144000e+03   5.123136e+05    83.392 (  5376      0)    83.378 (  2676      0)
prim_run                                6144     6144 9.830400e+06   5.122314e+05    83.380 (  5387      0)    83.363 (  2624      0)
tl-sc prim_run_subcycle_c               6144     6144 9.830400e+06   5.120461e+05    83.350 (  5315      0)    83.330 (  3392      0)
tl-sc dp3d-from-ps                      6144     6144 9.830400e+06   2.370652e+02     0.046 (  4544      0)     0.035 (  4035      0)
tl-sc prim_step-loop                    6144     6144 9.830400e+06   4.834684e+05    78.811 (  4043      0)    78.198 (  4096      0)
tl-s prim_step                          6144     6144 2.949120e+07   4.833028e+05    78.785 (  4043      0)    78.162 (  4096      0)
tl-s deep_copy+derived_dp               6144     6144 2.949120e+07   8.385627e+02     0.160 (  4096      0)     0.128 (  4039      0)
tl-s prim_advance_exp-loop              6144     6144 2.949120e+07   2.150765e+05    40.341 (  3976      0)    28.763 (  1088      0)
tl-ae prim_advance_exp                  6144     6144 2.949120e+07   2.148721e+05    40.308 (  3976      0)    28.723 (  1088      0)
tl-ae U3-5stage_timestep                6144     6144 2.949120e+07   1.097095e+05    24.418 (  3978      0)    13.294 (   832      0)
caar compute                            6144     6144 1.474560e+08   1.636524e+04     3.189 (  4096      0)     2.506 (  1246      0)
caar_bexchV                             6144     6144 1.474560e+08   9.090671e+04    21.513 (  3978      0)     9.799 (   832      0)
tl-ae advance_hypervis_dp               6144     6144 2.949120e+07   1.047787e+05    21.644 (  3876      0)    14.329 (  2378      0)
hvf-bhwk                                6144     6144 8.847360e+07   5.486431e+04    12.263 (  6103      0)     7.443 (   607      0)
hvf-bexch                               6144     6144 1.769472e+08   8.603824e+04    18.658 (  3876      0)    11.308 (  2378      0)
tl-s prim_advec_tracers_remap           6144     6144 2.949120e+07   2.668959e+05    49.391 (  1088      0)    38.134 (  3976      0)
tl-at prim_advec_tracers_remap_RK2      6144     6144 2.949120e+07   2.666443e+05    49.342 (  1088      0)    38.095 (  3976      0)
tl-at precompute_divdp                  6144     6144 2.949120e+07   1.038396e+03     0.227 (  1408      0)     0.150 (  6130      0)
tl-at esf-0                             6144     6144 2.949120e+07   7.348511e+04    15.817 (  2368      0)     9.887 (  5927      0)
tl-at esf-1                             6144     6144 2.949120e+07   5.154326e+04    10.284 (  2367      0)     6.835 (   352      0)
tl-at esf-2                             6144     6144 2.949120e+07   1.355203e+05    25.670 (  2378      0)    18.927 (  4077      0)
tl-at qdp_time_avg                      6144     6144 2.949120e+07   3.848700e+03     0.718 (  4096      0)     0.577 (  5676      0)
tl-sc vertical_remap                    6144     6144 9.830400e+06   2.494708e+04     4.471 (  4096      0)     3.945 (  4043      0)
Remap Thickness Functor                 6144     6144 9.830400e+06   4.866752e+02     0.091 (  5120      0)     0.071 (  5974      0)
Remap Scale States Functor              6144     6144 9.830400e+06   2.804769e+02     0.054 (   897      0)     0.040 (   519      0)
Remap Compute Grids Functor             6144     6144 9.830400e+06   1.044596e+03     0.194 (  4096      0)     0.161 (  5290      0)
Remap Compute Remap Functor             6144     6144 9.830400e+06   2.211506e+04     3.975 (  5450      0)     3.507 (  3655      0)
Remap Rescale States Functor            6144     6144 9.830400e+06   3.447380e+02     0.065 (   256      0)     0.051 (  1155      0)
tl-sc Q-from-qdp                        6144     6144 9.830400e+06   3.148402e+03     0.581 (  4096      0)     0.505 (  2597      0)
t_prf                                      0        0 0.000000e+00   0.000000e+00     0.000 (     0      0)     0.000 (     0      0)

