LAST_GIT_COMMIT_SHA:STRING=adf77c97ed8425a245449f2582d2441f4b72da1e
10950693

***** GLOBAL STATISTICS (  1536 MPI TASKS) *****

$Id: gptl.c,v 1.157 2011-03-28 20:55:18 rosinski Exp $
'count' is cumulative. All other stats are max/min
name                           processes  threads        count      walltotal   wallmax (proc   thrd  )   wallmin (proc   thrd  )
"Total"                             1536     1536 1.536000e+03   9.643349e+04    62.792 (   192      0)    62.770 (  1461      0)
"prim_init1"                        1536     1536 1.536000e+03   5.145599e+02     0.343 (   727      0)     0.321 (  1252      0)
"PartitioningTime"                  1536     1536 1.536000e+03   2.984536e+00     0.003 (   101      0)     0.000 (   908      0)
"repro_sum_int"                     1536     1536 6.912000e+04   1.852861e+02     0.235 (  1314      0)     0.058 (   192      0)
"prim_init2"                        1536     3072 3.072000e+03   5.054774e+02     0.274 (   103      0)     0.106 (   227      1)
"prim_printstate"                   1536     3072 3.072000e+03   1.994956e+02     0.071 (   106      0)     0.061 (   423      0)
"interp_movie_output"               1536     1536 3.072000e+03   1.453815e+00     0.001 (   337      0)     0.000 (    33      0)
"prim_main_loop"                    1536     1536 1.536000e+03   9.392087e+04    61.156 (   128      0)    61.135 (  1461      0)
"prim_run"                          1536     3072 1.228800e+06   1.878313e+05    61.152 (   128      1)    61.132 (  1461      0)
"ApplyCAMForcing"                   1536     3072 1.228800e+06   1.497564e+03     0.541 (   128      0)     0.423 (   339      0)
"prim_step_rX"                      1536     3072 3.686400e+06   1.717432e+05    56.291 (   351      0)    55.202 (  1496      1)
"prim_step_dyn"                     1536     3072 3.686400e+06   5.815972e+04    23.631 (   373      0)    15.628 (   188      1)
"prim_advance_exp"                  1536     3072 3.686400e+06   5.811594e+04    23.617 (   373      0)    15.614 (   188      1)
"U3-5stage_timestep"                1536     3072 3.686400e+06   3.062902e+04    15.321 (   373      0)     7.447 (   597      1)
"compute_and_apply_rhs"             1536     3072 1.843200e+07   3.029730e+04    15.222 (   373      0)     7.336 (   597      1)
"caar_bexchV"                       1536     3072 1.843200e+07   2.046409e+04    12.284 (   373      0)     3.854 (  1088      0)
"advance_hypervis_dp"               1536     3072 3.686400e+06   2.740772e+04    10.712 (   469      1)     7.651 (   164      1)
"biwkdp3d_bexchV"                   1536     3072 1.105920e+07   8.919037e+03     4.262 (   986      0)     2.186 (   128      0)
"ahdp_bexchV2"                      1536     3072 1.105920e+07   8.797567e+03     4.199 (   806      0)     2.153 (   152      1)
"prim_step_advec"                   1536     3072 3.686400e+06   1.133257e+05    39.965 (   192      0)    32.557 (   373      0)
"PAT_remap"                         1536     3072 3.686400e+06   1.132933e+05    39.955 (   192      0)    32.546 (   373      0)
"prim_advec_tracers_remap_rk2"      1536     3072 3.686400e+06   1.132495e+05    39.942 (   192      0)    32.532 (   373      0)
"precomput_divdp"                   1536     3072 3.686400e+06   1.623007e+02     0.063 (   128      0)     0.050 (   689      0)
"euler_step_0"                      1536     3072 3.686400e+06   2.770761e+04    10.510 (   149      1)     7.769 (    97      0)
"bihmix_qminmax"                    1536     3072 1.105920e+07   5.127962e+04    19.152 (   149      0)    14.892 (   373      1)
"eus_neighbor_minmax1"              1536     3072 3.686400e+06   6.196697e+03     2.757 (    90      1)     1.543 (   119      0)
"nmm_bexchV"                        1536     3072 3.686400e+06   4.368631e+03     2.157 (    90      1)     0.943 (   116      0)
"eus_2d_advec"                      1536     3072 1.105920e+07   6.000224e+04    22.332 (   194      1)    16.778 (   735      0)
"eus_bexchV"                        1536     3072 1.105920e+07   1.915686e+04     9.428 (   104      0)     4.439 (   735      1)
"euler_step_1"                      1536     3072 3.686400e+06   2.201156e+04     7.878 (   948      1)     5.972 (    95      0)
"euler_step_2"                      1536     3072 3.686400e+06   6.186666e+04    21.860 (   194      1)    17.806 (   757      0)
"nmm_bexchS_start"                  1536     3072 3.686400e+06   1.959183e+02     0.274 (     0      1)     0.013 (   341      1)
"biwksc_bexchV"                     1536     3072 3.686400e+06   8.411545e+03     4.556 (   106      1)     1.806 (    10      0)
"nmm_bexchS_fini"                   1536     3072 3.686400e+06   4.579541e+02     0.273 (     0      1)     0.046 (   896      0)
"qdp_tavg"                          1536     3072 3.686400e+06   1.346166e+03     0.535 (  1155      0)     0.343 (   331      1)
"vertical_remap"                    1536     3072 1.228800e+06   1.344613e+04     5.204 (  1496      0)     4.061 (   373      0)
"vertical_remap1_1"                 1536     3072 2.457600e+06   6.088504e+02     0.231 (  1496      0)     0.172 (   341      1)
"remap_Q_ppm"                       1536     3072 7.372800e+06   1.320146e+04     5.127 (  1496      0)     3.987 (   330      0)
"vertical_remap1_2"                 1536     3072 2.457600e+06   8.313407e+02     0.334 (  1496      0)     0.242 (   341      0)
"vertical_remap1_3"                 1536     3072 2.457600e+06   1.186027e+04     4.594 (  1496      0)     3.588 (   330      0)
"prim_run_subcyle_diags"            1536     3072 1.228800e+06   7.917200e+02     0.281 (  1168      1)     0.157 (  1496      1)
"t_prf"                                0        0 0.000000e+00   0.000000e+00     0.000 (     0      0)     0.000 (     0      0)

10950693
