LAST_GIT_COMMIT_SHA:STRING=adf77c97ed8425a245449f2582d2441f4b72da1e
10950810

***** GLOBAL STATISTICS (  1920 MPI TASKS) *****

$Id: gptl.c,v 1.157 2011-03-28 20:55:18 rosinski Exp $
'count' is cumulative. All other stats are max/min
name                           processes  threads        count      walltotal   wallmax (proc   thrd  )   wallmin (proc   thrd  )
"Total"                             1920     1920 1.920000e+03   5.240695e+05   273.165 (    95      0)   272.800 (  1323      0)
"prim_init1"                        1920     1920 1.920000e+03   4.826705e+03    82.717 (     0      0)     2.319 (  1148      0)
"PartitioningTime"                  1920     1920 1.920000e+03   6.517416e+00     0.018 (   358      0)     0.002 (  1805      0)
"repro_sum_int"                     1920     1920 8.640000e+04   4.413963e+02     0.340 (  1857      0)     0.068 (   712      0)
"prim_init2"                        1920     3840 3.840000e+03   1.033559e+03     0.360 (  1686      1)     0.147 (   960      1)
"prim_printstate"                   1920     3840 3.840000e+03   2.892656e+02     0.081 (     0      0)     0.074 (   254      0)
"interp_movie_output"               1920     1920 3.840000e+03   1.921211e+00     0.001 (   122      0)     0.000 (     1      0)
"prim_main_loop"                    1920     1920 1.920000e+03   3.351373e+05   174.703 (     3      0)   174.417 (  1588      0)
"prim_run"                          1920     3840 3.840000e+05   6.702682e+05   174.701 (    95      1)   174.416 (  1588      0)
"ApplyCAMForcing"                   1920     3840 3.840000e+05   5.719577e+03     2.074 (  1005      0)     1.097 (  1094      1)
"prim_step_rX"                      1920     3840 1.152000e+06   6.117416e+05   160.546 (     4      0)   157.938 (   960      1)
"prim_step_dyn"                     1920     3840 1.152000e+06   1.968225e+05    69.271 (   190      1)    24.212 (    95      0)
"prim_advance_exp"                  1920     3840 1.152000e+06   1.968057e+05    69.266 (   190      1)    24.208 (    95      0)
"U3-5stage_timestep"                1920     3840 1.152000e+06   9.896413e+04    45.092 (   870      1)    11.962 (    95      0)
"compute_and_apply_rhs"             1920     3840 5.760000e+06   9.843091e+04    44.947 (   870      1)    11.821 (    95      0)
"caar_bexchV"                       1920     3840 5.760000e+06   6.568207e+04    37.037 (   846      1)     2.956 (    95      0)
"advance_hypervis_dp"               1920     3840 1.152000e+06   9.781331e+04    43.216 (   193      0)    12.090 (  1095      1)
"biwkdp3d_bexchV"                   1920     3840 3.456000e+06   3.326675e+04    21.423 (   930      1)     1.514 (     6      0)
"ahdp_bexchV2"                      1920     3840 3.456000e+06   3.257073e+04    21.502 (   928      1)     1.628 (    16      0)
"prim_step_advec"                   1920     3840 1.152000e+06   4.141485e+05   135.774 (     3      0)    90.685 (   188      1)
"PAT_remap"                         1920     3840 1.152000e+06   4.141385e+05   135.772 (     3      0)    90.682 (   188      1)
"prim_advec_tracers_remap_rk2"      1920     3840 1.152000e+06   4.141247e+05   135.769 (     3      0)    90.678 (   188      1)
"precomput_divdp"                   1920     3840 1.152000e+06   5.554699e+02     0.206 (   570      0)     0.124 (  1182      1)
"euler_step_0"                      1920     3840 1.152000e+06   1.045188e+05    47.042 (   967      0)    20.603 (   916      1)
"bihmix_qminmax"                    1920     3840 3.456000e+06   1.832831e+05    70.089 (     3      0)    41.111 (   907      1)
"eus_neighbor_minmax1"              1920     3840 1.152000e+06   2.349295e+04    17.400 (  1055      1)     3.150 (  1431      0)
"nmm_bexchV"                        1920     3840 1.152000e+06   1.460200e+04    15.745 (   966      1)     1.312 (   904      0)
"eus_2d_advec"                      1920     3840 3.456000e+06   2.243466e+05    79.023 (   972      0)    47.613 (   190      1)
"eus_bexchV"                        1920     3840 3.456000e+06   6.612606e+04    36.512 (   972      1)     7.463 (     3      1)
"euler_step_1"                      1920     3840 1.152000e+06   7.970809e+04    34.457 (   971      0)    17.020 (  1185      1)
"euler_step_2"                      1920     3840 1.152000e+06   2.235183e+05    79.085 (    95      1)    48.416 (   188      1)
"nmm_bexchS_start"                  1920     3840 1.152000e+06   8.597330e+02     0.946 (    12      1)     0.014 (   424      0)
"biwksc_bexchV"                     1920     3840 1.152000e+06   2.328640e+04    20.033 (  1817      1)     2.414 (     3      1)
"nmm_bexchS_fini"                   1920     3840 1.152000e+06   2.322886e+03    11.092 (     3      0)     0.017 (   192      0)
"qdp_tavg"                          1920     3840 1.152000e+06   5.764410e+03     2.325 (   809      1)     0.886 (   835      1)
"vertical_remap"                    1920     3840 3.840000e+05   4.777816e+04    13.482 (   990      0)    11.408 (  1815      1)
"vertical_remap1_1"                 1920     3840 8.640000e+06   2.050701e+03     0.583 (   982      0)     0.483 (   729      1)
"remap_Q_ppm"                       1920     3840 2.592000e+07   4.694613e+04    13.254 (   448      0)    11.204 (  1815      1)
"vertical_remap1_2"                 1920     3840 8.640000e+06   2.923255e+03     0.828 (   990      0)     0.685 (   729      1)
"vertical_remap1_3"                 1920     3840 8.640000e+06   4.230763e+04    11.979 (   448      0)    10.066 (  1815      1)
"prim_run_subcyle_diags"            1920     3840 3.840000e+05   2.394017e+03     1.056 (  1022      0)     0.333 (  1103      0)
"t_prf"                                0        0 0.000000e+00   0.000000e+00     0.000 (     0      0)     0.000 (     0      0)

10950810
