LAST_GIT_COMMIT_SHA:STRING=4790f40f2fb6acbc051ce4c988681a628c18e83d

***** GLOBAL STATISTICS (   768 MPI TASKS) *****

$Id: gptl.c,v 1.157 2011-03-28 20:55:18 rosinski Exp $
'count' is cumulative. All other stats are max/min
name                               processes  threads        count      walltotal   wallmax (proc   thrd  )   wallmin (proc   thrd  )
Total                                    768      768 7.680000e+02   3.167848e+04    41.250 (   299      0)    41.247 (   709      0)
prim_init1                               768      768 7.680000e+02   1.606680e+02     0.214 (     0      0)     0.207 (   665      0)
repro_sum_int                            768      768 3.456000e+04   3.965596e+01     0.121 (   101      0)     0.023 (   381      0)
prim_init2                               768      768 7.680000e+02   1.410094e+02     0.259 (    43      0)     0.151 (   296      0)
prim_printstate                          768      768 7.680000e+02   3.032238e+01     0.046 (     0      0)     0.039 (   692      0)
interp_movie_output                      768      768 1.536000e+03   3.019724e-01     0.001 (   165      0)     0.000 (   757      0)
prim_main_loop                           768      768 7.680000e+02   3.097807e+04    40.338 (   303      0)    40.335 (   460      0)
prim_run                                 768      768 3.686400e+05   3.097496e+04    40.334 (   309      0)    40.331 (   457      0)
tl-sc prim_run_subcycle_c                768      768 3.686400e+05   3.096693e+04    40.325 (   309      0)    40.319 (   451      0)
tl-sc dp3d-from-ps                       768      768 3.686400e+05   1.052952e+01     0.016 (   576      0)     0.013 (   689      0)
tl-sc prim_step-loop                     768      768 3.686400e+05   2.887234e+04    37.683 (   751      0)    37.360 (   618      0)
tl-s prim_step                           768      768 1.105920e+06   2.886541e+04    37.674 (   751      0)    37.351 (   618      0)
tl-s deep_copy+derived_dp                768      768 1.105920e+06   4.267781e+01     0.064 (   448      0)     0.052 (   430      0)
tl-s prim_advance_exp-loop               768      768 1.105920e+06   1.162166e+04    17.524 (   358      0)    12.911 (   300      0)
tl-ae prim_advance_exp                   768      768 1.105920e+06   1.161393e+04    17.515 (   358      0)    12.901 (   300      0)
tl-ae U3-5stage_timestep                 768      768 1.105920e+06   6.046755e+03    10.207 (   323      0)     6.178 (   120      0)
caar compute                             768      768 5.529600e+06   9.990270e+02     1.487 (   128      0)     1.190 (   361      0)
caar_bexchV                              768      768 5.529600e+06   4.917691e+03     8.820 (   323      0)     4.643 (   512      0)
tl-ae advance_hypervis_dp                768      768 1.105920e+06   5.551612e+03     8.603 (   381      0)     6.611 (   134      0)
hvf-bhwk                                 768      768 3.317760e+06   2.947702e+03     4.548 (   381      0)     3.479 (   301      0)
hvf-bexch                                768      768 6.635520e+06   4.518131e+03     7.296 (   379      0)     5.229 (   128      0)
tl-s prim_advec_tracers_remap            768      768 1.105920e+06   1.718124e+04    24.591 (   120      0)    20.015 (   360      0)
tl-at prim_advec_tracers_remap_RK2       768      768 1.105920e+06   1.717148e+04    24.579 (   120      0)    20.003 (   360      0)
tl-at precompute_divdp                   768      768 1.105920e+06   4.761100e+01     0.079 (   448      0)     0.054 (   347      0)
tl-at esf-0                              768      768 1.105920e+06   4.743021e+03     7.577 (   120      0)     5.001 (    68      0)
tl-at esf-1                              768      768 1.105920e+06   3.352526e+03     4.806 (   154      0)     3.845 (   360      0)
tl-at esf-2                              768      768 1.105920e+06   8.706360e+03    12.185 (   123      0)    10.024 (   353      0)
tl-at qdp_time_avg                       768      768 1.105920e+06   2.744211e+02     0.400 (   318      0)     0.319 (   342      0)
tl-sc vertical_remap                     768      768 3.686400e+05   1.849024e+03     2.643 (   618      0)     2.320 (   751      0)
Remap Thickness Functor                  768      768 3.686400e+05   2.193661e+01     0.032 (   311      0)     0.025 (   426      0)
Remap Scale States Functor               768      768 3.686400e+05   1.263994e+01     0.019 (   385      0)     0.014 (   426      0)
Remap Compute Grids Functor              768      768 3.686400e+05   6.881513e+01     0.099 (   276      0)     0.084 (   341      0)
Remap Compute Remap Functor              768      768 3.686400e+05   1.702485e+03     2.450 (   618      0)     2.132 (   751      0)
Remap Rescale States Functor             768      768 3.686400e+05   1.575585e+01     0.024 (   448      0)     0.018 (   686      0)
tl-sc Q-from-qdp                         768      768 3.686400e+05   2.254207e+02     0.319 (     0      0)     0.291 (   379      0)
t_prf                                      0        0 0.000000e+00   0.000000e+00     0.000 (     0      0)     0.000 (     0      0)

