LAST_GIT_COMMIT_SHA:STRING=4790f40f2fb6acbc051ce4c988681a628c18e83d

***** GLOBAL STATISTICS (   192 MPI TASKS) *****

$Id: gptl.c,v 1.157 2011-03-28 20:55:18 rosinski Exp $
'count' is cumulative. All other stats are max/min
name                               processes  threads        count      walltotal   wallmax (proc   thrd  )   wallmin (proc   thrd  )
Total                                    192      192 1.920000e+02   3.103251e+04   161.889 (   134      0)   161.234 (    78      0)
prim_init1                               192      192 1.920000e+02   1.671205e+02     0.875 (     0      0)     0.863 (   133      0)
repro_sum_int                            192      192 8.640000e+03   5.513697e+00     0.052 (    39      0)     0.019 (   128      0)
prim_init2                               192      192 1.920000e+02   7.112534e+02     3.730 (     2      0)     3.679 (    68      0)
prim_printstate                          192      192 1.920000e+02   6.743410e+01     0.356 (     0      0)     0.351 (    86      0)
interp_movie_output                      192      192 3.840000e+02   6.293583e-02     0.001 (   149      0)     0.000 (    73      0)
prim_main_loop                           192      192 1.920000e+02   2.830954e+04   147.707 (   134      0)   147.052 (    78      0)
prim_run                                 192      192 3.840000e+03   2.830941e+04   147.706 (   134      0)   147.052 (    78      0)
tl-sc prim_run_subcycle_c                192      192 3.840000e+03   2.822739e+04   147.218 (   166      0)   146.765 (    29      0)
tl-sc dp3d-from-ps                       192      192 3.840000e+03   4.272535e+00     0.046 (   187      0)     0.016 (    95      0)
tl-sc prim_step-loop                     192      192 3.840000e+03   2.608414e+04   136.642 (    53      0)   134.920 (   133      0)
tl-s prim_step                           192      192 1.152000e+04   2.608403e+04   136.641 (    53      0)   134.919 (   133      0)
tl-s deep_copy+derived_dp                192      192 1.152000e+04   5.231778e+01     0.484 (   151      0)     0.137 (    54      0)
tl-s prim_advance_exp-loop               192      192 1.152000e+04   5.134777e+03    39.669 (    29      0)    16.833 (   134      0)
tl-ae prim_advance_exp                   192      192 1.152000e+04   5.134573e+03    39.668 (    29      0)    16.832 (   134      0)
tl-ae U3-5stage_timestep                 192      192 1.152000e+04   3.519238e+03    29.892 (    29      0)     9.028 (   134      0)
caar compute                             192      192 5.760000e+04   9.233881e+02     6.290 (   187      0)     3.832 (     5      0)
caar_bexchV                              192      192 5.760000e+04   2.557388e+03    25.578 (    29      0)     3.399 (   134      0)
tl-ae advance_hypervis_dp                192      192 1.152000e+04   1.615052e+03    16.612 (   109      0)     7.726 (   144      0)
hvf-bhwk                                 192      192 3.456000e+04   9.675011e+02    12.860 (   109      0)     4.556 (   177      0)
hvf-bexch                                192      192 6.912000e+04   7.993035e+02    12.864 (   109      0)     2.854 (   167      0)
tl-s prim_advec_tracers_remap            192      192 1.152000e+04   2.089641e+04   118.121 (   166      0)    95.676 (    29      0)
tl-at prim_advec_tracers_remap_RK2       192      192 1.152000e+04   2.089624e+04   118.120 (   166      0)    95.675 (    29      0)
tl-at precompute_divdp                   192      192 1.152000e+04   4.874366e+01     0.376 (    94      0)     0.105 (    29      0)
tl-at esf-0                              192      192 1.152000e+04   7.097129e+03    38.820 (   174      0)    35.085 (    48      0)
tl-at esf-1                              192      192 1.152000e+04   4.035904e+03    25.038 (    20      0)    18.179 (    62      0)
tl-at esf-2                              192      192 1.152000e+04   9.089077e+03    51.995 (   167      0)    38.477 (    29      0)
tl-at qdp_time_avg                       192      192 1.152000e+04   6.242974e+02     5.244 (   175      0)     1.530 (    54      0)
tl-sc vertical_remap                     192      192 3.840000e+03   1.842198e+03    10.063 (   109      0)     9.175 (    53      0)
Remap Thickness Functor                  192      192 3.840000e+03   1.322530e+01     0.105 (   167      0)     0.048 (    62      0)
Remap Scale States Functor               192      192 3.840000e+03   1.285918e+01     0.118 (   152      0)     0.027 (    63      0)
Remap Compute Grids Functor              192      192 3.840000e+03   8.905620e+01     0.736 (   164      0)     0.313 (    59      0)
Remap Compute Remap Functor              192      192 3.840000e+03   1.710189e+03     9.388 (    70      0)     8.687 (   170      0)
Remap Rescale States Functor             192      192 3.840000e+03   6.985965e+00     0.103 (   134      0)     0.030 (   187      0)
tl-sc Q-from-qdp                         192      192 3.840000e+03   2.965926e+02     2.416 (   166      0)     1.180 (   115      0)
t_prf                                      0        0 0.000000e+00   0.000000e+00     0.000 (     0      0)     0.000 (     0      0)

