LAST_GIT_COMMIT_SHA:STRING=4790f40f2fb6acbc051ce4c988681a628c18e83d

***** GLOBAL STATISTICS (  1152 MPI TASKS) *****

$Id: gptl.c,v 1.157 2011-03-28 20:55:18 rosinski Exp $
'count' is cumulative. All other stats are max/min
name                               processes  threads        count      walltotal   wallmax (proc   thrd  )   wallmin (proc   thrd  )
Total                                   1152     1152 1.152000e+03   1.755849e+05   152.581 (   766      0)   152.275 (   229      0)
prim_init1                              1152     1152 1.152000e+03   2.354036e+03     2.059 (     0      0)     1.945 (   853      0)
repro_sum_int                           1152     1152 5.184000e+04   8.629040e+01     0.189 (   858      0)     0.032 (   466      0)
prim_init2                              1152     1152 1.152000e+03   1.706282e+03     1.617 (   859      0)     1.429 (   970      0)
prim_printstate                         1152     1152 1.152000e+03   1.979286e+02     0.176 (     0      0)     0.171 (   397      0)
interp_movie_output                     1152     1152 2.304000e+03   4.351542e-01     0.001 (  1120      0)     0.000 (   200      0)
prim_main_loop                          1152     1152 1.152000e+03   1.535790e+05   133.479 (   766      0)   133.172 (   229      0)
prim_run                                1152     1152 6.912000e+04   1.535778e+05   133.478 (   766      0)   133.171 (   229      0)
tl-sc prim_run_subcycle_c               1152     1152 6.912000e+04   1.534796e+05   133.378 (   760      0)   133.101 (   229      0)
tl-sc dp3d-from-ps                      1152     1152 6.912000e+04   1.951485e+01     0.024 (   913      0)     0.016 (  1063      0)
tl-sc prim_step-loop                    1152     1152 6.912000e+04   1.391743e+05   121.577 (  1121      0)   119.544 (   385      0)
tl-s prim_step                          1152     1152 2.073600e+05   1.391727e+05   121.575 (  1121      0)   119.542 (   385      0)
tl-s deep_copy+derived_dp               1152     1152 2.073600e+05   1.626897e+02     0.265 (   727      0)     0.102 (  1115      0)
tl-s prim_advance_exp-loop              1152     1152 2.073600e+05   4.206096e+04    55.798 (   997      0)    18.342 (   757      0)
tl-ae prim_advance_exp                  1152     1152 2.073600e+05   4.205889e+04    55.796 (   997      0)    18.339 (   757      0)
tl-ae U3-5stage_timestep                1152     1152 2.073600e+05   2.217691e+04    38.976 (   995      0)     9.306 (   944      0)
caar compute                            1152     1152 1.036800e+06   5.759264e+03     6.139 (   713      0)     4.268 (  1130      0)
caar_bexchV                             1152     1152 1.036800e+06   1.618698e+04    34.360 (   995      0)     3.123 (   758      0)
tl-ae advance_hypervis_dp               1152     1152 2.073600e+05   1.987766e+04    32.634 (  1030      0)     8.546 (   729      0)
hvf-bhwk                                1152     1152 6.220800e+05   1.111041e+04    19.236 (  1033      0)     5.185 (   330      0)
hvf-bexch                               1152     1152 1.244160e+06   1.481221e+04    28.573 (  1030      0)     3.389 (   736      0)
tl-s prim_advec_tracers_remap           1152     1152 2.073600e+05   9.694303e+04   102.366 (   757      0)    64.762 (   997      0)
tl-at prim_advec_tracers_remap_RK2      1152     1152 2.073600e+05   9.694079e+04   102.364 (   757      0)    64.760 (   997      0)
tl-at precompute_divdp                  1152     1152 2.073600e+05   1.456812e+02     0.246 (   760      0)     0.079 (  1040      0)
tl-at esf-0                             1152     1152 2.073600e+05   2.651552e+04    30.680 (   311      0)    16.814 (  1003      0)
tl-at esf-1                             1152     1152 2.073600e+05   1.942506e+04    23.996 (   315      0)    13.047 (   983      0)
tl-at esf-2                             1152     1152 2.073600e+05   4.860221e+04    54.952 (  1145      0)    32.199 (   995      0)
tl-at qdp_time_avg                      1152     1152 2.073600e+05   2.240089e+03     4.025 (   726      0)     1.455 (  1150      0)
tl-sc vertical_remap                    1152     1152 6.912000e+04   1.273590e+04    12.290 (   385      0)    10.432 (  1121      0)
Remap Thickness Functor                 1152     1152 6.912000e+04   7.078782e+01     0.078 (   718      0)     0.054 (   864      0)
Remap Scale States Functor              1152     1152 6.912000e+04   3.700342e+01     0.058 (   718      0)     0.023 (  1149      0)
Remap Compute Grids Functor             1152     1152 6.912000e+04   4.412702e+02     0.461 (   556      0)     0.332 (   835      0)
Remap Compute Remap Functor             1152     1152 6.912000e+04   1.211854e+04    11.722 (   385      0)     9.942 (  1121      0)
Remap Rescale States Functor            1152     1152 6.912000e+04   4.326554e+01     0.060 (   946      0)     0.034 (  1128      0)
tl-sc Q-from-qdp                        1152     1152 6.912000e+04   1.547574e+03     1.539 (   760      0)     1.315 (  1113      0)
t_prf                                      0        0 0.000000e+00   0.000000e+00     0.000 (     0      0)     0.000 (     0      0)

