LAST_GIT_COMMIT_SHA:STRING=4790f40f2fb6acbc051ce4c988681a628c18e83d

***** GLOBAL STATISTICS (   192 MPI TASKS) *****

$Id: gptl.c,v 1.157 2011-03-28 20:55:18 rosinski Exp $
'count' is cumulative. All other stats are max/min
name                               processes  threads        count      walltotal   wallmax (proc   thrd  )   wallmin (proc   thrd  )
Total                                    192      192 1.920000e+02   3.254140e+04   169.689 (   176      0)   169.138 (   106      0)
prim_init1                               192      192 1.920000e+02   1.191039e+02     0.626 (   128      0)     0.612 (    60      0)
repro_sum_int                            192      192 8.640000e+03   7.290205e+00     0.070 (    16      0)     0.017 (   128      0)
prim_init2                               192      192 1.920000e+02   4.540461e+02     2.379 (    64      0)     2.340 (     4      0)
prim_printstate                          192      192 1.920000e+02   4.539589e+01     0.242 (     0      0)     0.236 (   101      0)
interp_movie_output                      192      192 3.840000e+02   7.698178e-02     0.001 (   135      0)     0.000 (   105      0)
prim_main_loop                           192      192 1.920000e+02   3.121553e+04   162.783 (   176      0)   162.232 (   106      0)
prim_run                                 192      192 7.680000e+03   3.121534e+04   162.782 (   176      0)   162.231 (   106      0)
tl-sc prim_run_subcycle_c                192      192 7.680000e+03   3.117959e+04   162.517 (   168      0)   162.141 (    76      0)
tl-sc dp3d-from-ps                       192      192 7.680000e+03   4.527697e+00     0.046 (   139      0)     0.017 (     5      0)
tl-sc prim_step-loop                     192      192 7.680000e+03   2.848227e+04   149.080 (   127      0)   146.887 (    29      0)
tl-s prim_step                           192      192 2.304000e+04   2.848207e+04   149.079 (   127      0)   146.886 (    29      0)
tl-s deep_copy+derived_dp                192      192 2.304000e+04   4.783310e+01     0.600 (   161      0)     0.121 (    56      0)
tl-s prim_advance_exp-loop               192      192 2.304000e+04   6.471579e+03    62.221 (    77      0)    19.436 (   176      0)
tl-ae prim_advance_exp                   192      192 2.304000e+04   6.471284e+03    62.219 (    77      0)    19.434 (   176      0)
tl-ae U3-5stage_timestep                 192      192 2.304000e+04   4.565636e+03    51.378 (   106      0)    10.077 (   168      0)
caar compute                             192      192 1.152000e+05   1.140087e+03     7.402 (   181      0)     4.805 (   107      0)
caar_bexchV                              192      192 1.152000e+05   3.383118e+03    46.314 (   106      0)     3.343 (   169      0)
tl-ae advance_hypervis_dp                192      192 2.304000e+04   1.905133e+03    19.219 (    29      0)     9.222 (   153      0)
hvf-bhwk                                 192      192 6.912000e+04   1.163459e+03    14.474 (    29      0)     5.540 (   176      0)
hvf-bexch                                192      192 1.382400e+05   8.564473e+02    13.837 (    29      0)     3.458 (   186      0)
tl-s prim_advec_tracers_remap            192      192 2.304000e+04   2.196188e+04   128.482 (   168      0)    85.775 (     2      0)
tl-at prim_advec_tracers_remap_RK2       192      192 2.304000e+04   2.196159e+04   128.481 (   168      0)    85.773 (     2      0)
tl-at precompute_divdp                   192      192 2.304000e+04   4.324894e+01     0.393 (   129      0)     0.135 (     1      0)
tl-at esf-0                              192      192 2.304000e+04   6.820545e+03    41.485 (   168      0)    28.375 (    90      0)
tl-at esf-1                              192      192 2.304000e+04   4.191508e+03    25.919 (    96      0)    15.228 (    78      0)
tl-at esf-2                              192      192 2.304000e+04   1.028263e+04    59.586 (    60      0)    36.671 (    29      0)
tl-at qdp_time_avg                       192      192 2.304000e+04   6.220387e+02     5.803 (   187      0)     1.758 (    86      0)
tl-sc vertical_remap                     192      192 7.680000e+03   2.357073e+03    13.712 (    29      0)    11.804 (   113      0)
Remap Thickness Functor                  192      192 7.680000e+03   1.446085e+01     0.104 (   143      0)     0.060 (    75      0)
Remap Scale States Functor               192      192 7.680000e+03   1.042241e+01     0.109 (   149      0)     0.026 (    62      0)
Remap Compute Grids Functor              192      192 7.680000e+03   9.251465e+01     0.687 (   149      0)     0.385 (    75      0)
Remap Compute Remap Functor              192      192 7.680000e+03   2.224064e+03    13.068 (    29      0)    11.231 (   113      0)
Remap Rescale States Functor             192      192 7.680000e+03   9.343774e+00     0.139 (   168      0)     0.038 (    80      0)
tl-sc Q-from-qdp                         192      192 7.680000e+03   3.354038e+02     2.343 (   134      0)     1.489 (    80      0)
t_prf                                      0        0 0.000000e+00   0.000000e+00     0.000 (     0      0)     0.000 (     0      0)

