LAST_GIT_COMMIT_SHA:STRING=adf77c97ed8425a245449f2582d2441f4b72da1e
10950712

***** GLOBAL STATISTICS (  2048 MPI TASKS) *****

$Id: gptl.c,v 1.157 2011-03-28 20:55:18 rosinski Exp $
'count' is cumulative. All other stats are max/min
name                           processes  threads        count      walltotal   wallmax (proc   thrd  )   wallmin (proc   thrd  )
"Total"                             2048     2048 2.048000e+03   3.624146e+05   176.981 (   256      0)   176.940 (  1681      0)
"prim_init1"                        2048     2048 2.048000e+03   1.171047e+03     0.583 (  1792      0)     0.533 (   330      0)
"PartitioningTime"                  2048     2048 2.048000e+03   2.121665e+00     0.003 (  1318      0)     0.001 (  1208      0)
"repro_sum_int"                     2048     2048 9.216000e+04   1.694867e+02     0.146 (  1191      0)     0.035 (   633      0)
"prim_init2"                        2048     4096 4.096000e+03   5.229946e+02     0.187 (   919      1)     0.078 (   633      1)
"prim_printstate"                   2048     4096 4.096000e+03   1.808846e+02     0.049 (     0      0)     0.043 (   595      1)
"interp_movie_output"               2048     2048 4.096000e+03   2.009679e+00     0.001 (  1284      0)     0.000 (    30      0)
"prim_main_loop"                    2048     2048 2.048000e+03   3.531837e+05   172.472 (   256      0)   172.435 (  1681      0)
"prim_run"                          2048     4096 1.748992e+06   7.063513e+05   172.468 (   256      1)   172.431 (  1681      0)
"ApplyCAMForcing"                   2048     4096 1.748992e+06   6.811318e+03     1.915 (   776      1)     1.396 (   422      0)
"prim_step_rX"                      2048     4096 5.246976e+06   6.370845e+05   156.285 (  1687      0)   154.790 (   768      1)
"prim_step_dyn"                     2048     4096 5.246976e+06   1.727373e+05    53.863 (  1687      0)    32.102 (   277      1)
"prim_advance_exp"                  2048     4096 5.246976e+06   1.726569e+05    53.844 (  1687      0)    32.083 (   277      1)
"U3-5stage_timestep"                2048     4096 5.246976e+06   9.027757e+04    31.765 (  1233      0)    15.765 (   277      1)
"compute_and_apply_rhs"             2048     4096 2.623213e+07   8.925562e+04    31.508 (  1233      1)    15.495 (   277      1)
"caar_bexchV"                       2048     4096 2.623488e+07   4.698217e+04    21.930 (   408      1)     4.354 (   277      0)
"advance_hypervis_dp"               2048     4096 5.246976e+06   8.223680e+04    24.797 (  1687      0)    15.848 (   169      1)
"biwkdp3d_bexchV"                   2048     4096 1.574093e+07   2.065560e+04     8.454 (  1723      1)     2.393 (   256      0)
"ahdp_bexchV2"                      2048     4096 1.574093e+07   2.030770e+04     8.064 (   507      1)     2.559 (   256      0)
"prim_step_advec"                   2048     4096 5.246976e+06   4.633300e+05   122.887 (   277      1)   102.188 (  1687      1)
"PAT_remap"                         2048     4096 5.246976e+06   4.632811e+05   122.874 (   277      1)   102.178 (  1687      1)
"prim_advec_tracers_remap_rk2"      2048     4096 5.246976e+06   4.632156e+05   122.858 (   277      1)   102.162 (  1687      1)
"precomput_divdp"                   2048     4096 5.246976e+06   7.003231e+02     0.210 (  1663      0)     0.150 (   702      0)
"euler_step_0"                      2048     4096 5.246976e+06   1.128220e+05    31.954 (   192      0)    23.577 (  1726      0)
"bihmix_qminmax"                    2048     4096 1.574093e+07   2.106512e+05    59.562 (   248      0)    45.641 (   628      1)
"eus_neighbor_minmax1"              2048     4096 5.246976e+06   2.202051e+04     8.033 (   176      1)     3.834 (   651      0)
"nmm_bexchV"                        2048     4096 5.246976e+06   1.262553e+04     5.431 (   176      0)     1.656 (   450      1)
"eus_2d_advec"                      2048     4096 1.574093e+07   2.447842e+05    69.308 (   422      1)    53.208 (  1687      0)
"eus_bexchV"                        2048     4096 1.574093e+07   5.993188e+04    25.816 (   425      1)     8.829 (  1728      0)
"euler_step_1"                      2048     4096 5.246976e+06   8.987061e+04    23.859 (   337      1)    19.522 (  1704      0)
"euler_step_2"                      2048     4096 5.246976e+06   2.532190e+05    67.687 (   278      1)    55.955 (   680      1)
"nmm_bexchS_start"                  2048     4096 5.246976e+06   2.898612e+02     0.655 (     0      1)     0.015 (   766      1)
"biwksc_bexchV"                     2048     4096 5.246976e+06   2.699598e+04    11.963 (   426      1)     3.781 (  1746      0)
"nmm_bexchS_fini"                   2048     4096 5.246976e+06   2.625225e+03     0.811 (   804      0)     0.159 (  1024      0)
"qdp_tavg"                          2048     4096 5.246976e+06   6.348826e+03     1.970 (   780      0)     1.084 (   422      1)
"vertical_remap"                    2048     4096 1.748992e+06   5.755037e+04    14.614 (   948      0)    13.449 (  1683      1)
"vertical_remap1_1"                 2048     4096 1.049314e+07   2.693222e+03    59.823 (    73      1)     0.580 (   576      0)
"remap_Q_ppm"                       2048     4096 3.148186e+07   5.652073e+04    14.341 (   948      0)    13.224 (  1683      1)
"vertical_remap1_2"                 2048     4096 1.049312e+07   3.594668e+03     6.631 (    73      1)     0.807 (  1682      1)
"vertical_remap1_3"                 2048     4096 1.049310e+07   5.083279e+04    40.893 (    73      0)    11.920 (  1683      1)
"prim_run_subcyle_diags"            2048     4096 1.748992e+06   3.616324e+03     1.089 (   811      1)     0.739 (  1263      0)
"t_prf"                                0        0 0.000000e+00   0.000000e+00     0.000 (     0      0)     0.000 (     0      0)
"compute_and_apply_rhó"                1        2 7.650000e+02   0.000000e+00     0.000 (    73      0)     0.000 (    73      1)
"vertical_remap1_²"                    1        2 7.790000e+02   1.793695e+02    92.719 (    73      1)    86.651 (    73      0)
10950712
