LAST_GIT_COMMIT_SHA:STRING=4790f40f2fb6acbc051ce4c988681a628c18e83d

***** GLOBAL STATISTICS (   128 MPI TASKS) *****

$Id: gptl.c,v 1.157 2011-03-28 20:55:18 rosinski Exp $
'count' is cumulative. All other stats are max/min
name                               processes  threads        count      walltotal   wallmax (proc   thrd  )   wallmin (proc   thrd  )
Total                                    128      128 1.280000e+02   2.804448e+04   219.196 (    89      0)   218.948 (    53      0)
prim_init1                               128      128 1.280000e+02   1.216027e+02     0.954 (    98      0)     0.933 (    61      0)
repro_sum_int                            128      128 5.760000e+03   5.619477e+00     0.085 (    16      0)     0.021 (    64      0)
prim_init2                               128      128 1.280000e+02   7.114083e+02     5.627 (    61      0)     5.492 (    93      0)
prim_printstate                          128      128 1.280000e+02   6.529290e+01     0.515 (     0      0)     0.509 (   111      0)
interp_movie_output                      128      128 2.560000e+02   4.676938e-02     0.001 (    88      0)     0.000 (     0      0)
prim_main_loop                           128      128 1.280000e+02   2.561889e+04   200.246 (    89      0)   199.998 (    53      0)
prim_run                                 128      128 1.792000e+03   2.561879e+04   200.245 (    89      0)   199.997 (    53      0)
tl-sc prim_run_subcycle_c                128      128 1.792000e+03   2.551716e+04   199.472 (    89      0)   199.163 (    53      0)
tl-sc dp3d-from-ps                       128      128 1.792000e+03   3.748034e+00     0.046 (   125      0)     0.018 (     0      0)
tl-sc prim_step-loop                     128      128 1.792000e+03   2.393568e+04   187.581 (    35      0)   186.475 (    95      0)
tl-s prim_step                           128      128 5.376000e+03   2.393560e+04   187.580 (    35      0)   186.474 (    95      0)
tl-s deep_copy+derived_dp                128      128 5.376000e+03   6.280927e+01     0.745 (   120      0)     0.166 (    35      0)
tl-s prim_advance_exp-loop               128      128 5.376000e+03   2.667063e+03    27.212 (    53      0)    16.781 (    89      0)
tl-ae prim_advance_exp                   128      128 5.376000e+03   2.666871e+03    27.211 (    53      0)    16.779 (    89      0)
tl-ae U3-5stage_timestep                 128      128 5.376000e+03   1.569064e+03    17.425 (    53      0)     8.521 (   106      0)
caar compute                             128      128 2.688000e+04   7.336079e+02     6.785 (   127      0)     4.568 (    44      0)
caar_bexchV                              128      128 2.688000e+04   8.121667e+02    11.284 (    53      0)     2.777 (   106      0)
tl-ae advance_hypervis_dp                128      128 5.376000e+03   1.097664e+03     9.806 (    51      0)     7.257 (   127      0)
hvf-bhwk                                 128      128 1.612800e+04   6.387377e+02     5.999 (    53      0)     4.395 (    85      0)
hvf-bexch                                128      128 3.225600e+04   5.087295e+02     5.230 (    51      0)     2.752 (   127      0)
tl-s prim_advec_tracers_remap            128      128 5.376000e+03   2.120531e+04   169.451 (    89      0)   159.379 (    53      0)
tl-at prim_advec_tracers_remap_RK2       128      128 5.376000e+03   2.120522e+04   169.450 (    89      0)   159.378 (    53      0)
tl-at precompute_divdp                   128      128 5.376000e+03   3.542275e+01     0.436 (   100      0)     0.131 (    85      0)
tl-at esf-0                              128      128 5.376000e+03   6.766101e+03    56.537 (   106      0)    50.244 (   127      0)
tl-at esf-1                              128      128 5.376000e+03   4.491732e+03    39.155 (    35      0)    33.298 (    53      0)
tl-at esf-2                              128      128 5.376000e+03   8.883696e+03    72.422 (   126      0)    64.775 (    54      0)
tl-at qdp_time_avg                       128      128 5.376000e+03   1.027600e+03     9.131 (    71      0)     2.540 (    35      0)
tl-sc vertical_remap                     128      128 1.792000e+03   1.296073e+03    10.619 (    53      0)     9.802 (     8      0)
Remap Thickness Functor                  128      128 1.792000e+03   1.244432e+01     0.122 (   127      0)     0.050 (    35      0)
Remap Scale States Functor               128      128 1.792000e+03   1.405652e+01     0.150 (   127      0)     0.028 (    35      0)
Remap Compute Grids Functor              128      128 1.792000e+03   6.804618e+01     0.765 (    54      0)     0.329 (    35      0)
Remap Compute Remap Functor              128      128 1.792000e+03   1.181147e+03     9.564 (    67      0)     9.088 (   110      0)
Remap Rescale States Functor             128      128 1.792000e+03   7.821558e+00     0.150 (    89      0)     0.032 (    52      0)
tl-sc Q-from-qdp                         128      128 1.792000e+03   2.815352e+02     2.757 (    73      0)     1.400 (    53      0)
t_prf                                      0        0 0.000000e+00   0.000000e+00     0.000 (     0      0)     0.000 (     0      0)

