LAST_GIT_COMMIT_SHA:STRING=adf77c97ed8425a245449f2582d2441f4b72da1e
10950094

***** GLOBAL STATISTICS (    64 MPI TASKS) *****

$Id: gptl.c,v 1.157 2011-03-28 20:55:18 rosinski Exp $
'count' is cumulative. All other stats are max/min
name                           processes  threads        count      walltotal   wallmax (proc   thrd  )   wallmin (proc   thrd  )
"Total"                               64       64 6.400000e+01   2.125535e+03    33.213 (    11      0)    33.208 (    18      0)
"prim_init1"                          64       64 6.400000e+01   1.498643e+01     0.256 (     0      0)     0.234 (    16      0)
"PartitioningTime"                    64       64 6.400000e+01   1.011631e-01     0.002 (    27      0)     0.001 (     7      0)
"repro_sum_int"                       64       64 2.880000e+03   7.313204e-01     0.012 (    16      0)     0.011 (     4      0)
"prim_init2"                          64      128 1.280000e+02   7.423297e+00     0.059 (    37      1)     0.055 (     0      1)
"prim_printstate"                     64      128 1.280000e+02   2.471637e+00     0.023 (     0      0)     0.019 (    24      1)
"interp_movie_output"                 64       64 1.280000e+02   2.556276e-02     0.001 (    48      0)     0.000 (    49      0)
"prim_main_loop"                      64       64 6.400000e+01   2.081429e+03    32.524 (    11      0)    32.519 (    18      0)
"prim_run"                            64      128 5.120000e+03   4.162730e+03    32.523 (    11      0)    32.518 (    18      1)
"ApplyCAMForcing"                     64      128 5.120000e+03   4.693480e+01     0.433 (    63      0)     0.334 (    34      1)
"prim_step_rX"                        64      128 1.536000e+04   3.733109e+03    29.183 (     3      0)    29.146 (    32      1)
"prim_step_dyn"                       64      128 1.536000e+04   7.146139e+02     5.939 (    63      1)     5.453 (    36      0)
"prim_advance_exp"                    64      128 1.536000e+04   7.143463e+02     5.937 (    63      1)     5.451 (    36      0)
"U3-5stage_timestep"                  64      128 1.536000e+04   3.656216e+02     3.214 (    63      1)     2.726 (    36      0)
"compute_and_apply_rhs"               64      128 7.680000e+04   3.591616e+02     3.166 (    63      1)     2.675 (    44      0)
"caar_bexchV"                         64      128 7.680000e+04   7.031889e+01     0.880 (    63      0)     0.420 (    36      0)
"advance_hypervis_dp"                 64      128 1.536000e+04   3.482779e+02     2.733 (    58      0)     2.714 (     1      1)
"biwkdp3d_bexchV"                     64      128 4.608000e+04   3.433132e+01     0.283 (    57      0)     0.254 (     5      1)
"ahdp_bexchV2"                        64      128 4.608000e+04   3.943836e+01     0.352 (    62      0)     0.289 (    28      1)
"prim_step_advec"                     64      128 1.536000e+04   3.011160e+03    23.668 (    44      0)    23.155 (    63      1)
"PAT_remap"                           64      128 1.536000e+04   3.011003e+03    23.667 (    44      0)    23.154 (    63      1)
"prim_advec_tracers_remap_rk2"        64      128 1.536000e+04   3.010806e+03    23.666 (    44      0)    23.152 (    63      1)
"precomput_divdp"                     64      128 1.536000e+04   4.308304e+00     0.034 (    44      1)     0.033 (    62      0)
"euler_step_0"                        64      128 1.536000e+04   7.791042e+02     6.164 (    46      0)     5.978 (    62      1)
"bihmix_qminmax"                      64      128 4.608000e+04   1.395240e+03    11.000 (     3      0)    10.738 (    63      1)
"eus_neighbor_minmax1"                64      128 1.536000e+04   1.740988e+02     1.385 (    37      1)     1.333 (    51      0)
"nmm_bexchV"                          64      128 1.536000e+04   7.524743e+01     0.631 (    18      0)     0.560 (    51      1)
"eus_2d_advec"                        64      128 4.608000e+04   1.546531e+03    12.222 (    11      0)    11.863 (     3      1)
"eus_bexchV"                          64      128 4.608000e+04   4.317045e+02     3.636 (    13      0)     3.060 (    18      1)
"euler_step_1"                        64      128 1.536000e+04   5.731807e+02     4.523 (    45      0)     4.373 (    63      1)
"euler_step_2"                        64      128 1.536000e+04   1.591234e+03    12.575 (    61      0)    12.317 (    63      0)
"nmm_bexchS_start"                    64      128 1.536000e+04   1.047843e+00     0.022 (    53      1)     0.002 (    36      1)
"biwksc_bexchV"                       64      128 1.536000e+04   1.571060e+02     1.548 (    42      0)     1.112 (    31      1)
"nmm_bexchS_fini"                     64      128 1.536000e+04   4.948001e+01     0.443 (     4      0)     0.242 (    63      1)
"qdp_tavg"                            64      128 1.536000e+04   6.212024e+01     0.519 (    28      0)     0.382 (    63      1)
"vertical_remap"                      64      128 5.120000e+03   3.405084e+02     2.688 (    63      1)     2.645 (    37      1)
"vertical_remap1_1"                   64      128 6.144000e+04   1.510592e+01     0.126 (    63      1)     0.111 (    60      0)
"remap_Q_ppm"                         64      128 1.843200e+05   3.346439e+02     2.636 (    63      0)     2.601 (    38      1)
"vertical_remap1_2"                   64      128 6.144000e+04   2.099609e+01     0.172 (    63      1)     0.157 (    37      0)
"vertical_remap1_3"                   64      128 6.144000e+04   3.008774e+02     2.364 (    11      0)     2.338 (     4      1)
"prim_run_subcyle_diags"              64      128 5.120000e+03   2.775941e+01     0.248 (    13      0)     0.168 (    63      1)
"t_prf"                                0        0 0.000000e+00   0.000000e+00     0.000 (     0      0)     0.000 (     0      0)

10950094
