LAST_GIT_COMMIT_SHA:STRING=adf77c97ed8425a245449f2582d2441f4b72da1e
10950787

***** GLOBAL STATISTICS (  3840 MPI TASKS) *****

$Id: gptl.c,v 1.157 2011-03-28 20:55:18 rosinski Exp $
'count' is cumulative. All other stats are max/min
name                           processes  threads        count      walltotal   wallmax (proc   thrd  )   wallmin (proc   thrd  )
"Total"                             3840     3840 3.840000e+03   5.704144e+05   148.572 (  1750      0)   148.521 (  3811      0)
"prim_init1"                        3840     3840 3.840000e+03   3.559906e+03     0.950 (  2848      0)     0.901 (   479      0)
"PartitioningTime"                  3840     3840 3.840000e+03   9.164073e+00     0.014 (   624      0)     0.001 (  2103      0)
"repro_sum_int"                     3840     3840 1.728000e+05   5.679403e+02     0.407 (  2424      0)     0.056 (   375      0)
"prim_init2"                        3840     7680 7.680000e+03   1.821773e+03     0.497 (  2424      0)     0.155 (   320      1)
"prim_printstate"                   3840     7680 7.680000e+03   5.341812e+02     0.075 (  2676      0)     0.066 (   467      1)
"interp_movie_output"               3840     3840 7.680000e+03   7.094028e+00     0.003 (   299      0)     0.001 (    20      0)
"prim_main_loop"                    3840     3840 3.840000e+03   5.327515e+05   138.762 (  1600      0)   138.714 (  2597      0)
"prim_run"                          3840     7680 3.072000e+06   1.065472e+06   138.758 (  1600      1)   138.709 (  2564      1)
"ApplyCAMForcing"                   3840     7680 3.072000e+06   9.815579e+03     1.432 (  2130      1)     1.105 (  1213      0)
"prim_step_rX"                      3840     7680 9.216000e+06   9.635988e+05   126.147 (  1858      0)   124.725 (  3200      1)
"prim_step_dyn"                     3840     7680 9.216000e+06   2.836708e+05    46.400 (  1872      0)    28.145 (  1618      1)
"prim_advance_exp"                  3840     7680 9.216000e+06   2.835391e+05    46.383 (  1872      0)    28.129 (  1618      1)
"U3-5stage_timestep"                3840     7680 9.216000e+06   1.448771e+05    28.027 (    80      0)    13.061 (  1239      1)
"compute_and_apply_rhs"             3840     7680 4.608000e+07   1.433196e+05    27.846 (    80      0)    12.842 (  1239      1)
"caar_bexchV"                       3840     7680 4.608000e+07   8.219394e+04    20.571 (    80      0)     4.411 (  1239      1)
"advance_hypervis_dp"               3840     7680 9.216000e+06   1.384226e+05    22.717 (  3405      0)    13.317 (  1616      0)
"biwkdp3d_bexchV"                   3840     7680 2.764800e+07   3.956906e+04     8.519 (  2051      1)     2.524 (  1616      1)
"ahdp_bexchV2"                      3840     7680 2.764800e+07   3.925451e+04     8.549 (  2070      1)     2.534 (  1600      0)
"prim_step_advec"                   3840     7680 9.216000e+06   6.784231e+05    97.097 (  1618      1)    79.445 (  1872      0)
"PAT_remap"                         3840     7680 9.216000e+06   6.783378e+05    97.087 (  1618      1)    79.434 (  1872      0)
"prim_advec_tracers_remap_rk2"      3840     7680 9.216000e+06   6.782245e+05    97.072 (  1618      1)    79.420 (  1872      0)
"precomput_divdp"                   3840     7680 9.216000e+06   9.955398e+02     0.155 (  1408      0)     0.116 (  1098      0)
"euler_step_0"                      3840     7680 9.216000e+06   1.648052e+05    26.646 (  1614      1)    18.486 (    97      0)
"bihmix_qminmax"                    3840     7680 2.764800e+07   3.081197e+05    46.516 (   319      0)    36.096 (   825      1)
"eus_neighbor_minmax1"              3840     7680 9.216000e+06   3.315965e+04     6.782 (  1589      0)     3.005 (  2315      1)
"nmm_bexchV"                        3840     7680 9.216000e+06   2.065462e+04     5.060 (  1589      0)     1.478 (  2316      1)
"eus_2d_advec"                      3840     7680 2.764800e+07   3.587868e+05    54.571 (  1607      1)    41.041 (  1872      0)
"eus_bexchV"                        3840     7680 2.764800e+07   9.180225e+04    20.352 (  2292      0)     7.381 (   896      0)
"euler_step_1"                      3840     7680 9.216000e+06   1.324934e+05    19.010 (  1607      1)    14.703 (  1872      0)
"euler_step_2"                      3840     7680 9.216000e+06   3.704263e+05    53.558 (  2291      0)    44.196 (  1872      0)
"nmm_bexchS_start"                  3840     7680 9.216000e+06   5.437981e+02     0.420 (  1088      1)     0.014 (  1885      1)
"biwksc_bexchV"                     3840     7680 9.216000e+06   3.992524e+04     9.647 (   311      1)     3.370 (   873      0)
"nmm_bexchS_fini"                   3840     7680 9.216000e+06   3.572527e+03     0.754 (  3136      0)     0.085 (  1984      0)
"qdp_tavg"                          3840     7680 9.216000e+06   9.074008e+03     1.611 (  1617      1)     0.870 (  2503      1)
"vertical_remap"                    3840     7680 3.072000e+06   8.496186e+04    11.607 (  3260      1)    10.571 (  1870      0)
"vertical_remap1_1"                 3840     7680 1.536000e+07   3.802213e+03     0.538 (  3260      0)     0.451 (  1536      0)
"remap_Q_ppm"                       3840     7680 4.608000e+07   8.343771e+04    11.395 (  3260      1)    10.377 (  1870      0)
"vertical_remap1_2"                 3840     7680 1.536000e+07   5.286172e+03     0.749 (  3252      1)     0.637 (  1879      0)
"vertical_remap1_3"                 3840     7680 1.536000e+07   7.497540e+04    10.235 (  2688      0)     9.328 (  1870      0)
"prim_run_subcyle_diags"            3840     7680 3.072000e+06   5.177987e+03     0.803 (  2126      1)     0.541 (  3776      1)
"t_prf"                                0        0 0.000000e+00   0.000000e+00     0.000 (     0      0)     0.000 (     0      0)

10950787
