LAST_GIT_COMMIT_SHA:STRING=4790f40f2fb6acbc051ce4c988681a628c18e83d

***** GLOBAL STATISTICS (  2560 MPI TASKS) *****

$Id: gptl.c,v 1.157 2011-03-28 20:55:18 rosinski Exp $
'count' is cumulative. All other stats are max/min
name                               processes  threads        count      walltotal   wallmax (proc   thrd  )   wallmin (proc   thrd  )
Total                                   2560     2560 2.560000e+03   2.974723e+05   116.223 (   355      0)   116.180 (  1688      0)
prim_init1                              2560     2560 2.560000e+03   2.784398e+03     1.095 (  1054      0)     1.042 (  2110      0)
repro_sum_int                           2560     2560 1.152000e+05   3.310425e+02     0.362 (  2080      0)     0.029 (  2531      0)
prim_init2                              2560     2560 2.560000e+03   1.366132e+03     0.760 (  2085      0)     0.443 (   848      0)
prim_printstate                         2560     2560 2.560000e+03   2.087086e+02     0.086 (     0      0)     0.080 (  1151      0)
interp_movie_output                     2560     2560 5.120000e+03   1.299245e+00     0.001 (  2467      0)     0.000 (   274      0)
prim_main_loop                          2560     2560 2.560000e+03   2.716231e+05   106.126 (   355      0)   106.084 (  2545      0)
prim_run                                2560     2560 6.835200e+05   2.716164e+05   106.123 (   355      0)   106.081 (  2551      0)
tl-sc prim_run_subcycle_c               2560     2560 6.835200e+05   2.715722e+05   106.106 (   355      0)   106.061 (  1298      0)
tl-sc dp3d-from-ps                      2560     2560 6.835200e+05   5.024164e+01     0.023 (  2304      0)     0.019 (   778      0)
tl-sc prim_step-loop                    2560     2560 6.835200e+05   2.433969e+05    95.376 (   658      0)    94.489 (     0      0)
tl-s prim_step                          2560     2560 2.050560e+06   2.433829e+05    95.371 (   658      0)    94.483 (     0      0)
tl-s deep_copy+derived_dp               2560     2560 2.050560e+06   3.389720e+02     0.159 (  1859      0)     0.110 (  2271      0)
tl-s prim_advance_exp-loop              2560     2560 2.050560e+06   7.339002e+04    33.816 (  2196      0)    21.396 (   776      0)
tl-ae prim_advance_exp                  2560     2560 2.050560e+06   7.337280e+04    33.809 (  2196      0)    21.389 (   776      0)
tl-ae U3-5stage_timestep                2560     2560 2.050560e+06   3.753938e+04    20.199 (  2252      0)    10.533 (   760      0)
caar compute                            2560     2560 1.025280e+07   1.266374e+04     5.827 (  1920      0)     4.335 (  2261      0)
caar_bexchV                             2560     2560 1.025280e+07   2.422259e+04    15.145 (  2252      0)     5.022 (   760      0)
tl-ae advance_hypervis_dp               2560     2560 2.050560e+06   3.579403e+04    17.424 (  2193      0)    10.511 (   729      0)
hvf-bhwk                                2560     2560 6.151680e+06   2.035506e+04    10.549 (  2240      0)     6.147 (   798      0)
hvf-bexch                               2560     2560 1.230336e+07   2.415171e+04    13.196 (  2193      0)     5.590 (   729      0)
tl-s prim_advec_tracers_remap           2560     2560 2.050560e+06   1.696028e+05    73.751 (   780      0)    61.235 (  2196      0)
tl-at prim_advec_tracers_remap_RK2      2560     2560 2.050560e+06   1.695810e+05    73.742 (   780      0)    61.227 (  2196      0)
tl-at precompute_divdp                  2560     2560 2.050560e+06   3.382207e+02     0.181 (  2304      0)     0.110 (  2211      0)
tl-at esf-0                             2560     2560 2.050560e+06   4.614600e+04    21.657 (   766      0)    15.537 (    48      0)
tl-at esf-1                             2560     2560 2.050560e+06   3.590983e+04    15.519 (   816      0)    12.569 (  2192      0)
tl-at esf-2                             2560     2560 2.050560e+06   8.290986e+04    38.697 (   781      0)    30.262 (  2252      0)
tl-at qdp_time_avg                      2560     2560 2.050560e+06   4.165334e+03     1.924 (   256      0)     1.292 (   501      0)
tl-sc vertical_remap                    2560     2560 6.835200e+05   2.505708e+04    10.365 (     0      0)     9.497 (   658      0)
Remap Thickness Functor                 2560     2560 6.835200e+05   1.776058e+02     0.079 (   275      0)     0.060 (    76      0)
Remap Scale States Functor              2560     2560 6.835200e+05   8.615749e+01     0.041 (  2361      0)     0.027 (  2273      0)
Remap Compute Grids Functor             2560     2560 6.835200e+05   9.562748e+02     0.422 (   270      0)     0.328 (  2285      0)
Remap Compute Remap Functor             2560     2560 6.835200e+05   2.363111e+04     9.809 (    56      0)     8.972 (   658      0)
Remap Rescale States Functor            2560     2560 6.835200e+05   9.993386e+01     0.044 (  2304      0)     0.037 (   123      0)
tl-sc Q-from-qdp                        2560     2560 6.835200e+05   3.049184e+03     1.284 (  2304      0)     1.184 (  2192      0)
t_prf                                      0        0 0.000000e+00   0.000000e+00     0.000 (     0      0)     0.000 (     0      0)

