LAST_GIT_COMMIT_SHA:STRING=4790f40f2fb6acbc051ce4c988681a628c18e83d

***** GLOBAL STATISTICS (  8192 MPI TASKS) *****

$Id: gptl.c,v 1.157 2011-03-28 20:55:18 rosinski Exp $
'count' is cumulative. All other stats are max/min
name                               processes  threads        count      walltotal   wallmax (proc   thrd  )   wallmin (proc   thrd  )
Total                                   8192     8192 8.192000e+03   1.545587e+06   188.687 (  2338      0)   188.652 (   433      0)
prim_init1                              8192     8192 8.192000e+03   8.391009e+03     1.051 (  1119      0)     0.989 (  6647      0)
repro_sum_int                           8192     8192 3.686400e+05   3.021766e+03     0.954 (    39      0)     0.060 (   398      0)
prim_init2                              8192     8192 8.192000e+03   5.515553e+03     1.179 (    21      0)     0.345 (  1526      0)
prim_printstate                         8192     8192 8.192000e+03   6.008842e+02     0.080 (  3074      0)     0.067 (  6912      0)
interp_movie_output                     8192     8192 1.638400e+04   1.759595e+01     0.006 (  1483      0)     0.000 (  1073      0)
prim_main_loop                          8192     8192 8.192000e+03   1.485081e+06   181.302 (  7053      0)   181.269 (  3698      0)
prim_run                                8192     8192 1.398374e+07   1.484956e+06   181.288 (  6802      0)   181.253 (    64      0)
tl-sc prim_run_subcycle_c               8192     8192 1.398374e+07   1.484659e+06   181.250 (  2370      0)   181.219 (  3712      0)
tl-sc dp3d-from-ps                      8192     8192 1.398374e+07   4.560452e+02     0.067 (  1792      0)     0.049 (   980      0)
tl-sc prim_step-loop                    8192     8192 1.398374e+07   1.364113e+06   167.180 (  4242      0)   165.466 (  7154      0)
tl-s prim_step                          8192     8192 4.195123e+07   1.363848e+06   167.149 (  4242      0)   165.431 (  7154      0)
tl-s deep_copy+derived_dp               8192     8192 4.195123e+07   2.034334e+03     0.286 (  6912      0)     0.224 (  5977      0)
tl-s prim_advance_exp-loop              8192     8192 4.195123e+07   5.131036e+05    73.573 (  1070      0)    45.707 (  7167      0)
tl-ae prim_advance_exp                  8192     8192 4.195123e+07   5.127889e+05    73.536 (  1070      0)    45.667 (  7167      0)
tl-ae U3-5stage_timestep                8192     8192 4.195123e+07   2.621278e+05    44.531 (  1065      0)    21.428 (  7167      0)
caar compute                            8192     8192 2.097562e+08   6.669393e+04     9.540 (  3840      0)     7.401 (  6837      0)
caar_bexchV                             8192     8192 2.097562e+08   1.895339e+05    36.288 (  1065      0)    12.151 (  7167      0)
tl-ae advance_hypervis_dp               8192     8192 4.195123e+07   2.500277e+05    39.642 (  1193      0)    22.994 (  7159      0)
hvf-bhwk                                8192     8192 1.258537e+08   1.369002e+05    23.741 (  1076      0)    12.891 (  7165      0)
hvf-bexch                               8192     8192 2.517074e+08   1.852917e+05    32.005 (  1193      0)    14.799 (  7154      0)
tl-s prim_advec_tracers_remap           8192     8192 4.195123e+07   8.479076e+05   119.945 (  7167      0)    92.841 (  7761      0)
tl-at prim_advec_tracers_remap_RK2      8192     8192 4.195123e+07   8.475149e+05   119.895 (  7167      0)    92.794 (  7761      0)
tl-at precompute_divdp                  8192     8192 4.195123e+07   2.395229e+03     0.392 (  7104      0)     0.252 (  1474      0)
tl-at esf-0                             8192     8192 4.195123e+07   2.275839e+05    35.423 (  7040      0)    22.225 (  7191      0)
tl-at esf-1                             8192     8192 4.195123e+07   1.680851e+05    25.740 (  7150      0)    17.736 (  1175      0)
tl-at esf-2                             8192     8192 4.195123e+07   4.319303e+05    66.178 (  2395      0)    46.851 (   697      0)
tl-at qdp_time_avg                      8192     8192 4.195123e+07   1.559920e+04     2.177 (  4623      0)     1.603 (  4209      0)
tl-sc vertical_remap                    8192     8192 1.398374e+07   1.070320e+05    14.099 (  3918      0)    12.408 (  4242      0)
Remap Thickness Functor                 8192     8192 1.398374e+07   1.242169e+03     0.176 (  5056      0)     0.130 (  6488      0)
Remap Scale States Functor              8192     8192 1.398374e+07   6.153486e+02     0.091 (    98      0)     0.059 (  2467      0)
Remap Compute Grids Functor             8192     8192 1.398374e+07   5.036758e+03     0.690 (  3904      0)     0.551 (  1021      0)
Remap Compute Remap Functor             8192     8192 1.398374e+07   9.821712e+04    12.989 (  3918      0)    11.406 (  4242      0)
Remap Rescale States Functor            8192     8192 1.398374e+07   7.152778e+02     0.105 (  7104      0)     0.079 (  3011      0)
tl-sc Q-from-qdp                        8192     8192 1.398374e+07   1.269347e+04     1.741 (  7104      0)     1.533 (  7883      0)
t_prf                                      0        0 0.000000e+00   0.000000e+00     0.000 (     0      0)     0.000 (     0      0)

