LAST_GIT_COMMIT_SHA:STRING=4790f40f2fb6acbc051ce4c988681a628c18e83d

***** GLOBAL STATISTICS ( 17280 MPI TASKS) *****

$Id: gptl.c,v 1.157 2011-03-28 20:55:18 rosinski Exp $
'count' is cumulative. All other stats are max/min
name                               processes  threads        count      walltotal   wallmax (proc   thrd  )   wallmin (proc   thrd  )
Total                                  17280    17280 1.728000e+04   2.989844e+06   173.075 (  8848      0)   172.977 (  4613      0)
prim_init1                             17280    17280 1.728000e+04   4.333364e+04     2.559 (  7293      0)     2.374 ( 10330      0)
repro_sum_int                          17280    17280 7.776000e+05   1.125723e+04     1.794 ( 16628      0)     0.066 ( 13118      0)
prim_init2                             17280    17280 1.728000e+04   2.530488e+04     2.601 ( 10330      0)     0.831 ( 14719      0)
prim_printstate                        17280    17280 1.728000e+04   2.835199e+03     0.202 ( 12962      0)     0.141 (  1128      0)
interp_movie_output                    17280    17280 3.456000e+04   1.144276e+02     0.019 ( 16634      0)     0.000 ( 10665      0)
prim_main_loop                         17280    17280 1.728000e+04   2.619022e+06   151.608 (  8848      0)   151.522 (  2270      0)
prim_run                               17280    17280 1.555200e+07   2.618844e+06   151.600 (  8836      0)   151.511 (  2281      0)
tl-sc prim_run_subcycle_c              17280    17280 1.555200e+07   2.618225e+06   151.565 (  9377      0)   151.471 (  2143      0)
tl-sc dp3d-from-ps                     17280    17280 1.555200e+07   7.488276e+02     0.059 ( 11648      0)     0.036 (  2574      0)
tl-sc prim_step-loop                   17280    17280 1.555200e+07   2.393685e+06   139.436 ( 16600      0)   137.203 (  8148      0)
tl-s prim_step                         17280    17280 4.665600e+07   2.393380e+06   139.420 ( 16600      0)   137.184 (  8148      0)
tl-s deep_copy+derived_dp              17280    17280 4.665600e+07   3.133063e+03     0.221 ( 15360      0)     0.157 ( 16569      0)
tl-s prim_advance_exp-loop             17280    17280 4.665600e+07   8.679676e+05    62.510 ( 16623      0)    35.501 (  8888      0)
tl-ae prim_advance_exp                 17280    17280 4.665600e+07   8.675519e+05    62.487 ( 16623      0)    35.477 (  8888      0)
tl-ae U3-5stage_timestep               17280    17280 4.665600e+07   4.250873e+05    35.794 (  9163      0)    17.027 (  8890      0)
caar compute                           17280    17280 2.332800e+08   1.093543e+05     7.627 (  8128      0)     5.630 ( 16658      0)
caar_bexchV                            17280    17280 2.332800e+08   3.075419e+05    29.331 (  9163      0)     9.583 (  4544      0)
tl-ae advance_hypervis_dp              17280    17280 4.665600e+07   4.416895e+05    35.226 ( 10789      0)    17.254 (  8876      0)
hvf-bhwk                               17280    17280 1.399680e+08   2.403790e+05    20.136 ( 10768      0)     9.650 (  8947      0)
hvf-bexch                              17280    17280 2.799360e+08   3.373369e+05    29.252 ( 10789      0)    11.014 (  8960      0)
tl-s prim_advec_tracers_remap          17280    17280 4.665600e+07   1.521267e+06   103.149 (  8890      0)    76.371 (  6423      0)
tl-at prim_advec_tracers_remap_RK2     17280    17280 4.665600e+07   1.520821e+06   103.123 (  8890      0)    76.347 (  6423      0)
tl-at precompute_divdp                 17280    17280 4.665600e+07   3.525701e+03     0.295 (  4864      0)     0.165 (  9300      0)
tl-at esf-0                            17280    17280 4.665600e+07   3.891049e+05    29.272 (  8890      0)    18.553 (  7792      0)
tl-at esf-1                            17280    17280 4.665600e+07   2.933199e+05    21.731 (  8947      0)    14.280 ( 11253      0)
tl-at esf-2                            17280    17280 4.665600e+07   8.037713e+05    54.404 ( 16777      0)    37.366 ( 15926      0)
tl-at qdp_time_avg                     17280    17280 4.665600e+07   2.889708e+04     1.926 (  8133      0)     1.388 (  6460      0)
tl-sc vertical_remap                   17280    17280 1.555200e+07   1.998082e+05    12.847 (  8148      0)    10.672 (  5142      0)
Remap Thickness Functor                17280    17280 1.555200e+07   2.029740e+03     0.148 (  5632      0)     0.089 ( 16191      0)
Remap Scale States Functor             17280    17280 1.555200e+07   1.013334e+03     0.079 (  5571      0)     0.044 (  5945      0)
Remap Compute Grids Functor            17280    17280 1.555200e+07   8.426863e+03     0.545 (  8000      0)     0.433 (  6006      0)
Remap Compute Remap Functor            17280    17280 1.555200e+07   1.849016e+05    11.921 (  8148      0)     9.875 (  5143      0)
Remap Rescale States Functor           17280    17280 1.555200e+07   1.058886e+03     0.078 (  4672      0)     0.055 ( 15578      0)
tl-sc Q-from-qdp                       17280    17280 1.555200e+07   2.355942e+04     1.531 ( 14016      0)     1.343 (  7454      0)
t_prf                                      0        0 0.000000e+00   0.000000e+00     0.000 (     0      0)     0.000 (     0      0)

