LAST_GIT_COMMIT_SHA:STRING=4790f40f2fb6acbc051ce4c988681a628c18e83d

***** GLOBAL STATISTICS (  6144 MPI TASKS) *****

$Id: gptl.c,v 1.157 2011-03-28 20:55:18 rosinski Exp $
'count' is cumulative. All other stats are max/min
name                               processes  threads        count      walltotal   wallmax (proc   thrd  )   wallmin (proc   thrd  )
Total                                   6144     6144 6.144000e+03   1.071088e+06   174.351 (  1792      0)   174.316 (  4481      0)
prim_init1                              6144     6144 6.144000e+03   4.976137e+03     0.839 (  3083      0)     0.778 (   884      0)
repro_sum_int                           6144     6144 2.764800e+05   1.116879e+03     0.408 (    31      0)     0.035 (  5845      0)
prim_init2                              6144     6144 6.144000e+03   2.791933e+03     0.661 (  2329      0)     0.302 (  4061      0)
prim_printstate                         6144     6144 6.144000e+03   4.286651e+02     0.076 (   326      0)     0.066 (  2218      0)
interp_movie_output                     6144     6144 1.228800e+04   1.082284e+01     0.004 (  1989      0)     0.000 (  3056      0)
prim_main_loop                          6144     6144 6.144000e+03   1.034234e+06   168.349 (  5376      0)   168.319 (  4568      0)
prim_run                                6144     6144 7.864320e+06   1.034170e+06   168.339 (  5379      0)   168.307 (  4590      0)
tl-sc prim_run_subcycle_c               6144     6144 7.864320e+06   1.034009e+06   168.319 (  5379      0)   168.277 (  4579      0)
tl-sc dp3d-from-ps                      6144     6144 7.864320e+06   2.851606e+02     0.056 (  3392      0)     0.041 (  1662      0)
tl-sc prim_step-loop                    6144     6144 7.864320e+06   9.453451e+05   154.503 (  5817      0)   152.436 (  1942      0)
tl-s prim_step                          6144     6144 2.359296e+07   9.451962e+05   154.481 (  5817      0)   152.408 (  1942      0)
tl-s deep_copy+derived_dp               6144     6144 2.359296e+07   1.372952e+03     0.269 (  4160      0)     0.195 (  1778      0)
tl-s prim_advance_exp-loop              6144     6144 2.359296e+07   3.645021e+05    71.590 (  1334      0)    44.282 (  5378      0)
tl-ae prim_advance_exp                  6144     6144 2.359296e+07   3.643248e+05    71.563 (  1334      0)    44.254 (  5378      0)
tl-ae U3-5stage_timestep                6144     6144 2.359296e+07   1.817239e+05    46.338 (  1756      0)    19.658 (  5248      0)
caar compute                            6144     6144 1.179648e+08   3.920394e+04     7.585 (  4672      0)     5.695 (  5047      0)
caar_bexchV                             6144     6144 1.179648e+08   1.387894e+05    40.031 (  1756      0)    11.765 (  3968      0)
tl-ae advance_hypervis_dp               6144     6144 2.359296e+07   1.822303e+05    42.221 (  1580      0)    21.110 (  1954      0)
hvf-bhwk                                6144     6144 7.077888e+07   9.793362e+04    27.788 (  5514      0)    11.240 (  1955      0)
hvf-bexch                               6144     6144 1.415578e+08   1.441219e+05    36.040 (  1580      0)    14.681 (  1954      0)
tl-s prim_advec_tracers_remap           6144     6144 2.359296e+07   5.788473e+05   109.349 (  5378      0)    82.413 (  1334      0)
tl-at prim_advec_tracers_remap_RK2      6144     6144 2.359296e+07   5.786214e+05   109.315 (  5378      0)    82.379 (  1334      0)
tl-at precompute_divdp                  6144     6144 2.359296e+07   1.435871e+03     0.322 (  1920      0)     0.197 (  1091      0)
tl-at esf-0                             6144     6144 2.359296e+07   1.551477e+05    36.082 (  1629      0)    21.047 (  1752      0)
tl-at esf-1                             6144     6144 2.359296e+07   1.167084e+05    26.566 (  5546      0)    15.952 (   543      0)
tl-at esf-2                             6144     6144 2.359296e+07   2.922932e+05    59.919 (  5885      0)    40.000 (  6130      0)
tl-at qdp_time_avg                      6144     6144 2.359296e+07   1.192259e+04     2.264 (  1954      0)     1.548 (  5375      0)
tl-sc vertical_remap                    6144     6144 7.864320e+06   7.873417e+04    14.162 (  1942      0)    12.179 (  5817      0)
Remap Thickness Functor                 6144     6144 7.864320e+06   7.099855e+02     0.136 (  1945      0)     0.098 (  4543      0)
Remap Scale States Functor              6144     6144 7.864320e+06   3.858794e+02     0.079 (  1968      0)     0.050 (   703      0)
Remap Compute Grids Functor             6144     6144 7.864320e+06   2.913887e+03     0.550 (  1941      0)     0.423 (  4876      0)
Remap Compute Remap Functor             6144     6144 7.864320e+06   7.360708e+04    13.220 (  1942      0)    11.399 (  5817      0)
Remap Rescale States Functor            6144     6144 7.864320e+06   4.477643e+02     0.090 (  1920      0)     0.067 (  5661      0)
tl-sc Q-from-qdp                        6144     6144 7.864320e+06   9.430377e+03     1.732 (  1920      0)     1.518 (  5479      0)
t_prf                                      0        0 0.000000e+00   0.000000e+00     0.000 (     0      0)     0.000 (     0      0)

