LAST_GIT_COMMIT_SHA:STRING=adf77c97ed8425a245449f2582d2441f4b72da1e
10950102

***** GLOBAL STATISTICS (   384 MPI TASKS) *****

$Id: gptl.c,v 1.157 2011-03-28 20:55:18 rosinski Exp $
'count' is cumulative. All other stats are max/min
name                           processes  threads        count      walltotal   wallmax (proc   thrd  )   wallmin (proc   thrd  )
"Total"                              384      384 3.840000e+02   1.327008e+04    34.561 (   192      0)    34.553 (    35      0)
"prim_init1"                         384      384 3.840000e+02   5.840987e+01     0.155 (     0      0)     0.151 (   100      0)
"PartitioningTime"                   384      384 3.840000e+02   5.526121e-01     0.002 (   265      0)     0.001 (    98      0)
"repro_sum_int"                      384      384 1.728000e+04   1.289540e+01     0.044 (    75      0)     0.020 (   141      0)
"prim_init2"                         384      768 7.680000e+02   5.079205e+01     0.076 (    35      1)     0.053 (   146      0)
"prim_printstate"                    384      768 7.680000e+02   2.207649e+01     0.034 (     0      0)     0.028 (   254      1)
"interp_movie_output"                384      384 7.680000e+02   2.659388e-01     0.001 (   218      0)     0.000 (     9      0)
"prim_main_loop"                     384      384 3.840000e+02   1.303857e+04    33.958 (   192      0)    33.951 (    35      0)
"prim_run"                           384      768 1.843200e+05   2.607533e+04    33.956 (   192      1)    33.949 (    35      0)
"ApplyCAMForcing"                    384      768 1.843200e+05   2.249823e+02     0.316 (   192      0)     0.263 (     1      0)
"prim_step_rX"                       384      768 5.529600e+05   2.366564e+04    30.901 (    10      0)    30.647 (   192      1)
"prim_step_dyn"                      384      768 5.529600e+05   6.715197e+03    11.519 (    32      0)     6.871 (   192      0)
"prim_advance_exp"                   384      768 5.529600e+05   6.708770e+03    11.511 (    32      0)     6.862 (   192      0)
"U3-5stage_timestep"                 384      768 5.529600e+05   3.772918e+03     7.842 (    32      0)     3.426 (   192      0)
"compute_and_apply_rhs"              384      768 2.764800e+06   3.722172e+03     7.779 (    32      0)     3.361 (   192      0)
"caar_bexchV"                        384      768 2.764800e+06   2.236310e+03     5.980 (    32      0)     1.140 (   192      0)
"advance_hypervis_dp"                384      768 5.529600e+05   2.924064e+03     4.901 (    85      1)     3.331 (   201      0)
"biwkdp3d_bexchV"                    384      768 1.658880e+06   7.482117e+02     1.707 (   298      0)     0.621 (   192      0)
"ahdp_bexchV2"                       384      768 1.658880e+06   7.123728e+02     1.413 (    85      1)     0.681 (   197      1)
"prim_step_advec"                    384      768 5.529600e+05   1.691197e+04    23.809 (   190      0)    19.328 (    32      1)
"PAT_remap"                          384      768 5.529600e+05   1.690717e+04    23.803 (   190      1)    19.321 (    32      0)
"prim_advec_tracers_remap_rk2"       384      768 5.529600e+05   1.690080e+04    23.794 (   190      0)    19.313 (    32      1)
"precomput_divdp"                    384      768 5.529600e+05   2.524299e+01     0.037 (   195      1)     0.030 (    96      0)
"euler_step_0"                       384      768 5.529600e+05   4.138731e+03     6.414 (   175      1)     4.459 (    30      0)
"bihmix_qminmax"                     384      768 1.658880e+06   7.722441e+03    11.912 (   190      0)     8.969 (    32      1)
"eus_neighbor_minmax1"               384      768 5.529600e+05   9.188225e+02     1.874 (   363      1)     0.795 (   366      0)
"nmm_bexchV"                         384      768 5.529600e+05   6.020169e+02     1.469 (   363      0)     0.412 (   353      1)
"eus_2d_advec"                       384      768 1.658880e+06   8.876966e+03    13.696 (   194      1)     9.940 (    32      0)
"eus_bexchV"                         384      768 1.658880e+06   2.731134e+03     5.908 (   173      0)     2.201 (   309      1)
"euler_step_1"                       384      768 5.529600e+05   3.269632e+03     4.755 (   285      1)     3.429 (    31      0)
"euler_step_2"                       384      768 5.529600e+05   9.237540e+03    12.999 (   194      0)    10.953 (    32      0)
"nmm_bexchS_start"                   384      768 5.529600e+05   2.909480e+01     0.128 (   234      0)     0.007 (   376      1)
"biwksc_bexchV"                      384      768 5.529600e+05   1.280292e+03     2.701 (   190      1)     1.021 (    32      0)
"nmm_bexchS_fini"                    384      768 5.529600e+05   6.864409e+01     0.130 (   320      1)     0.029 (   320      0)
"qdp_tavg"                           384      768 5.529600e+05   2.064802e+02     0.328 (   362      1)     0.210 (   180      1)
"vertical_remap"                     384      768 1.843200e+05   2.012374e+03     2.731 (   192      0)     2.550 (    29      0)
"vertical_remap1_1"                  384      768 3.686400e+05   9.108883e+01     0.131 (   210      1)     0.110 (    60      0)
"remap_Q_ppm"                        384      768 1.105920e+06   1.975768e+03     2.686 (   192      0)     2.503 (    29      0)
"vertical_remap1_2"                  384      768 3.686400e+05   1.239027e+02     0.177 (   202      0)     0.153 (    63      1)
"vertical_remap1_3"                  384      768 3.686400e+05   1.775532e+03     2.420 (   192      0)     2.250 (    10      0)
"prim_run_subcyle_diags"             384      768 1.843200e+05   1.198692e+02     0.168 (    70      1)     0.137 (     0      0)
"t_prf"                                0        0 0.000000e+00   0.000000e+00     0.000 (     0      0)     0.000 (     0      0)

10950102
