LAST_GIT_COMMIT_SHA:STRING=4790f40f2fb6acbc051ce4c988681a628c18e83d

***** GLOBAL STATISTICS (   128 MPI TASKS) *****

$Id: gptl.c,v 1.157 2011-03-28 20:55:18 rosinski Exp $
'count' is cumulative. All other stats are max/min
name                               processes  threads        count      walltotal   wallmax (proc   thrd  )   wallmin (proc   thrd  )
Total                                    128      128 1.280000e+02   2.586000e+04   202.189 (   103      0)   201.643 (    49      0)
prim_init1                               128      128 1.280000e+02   8.379609e+01     0.655 (    88      0)     0.654 (    47      0)
repro_sum_int                            128      128 5.760000e+03   3.032494e+00     0.036 (    17      0)     0.016 (     0      0)
prim_init2                               128      128 1.280000e+02   4.539980e+02     3.558 (    98      0)     3.530 (    49      0)
prim_printstate                          128      128 1.280000e+02   4.247415e+01     0.337 (     0      0)     0.331 (    98      0)
interp_movie_output                      128      128 2.560000e+02   3.809714e-02     0.001 (     5      0)     0.000 (   119      0)
prim_main_loop                           128      128 1.280000e+02   2.478505e+04   193.791 (   103      0)   193.245 (    49      0)
prim_run                                 128      128 3.456000e+03   2.478493e+04   193.790 (   103      0)   193.244 (    49      0)
tl-sc prim_run_subcycle_c                128      128 3.456000e+03   2.472811e+04   193.337 (    95      0)   192.920 (    49      0)
tl-sc dp3d-from-ps                       128      128 3.456000e+03   4.782991e+00     0.071 (    85      0)     0.019 (    62      0)
tl-sc prim_step-loop                     128      128 3.456000e+03   2.289861e+04   179.513 (    37      0)   178.175 (    96      0)
tl-s prim_step                           128      128 1.036800e+04   2.289850e+04   179.512 (    37      0)   178.174 (    96      0)
tl-s deep_copy+derived_dp                128      128 1.036800e+04   4.234457e+01     0.589 (   120      0)     0.172 (    14      0)
tl-s prim_advance_exp-loop               128      128 1.036800e+04   3.897756e+03    49.138 (    49      0)    19.763 (    67      0)
tl-ae prim_advance_exp                   128      128 1.036800e+04   3.897615e+03    49.137 (    49      0)    19.762 (    67      0)
tl-ae U3-5stage_timestep                 128      128 1.036800e+04   2.663727e+03    39.348 (    49      0)     9.902 (   100      0)
caar compute                             128      128 5.184000e+04   8.231435e+02     7.497 (   119      0)     5.238 (    48      0)
caar_bexchV                              128      128 5.184000e+04   1.812166e+03    33.570 (    49      0)     3.044 (   100      0)
tl-ae advance_hypervis_dp                128      128 1.036800e+04   1.233629e+03    10.222 (    34      0)     9.228 (    52      0)
hvf-bhwk                                 128      128 3.110400e+04   7.458017e+02     6.322 (    40      0)     5.374 (    54      0)
hvf-bexch                                128      128 6.220800e+04   5.180378e+02     4.855 (    29      0)     3.437 (    90      0)
tl-s prim_advec_tracers_remap            128      128 1.036800e+04   1.895796e+04   158.446 (    73      0)   128.976 (    49      0)
tl-at prim_advec_tracers_remap_RK2       128      128 1.036800e+04   1.895781e+04   158.445 (    73      0)   128.975 (    49      0)
tl-at precompute_divdp                   128      128 1.036800e+04   3.212341e+01     0.385 (     8      0)     0.138 (    49      0)
tl-at esf-0                              128      128 1.036800e+04   6.123126e+03    52.235 (    93      0)    43.286 (    52      0)
tl-at esf-1                              128      128 1.036800e+04   3.679018e+03    33.691 (   103      0)    23.050 (    40      0)
tl-at esf-2                              128      128 1.036800e+04   8.413762e+03    72.988 (   127      0)    58.287 (    49      0)
tl-at qdp_time_avg                       128      128 1.036800e+04   7.088195e+02     9.230 (    80      0)     1.929 (    14      0)
tl-sc vertical_remap                     128      128 3.456000e+03   1.580633e+03    12.972 (    49      0)    12.042 (    27      0)
Remap Thickness Functor                  128      128 3.456000e+03   1.132554e+01     0.136 (   126      0)     0.063 (    61      0)
Remap Scale States Functor               128      128 3.456000e+03   8.767668e+00     0.114 (    72      0)     0.042 (    53      0)
Remap Compute Grids Functor              128      128 3.456000e+03   7.567869e+01     0.873 (   125      0)     0.407 (    61      0)
Remap Compute Remap Functor              128      128 3.456000e+03   1.470839e+03    12.057 (    49      0)    11.279 (    76      0)
Remap Rescale States Functor             128      128 3.456000e+03   5.981349e+00     0.091 (    96      0)     0.039 (    23      0)
tl-sc Q-from-qdp                         128      128 3.456000e+03   2.438890e+02     2.500 (   100      0)     1.522 (    49      0)
t_prf                                      0        0 0.000000e+00   0.000000e+00     0.000 (     0      0)     0.000 (     0      0)

