LAST_GIT_COMMIT_SHA:STRING=4790f40f2fb6acbc051ce4c988681a628c18e83d

***** GLOBAL STATISTICS (  1280 MPI TASKS) *****

$Id: gptl.c,v 1.157 2011-03-28 20:55:18 rosinski Exp $
'count' is cumulative. All other stats are max/min
name                               processes  threads        count      walltotal   wallmax (proc   thrd  )   wallmin (proc   thrd  )
Total                                   1280     1280 1.280000e+03   1.388596e+05   108.505 (   667      0)   108.464 (   103      0)
prim_init1                              1280     1280 1.280000e+03   1.191430e+03     0.937 (  1100      0)     0.888 (   565      0)
repro_sum_int                           1280     1280 5.760000e+04   1.076188e+02     0.183 (   545      0)     0.023 (   128      0)
prim_init2                              1280     1280 1.280000e+03   9.260983e+02     0.826 (   530      0)     0.657 (   150      0)
prim_printstate                         1280     1280 1.280000e+03   1.110386e+02     0.091 (     0      0)     0.086 (   152      0)
interp_movie_output                     1280     1280 2.560000e+03   5.426280e-01     0.001 (   229      0)     0.000 (   993      0)
prim_main_loop                          1280     1280 1.280000e+03   1.260160e+05    98.471 (   667      0)    98.430 (   103      0)
prim_run                                1280     1280 1.715200e+05   1.260140e+05    98.469 (   667      0)    98.429 (   103      0)
tl-sc prim_run_subcycle_c               1280     1280 1.715200e+05   1.259780e+05    98.439 (   667      0)    98.399 (   109      0)
tl-sc dp3d-from-ps                      1280     1280 1.715200e+05   2.147828e+01     0.020 (   320      0)     0.016 (    76      0)
tl-sc prim_step-loop                    1280     1280 1.715200e+05   1.119814e+05    87.779 (  1139      0)    87.015 (   346      0)
tl-s prim_step                          1280     1280 5.145600e+05   1.119777e+05    87.776 (  1139      0)    87.012 (   346      0)
tl-s deep_copy+derived_dp               1280     1280 5.145600e+05   1.654933e+02     0.163 (   948      0)     0.105 (   116      0)
tl-s prim_advance_exp-loop              1280     1280 5.145600e+05   2.872043e+04    27.819 (   109      0)    17.748 (   379      0)
tl-ae prim_advance_exp                  1280     1280 5.145600e+05   2.871561e+04    27.816 (   109      0)    17.744 (   379      0)
tl-ae U3-5stage_timestep                1280     1280 5.145600e+05   1.547727e+04    16.283 (   109      0)     8.919 (   379      0)
caar compute                            1280     1280 2.572800e+06   6.159076e+03     5.619 (   320      0)     4.019 (   100      0)
caar_bexchV                             1280     1280 2.572800e+06   9.040766e+03    11.827 (   109      0)     3.381 (   896      0)
tl-ae advance_hypervis_dp               1280     1280 5.145600e+05   1.322753e+04    13.222 (     3      0)     8.635 (   368      0)
hvf-bhwk                                1280     1280 1.543680e+06   7.832334e+03     8.123 (  1099      0)     5.212 (   397      0)
hvf-bexch                               1280     1280 3.087360e+06   7.627605e+03     9.149 (     6      0)     3.808 (   375      0)
tl-s prim_advec_tracers_remap           1280     1280 5.145600e+05   8.307760e+04    69.465 (   379      0)    59.248 (   109      0)
tl-at prim_advec_tracers_remap_RK2      1280     1280 5.145600e+05   8.307171e+04    69.461 (   379      0)    59.244 (   109      0)
tl-at precompute_divdp                  1280     1280 5.145600e+05   1.582682e+02     0.165 (  1068      0)     0.097 (    86      0)
tl-at esf-0                             1280     1280 5.145600e+05   2.290926e+04    20.696 (   932      0)    15.179 (   101      0)
tl-at esf-1                             1280     1280 5.145600e+05   1.771016e+04    15.285 (   948      0)    12.519 (    81      0)
tl-at esf-2                             1280     1280 5.145600e+05   4.005165e+04    35.081 (   261      0)    29.071 (   109      0)
tl-at qdp_time_avg                      1280     1280 5.145600e+05   2.212059e+03     1.964 (   349      0)     1.455 (   116      0)
tl-sc vertical_remap                    1280     1280 1.715200e+05   1.243431e+04    10.177 (   941      0)     9.433 (  1139      0)
Remap Thickness Functor                 1280     1280 1.715200e+05   8.047796e+01     0.073 (   370      0)     0.053 (   251      0)
Remap Scale States Functor              1280     1280 1.715200e+05   4.014101e+01     0.038 (   988      0)     0.024 (   251      0)
Remap Compute Grids Functor             1280     1280 1.715200e+05   4.566691e+02     0.412 (   355      0)     0.306 (  1142      0)
Remap Compute Remap Functor             1280     1280 1.715200e+05   1.178048e+04     9.637 (   775      0)     8.980 (  1139      0)
Remap Rescale States Functor            1280     1280 1.715200e+05   4.512558e+01     0.039 (   964      0)     0.033 (   201      0)
tl-sc Q-from-qdp                        1280     1280 1.715200e+05   1.535554e+03     1.319 (   379      0)     1.187 (  1099      0)
t_prf                                      0        0 0.000000e+00   0.000000e+00     0.000 (     0      0)     0.000 (     0      0)

