LAST_GIT_COMMIT_SHA:STRING=adf77c97ed8425a245449f2582d2441f4b72da1e
10950097

***** GLOBAL STATISTICS (   192 MPI TASKS) *****

$Id: gptl.c,v 1.157 2011-03-28 20:55:18 rosinski Exp $
'count' is cumulative. All other stats are max/min
name                           processes  threads        count      walltotal   wallmax (proc   thrd  )   wallmin (proc   thrd  )
"Total"                              192      192 1.920000e+02   6.333850e+03    32.993 (   108      0)    32.984 (   156      0)
"prim_init1"                         192      192 1.920000e+02   3.127914e+01     0.167 (     0      0)     0.162 (    68      0)
"PartitioningTime"                   192      192 1.920000e+02   3.144264e-01     0.002 (   105      0)     0.001 (    59      0)
"repro_sum_int"                      192      192 8.640000e+03   4.106329e+00     0.069 (    90      0)     0.016 (     0      0)
"prim_init2"                         192      384 3.840000e+02   2.133102e+01     0.102 (    90      0)     0.049 (     0      1)
"prim_printstate"                    192      384 3.840000e+02   9.333726e+00     0.032 (     0      0)     0.023 (    91      1)
"interp_movie_output"                192      192 3.840000e+02   1.143506e-01     0.001 (    89      0)     0.000 (    53      0)
"prim_main_loop"                     192      192 1.920000e+02   6.197554e+03    32.283 (    64      0)    32.275 (   164      0)
"prim_run"                           192      384 4.608000e+04   1.239453e+04    32.281 (    64      1)    32.273 (   156      0)
"ApplyCAMForcing"                    192      384 4.608000e+04   1.210073e+02     0.339 (    64      0)     0.292 (     0      1)
"prim_step_rX"                       192      384 1.382400e+05   1.115756e+04    29.107 (    59      0)    28.959 (    64      1)
"prim_step_dyn"                      192      384 1.382400e+05   2.813834e+03     8.502 (   162      0)     6.311 (    84      1)
"prim_advance_exp"                   192      384 1.382400e+05   2.811749e+03     8.496 (   162      0)     6.306 (    84      1)
"U3-5stage_timestep"                 192      384 1.382400e+05   1.587217e+03     5.177 (    42      0)     3.196 (    84      1)
"compute_and_apply_rhs"              192      384 6.912000e+05   1.565118e+03     5.120 (    42      0)     3.137 (    84      1)
"caar_bexchV"                        192      384 6.912000e+05   7.871448e+02     3.170 (   164      0)     1.011 (    84      1)
"advance_hypervis_dp"                192      384 1.382400e+05   1.220806e+03     3.393 (    53      0)     3.052 (   115      0)
"biwkdp3d_bexchV"                    192      384 4.147200e+05   2.318489e+02     0.760 (   188      0)     0.486 (     0      0)
"ahdp_bexchV2"                       192      384 4.147200e+05   2.253147e+02     0.721 (   186      0)     0.496 (     0      0)
"prim_step_advec"                    192      384 1.382400e+05   8.324515e+03    22.639 (    84      0)    20.520 (   162      1)
"PAT_remap"                          192      384 1.382400e+05   8.323192e+03    22.636 (    84      0)    20.516 (   162      1)
"prim_advec_tracers_remap_rk2"       192      384 1.382400e+05   8.321471e+03    22.632 (    84      0)    20.512 (   162      1)
"precomput_divdp"                    192      384 1.382400e+05   1.268296e+01     0.036 (    64      0)     0.031 (    51      1)
"euler_step_0"                       192      384 1.382400e+05   2.124840e+03     6.102 (   108      0)     4.890 (   163      1)
"bihmix_qminmax"                     192      384 4.147200e+05   3.829182e+03    11.022 (    84      1)     9.245 (     6      0)
"eus_neighbor_minmax1"               192      384 1.382400e+05   4.774234e+02     1.632 (   181      0)     0.837 (     3      0)
"nmm_bexchV"                         192      384 1.382400e+05   2.809586e+02     1.137 (   181      1)     0.388 (   105      1)
"eus_2d_advec"                       192      384 4.147200e+05   4.348844e+03    12.866 (     6      0)    10.407 (   162      1)
"eus_bexchV"                         192      384 4.147200e+05   1.074627e+03     4.325 (     6      1)     1.977 (   162      0)
"euler_step_1"                       192      384 1.382400e+05   1.612970e+03     4.567 (    16      0)     3.938 (   188      1)
"euler_step_2"                       192      384 1.382400e+05   4.452623e+03    12.138 (     6      0)    11.052 (    42      1)
"nmm_bexchS_start"                   192      384 1.382400e+05   7.516308e+00     0.048 (    74      0)     0.004 (   160      1)
"biwksc_bexchV"                      192      384 1.382400e+05   4.683908e+02     1.853 (     2      1)     0.839 (    42      0)
"nmm_bexchS_fini"                    192      384 1.382400e+05   4.264218e+01     0.137 (    85      0)     0.088 (    64      0)
"qdp_tavg"                           192      384 1.382400e+05   1.118424e+02     0.351 (    24      0)     0.223 (   133      0)
"vertical_remap"                     192      384 4.608000e+04   1.027378e+03     2.727 (    79      1)     2.631 (    15      1)
"vertical_remap1_1"                  192      384 1.843200e+05   4.627551e+01     0.129 (    92      1)     0.113 (    30      0)
"remap_Q_ppm"                        192      384 5.529600e+05   1.008880e+03     2.675 (    79      1)     2.585 (    59      1)
"vertical_remap1_2"                  192      384 1.843200e+05   6.389252e+01     0.177 (    92      0)     0.158 (    14      1)
"vertical_remap1_3"                  192      384 1.843200e+05   9.062752e+02     2.403 (   104      1)     2.324 (    59      1)
"prim_run_subcyle_diags"             192      384 4.608000e+04   6.352618e+01     0.187 (    83      0)     0.149 (   123      1)
"t_prf"                                0        0 0.000000e+00   0.000000e+00     0.000 (     0      0)     0.000 (     0      0)

10950097
