LAST_GIT_COMMIT_SHA:STRING=adf77c97ed8425a245449f2582d2441f4b72da1e
10950705

***** GLOBAL STATISTICS (   384 MPI TASKS) *****

$Id: gptl.c,v 1.157 2011-03-28 20:55:18 rosinski Exp $
'count' is cumulative. All other stats are max/min
name                           processes  threads        count      walltotal   wallmax (proc   thrd  )   wallmin (proc   thrd  )
"Total"                              384      384 3.840000e+02   7.794158e+04   203.083 (   352      0)   202.882 (    76      0)
"prim_init1"                         384      384 3.840000e+02   2.897538e+02     0.757 (   320      0)     0.752 (    25      0)
"PartitioningTime"                   384      384 3.840000e+02   3.250964e-01     0.003 (   140      0)     0.001 (    73      0)
"repro_sum_int"                      384      384 1.728000e+04   1.419215e+01     0.046 (   329      0)     0.026 (   236      0)
"prim_init2"                         384      768 7.680000e+02   1.212667e+02     0.168 (     1      1)     0.146 (   192      1)
"prim_printstate"                    384      768 7.680000e+02   4.742563e+01     0.069 (     0      0)     0.061 (    79      1)
"interp_movie_output"                384      384 7.680000e+02   2.636194e-01     0.001 (   263      0)     0.000 (    27      0)
"prim_main_loop"                     384      384 3.840000e+02   7.609448e+04   198.273 (   331      0)   198.072 (    76      0)
"prim_run"                           384      768 6.144000e+04   1.521879e+05   198.272 (   352      1)   198.071 (    76      0)
"ApplyCAMForcing"                    384      768 6.144000e+04   1.462526e+03     3.419 (   321      0)     1.312 (   111      0)
"prim_step_rX"                       384      768 1.843200e+05   1.385072e+05   181.595 (   111      0)   178.891 (   321      0)
"prim_step_dyn"                      384      768 1.843200e+05   3.908892e+04    72.532 (    76      1)    29.020 (   352      1)
"prim_advance_exp"                   384      768 1.843200e+05   3.908583e+04    72.528 (    76      1)    29.015 (   352      1)
"U3-5stage_timestep"                 384      768 1.843200e+05   2.224611e+04    56.104 (    74      1)    14.701 (   350      1)
"compute_and_apply_rhs"              384      768 9.216000e+05   2.211776e+04    55.973 (    74      1)    14.478 (   350      1)
"caar_bexchV"                        384      768 9.216000e+05   1.430708e+04    46.712 (    74      1)     2.248 (   352      1)
"advance_hypervis_dp"                384      768 1.843200e+05   1.683450e+04    40.170 (    65      1)    14.287 (   360      0)
"biwkdp3d_bexchV"                    384      768 5.529600e+05   4.899344e+03    23.932 (   154      1)     1.035 (   320      0)
"ahdp_bexchV2"                       384      768 5.529600e+05   4.348548e+03    23.727 (    60      1)     1.561 (   353      0)
"prim_step_advec"                    384      768 1.843200e+05   9.920660e+04   149.710 (   350      0)   108.248 (    76      1)
"PAT_remap"                          384      768 1.843200e+05   9.920485e+04   149.707 (   350      0)   108.245 (    76      1)
"prim_advec_tracers_remap_rk2"       384      768 1.843200e+05   9.920247e+04   149.704 (   350      0)   108.242 (    76      1)
"precomput_divdp"                    384      768 1.843200e+05   1.480798e+02     0.326 (   261      0)     0.144 (    10      0)
"euler_step_0"                       384      768 1.843200e+05   2.705291e+04    42.776 (   366      0)    26.917 (    83      1)
"bihmix_qminmax"                     384      768 5.529600e+05   4.467636e+04    66.675 (   330      0)    49.444 (    16      1)
"eus_neighbor_minmax1"               384      768 1.843200e+05   5.999154e+03    14.725 (    10      1)     4.030 (   110      0)
"nmm_bexchV"                         384      768 1.843200e+05   2.670832e+03    12.912 (    10      1)     1.506 (   125      1)
"eus_2d_advec"                       384      768 5.529600e+05   5.260470e+04    79.295 (   366      0)    55.620 (    76      0)
"eus_bexchV"                         384      768 5.529600e+05   1.542451e+04    30.959 (   111      0)    10.531 (    76      0)
"euler_step_1"                       384      768 1.843200e+05   1.925844e+04    29.568 (   191      0)    20.065 (    96      0)
"euler_step_2"                       384      768 1.843200e+05   5.098814e+04    74.970 (   189      1)    57.619 (    76      1)
"nmm_bexchS_start"                   384      768 1.843200e+05   3.541635e+01     0.770 (   362      1)     0.003 (   185      1)
"biwksc_bexchV"                      384      768 1.843200e+05   4.738171e+03    14.070 (   111      1)     3.101 (   169      0)
"nmm_bexchS_fini"                    384      768 1.843200e+05   1.134859e+03     3.423 (   325      1)     0.645 (    64      0)
"qdp_tavg"                           384      768 1.843200e+05   1.744680e+03     4.746 (   346      1)     1.139 (   195      1)
"vertical_remap"                     384      768 6.144000e+04   1.099682e+04    14.972 (   315      0)    13.881 (   151      1)
"vertical_remap1_1"                  384      768 1.966080e+06   4.796284e+02     0.654 (    53      0)     0.578 (   161      0)
"remap_Q_ppm"                        384      768 5.898240e+06   1.080239e+04    14.716 (   314      0)    13.637 (   151      1)
"vertical_remap1_2"                  384      768 1.966080e+06   6.759514e+02     0.922 (     2      0)     0.828 (   139      0)
"vertical_remap1_3"                  384      768 1.966080e+06   9.724475e+03    13.321 (   314      0)    12.298 (   225      1)
"prim_run_subcyle_diags"             384      768 6.144000e+04   9.147650e+02     2.311 (   352      1)     0.794 (   170      1)
"t_prf"                                0        0 0.000000e+00   0.000000e+00     0.000 (     0      0)     0.000 (     0      0)

10950705
