LAST_GIT_COMMIT_SHA:STRING=adf77c97ed8425a245449f2582d2441f4b72da1e
10950817

***** GLOBAL STATISTICS ( 43200 MPI TASKS) *****

$Id: gptl.c,v 1.157 2011-03-28 20:55:18 rosinski Exp $
'count' is cumulative. All other stats are max/min
name                           processes  threads        count      walltotal   wallmax (proc   thrd  )   wallmin (proc   thrd  )
"Total"                            43200    43200 4.320000e+04   1.046051e+07   242.267 ( 36041      0)   241.981 ( 26391      0)
"prim_init1"                       43200    43200 4.320000e+04   2.154745e+05     5.154 (  1490      0)     4.700 ( 41920      0)
"PartitioningTime"                 43200    43200 4.320000e+04   2.562633e+02     0.049 ( 11838      0)     0.002 (  2480      0)
"repro_sum_int"                    43200    43200 1.944000e+06   1.089607e+05     6.299 (    16      0)     0.479 ( 23349      0)
"prim_init2"                       43200    86400 8.640000e+04   2.513520e+05     6.732 (    50      0)     0.869 ( 36961      1)
"prim_printstate"                  43200    86400 8.640000e+04   2.716233e+04     0.365 (  1392      0)     0.269 ( 23121      0)
"interp_movie_output"              43200    43200 8.640000e+04   1.438039e+03     0.096 (  9908      0)     0.004 ( 26955      0)
"prim_main_loop"                   43200    43200 4.320000e+04   9.267363e+06   214.568 ( 42689      0)   214.444 ( 17063      0)
"prim_run"                         43200    86400 1.944000e+08   1.853251e+07   214.550 ( 42689      0)   214.415 ( 17082      1)
"ApplyCAMForcing"                  43200    86400 1.944000e+08   1.142887e+05     1.510 (  2095      1)     1.160 ( 29053      0)
"prim_step_rX"                     43200    86400 5.832000e+08   1.729498e+07   201.032 ( 10192      1)   197.861 (  5963      1)
"prim_step_dyn"                    43200    86400 5.832000e+08   6.927458e+06    94.921 ( 35619      0)    63.617 ( 36435      1)
"prim_advance_exp"                 43200    86400 5.832000e+08   6.921478e+06    94.856 ( 35619      0)    63.547 ( 36435      1)
"U3-5stage_timestep"               43200    86400 5.832000e+08   3.532037e+06    57.550 ( 40476      1)    28.615 ( 42688      0)
"compute_and_apply_rhs"            43200    86400 2.916000e+09   3.495042e+06    57.171 ( 40476      1)    28.182 ( 42688      0)
"caar_bexchV"                      43200    86400 2.916000e+09   2.719479e+06    48.992 ( 40475      1)    18.504 ( 42688      0)
"advance_hypervis_dp"              43200    86400 5.832000e+08   3.379087e+06    49.133 (   197      0)    31.362 ( 36420      0)
"biwkdp3d_bexchV"                  43200    86400 1.749600e+09   1.312652e+06    23.576 (   197      1)    11.045 ( 36424      0)
"ahdp_bexchV2"                     43200    86400 1.749600e+09   1.303392e+06    21.715 (   219      1)    11.115 ( 36418      0)
"prim_step_advec"                  43200    86400 5.832000e+08   1.034395e+07   135.799 ( 36861      1)   105.608 ( 35619      0)
"PAT_remap"                        43200    86400 5.832000e+08   1.033915e+07   135.746 ( 36861      1)   105.554 ( 35619      0)
"prim_advec_tracers_remap_rk2"     43200    86400 5.832000e+08   1.033273e+07   135.674 ( 36861      1)   105.482 ( 35619      1)
"precomput_divdp"                  43200    86400 5.832000e+08   1.336006e+04     0.191 ( 15564      1)     0.143 ( 19722      1)
"euler_step_0"                     43200    86400 5.832000e+08   2.647467e+06    37.667 ( 36861      1)    25.854 ( 40476      0)
"bihmix_qminmax"                   43200    86400 1.749600e+09   4.561996e+06    64.511 ( 36447      0)    46.007 ( 35622      1)
"eus_neighbor_minmax1"             43200    86400 5.832000e+08   7.353257e+05    12.994 ( 36861      1)     6.359 ( 25699      0)
"nmm_bexchV"                       43200    86400 5.832000e+08   5.952597e+05    11.531 ( 36861      1)     4.739 ( 25699      0)
"eus_2d_advec"                     43200    86400 1.749600e+09   5.590149e+06    79.828 ( 36449      1)    56.346 (  3835      0)
"eus_bexchV"                       43200    86400 1.749600e+09   2.360202e+06    42.508 ( 36835      0)    16.923 ( 35798      1)
"euler_step_1"                     43200    86400 5.832000e+08   1.941368e+06    28.550 ( 21312      1)    19.473 ( 37861      0)
"euler_step_2"                     43200    86400 5.832000e+08   5.610655e+06    73.441 ( 43193      1)    56.226 (  3812      1)
"nmm_bexchS_start"                 43200    86400 5.832000e+08   3.149387e+04     1.254 ( 21312      0)     0.066 ( 11957      1)
"biwksc_bexchV"                    43200    86400 5.832000e+08   1.078456e+06    20.933 ( 31818      1)     7.048 ( 35780      1)
"nmm_bexchS_fini"                  43200    86400 5.832000e+08   2.328794e+04     7.990 ( 35780      0)     0.187 (  9728      0)
"qdp_tavg"                         43200    86400 5.832000e+08   9.772562e+04     1.496 ( 28980      0)     0.871 ( 36604      1)
"vertical_remap"                   43200    86400 1.944000e+08   1.031410e+06    14.292 (  5963      1)    11.277 ( 31706      1)
"vertical_remap1_1"                43200    86400 1.944000e+08   4.949696e+04     0.694 (  5963      1)     0.506 ( 31842      1)
"remap_Q_ppm"                      43200    86400 5.832000e+08   1.010347e+06    14.034 (  5963      1)    11.047 ( 31706      1)
"vertical_remap1_2"                43200    86400 1.944000e+08   6.312875e+04     0.969 (  5963      1)     0.675 ( 17712      1)
"vertical_remap1_3"                43200    86400 1.944000e+08   9.063055e+05    12.462 (  5963      1)     9.926 ( 13052      1)
"prim_run_subcyle_diags"           43200    86400 1.944000e+08   5.328634e+04     0.788 (  1306      1)     0.403 ( 14947      0)
"t_prf"                                0        0 0.000000e+00   0.000000e+00     0.000 (     0      0)     0.000 (     0      0)

10950817
