LAST_GIT_COMMIT_SHA:STRING=4790f40f2fb6acbc051ce4c988681a628c18e83d

***** GLOBAL STATISTICS ( 12288 MPI TASKS) *****

$Id: gptl.c,v 1.157 2011-03-28 20:55:18 rosinski Exp $
'count' is cumulative. All other stats are max/min
name                               processes  threads        count      walltotal   wallmax (proc   thrd  )   wallmin (proc   thrd  )
Total                                  12288    12288 1.228800e+04   2.675661e+06   217.782 ( 10771      0)   217.711 (  6841      0)
prim_init1                             12288    12288 1.228800e+04   1.401479e+04     1.168 (  8228      0)     1.089 (  9345      0)
repro_sum_int                          12288    12288 5.529600e+05   5.444177e+03     1.121 (    23      0)     0.047 (  8308      0)
prim_init2                             12288    12288 1.228800e+04   1.400244e+04     1.706 (   781      0)     0.742 (  8806      0)
prim_printstate                        12288    12288 1.228800e+04   1.565338e+03     0.154 (     0      0)     0.118 (  7060      0)
interp_movie_output                    12288    12288 2.457600e+04   3.991151e+01     0.010 (  4996      0)     0.000 (  6188      0)
prim_main_loop                         12288    12288 1.228800e+04   2.585012e+06   210.399 ( 10940      0)   210.345 (  6834      0)
prim_run                               12288    12288 3.145728e+07   2.584742e+06   210.376 ( 10939      0)   210.321 (  6784      0)
tl-sc prim_run_subcycle_c              12288    12288 3.145728e+07   2.584063e+06   210.318 ( 10617      0)   210.269 (   576      0)
tl-sc dp3d-from-ps                     12288    12288 3.145728e+07   9.096620e+02     0.096 ( 10496      0)     0.062 (   536      0)
tl-sc prim_step-loop                   12288    12288 3.145728e+07   2.403931e+06   196.302 (  1090      0)   194.039 ( 10028      0)
tl-s prim_step                         12288    12288 9.437184e+07   2.403370e+06   196.257 (  1090      0)   193.991 ( 10028      0)
tl-s deep_copy+derived_dp              12288    12288 9.437184e+07   3.657303e+03     0.356 (  5952      0)     0.275 (  6318      0)
tl-s prim_advance_exp-loop             12288    12288 9.437184e+07   1.010778e+06    97.437 ( 10660      0)    60.292 (  3584      0)
tl-ae prim_advance_exp                 12288    12288 9.437184e+07   1.010109e+06    97.389 ( 10660      0)    60.230 (  3584      0)
tl-ae U3-5stage_timestep               12288    12288 9.437184e+07   5.032277e+05    59.885 ( 10729      0)    27.904 (  3456      0)
caar compute                           12288    12288 4.718592e+08   8.474741e+04     8.008 (  8512      0)     6.228 (  2920      0)
caar_bexchV                            12288    12288 4.718592e+08   4.074319e+05    52.178 ( 10729      0)    19.277 (  3584      0)
tl-ae advance_hypervis_dp              12288    12288 9.437184e+07   5.055596e+05    55.226 ( 10501      0)    30.727 (  3597      0)
hvf-bhwk                               12288    12288 2.831155e+08   2.665399e+05    32.433 ( 10501      0)    16.002 (  3690      0)
hvf-bexch                              12288    12288 5.662310e+08   4.184385e+05    48.304 ( 10501      0)    23.279 (  3603      0)
tl-s prim_advec_tracers_remap          12288    12288 9.437184e+07   1.387260e+06   133.679 (  3584      0)    97.996 ( 10660      0)
tl-at prim_advec_tracers_remap_RK2     12288    12288 9.437184e+07   1.386408e+06   133.594 (  3584      0)    97.934 ( 10660      0)
tl-at precompute_divdp                 12288    12288 9.437184e+07   4.101861e+03     0.445 ( 10752      0)     0.287 (  1338      0)
tl-at esf-0                            12288    12288 9.437184e+07   3.787500e+05    42.112 ( 10978      0)    25.057 (  1732      0)
tl-at esf-1                            12288    12288 9.437184e+07   2.706944e+05    29.252 ( 11124      0)    18.290 ( 10649      0)
tl-at esf-2                            12288    12288 9.437184e+07   7.051957e+05    73.937 ( 10780      0)    49.244 ( 10515      0)
tl-at qdp_time_avg                     12288    12288 9.437184e+07   2.358141e+04     2.241 ( 10048      0)     1.656 (  1066      0)
tl-sc vertical_remap                   12288    12288 3.145728e+07   1.591263e+05    14.514 ( 10028      0)    12.295 (  1090      0)
Remap Thickness Functor                12288    12288 3.145728e+07   1.920854e+03     0.187 (  8256      0)     0.130 (  2545      0)
Remap Scale States Functor             12288    12288 3.145728e+07   1.111181e+03     0.114 (  5995      0)     0.071 (    85      0)
Remap Compute Grids Functor            12288    12288 3.145728e+07   5.964598e+03     0.562 ( 10432      0)     0.442 (  7034      0)
Remap Compute Remap Functor            12288    12288 3.145728e+07   1.462851e+05    13.401 ( 10028      0)    11.314 (  1090      0)
Remap Rescale States Functor           12288    12288 3.145728e+07   1.302621e+03     0.129 (  3840      0)     0.094 (  3761      0)
tl-sc Q-from-qdp                       12288    12288 3.145728e+07   1.926944e+04     1.736 (  2816      0)     1.548 ( 11067      0)
t_prf                                      0        0 0.000000e+00   0.000000e+00     0.000 (     0      0)     0.000 (     0      0)

