LAST_GIT_COMMIT_SHA:STRING=adf77c97ed8425a245449f2582d2441f4b72da1e
10950689

***** GLOBAL STATISTICS (   512 MPI TASKS) *****

$Id: gptl.c,v 1.157 2011-03-28 20:55:18 rosinski Exp $
'count' is cumulative. All other stats are max/min
name                           processes  threads        count      walltotal   wallmax (proc   thrd  )   wallmin (proc   thrd  )
"Total"                              512      512 5.120000e+02   2.887019e+04    56.395 (    64      0)    56.374 (   436      0)
"prim_init1"                         512      512 5.120000e+02   1.317744e+02     0.261 (    69      0)     0.253 (   193      0)
"PartitioningTime"                   512      512 5.120000e+02   9.304910e-01     0.003 (    99      0)     0.001 (   256      0)
"repro_sum_int"                      512      512 2.304000e+04   1.572115e+01     0.542 (    94      0)     0.021 (     0      0)
"prim_init2"                         512     1024 1.024000e+03   7.306503e+01     0.581 (    94      1)     0.063 (     0      1)
"prim_printstate"                    512     1024 1.024000e+03   3.256591e+01     0.036 (     0      0)     0.031 (   215      0)
"interp_movie_output"                512      512 1.024000e+03   4.593115e-01     0.001 (    64      0)     0.001 (    38      0)
"prim_main_loop"                     512      512 5.120000e+02   2.790239e+04    54.505 (    63      0)    54.484 (   436      0)
"prim_run"                           512     1024 1.372160e+05   5.580306e+04    54.503 (    62      0)    54.482 (   436      1)
"ApplyCAMForcing"                    512     1024 1.372160e+05   5.344743e+02     0.596 (   338      1)     0.450 (   390      0)
"prim_step_rX"                       512     1024 4.116480e+05   5.037281e+04    49.513 (   437      0)    48.983 (   128      1)
"prim_step_dyn"                      512     1024 4.116480e+05   1.276525e+04    15.920 (   232      0)     9.994 (   363      1)
"prim_advance_exp"                   512     1024 4.116480e+05   1.275897e+04    15.914 (   232      0)     9.988 (   363      1)
"U3-5stage_timestep"                 512     1024 4.116480e+05   7.129073e+03    10.339 (   430      0)     4.983 (   363      1)
"compute_and_apply_rhs"              512     1024 2.058240e+06   7.047103e+03    10.257 (   430      0)     4.898 (   363      1)
"caar_bexchV"                        512     1024 2.058240e+06   3.712129e+03     7.169 (   430      0)     1.356 (   363      1)
"advance_hypervis_dp"                512     1024 4.116480e+05   5.618673e+03     6.579 (   242      1)     4.856 (   378      0)
"biwkdp3d_bexchV"                    512     1024 1.234944e+06   1.192105e+03     1.933 (   242      0)     0.648 (   320      0)
"ahdp_bexchV2"                       512     1024 1.234944e+06   1.125159e+03     1.694 (   166      1)     0.686 (   320      0)
"prim_step_advec"                    512     1024 4.116480e+05   3.752835e+04    38.989 (   370      1)    33.331 (   232      0)
"PAT_remap"                          512     1024 4.116480e+05   3.752452e+04    38.986 (   370      1)    33.327 (   232      0)
"prim_advec_tracers_remap_rk2"       512     1024 4.116480e+05   3.751942e+04    38.981 (   370      1)    33.322 (   232      0)
"precomput_divdp"                    512     1024 4.116480e+05   5.661781e+01     0.064 (   136      0)     0.049 (   202      0)
"euler_step_0"                       512     1024 4.116480e+05   9.572475e+03    10.887 (   363      1)     7.627 (   430      0)
"bihmix_qminmax"                     512     1024 1.234944e+06   1.721070e+04    19.319 (    28      0)    15.029 (   223      1)
"eus_neighbor_minmax1"               512     1024 4.116480e+05   2.187453e+03     3.112 (   371      1)     1.357 (   393      0)
"nmm_bexchV"                         512     1024 4.116480e+05   1.309189e+03     2.262 (   391      1)     0.545 (   317      0)
"eus_2d_advec"                       512     1024 1.234944e+06   1.970198e+04    22.288 (    31      1)    17.475 (   232      0)
"eus_bexchV"                         512     1024 1.234944e+06   5.414030e+03     8.893 (   393      0)     3.386 (   140      0)
"euler_step_1"                       512     1024 4.116480e+05   7.208276e+03     7.879 (    24      1)     6.603 (   276      0)
"euler_step_2"                       512     1024 4.116480e+05   2.016902e+04    20.852 (   509      1)    17.959 (   232      1)
"nmm_bexchS_start"                   512     1024 4.116480e+05   2.289085e+01     0.175 (     0      1)     0.005 (   421      1)
"biwksc_bexchV"                      512     1024 4.116480e+05   2.335221e+03     3.786 (   439      1)     1.365 (     3      0)
"nmm_bexchS_fini"                    512     1024 4.116480e+05   2.034102e+02     0.247 (   152      0)     0.085 (   448      0)
"qdp_tavg"                           512     1024 4.116480e+05   4.927496e+02     0.614 (   183      1)     0.348 (   437      1)
"vertical_remap"                     512     1024 1.372160e+05   4.509021e+03     4.538 (    17      0)     4.195 (   445      0)
"vertical_remap1_1"                  512     1024 8.232960e+05   2.009500e+02     0.208 (    40      0)     0.180 (   409      1)
"remap_Q_ppm"                        512     1024 2.469888e+06   4.428814e+03     4.455 (    17      0)     4.121 (   445      0)
"vertical_remap1_2"                  512     1024 8.232960e+05   2.797806e+02     0.289 (    45      0)     0.251 (   435      1)
"vertical_remap1_3"                  512     1024 8.232960e+05   3.980968e+03     4.009 (   510      0)     3.710 (   437      0)
"prim_run_subcyle_diags"             512     1024 1.372160e+05   2.843931e+02     0.353 (   367      1)     0.235 (   429      0)
"t_prf"                                0        0 0.000000e+00   0.000000e+00     0.000 (     0      0)     0.000 (     0      0)

10950689
