LAST_GIT_COMMIT_SHA:STRING=adf77c97ed8425a245449f2582d2441f4b72da1e
10950736

***** GLOBAL STATISTICS (  1280 MPI TASKS) *****

$Id: gptl.c,v 1.157 2011-03-28 20:55:18 rosinski Exp $
'count' is cumulative. All other stats are max/min
name                           processes  threads        count      walltotal   wallmax (proc   thrd  )   wallmin (proc   thrd  )
"Total"                             1280     1280 1.280000e+03   1.855634e+05   145.005 (   381      0)   144.940 (    82      0)
"prim_init1"                        1280     1280 1.280000e+03   1.084464e+03     0.865 (   192      0)     0.784 (   969      0)
"PartitioningTime"                  1280     1280 1.280000e+03   1.945345e+00     0.003 (   140      0)     0.001 (   461      0)
"repro_sum_int"                     1280     1280 5.760000e+04   8.021196e+01     0.143 (  1251      0)     0.031 (   320      0)
"prim_init2"                        1280     2560 2.560000e+03   3.448870e+02     0.214 (  1219      0)     0.103 (   320      0)
"prim_printstate"                   1280     2560 2.560000e+03   1.373606e+02     0.060 (     0      0)     0.053 (    54      0)
"interp_movie_output"               1280     1280 2.560000e+03   1.111067e+00     0.001 (   294      0)     0.000 (     0      0)
"prim_main_loop"                    1280     1280 1.280000e+03   1.735755e+05   135.639 (   381      0)   135.573 (    82      0)
"prim_run"                          1280     2560 3.430400e+05   3.471459e+05   135.637 (   379      0)   135.572 (    82      0)
"ApplyCAMForcing"                   1280     2560 3.430400e+05   3.617178e+03     1.819 (   585      0)     1.140 (   704      1)
"prim_step_rX"                      1280     2560 1.029120e+06   3.125924e+05   122.726 (   111      0)   121.314 (   576      1)
"prim_step_dyn"                     1280     2560 1.029120e+06   7.973577e+04    41.478 (   109      1)    24.040 (   363      0)
"prim_advance_exp"                  1280     2560 1.029120e+06   7.971867e+04    41.472 (   109      1)    24.033 (   363      0)
"U3-5stage_timestep"                1280     2560 1.029120e+06   4.334787e+04    26.463 (   109      1)    11.738 (   908      0)
"compute_and_apply_rhs"             1280     2560 5.145600e+06   4.295922e+04    26.325 (   109      1)    11.554 (   908      0)
"caar_bexchV"                       1280     2560 5.145600e+06   2.223552e+04    18.926 (   109      1)     2.295 (   669      1)
"advance_hypervis_dp"               1280     2560 1.029120e+06   3.634221e+04    20.337 (    62      0)    11.385 (   372      1)
"biwkdp3d_bexchV"                   1280     2560 3.087360e+06   8.175539e+03     7.687 (    72      1)     1.178 (   372      1)
"ahdp_bexchV2"                      1280     2560 3.087360e+06   7.814220e+03     6.601 (    49      1)     1.410 (   372      1)
"prim_step_advec"                   1280     2560 1.029120e+06   2.323523e+05    97.286 (   375      0)    81.034 (   109      0)
"PAT_remap"                         1280     2560 1.029120e+06   2.323424e+05    97.282 (   375      0)    81.031 (   109      0)
"prim_advec_tracers_remap_rk2"      1280     2560 1.029120e+06   2.323290e+05    97.277 (   375      0)    81.026 (   109      0)
"precomput_divdp"                   1280     2560 1.029120e+06   3.559983e+02     0.166 (   921      1)     0.121 (   109      0)
"euler_step_0"                      1280     2560 1.029120e+06   5.804786e+04    25.256 (   931      1)    18.613 (   102      0)
"bihmix_qminmax"                    1280     2560 3.087360e+06   1.054765e+05    45.420 (   961      0)    36.514 (    79      1)
"eus_neighbor_minmax1"              1280     2560 1.029120e+06   1.140101e+04     6.017 (   961      1)     2.929 (    89      0)
"nmm_bexchV"                        1280     2560 1.029120e+06   5.855388e+03     4.113 (   961      1)     1.262 (     4      0)
"eus_2d_advec"                      1280     2560 3.087360e+06   1.227742e+05    52.618 (   885      1)    42.322 (   107      0)
"eus_bexchV"                        1280     2560 3.087360e+06   2.975943e+04    17.088 (    89      0)     8.018 (   472      1)
"euler_step_1"                      1280     2560 1.029120e+06   4.521552e+04    19.318 (   362      0)    15.732 (   107      0)
"euler_step_2"                      1280     2560 1.029120e+06   1.250877e+05    52.831 (   376      0)    44.584 (    79      0)
"nmm_bexchS_start"                  1280     2560 1.029120e+06   7.455847e+01     0.229 (  1152      1)     0.005 (   927      1)
"biwksc_bexchV"                     1280     2560 1.029120e+06   1.179577e+04     8.268 (    88      0)     2.923 (    62      1)
"nmm_bexchS_fini"                   1280     2560 1.029120e+06   2.013098e+03     1.467 (   651      0)     0.484 (   305      1)
"qdp_tavg"                          1280     2560 1.029120e+06   3.566425e+03     1.931 (   399      0)     0.871 (   113      1)
"vertical_remap"                    1280     2560 3.430400e+05   2.825325e+04    11.581 (   583      1)    10.657 (   737      0)
"vertical_remap1_1"                 1280     2560 5.145600e+06   1.259064e+03     0.520 (   335      0)     0.459 (  1152      0)
"remap_Q_ppm"                       1280     2560 1.543680e+07   2.775207e+04    11.378 (   583      1)    10.470 (   737      0)
"vertical_remap1_2"                 1280     2560 5.145600e+06   1.764614e+03     0.730 (   579      0)     0.648 (   756      1)
"vertical_remap1_3"                 1280     2560 5.145600e+06   2.493442e+04    10.221 (   583      1)     9.419 (   733      0)
"prim_run_subcyle_diags"            1280     2560 3.430400e+05   1.983500e+03     1.059 (   672      1)     0.603 (   109      1)
"t_prf"                                0        0 0.000000e+00   0.000000e+00     0.000 (     0      0)     0.000 (     0      0)

10950736
