LAST_GIT_COMMIT_SHA:STRING=4790f40f2fb6acbc051ce4c988681a628c18e83d

***** GLOBAL STATISTICS (  2880 MPI TASKS) *****

$Id: gptl.c,v 1.157 2011-03-28 20:55:18 rosinski Exp $
'count' is cumulative. All other stats are max/min
name                               processes  threads        count      walltotal   wallmax (proc   thrd  )   wallmin (proc   thrd  )
Total                                   2880     2880 2.880000e+03   4.059843e+05   141.012 (   876      0)   140.920 (  1569      0)
prim_init1                              2880     2880 2.880000e+03   5.535384e+03     1.940 (     0      0)     1.810 (   642      0)
repro_sum_int                           2880     2880 1.296000e+05   2.822259e+02     0.254 (   673      0)     0.033 (  1792      0)
prim_init2                              2880     2880 2.880000e+03   2.252438e+03     0.936 (   703      0)     0.714 (   337      0)
prim_printstate                         2880     2880 2.880000e+03   2.991106e+02     0.108 (     0      0)     0.103 (  1134      0)
interp_movie_output                     2880     2880 5.760000e+03   1.478627e+00     0.001 (  2113      0)     0.000 (  1632      0)
prim_main_loop                          2880     2880 2.880000e+03   3.537787e+05   122.886 (   876      0)   122.793 (  1569      0)
prim_run                                2880     2880 4.320000e+05   3.537735e+05   122.884 (   876      0)   122.792 (  1569      0)
tl-sc prim_run_subcycle_c               2880     2880 4.320000e+05   3.536904e+05   122.858 (   876      0)   122.760 (  1551      0)
tl-sc dp3d-from-ps                      2880     2880 4.320000e+05   5.384394e+01     0.022 (  2688      0)     0.018 (  2659      0)
tl-sc prim_step-loop                    2880     2880 4.320000e+05   3.170169e+05   110.893 (  2559      0)   108.869 (  1088      0)
tl-s prim_step                          2880     2880 1.296000e+06   3.170076e+05   110.890 (  2559      0)   108.865 (  1088      0)
tl-s deep_copy+derived_dp               2880     2880 1.296000e+06   3.972311e+02     0.178 (   357      0)     0.110 (  1459      0)
tl-s prim_advance_exp-loop              2880     2880 1.296000e+06   9.002968e+04    41.804 (  1517      0)    18.231 (   875      0)
tl-ae prim_advance_exp                  2880     2880 1.296000e+06   9.001775e+04    41.800 (  1517      0)    18.227 (   875      0)
tl-ae U3-5stage_timestep                2880     2880 1.296000e+06   4.688901e+04    26.654 (  1690      0)     9.269 (   875      0)
caar compute                            2880     2880 6.480000e+06   1.466285e+04     6.096 (  2688      0)     4.327 (  2506      0)
caar_bexchV                             2880     2880 6.480000e+06   3.155631e+04    21.440 (  1690      0)     3.306 (   875      0)
tl-ae advance_hypervis_dp               2880     2880 1.296000e+06   4.310309e+04    22.096 (  2479      0)     8.949 (   875      0)
hvf-bhwk                                2880     2880 3.888000e+06   2.452749e+04    13.559 (  1541      0)     5.459 (  2572      0)
hvf-bexch                               2880     2880 7.776000e+06   2.973813e+04    17.817 (  2479      0)     3.669 (   875      0)
tl-s prim_advec_tracers_remap           2880     2880 1.296000e+06   2.265465e+05    92.111 (   875      0)    68.132 (  1517      0)
tl-at prim_advec_tracers_remap_RK2      2880     2880 1.296000e+06   2.265323e+05    92.106 (   875      0)    68.126 (  1517      0)
tl-at precompute_divdp                  2880     2880 1.296000e+06   3.731239e+02     0.191 (   487      0)     0.096 (  2682      0)
tl-at esf-0                             2880     2880 1.296000e+06   5.861910e+04    26.087 (   634      0)    16.854 (    89      0)
tl-at esf-1                             2880     2880 1.296000e+06   4.607156e+04    20.646 (  1485      0)    14.072 (  1030      0)
tl-at esf-2                             2880     2880 1.296000e+06   1.160821e+05    48.138 (   417      0)    32.588 (  1517      0)
tl-at qdp_time_avg                      2880     2880 1.296000e+06   5.315280e+03     2.155 (  2706      0)     1.482 (  2557      0)
tl-sc vertical_remap                    2880     2880 4.320000e+05   3.273365e+04    12.581 (  1088      0)    10.596 (  2559      0)
Remap Thickness Functor                 2880     2880 4.320000e+05   1.967478e+02     0.078 (  2709      0)     0.058 (  2572      0)
Remap Scale States Functor              2880     2880 4.320000e+05   1.006096e+02     0.045 (  2709      0)     0.027 (  2569      0)
Remap Compute Grids Functor             2880     2880 4.320000e+05   1.130433e+03     0.456 (  2711      0)     0.339 (  1157      0)
Remap Compute Remap Functor             2880     2880 4.320000e+05   3.111371e+04    12.007 (  1088      0)    10.094 (  2559      0)
Remap Rescale States Functor            2880     2880 4.320000e+05   1.141248e+02     0.047 (  2688      0)     0.038 (   796      0)
tl-sc Q-from-qdp                        2880     2880 4.320000e+05   3.872978e+03     1.495 (  2688      0)     1.328 (   430      0)
t_prf                                      0        0 0.000000e+00   0.000000e+00     0.000 (     0      0)     0.000 (     0      0)

