LAST_GIT_COMMIT_SHA:STRING=adf77c97ed8425a245449f2582d2441f4b72da1e
10950719

***** GLOBAL STATISTICS ( 12288 MPI TASKS) *****

$Id: gptl.c,v 1.157 2011-03-28 20:55:18 rosinski Exp $
'count' is cumulative. All other stats are max/min
name                           processes  threads        count      walltotal   wallmax (proc   thrd  )   wallmin (proc   thrd  )
"Total"                            12288    12288 1.228800e+04   2.814849e+06   229.097 (  3073      0)   229.046 (  8099      0)
"prim_init1"                       12288    12288 1.228800e+04   1.756902e+04     1.492 (  3002      0)     1.359 (  7541      0)
"PartitioningTime"                 12288    12288 1.228800e+04   2.067054e+01     0.007 (  4340      0)     0.001 (  2859      0)
"repro_sum_int"                    12288    12288 5.529600e+05   7.154948e+03     1.243 (    45      0)     0.170 ( 10996      0)
"prim_init2"                       12288    24576 2.457600e+04   1.987446e+04     1.499 (     0      0)     0.410 (   546      1)
"prim_printstate"                  12288    24576 2.457600e+04   4.936813e+03     0.316 (     0      0)     0.183 (  8367      1)
"interp_movie_output"              12288    12288 2.457600e+04   8.874199e+01     0.017 (  5901      0)     0.002 (    33      0)
"prim_main_loop"                   12288    12288 1.228800e+04   2.686033e+06   218.605 (  3230      0)   218.571 (  5914      0)
"prim_run"                         12288    24576 6.291456e+07   5.371559e+06   218.585 (  3199      0)   218.551 (  5394      0)
"ApplyCAMForcing"                  12288    24576 6.291456e+07   3.708970e+04     1.727 (  8512      0)     1.300 (  3709      0)
"prim_step_rX"                     12288    24576 1.887437e+08   4.967410e+06   203.419 (  4795      0)   199.829 (  9984      1)
"prim_step_dyn"                    12288    24576 1.887437e+08   1.771503e+06    90.187 (  9659      0)    55.558 (  3072      0)
"prim_advance_exp"                 12288    24576 1.887437e+08   1.769543e+06    90.106 (  9659      0)    55.474 (  3072      0)
"U3-5stage_timestep"               12288    24576 1.887437e+08   9.562036e+05    56.484 (  3695      0)    25.812 (  1280      0)
"compute_and_apply_rhs"            12288    24576 9.437184e+08   9.443042e+05    56.024 (  3695      0)    25.290 (  1280      0)
"caar_bexchV"                      12288    24576 9.437184e+08   6.921563e+05    46.248 (  3688      1)    14.322 (  3072      0)
"advance_hypervis_dp"              12288    24576 1.887437e+08   8.099799e+05    43.517 (  4090      1)    27.068 (  8299      0)
"biwkdp3d_bexchV"                  12288    24576 5.662310e+08   2.831275e+05    19.798 (  4090      1)     6.491 (  2394      0)
"ahdp_bexchV2"                     12288    24576 5.662310e+08   2.799622e+05    17.014 (  4091      1)     6.240 (  2394      0)
"prim_step_advec"                  12288    24576 1.887437e+08   3.188209e+06   144.571 (  3072      0)   112.695 (  9659      1)
"PAT_remap"                        12288    24576 1.887437e+08   3.186618e+06   144.502 (  3072      0)   112.632 (  9659      1)
"prim_advec_tracers_remap_rk2"     12288    24576 1.887437e+08   3.184511e+06   144.428 (  3072      0)   112.546 (  9659      1)
"precomput_divdp"                  12288    24576 1.887437e+08   4.339103e+03     0.224 ( 11874      0)     0.167 (  9941      0)
"euler_step_0"                     12288    24576 1.887437e+08   7.916034e+05    39.821 (  4693      1)    26.062 (  9947      0)
"bihmix_qminmax"                   12288    24576 5.662310e+08   1.441782e+06    73.682 (  4864      0)    50.524 ( 10534      1)
"eus_neighbor_minmax1"             12288    24576 1.887437e+08   2.013844e+05    13.274 (  4693      1)     5.532 (  9892      0)
"nmm_bexchV"                       12288    24576 1.887437e+08   1.564352e+05    11.491 (  4693      1)     3.788 (  9892      0)
"eus_2d_advec"                     12288    24576 5.662310e+08   1.683845e+06    85.559 (  3718      1)    58.782 (  1828      0)
"eus_bexchV"                       12288    24576 5.662310e+08   6.891519e+05    46.290 (  3718      0)    18.625 (  9664      0)
"euler_step_1"                     12288    24576 1.887437e+08   6.026948e+05    28.142 (  3235      1)    21.588 ( 10649      0)
"euler_step_2"                     12288    24576 1.887437e+08   1.746618e+06    82.342 (  3718      1)    60.714 (  9635      0)
"nmm_bexchS_start"                 12288    24576 1.887437e+08   9.825078e+03     1.176 (  2688      0)     0.078 (  3413      1)
"biwksc_bexchV"                    12288    24576 1.887437e+08   3.368223e+05    24.052 (  4693      1)     8.445 (  4158      0)
"nmm_bexchS_fini"                  12288    24576 1.887437e+08   7.407317e+03     1.821 (  1789      1)     0.214 (  6976      0)
"qdp_tavg"                         12288    24576 1.887437e+08   3.187497e+04     1.737 (  9995      1)     1.008 (  3708      1)
"vertical_remap"                   12288    24576 6.291456e+07   3.382037e+05    16.161 (  9396      0)    12.701 (  4795      1)
"vertical_remap1_1"                12288    24576 6.291456e+07   1.553191e+04     0.766 (  9396      0)     0.566 (  5352      1)
"remap_Q_ppm"                      12288    24576 1.887437e+08   3.317419e+05    15.910 (  9396      0)    12.468 (  4795      1)
"vertical_remap1_2"                12288    24576 6.291456e+07   2.072484e+04     1.077 (  9396      0)     0.764 ( 10136      0)
"vertical_remap1_3"                12288    24576 6.291456e+07   2.980389e+05    14.158 (  9396      0)    11.225 (  4795      1)
"prim_run_subcyle_diags"           12288    24576 6.291456e+07   1.753336e+04     0.862 (  3225      0)     0.369 (  2394      0)
"t_prf"                                0        0 0.000000e+00   0.000000e+00     0.000 (     0      0)     0.000 (     0      0)

10950719
