LAST_GIT_COMMIT_SHA:STRING=4790f40f2fb6acbc051ce4c988681a628c18e83d

***** GLOBAL STATISTICS (   192 MPI TASKS) *****

$Id: gptl.c,v 1.157 2011-03-28 20:55:18 rosinski Exp $
'count' is cumulative. All other stats are max/min
name                               processes  threads        count      walltotal   wallmax (proc   thrd  )   wallmin (proc   thrd  )
Total                                    192      192 1.920000e+02   7.711966e+03    40.175 (    84      0)    40.161 (   181      0)
prim_init1                               192      192 1.920000e+02   5.920520e+01     0.328 (     0      0)     0.306 (   156      0)
repro_sum_int                            192      192 8.640000e+03   7.226526e+00     0.048 (    87      0)     0.013 (     0      0)
prim_init2                               192      192 1.920000e+02   1.343963e+02     0.709 (   163      0)     0.676 (     0      0)
prim_printstate                          192      192 1.920000e+02   1.417864e+01     0.079 (     0      0)     0.073 (   129      0)
interp_movie_output                      192      192 3.840000e+02   5.184817e-02     0.001 (   141      0)     0.000 (    35      0)
prim_main_loop                           192      192 1.920000e+02   7.325190e+03    38.160 (    85      0)    38.146 (   181      0)
prim_run                                 192      192 9.600000e+03   7.325042e+03    38.159 (    84      0)    38.145 (   181      0)
tl-sc prim_run_subcycle_c                192      192 9.600000e+03   7.318846e+03    38.125 (     8      0)    38.113 (   188      0)
tl-sc dp3d-from-ps                       192      192 9.600000e+03   1.356778e+00     0.008 (     0      0)     0.007 (   162      0)
tl-sc prim_step-loop                     192      192 9.600000e+03   6.493805e+03    33.924 (   115      0)    33.687 (    52      0)
tl-s prim_step                           192      192 2.880000e+04   6.493578e+03    33.923 (   115      0)    33.686 (    52      0)
tl-s deep_copy+derived_dp                192      192 2.880000e+04   1.086645e+01     0.065 (    94      0)     0.048 (   110      0)
tl-s prim_advance_exp-loop               192      192 2.880000e+04   1.436563e+03     8.253 (    88      0)     6.809 (    55      0)
tl-ae prim_advance_exp                   192      192 2.880000e+04   1.436267e+03     8.252 (    88      0)     6.808 (    55      0)
tl-ae U3-5stage_timestep                 192      192 2.880000e+04   7.853467e+02     4.727 (    88      0)     3.528 (    55      0)
caar compute                             192      192 1.440000e+05   3.907040e+02     2.295 (     0      0)     1.752 (   110      0)
caar_bexchV                              192      192 1.440000e+05   3.775023e+02     2.696 (    88      0)     1.242 (    55      0)
tl-ae advance_hypervis_dp                192      192 2.880000e+04   6.503100e+02     3.590 (    86      0)     3.234 (    46      0)
hvf-bhwk                                 192      192 8.640000e+04   3.952555e+02     2.178 (     0      0)     1.986 (   145      0)
hvf-bexch                                192      192 1.728000e+05   3.036138e+02     1.883 (    86      0)     1.303 (    43      0)
tl-s prim_advec_tracers_remap            192      192 2.880000e+04   5.045289e+03    26.925 (    55      0)    25.519 (    90      0)
tl-at prim_advec_tracers_remap_RK2       192      192 2.880000e+04   5.044957e+03    26.923 (    55      0)    25.517 (    90      0)
tl-at precompute_divdp                   192      192 2.880000e+04   1.040957e+01     0.073 (   110      0)     0.044 (    98      0)
tl-at esf-0                              192      192 2.880000e+04   1.443237e+03     8.157 (   119      0)     6.604 (    40      0)
tl-at esf-1                              192      192 2.880000e+04   1.059193e+03     6.080 (    47      0)     5.128 (    90      0)
tl-at esf-2                              192      192 2.880000e+04   2.385316e+03    13.176 (    16      0)    12.037 (    96      0)
tl-at qdp_time_avg                       192      192 2.880000e+04   1.450369e+02     0.807 (   164      0)     0.664 (   114      0)
tl-sc vertical_remap                     192      192 9.600000e+03   7.309594e+02     3.937 (    52      0)     3.714 (   115      0)
Remap Thickness Functor                  192      192 9.600000e+03   5.143551e+00     0.031 (    37      0)     0.022 (   114      0)
Remap Scale States Functor               192      192 9.600000e+03   2.789354e+00     0.018 (    80      0)     0.012 (     5      0)
Remap Compute Grids Functor              192      192 9.600000e+03   2.818394e+01     0.166 (   162      0)     0.124 (   109      0)
Remap Compute Remap Functor              192      192 9.600000e+03   6.883951e+02     3.692 (    43      0)     3.518 (   116      0)
Remap Rescale States Functor             192      192 9.600000e+03   2.695692e+00     0.015 (   106      0)     0.013 (    42      0)
tl-sc Q-from-qdp                         192      192 9.600000e+03   9.240697e+01     0.516 (     0      0)     0.471 (   188      0)
t_prf                                      0        0 0.000000e+00   0.000000e+00     0.000 (     0      0)     0.000 (     0      0)

