LAST_GIT_COMMIT_SHA:STRING=adf77c97ed8425a245449f2582d2441f4b72da1e
10950813

***** GLOBAL STATISTICS (  5760 MPI TASKS) *****

$Id: gptl.c,v 1.157 2011-03-28 20:55:18 rosinski Exp $
'count' is cumulative. All other stats are max/min
name                           processes  threads        count      walltotal   wallmax (proc   thrd  )   wallmin (proc   thrd  )
"Total"                             5760     5760 5.760000e+03   1.014830e+06   176.217 (  4661      0)   176.157 (  5434      0)
"prim_init1"                        5760     5760 5.760000e+03   9.844027e+03     1.749 (  3332      0)     1.574 (  1666      0)
"PartitioningTime"                  5760     5760 5.760000e+03   1.632989e+01     0.005 (   419      0)     0.002 (  4066      0)
"repro_sum_int"                     5760     5760 2.592000e+05   1.243349e+03     0.657 (  1717      0)     0.063 (  4502      0)
"prim_init2"                        5760    11520 1.152000e+04   3.278836e+03     0.692 (  1717      1)     0.143 (  4483      0)
"prim_printstate"                   5760    11520 1.152000e+04   9.575872e+02     0.087 (     0      0)     0.081 (  3030      0)
"interp_movie_output"               5760     5760 1.152000e+04   1.492407e+01     0.008 (  3777      0)     0.000 (    34      0)
"prim_main_loop"                    5760     5760 5.760000e+03   9.136677e+05   158.653 (  4781      0)   158.591 (  5434      0)
"prim_run"                          5760    11520 3.456000e+06   1.827293e+06   158.650 (  4781      1)   158.587 (  5434      0)
"ApplyCAMForcing"                   5760    11520 3.456000e+06   1.619163e+04     1.723 (  3307      0)     1.081 (  1920      1)
"prim_step_rX"                      5760    11520 1.036800e+07   1.648430e+06   144.504 (  1933      0)   141.896 (    64      1)
"prim_step_dyn"                     5760    11520 1.036800e+07   4.563433e+05    53.912 (  1944      1)    28.727 (  5137      0)
"prim_advance_exp"                  5760    11520 1.036800e+07   4.562012e+05    53.899 (  1944      1)    28.716 (  5137      0)
"U3-5stage_timestep"                5760    11520 1.036800e+07   2.347942e+05    30.269 (  4709      1)    14.046 (  5137      0)
"compute_and_apply_rhs"             5760    11520 5.184000e+07   2.327664e+05    30.077 (  4709      1)    13.860 (  5137      0)
"caar_bexchV"                       5760    11520 5.184000e+07   1.318697e+05    22.207 (  1944      1)     3.588 (  1344      0)
"advance_hypervis_dp"               5760    11520 1.036800e+07   2.211630e+05    25.175 (  1943      0)    14.228 (  1751      1)
"biwkdp3d_bexchV"                   5760    11520 3.110400e+07   6.089498e+04     9.341 (  5563      1)     2.107 (  5120      0)
"ahdp_bexchV2"                      5760    11520 3.110400e+07   6.059649e+04     8.990 (  4055      1)     2.156 (  5120      0)
"prim_step_advec"                   5760    11520 1.036800e+07   1.189768e+06   113.845 (  5137      0)    90.001 (  1943      1)
"PAT_remap"                         5760    11520 1.036800e+07   1.189679e+06   113.838 (  5137      0)    89.993 (  1943      1)
"prim_advec_tracers_remap_rk2"      5760    11520 1.036800e+07   1.189558e+06   113.830 (  5137      0)    89.981 (  1943      1)
"precomput_divdp"                   5760    11520 1.036800e+07   1.662993e+03     0.184 (  1344      0)     0.122 (   310      1)
"euler_step_0"                      5760    11520 1.036800e+07   2.846780e+05    29.410 (   809      0)    21.168 (  5208      1)
"bihmix_qminmax"                    5760    11520 3.110400e+07   5.262541e+05    52.816 (   842      0)    40.273 (  1943      1)
"eus_neighbor_minmax1"              5760    11520 1.036800e+07   5.432100e+04     7.825 (   833      1)     3.201 (  5186      0)
"nmm_bexchV"                        5760    11520 1.036800e+07   3.409610e+04     5.854 (   833      1)     1.514 (    47      0)
"eus_2d_advec"                      5760    11520 3.110400e+07   6.456098e+05    66.902 (  5137      0)    48.295 (  1944      1)
"eus_bexchV"                        5760    11520 3.110400e+07   1.681097e+05    25.464 (  1263      1)     7.628 (  5632      0)
"euler_step_1"                      5760    11520 1.036800e+07   2.300319e+05    22.398 (   797      0)    16.930 (  1944      0)
"euler_step_2"                      5760    11520 1.036800e+07   6.581345e+05    64.278 (  5137      1)    50.358 (  1944      1)
"nmm_bexchS_start"                  5760    11520 1.036800e+07   6.535483e+03     1.582 (    65      1)     0.037 (  5285      0)
"biwksc_bexchV"                     5760    11520 1.036800e+07   6.850764e+04    11.304 (   651      1)     3.370 (   728      0)
"nmm_bexchS_fini"                   5760    11520 1.036800e+07   9.706301e+03     2.222 (  5440      1)     0.024 (  4712      0)
"qdp_tavg"                          5760    11520 1.036800e+07   1.455971e+04     1.870 (  3297      0)     0.838 (  5188      1)
"vertical_remap"                    5760    11520 3.456000e+06   1.414707e+05    13.921 (    64      0)    10.594 (  1938      1)
"vertical_remap1_1"                 5760    11520 2.592000e+07   6.172330e+03     0.628 (   396      0)     0.455 (  1964      1)
"remap_Q_ppm"                       5760    11520 7.776000e+07   1.390312e+05    13.677 (    64      0)    10.396 (  1938      1)
"vertical_remap1_2"                 5760    11520 2.592000e+07   8.787025e+03     0.902 (   396      0)     0.638 (  1932      1)
"vertical_remap1_3"                 5760    11520 2.592000e+07   1.250521e+05    12.307 (    64      0)     9.380 (  1924      1)
"prim_run_subcyle_diags"            5760    11520 3.456000e+06   6.007402e+03     0.778 (  3283      0)     0.344 (    42      0)
"t_prf"                                0        0 0.000000e+00   0.000000e+00     0.000 (     0      0)     0.000 (     0      0)

10950813
