LAST_GIT_COMMIT_SHA:STRING=4790f40f2fb6acbc051ce4c988681a628c18e83d
11094971

***** GLOBAL STATISTICS ( 86400 MPI TASKS) *****

$Id: gptl.c,v 1.157 2011-03-28 20:55:18 rosinski Exp $
'count' is cumulative. All other stats are max/min
name                               processes  threads        count      walltotal   wallmax (proc   thrd  )   wallmin (proc   thrd  )
Total                                  86400    86400 8.640000e+04   3.429669e+07   397.315 ( 65630      0)   396.141 ( 38212      0)
prim_init1                             86400    86400 8.640000e+04   1.658605e+06    19.658 ( 65652      0)    18.634 ( 75079      0)
repro_sum_int                          86400    86400 3.888000e+06   2.159437e+05     7.407 (     2      0)     0.721 ( 19106      0)
prim_init2                             86400    86400 8.640000e+04   1.327525e+06    19.901 (     8      0)    13.239 ( 33847      0)
prim_printstate                        86400    86400 8.640000e+04   1.081314e+05     1.469 ( 65886      0)     1.090 ( 23366      0)
interp_movie_output                    86400    86400 1.728000e+05   6.404609e+03     0.156 ( 31092      0)     0.058 ( 75590      0)
prim_main_loop                         86400    86400 8.640000e+04   1.418515e+07   164.296 ( 75740      0)   163.669 ( 39316      0)
prim_run                               86400    86400 3.888000e+08   1.417590e+07   164.211 ( 75739      0)   163.557 ( 39312      0)
tl-sc prim_run_subcycle_c              86400    86400 3.888000e+08   1.411309e+07   163.439 ( 23895      0)   163.209 (   544      0)
tl-sc dp3d-from-ps                     86400    86400 3.888000e+08   1.935068e+04     0.277 ( 63584      0)     0.193 ( 59305      0)
tl-sc prim_step-loop                   86400    86400 3.888000e+08   1.342641e+07   155.883 ( 21501      0)   154.425 ( 32299      0)
tl-s prim_step                         86400    86400 1.166400e+09   1.342054e+07   155.819 ( 21501      0)   154.355 ( 32299      0)
tl-s deep_copy+derived_dp              86400    86400 1.166400e+09   2.170815e+04     0.330 ( 16672      0)     0.227 ( 59610      0)
tl-s prim_advance_exp-loop             86400    86400 1.166400e+09   6.962514e+06    89.194 ( 60504      0)    68.565 (  9094      0)
tl-ae prim_advance_exp                 86400    86400 1.166400e+09   6.949899e+06    89.050 ( 60504      0)    68.413 (  9094      0)
tl-ae U3-5stage_timestep               86400    86400 1.166400e+09   3.312552e+06    46.359 ( 17246      0)    32.129 (  9100      0)
caar compute                           86400    86400 5.832000e+09   4.699458e+05     6.292 ( 11040      0)     5.079 ( 36232      0)
caar_bexchV                            86400    86400 5.832000e+09   2.768069e+06    39.977 ( 17246      0)    25.622 (  9100      0)
tl-ae advance_hypervis_dp              86400    86400 1.166400e+09   3.625627e+06    50.422 ( 17140      0)    35.049 (  9143      0)
hvf-bhwk                               86400    86400 3.499200e+09   1.898535e+06    26.733 ( 17138      0)    18.404 (  9141      0)
hvf-bexch                              86400    86400 6.998400e+09   2.948848e+06    42.346 ( 17143      0)    26.986 (  9120      0)
tl-s prim_advec_tracers_remap          86400    86400 1.166400e+09   6.413962e+06    86.101 (  9094      0)    65.881 ( 60504      0)
tl-at prim_advec_tracers_remap_RK2     86400    86400 1.166400e+09   6.405421e+06    86.004 (  9094      0)    65.786 ( 60504      0)
tl-at precompute_divdp                 86400    86400 1.166400e+09   4.549492e+04     0.727 ( 18448      0)     0.325 ( 29681      0)
tl-at esf-0                            86400    86400 1.166400e+09   1.926102e+06    28.155 (  9100      0)    18.332 (  6904      0)
tl-at esf-1                            86400    86400 1.166400e+09   1.145764e+06    15.620 (  9101      0)    11.639 ( 72563      0)
tl-at esf-2                            86400    86400 1.166400e+09   3.190060e+06    42.752 (  9127      0)    31.731 ( 17157      0)
tl-at qdp_time_avg                     86400    86400 1.166400e+09   6.143383e+04     0.839 ( 22768      0)     0.674 ( 13541      0)
tl-sc vertical_remap                   86400    86400 3.888000e+08   6.207817e+05     8.101 ( 32299      0)     6.718 ( 84826      0)
Remap Thickness Functor                86400    86400 3.888000e+08   4.016828e+04     0.655 ( 52480      0)     0.396 (  5080      0)
Remap Scale States Functor             86400    86400 3.888000e+08   2.091408e+04     0.361 ( 21344      0)     0.203 ( 45552      0)
Remap Compute Grids Functor            86400    86400 3.888000e+08   4.885584e+04     0.641 ( 76992      0)     0.480 ( 21503      0)
Remap Compute Remap Functor            86400    86400 3.888000e+08   3.556022e+05     4.965 ( 32299      0)     3.680 ( 84743      0)
Remap Rescale States Functor           86400    86400 3.888000e+08   1.319542e+04     0.229 ( 78432      0)     0.095 ( 22359      0)
tl-sc Q-from-qdp                       86400    86400 3.888000e+08   3.989230e+04     0.510 ( 16672      0)     0.445 ( 55576      0)
t_prf                                      0        0 0.000000e+00   0.000000e+00     0.000 (     0      0)     0.000 (     0      0)

