
***** GLOBAL STATISTICS (   384 MPI TASKS) *****

$Id: gptl.c,v 1.157 2011-03-28 20:55:18 rosinski Exp $
'count' is cumulative. All other stats are max/min
name                               processes  threads        count      walltotal   wallmax (proc   thrd  )   wallmin (proc   thrd  )
Total                                    384      384 3.840000e+02   1.687094e+04    43.947 (    64      0)    43.927 (   374      0)
prim_init1                               384      384 3.840000e+02   9.544221e+01     0.251 (   193      0)     0.245 (   378      0)
repro_sum_int                            384      384 1.728000e+04   1.462210e+01     0.081 (     9      0)     0.016 (   155      0)
prim_init2                               384      384 3.840000e+02   1.299289e+02     0.376 (    12      0)     0.317 (   312      0)
prim_printstate                          384      384 3.840000e+02   2.352417e+01     0.064 (     0      0)     0.061 (     7      0)
interp_movie_output                      384      384 7.680000e+02   1.314273e-01     0.001 (   197      0)     0.000 (   275      0)
prim_main_loop                           384      384 3.840000e+02   1.626358e+04    42.365 (    64      0)    42.346 (   382      0)
prim_run                                 384      384 3.840000e+04   1.626317e+04    42.364 (    64      0)    42.345 (   380      0)
tl-sc prim_run_subcycle_c                384      384 3.840000e+04   1.625847e+04    42.352 (    64      0)    42.330 (   383      0)
tl-sc dp3d-from-ps                       384      384 3.840000e+04   2.453328e+00     0.007 (   320      0)     0.006 (   195      0)
tl-sc prim_step-loop                     384      384 3.840000e+04   1.421620e+04    37.113 (    40      0)    36.710 (    64      0)
tl-s prim_step                           384      384 1.152000e+05   1.421558e+04    37.111 (    40      0)    36.708 (    64      0)
tl-s deep_copy+derived_dp                384      384 1.152000e+05   2.070528e+01     0.060 (    91      0)     0.049 (    56      0)
tl-s prim_advance_exp-loop               384      384 1.152000e+05   3.728123e+03    11.193 (    24      0)     7.556 (    64      0)
tl-ae prim_advance_exp                   384      384 1.152000e+05   3.727125e+03    11.191 (    24      0)     7.553 (    64      0)
tl-ae U3-5stage_timestep                 384      384 1.152000e+05   2.014939e+03     7.212 (    28      0)     3.763 (    64      0)
caar compute                             384      384 5.760000e+05   8.173367e+02     2.426 (   256      0)     2.014 (    52      0)
caar_bexchV                              384      384 5.760000e+05   1.155558e+03     5.060 (    28      0)     1.249 (    64      0)
tl-ae advance_hypervis_dp                384      384 1.152000e+05   1.710177e+03     5.935 (   234      0)     3.708 (   121      0)
hvf-bhwk                                 384      384 3.456000e+05   1.015028e+03     3.606 (   275      0)     2.209 (   158      0)
hvf-bexch                                384      384 6.912000e+05   9.605763e+02     3.968 (   234      0)     1.540 (    64      0)
tl-s prim_advec_tracers_remap            384      384 1.152000e+05   1.046449e+04    29.088 (    64      0)    25.810 (    24      0)
tl-at prim_advec_tracers_remap_RK2       384      384 1.152000e+05   1.046354e+04    29.085 (    64      0)    25.807 (    24      0)
tl-at precompute_divdp                   384      384 1.152000e+05   1.856555e+01     0.058 (    64      0)     0.040 (   223      0)
tl-at esf-0                              384      384 1.152000e+05   2.899228e+03     8.676 (   123      0)     6.636 (    28      0)
tl-at esf-1                              384      384 1.152000e+05   2.219180e+03     6.643 (    72      0)     5.158 (   138      0)
tl-at esf-2                              384      384 1.152000e+05   5.034238e+03    14.469 (    95      0)    12.217 (   281      0)
tl-at qdp_time_avg                       384      384 1.152000e+05   2.870850e+02     0.859 (    87      0)     0.640 (    62      0)
tl-sc vertical_remap                     384      384 3.840000e+04   1.830052e+03     5.024 (    64      0)     4.675 (    40      0)
Remap Thickness Functor                  384      384 3.840000e+04   1.091148e+01     0.033 (    70      0)     0.025 (   148      0)
Remap Scale States Functor               384      384 3.840000e+04   5.187263e+00     0.016 (   270      0)     0.010 (    62      0)
Remap Compute Grids Functor              384      384 3.840000e+04   6.636681e+01     0.196 (   103      0)     0.159 (    63      0)
Remap Compute Remap Functor              384      384 3.840000e+04   1.737371e+03     4.785 (    64      0)     4.442 (    40      0)
Remap Rescale States Functor             384      384 3.840000e+04   6.594043e+00     0.019 (    64      0)     0.016 (    24      0)
tl-sc Q-from-qdp                         384      384 3.840000e+04   2.088840e+02     0.609 (    64      0)     0.539 (   380      0)
t_prf                                      0        0 0.000000e+00   0.000000e+00     0.000 (     0      0)     0.000 (     0      0)

