
***** GLOBAL STATISTICS (   192 MPI TASKS) *****

$Id: gptl.c,v 1.157 2011-03-28 20:55:18 rosinski Exp $
'count' is cumulative. All other stats are max/min
name                           processes  threads        count      walltotal   wallmax (proc   thrd  )   wallmin (proc   thrd  )
"Total"                              192      192 1.920000e+02   4.562958e+04   237.776 (   128      0)   237.405 (    89      0)
"prim_init1"                         192      192 1.920000e+02   3.239856e+02     1.697 (     0      0)     1.664 (    45      0)
"PartitioningTime"                   192      192 1.920000e+02   4.551716e-01     0.003 (    92      0)     0.001 (    40      0)
"repro_sum_int"                      192      192 8.640000e+03   5.943779e+00     0.034 (    72      0)     0.024 (   170      0)
"prim_init2"                         192      192 1.920000e+02   8.423450e+01     0.444 (    35      0)     0.431 (   177      0)
"prim_printstate"                    192      192 1.920000e+02   2.385579e+01     0.129 (     0      0)     0.124 (    18      0)
"interp_movie_output"                192      192 3.840000e+02   1.061432e-01     0.001 (    88      0)     0.000 (   180      0)
"prim_main_loop"                     192      192 1.920000e+02   4.278228e+04   222.946 (   128      0)   222.576 (    88      0)
"prim_run"                           192      192 3.840000e+03   4.278208e+04   222.945 (   128      0)   222.576 (    89      0)
"ApplyCAMForcing"                    192      192 3.840000e+03   4.721892e+02     4.190 (   185      0)     1.519 (   110      0)
"prim_step_rX"                       192      192 1.152000e+04   3.897670e+04   205.123 (    88      0)   201.625 (     0      0)
"prim_step_dyn"                      192      192 1.152000e+04   5.277303e+03    45.595 (    89      0)    21.401 (   128      0)
"prim_advance_exp"                   192      192 1.152000e+04   5.277103e+03    45.594 (    89      0)    21.400 (   128      0)
"U3-5stage_timestep"                 192      192 1.152000e+04   3.090128e+03    34.098 (    89      0)    10.086 (   128      0)
"compute_and_apply_rhs"              192      192 5.760000e+04   3.060735e+03    33.942 (    89      0)     9.931 (   128      0)
"caar_bexchV"                        192      192 5.760000e+04   1.359284e+03    24.109 (    89      0)     0.663 (   128      0)
"advance_hypervis_dp"                192      192 1.152000e+04   2.186683e+03    12.422 (   109      0)    11.157 (   132      0)
"biwkdp3d_bexchV"                    192      192 3.456000e+04   1.593844e+02     1.693 (   109      0)     0.369 (   128      0)
"ahdp_bexchV2"                       192      192 3.456000e+04   1.624736e+02     1.229 (    93      0)     0.398 (   128      0)
"prim_step_advec"                    192      192 1.152000e+04   3.359054e+04   180.249 (   173      0)   158.929 (    89      0)
"PAT_remap"                          192      192 1.152000e+04   3.359045e+04   180.248 (   173      0)   158.928 (    89      0)
"prim_advec_tracers_remap_rk2"       192      192 1.152000e+04   3.359029e+04   180.247 (   173      0)   158.928 (    89      0)
"precomput_divdp"                    192      192 1.152000e+04   4.826123e+01     0.381 (   127      0)     0.179 (   172      0)
"euler_step_0"                       192      192 1.152000e+04   9.941704e+03    54.062 (   173      0)    49.985 (   125      0)
"bihmix_qminmax"                     192      192 3.456000e+04   1.546449e+04    84.680 (    33      0)    71.299 (    68      0)
"eus_neighbor_minmax1"               192      192 1.152000e+04   1.958442e+03    11.571 (   173      0)     9.025 (   125      0)
"nmm_bexchV"                         192      192 1.152000e+04   7.964612e+02     5.730 (   149      0)     3.226 (   125      0)
"eus_2d_advec"                       192      192 3.456000e+04   1.702830e+04    93.740 (   123      0)    79.931 (    89      0)
"eus_bexchV"                         192      192 3.456000e+04   4.976989e+03    33.222 (   191      0)    16.423 (    89      0)
"euler_step_1"                       192      192 1.152000e+04   6.114436e+03    33.786 (   133      0)    28.268 (    68      0)
"euler_step_2"                       192      192 1.152000e+04   1.643781e+04    87.890 (     0      0)    75.339 (    89      0)
"nmm_bexchS_start"                   192      192 1.152000e+04   1.201373e+00     0.011 (    82      0)     0.003 (     4      0)
"biwksc_bexchV"                      192      192 1.152000e+04   1.804585e+03    12.618 (   164      0)     5.783 (    68      0)
"nmm_bexchS_fini"                    192      192 1.152000e+04   6.165664e+02     4.488 (   157      0)     0.808 (    68      0)
"qdp_tavg"                           192      192 1.152000e+04   1.047375e+03     6.679 (    61      0)     1.835 (   127      0)
"vertical_remap"                     192      192 3.840000e+03   2.807208e+03    16.377 (     0      0)    14.417 (    28      0)
"vertical_remap1_1"                  192      192 7.680000e+05   1.178788e+02     0.677 (   128      0)     0.597 (    31      0)
"remap_Q_ppm"                        192      192 2.304000e+06   2.763722e+03    16.100 (     0      0)    14.197 (    28      0)
"vertical_remap1_2"                  192      192 7.680000e+05   1.748071e+02     0.991 (   128      0)     0.895 (    31      0)
"vertical_remap1_3"                  192      192 7.680000e+05   2.486506e+03    14.553 (     0      0)    12.761 (    18      0)
"prim_run_subcyle_diags"             192      192 3.840000e+03   3.639055e+02     2.854 (    63      0)     0.629 (    92      0)
"t_prf"                                0        0 0.000000e+00   0.000000e+00     0.000 (     0      0)     0.000 (     0      0)

