
***** GLOBAL STATISTICS (   384 MPI TASKS) *****

$Id: gptl.c,v 1.157 2011-03-28 20:55:18 rosinski Exp $
'count' is cumulative. All other stats are max/min
name                               processes  threads        count      walltotal   wallmax (proc   thrd  )   wallmin (proc   thrd  )
Total                                    384      384 3.840000e+02   9.092461e+04   237.346 (   256      0)   236.066 (    75      0)
prim_init1                               384      384 3.840000e+02   6.358864e+02     1.687 (     1      0)     1.571 (   167      0)
repro_sum_int                            384      384 1.728000e+04   2.747054e+01     0.140 (   268      0)     0.025 (     0      0)
prim_init2                               384      384 3.840000e+02   1.345005e+03     3.604 (   270      0)     3.440 (    25      0)
prim_printstate                          384      384 3.840000e+02   1.681779e+02     0.443 (     0      0)     0.438 (   227      0)
interp_movie_output                      384      384 7.680000e+02   1.837962e-01     0.001 (   133      0)     0.000 (     0      0)
prim_main_loop                           384      384 3.840000e+02   7.965337e+04   207.995 (   256      0)   206.714 (    75      0)
prim_run                                 384      384 7.680000e+03   7.965313e+04   207.994 (   256      0)   206.713 (    75      0)
tl-sc prim_run_subcycle_c                384      384 7.680000e+03   7.953239e+04   207.536 (   256      0)   206.569 (    75      0)
tl-sc dp3d-from-ps                       384      384 7.680000e+03   7.542918e+00     0.028 (   214      0)     0.017 (   183      0)
tl-sc prim_step-loop                     384      384 7.680000e+03   7.362718e+04   192.526 (   373      0)   190.667 (    64      0)
tl-s prim_step                           384      384 2.304000e+04   7.362701e+04   192.525 (   373      0)   190.667 (    64      0)
tl-s deep_copy+derived_dp                384      384 2.304000e+04   9.257000e+01     0.407 (   264      0)     0.162 (   182      0)
tl-s prim_advance_exp-loop               384      384 2.304000e+04   1.486644e+04    68.188 (    79      0)    18.575 (   256      0)
tl-ae prim_advance_exp                   384      384 2.304000e+04   1.486595e+04    68.187 (    79      0)    18.574 (   256      0)
tl-ae U3-5stage_timestep                 384      384 2.304000e+04   1.029849e+04    57.311 (    79      0)     9.276 (   256      0)
caar compute                             384      384 1.152000e+05   2.225241e+03     6.494 (   306      0)     5.408 (   120      0)
caar_bexchV                              384      384 1.152000e+05   7.983715e+03    51.412 (    79      0)     2.756 (   256      0)
tl-ae advance_hypervis_dp                384      384 2.304000e+04   4.567017e+03    31.675 (   153      0)     8.827 (   282      0)
hvf-bhwk                                 384      384 6.912000e+04   2.822645e+03    19.172 (   153      0)     5.335 (   274      0)
hvf-bexch                                384      384 1.382400e+05   2.539357e+03    26.641 (   150      0)     3.264 (   256      0)
tl-s prim_advec_tracers_remap            384      384 2.304000e+04   5.866745e+04   172.151 (   256      0)   123.212 (    79      0)
tl-at prim_advec_tracers_remap_RK2       384      384 2.304000e+04   5.866720e+04   172.151 (   256      0)   123.211 (    79      0)
tl-at precompute_divdp                   384      384 2.304000e+04   9.422633e+01     0.458 (   256      0)     0.124 (    63      0)
tl-at esf-0                              384      384 2.304000e+04   1.872196e+04    54.044 (   256      0)    42.068 (    98      0)
tl-at esf-1                              384      384 2.304000e+04   1.180802e+04    38.077 (   362      0)    23.301 (   114      0)
tl-at esf-2                              384      384 2.304000e+04   2.655025e+04    81.249 (   198      0)    51.770 (    10      0)
tl-at qdp_time_avg                       384      384 2.304000e+04   1.491136e+03     7.372 (   287      0)     1.968 (   107      0)
tl-sc vertical_remap                     384      384 7.680000e+03   5.252600e+03    14.631 (   256      0)    13.182 (    22      0)
Remap Thickness Functor                  384      384 7.680000e+03   3.450851e+01     0.139 (   265      0)     0.069 (   107      0)
Remap Scale States Functor               384      384 7.680000e+03   2.299120e+01     0.129 (   290      0)     0.032 (   364      0)
Remap Compute Grids Functor              384      384 7.680000e+03   2.110820e+02     0.760 (   218      0)     0.471 (   182      0)
Remap Compute Remap Functor              384      384 7.680000e+03   4.948985e+03    13.839 (   256      0)    12.492 (   249      0)
Remap Rescale States Functor             384      384 7.680000e+03   2.093731e+01     0.120 (   257      0)     0.045 (   242      0)
tl-sc Q-from-qdp                         384      384 7.680000e+03   6.448018e+02     2.156 (   276      0)     1.530 (   335      0)
t_prf                                      0        0 0.000000e+00   0.000000e+00     0.000 (     0      0)     0.000 (     0      0)

