
***** GLOBAL STATISTICS (   384 MPI TASKS) *****

$Id: gptl.c,v 1.157 2011-03-28 20:55:18 rosinski Exp $
'count' is cumulative. All other stats are max/min
name                           processes  threads        count      walltotal   wallmax (proc   thrd  )   wallmin (proc   thrd  )
"Total"                              384      384 3.840000e+02   2.244175e+04    58.458 (    64      0)    58.432 (   269      0)
"prim_init1"                         384      384 3.840000e+02   1.145747e+02     0.303 (   128      0)     0.296 (   305      0)
"PartitioningTime"                   384      384 3.840000e+02   6.703346e-01     0.003 (    65      0)     0.000 (   249      0)
"repro_sum_int"                      384      384 1.728000e+04   1.273325e+01     0.059 (    17      0)     0.015 (   335      0)
"prim_init2"                         384      384 3.840000e+02   3.076057e+01     0.106 (    60      0)     0.062 (   335      0)
"prim_printstate"                    384      384 3.840000e+02   1.055780e+01     0.033 (     0      0)     0.027 (     8      0)
"interp_movie_output"                384      384 7.680000e+02   2.006264e-01     0.001 (    50      0)     0.000 (   240      0)
"prim_main_loop"                     384      384 3.840000e+02   2.191768e+04    57.093 (    64      0)    57.067 (   382      0)
"prim_run"                           384      384 3.840000e+04   2.191730e+04    57.092 (    64      0)    57.066 (   382      0)
"ApplyCAMForcing"                    384      384 3.840000e+04   2.349800e+02     0.660 (   118      0)     0.563 (    56      0)
"prim_step_rX"                       384      384 1.152000e+05   1.929322e+04    50.335 (   370      0)    49.795 (   256      0)
"prim_step_dyn"                      384      384 1.152000e+05   4.693999e+03    14.521 (   181      0)     9.466 (    64      0)
"prim_advance_exp"                   384      384 1.152000e+05   4.692367e+03    14.516 (   181      0)     9.462 (    64      0)
"U3-5stage_timestep"                 384      384 1.152000e+05   2.507124e+03     9.485 (   181      0)     4.388 (     1      0)
"compute_and_apply_rhs"              384      384 5.760000e+05   2.479539e+03     9.416 (   181      0)     4.313 (     1      0)
"caar_bexchV"                        384      384 5.760000e+05   1.192666e+03     6.145 (   181      0)     0.529 (    64      0)
"advance_hypervis_dp"                384      384 1.152000e+05   2.182880e+03     7.590 (   277      0)     4.942 (   146      0)
"biwkdp3d_bexchV"                    384      384 3.456000e+05   3.691931e+02     2.023 (   277      0)     0.312 (    64      0)
"ahdp_bexchV2"                       384      384 3.456000e+05   3.421639e+02     1.752 (   277      0)     0.334 (    64      0)
"prim_step_advec"                    384      384 1.152000e+05   1.456341e+04    40.246 (    64      0)    35.677 (   181      0)
"PAT_remap"                          384      384 1.152000e+05   1.456273e+04    40.244 (    64      0)    35.675 (   181      0)
"prim_advec_tracers_remap_rk2"       384      384 1.152000e+05   1.456165e+04    40.241 (    64      0)    35.672 (   181      0)
"precomput_divdp"                    384      384 1.152000e+05   2.624268e+01     0.077 (    64      0)     0.065 (   242      0)
"euler_step_0"                       384      384 1.152000e+05   3.595202e+03    10.378 (   127      0)     8.325 (    28      0)
"bihmix_qminmax"                     384      384 3.456000e+05   6.682433e+03    19.241 (   128      0)    16.104 (    36      0)
"eus_neighbor_minmax1"               384      384 1.152000e+05   6.769111e+02     2.529 (   171      0)     1.141 (    61      0)
"nmm_bexchV"                         384      384 1.152000e+05   3.534747e+02     1.743 (    15      0)     0.438 (    61      0)
"eus_2d_advec"                       384      384 3.456000e+05   7.630398e+03    22.398 (    66      0)    18.395 (   181      0)
"eus_bexchV"                         384      384 3.456000e+05   1.244810e+03     5.799 (   130      0)     1.757 (   256      0)
"euler_step_1"                       384      384 1.152000e+05   2.821534e+03     8.125 (    72      0)     6.696 (   159      0)
"euler_step_2"                       384      384 1.152000e+05   7.903860e+03    21.677 (    66      0)    19.328 (   285      0)
"nmm_bexchS_start"                   384      384 1.152000e+05   6.481582e+00     0.025 (    64      0)     0.011 (   322      0)
"biwksc_bexchV"                      384      384 1.152000e+05   5.322018e+02     2.514 (   147      0)     0.742 (   283      0)
"nmm_bexchS_fini"                    384      384 1.152000e+05   7.280798e+01     0.244 (   118      0)     0.166 (    53      0)
"qdp_tavg"                           384      384 1.152000e+05   2.104317e+02     0.671 (   119      0)     0.439 (   342      0)
"vertical_remap"                     384      384 3.840000e+04   2.245396e+03     6.354 (    64      0)     5.766 (   203      0)
"vertical_remap1_1"                  384      384 6.144000e+05   9.476126e+01     0.266 (    64      0)     0.238 (   150      0)
"remap_Q_ppm"                        384      384 1.843200e+06   2.211559e+03     6.255 (    64      0)     5.682 (   203      0)
"vertical_remap1_2"                  384      384 6.144000e+05   1.399631e+02     0.393 (    64      0)     0.358 (   150      0)
"vertical_remap1_3"                  384      384 6.144000e+05   1.989796e+03     5.635 (    64      0)     5.114 (   203      0)
"prim_run_subcyle_diags"             384      384 3.840000e+04   1.089356e+02     0.359 (   123      0)     0.201 (   159      0)
"t_prf"                                0        0 0.000000e+00   0.000000e+00     0.000 (     0      0)     0.000 (     0      0)

