
***** GLOBAL STATISTICS ( 12288 MPI TASKS) *****

$Id: gptl.c,v 1.157 2011-03-28 20:55:18 rosinski Exp $
'count' is cumulative. All other stats are max/min
name                               processes  threads        count      walltotal   wallmax (proc   thrd  )   wallmin (proc   thrd  )
Total                                  12288    12288 1.228800e+04   2.947656e+06   239.939 (  3072      0)   239.847 (  7561      0)
prim_init1                             12288    12288 1.228800e+04   1.758707e+04     1.493 (  5571      0)     1.391 (  1507      0)
repro_sum_int                          12288    12288 5.529600e+05   7.041717e+03     2.695 (  9333      0)     0.113 (  6712      0)
prim_init2                             12288    12288 1.228800e+04   1.339530e+04     3.223 (  9333      0)     0.672 (  6681      0)
prim_printstate                        12288    12288 1.228800e+04   2.226574e+03     0.199 (  2131      0)     0.167 ( 11522      0)
interp_movie_output                    12288    12288 2.457600e+04   4.444944e+01     0.013 ( 10383      0)     0.000 ( 10780      0)
prim_main_loop                         12288    12288 1.228800e+04   2.836218e+06   230.846 (  3571      0)   230.784 (  7441      0)
prim_run                               12288    12288 3.145728e+07   2.835987e+06   230.830 (  3554      0)   230.765 (  7458      0)
tl-sc prim_run_subcycle_c              12288    12288 3.145728e+07   2.835405e+06   230.772 (  3701      0)   230.711 (  6392      0)
tl-sc dp3d-from-ps                     12288    12288 3.145728e+07   4.729632e+02     0.060 (  5760      0)     0.030 (  3396      0)
tl-sc prim_step-loop                   12288    12288 3.145728e+07   2.621870e+06   213.737 (   377      0)   211.214 (  8647      0)
tl-s prim_step                         12288    12288 9.437184e+07   2.621404e+06   213.702 (   377      0)   211.175 (  8647      0)
tl-s deep_copy+derived_dp              12288    12288 9.437184e+07   2.690259e+03     0.262 ( 10432      0)     0.203 (  2927      0)
tl-s prim_advance_exp-loop             12288    12288 9.437184e+07   1.118552e+06   104.750 ( 10660      0)    68.419 (  3584      0)
tl-ae prim_advance_exp                 12288    12288 9.437184e+07   1.117986e+06   104.709 ( 10660      0)    68.369 (  3584      0)
tl-ae U3-5stage_timestep               12288    12288 9.437184e+07   5.565922e+05    63.909 ( 10731      0)    31.969 ( 11776      0)
caar compute                           12288    12288 4.718592e+08   9.441707e+04     9.038 ( 10496      0)     7.229 (  1177      0)
caar_bexchV                            12288    12288 4.718592e+08   4.527775e+05    55.525 ( 10731      0)    22.179 (  7040      0)
tl-ae advance_hypervis_dp              12288    12288 9.437184e+07   5.602896e+05    60.547 (  8103      0)    34.624 (  3601      0)
hvf-bhwk                               12288    12288 2.831155e+08   2.955799e+05    34.527 ( 10664      0)    18.116 (  3552      0)
hvf-bexch                              12288    12288 5.662310e+08   4.742433e+05    53.417 (  8103      0)    27.222 (  3603      0)
tl-s prim_advec_tracers_remap          12288    12288 9.437184e+07   1.498894e+06   143.037 (  3584      0)   108.444 ( 10660      0)
tl-at prim_advec_tracers_remap_RK2     12288    12288 9.437184e+07   1.498192e+06   142.973 (  3584      0)   108.395 ( 10660      0)
tl-at precompute_divdp                 12288    12288 9.437184e+07   2.884181e+03     0.283 (  1792      0)     0.205 (  3972      0)
tl-at esf-0                            12288    12288 9.437184e+07   4.203128e+05    44.807 (  8171      0)    28.883 (  3397      0)
tl-at esf-1                            12288    12288 9.437184e+07   2.967205e+05    29.311 (  8132      0)    21.046 ( 10660      0)
tl-at esf-2                            12288    12288 9.437184e+07   7.490009e+05    78.374 (  3555      0)    54.135 (  8360      0)
tl-at qdp_time_avg                     12288    12288 9.437184e+07   2.580206e+04     2.375 (  7616      0)     1.839 (  7170      0)
tl-sc vertical_remap                   12288    12288 3.145728e+07   1.911346e+05    17.708 (  8647      0)    15.184 (   377      0)
Remap Thickness Functor                12288    12288 3.145728e+07   1.576709e+03     0.162 (  2752      0)     0.111 (  1489      0)
Remap Scale States Functor             12288    12288 3.145728e+07   7.610244e+02     0.080 (  8376      0)     0.049 (  2943      0)
Remap Compute Grids Functor            12288    12288 3.145728e+07   6.996195e+03     0.652 (  3392      0)     0.542 (  9983      0)
Remap Compute Remap Functor            12288    12288 3.145728e+07   1.791322e+05    16.747 (  8647      0)    14.233 (   377      0)
Remap Rescale States Functor           12288    12288 3.145728e+07   9.400743e+02     0.092 (   576      0)     0.070 (  4482      0)
tl-sc Q-from-qdp                       12288    12288 3.145728e+07   2.125879e+04     2.096 (  4224      0)     1.714 (  7924      0)
t_prf                                      0        0 0.000000e+00   0.000000e+00     0.000 (     0      0)     0.000 (     0      0)

