
***** GLOBAL STATISTICS (   768 MPI TASKS) *****

$Id: gptl.c,v 1.157 2011-03-28 20:55:18 rosinski Exp $
'count' is cumulative. All other stats are max/min
name                           processes  threads        count      walltotal   wallmax (proc   thrd  )   wallmin (proc   thrd  )
"Total"                              768      768 7.680000e+02   1.470356e+05   191.486 (    64      0)   191.427 (   498      0)
"prim_init1"                         768      768 7.680000e+02   6.180967e+02     0.810 (   512      0)     0.796 (    16      0)
"PartitioningTime"                   768      768 7.680000e+02   2.453245e+00     0.004 (   530      0)     0.001 (   192      0)
"repro_sum_int"                      768      768 3.456000e+04   6.267689e+01     0.142 (   113      0)     0.039 (   586      0)
"prim_init2"                         768      768 7.680000e+02   9.669620e+01     0.207 (     0      0)     0.093 (   585      0)
"prim_printstate"                    768      768 7.680000e+02   3.235153e+01     0.054 (     0      0)     0.042 (   517      0)
"interp_movie_output"                768      768 1.536000e+03   6.949899e-01     0.003 (   229      0)     0.000 (   149      0)
"prim_main_loop"                     768      768 7.680000e+02   1.432964e+05   186.617 (    64      0)   186.556 (   675      0)
"prim_run"                           768      768 1.228800e+05   1.432951e+05   186.616 (    64      0)   186.555 (   675      0)
"ApplyCAMForcing"                    768      768 1.228800e+05   1.556051e+03     2.542 (   104      0)     1.651 (   590      0)
"prim_step_rX"                       768      768 3.686400e+05   1.263994e+05   164.960 (   657      0)   163.155 (   384      0)
"prim_step_dyn"                      768      768 3.686400e+05   3.046762e+04    48.420 (   476      0)    29.759 (    64      0)
"prim_advance_exp"                   768      768 3.686400e+05   3.046245e+04    48.413 (   476      0)    29.752 (    64      0)
"U3-5stage_timestep"                 768      768 3.686400e+05   1.632988e+04    29.879 (   676      0)    13.719 (   256      0)
"compute_and_apply_rhs"              768      768 1.843200e+06   1.617456e+04    29.689 (   676      0)    13.500 (   256      0)
"caar_bexchV"                        768      768 1.843200e+06   7.999884e+03    19.350 (   676      0)     1.465 (    64      0)
"advance_hypervis_dp"                768      768 3.686400e+05   1.412494e+04    25.973 (   451      0)    15.599 (   108      0)
"biwkdp3d_bexchV"                    768      768 1.105920e+06   2.453261e+03     9.633 (   476      0)     0.739 (    64      0)
"ahdp_bexchV2"                       768      768 1.105920e+06   2.252995e+03     8.191 (   451      0)     0.803 (    64      0)
"prim_step_advec"                    768      768 3.686400e+05   9.569807e+04   133.385 (   127      0)   116.088 (   476      0)
"PAT_remap"                          768      768 3.686400e+05   9.569587e+04   133.382 (   127      0)   116.085 (   476      0)
"prim_advec_tracers_remap_rk2"       768      768 3.686400e+05   9.569230e+04   133.377 (   127      0)   116.080 (   476      0)
"precomput_divdp"                    768      768 3.686400e+05   1.696472e+02     0.250 (    64      0)     0.205 (   657      0)
"euler_step_0"                       768      768 3.686400e+05   2.358766e+04    34.437 (    76      0)    27.761 (   475      0)
"bihmix_qminmax"                     768      768 1.105920e+06   4.388709e+04    62.467 (    76      0)    53.008 (   678      0)
"eus_neighbor_minmax1"               768      768 3.686400e+05   4.395409e+03     7.969 (   504      0)     4.132 (   465      0)
"nmm_bexchV"                         768      768 3.686400e+05   2.135880e+03     5.590 (   504      0)     1.475 (   590      0)
"eus_2d_advec"                       768      768 1.105920e+06   5.014925e+04    72.993 (    70      0)    59.885 (   666      0)
"eus_bexchV"                         768      768 1.105920e+06   7.847253e+03    17.249 (   590      0)     5.632 (   448      0)
"euler_step_1"                       768      768 3.686400e+05   1.859661e+04    27.285 (   121      0)    22.071 (   488      0)
"euler_step_2"                       768      768 3.686400e+05   5.187788e+04    72.954 (   746      0)    62.561 (   443      0)
"nmm_bexchS_start"                   768      768 3.686400e+05   2.256222e+01     0.046 (   117      0)     0.018 (   451      0)
"biwksc_bexchV"                      768      768 3.686400e+05   3.261723e+03     8.791 (   661      0)     2.047 (    28      0)
"nmm_bexchS_fini"                    768      768 3.686400e+05   5.717429e+02     1.233 (   102      0)     0.592 (   500      0)
"qdp_tavg"                           768      768 3.686400e+05   1.445771e+03     2.371 (   103      0)     1.363 (   684      0)
"vertical_remap"                     768      768 1.228800e+05   1.438129e+04    20.395 (   384      0)    18.437 (   221      0)
"vertical_remap1_1"                  768      768 3.932160e+06   6.065172e+02     0.876 (   384      0)     0.762 (   221      0)
"remap_Q_ppm"                        768      768 1.179648e+07   1.416463e+04    20.079 (   384      0)    18.171 (   221      0)
"vertical_remap1_2"                  768      768 3.932160e+06   8.997136e+02     1.275 (   384      0)     1.146 (   300      0)
"vertical_remap1_3"                  768      768 3.932160e+06   1.274057e+04    18.052 (   384      0)    16.358 (   220      0)
"prim_run_subcyle_diags"             768      768 1.228800e+05   7.347731e+02     1.469 (    96      0)     0.672 (   699      0)
"t_prf"                                0        0 0.000000e+00   0.000000e+00     0.000 (     0      0)     0.000 (     0      0)

