
***** GLOBAL STATISTICS (   512 MPI TASKS) *****

$Id: gptl.c,v 1.157 2011-03-28 20:55:18 rosinski Exp $
'count' is cumulative. All other stats are max/min
name                           processes  threads        count      walltotal   wallmax (proc   thrd  )   wallmin (proc   thrd  )
"Total"                              512      512 5.120000e+02   3.098697e+04    60.532 (   320      0)    60.511 (    85      0)
"prim_init1"                         512      512 5.120000e+02   1.405272e+02     0.278 (   491      0)     0.273 (   171      0)
"PartitioningTime"                   512      512 5.120000e+02   5.366571e-01     0.002 (   307      0)     0.000 (   155      0)
"repro_sum_int"                      512      512 2.304000e+04   1.931019e+01     0.104 (    46      0)     0.017 (   463      0)
"prim_init2"                         512      512 5.120000e+02   5.179855e+01     0.168 (    14      0)     0.081 (   506      0)
"prim_printstate"                    512      512 5.120000e+02   1.706358e+01     0.041 (     0      0)     0.032 (   130      0)
"interp_movie_output"                512      512 1.024000e+03   2.754071e-01     0.001 (   491      0)     0.000 (     6      0)
"prim_main_loop"                     512      512 5.120000e+02   3.026314e+04    59.118 (   320      0)    59.098 (   201      0)
"prim_run"                           512      512 6.860800e+04   3.026248e+04    59.117 (   320      0)    59.096 (    85      0)
"ApplyCAMForcing"                    512      512 6.860800e+04   3.026544e+02     0.689 (   366      0)     0.500 (   394      0)
"prim_step_rX"                       512      512 2.058240e+05   2.676415e+04    52.397 (   295      0)    51.802 (   320      0)
"prim_step_dyn"                      512      512 2.058240e+05   6.594258e+03    15.721 (   497      0)    10.088 (   384      0)
"prim_advance_exp"                   512      512 2.058240e+05   6.591569e+03    15.716 (   497      0)    10.083 (   384      0)
"U3-5stage_timestep"                 512      512 2.058240e+05   3.655995e+03     9.860 (   497      0)     4.748 (   384      0)
"compute_and_apply_rhs"              512      512 1.029120e+06   3.616148e+03     9.787 (   497      0)     4.665 (   384      0)
"caar_bexchV"                        512      512 1.029120e+06   1.887382e+03     6.512 (   497      0)     0.800 (   384      0)
"advance_hypervis_dp"                512      512 2.058240e+05   2.931484e+03     7.005 (   181      0)     5.274 (   321      0)
"biwkdp3d_bexchV"                    512      512 6.174720e+05   4.848084e+02     1.697 (   181      0)     0.412 (   320      0)
"ahdp_bexchV2"                       512      512 6.174720e+05   4.571508e+02     1.499 (   187      0)     0.453 (   320      0)
"prim_step_advec"                    512      512 2.058240e+05   2.012286e+04    41.744 (   355      0)    36.545 (   497      0)
"PAT_remap"                          512      512 2.058240e+05   2.012167e+04    41.742 (   355      0)    36.543 (   497      0)
"prim_advec_tracers_remap_rk2"       512      512 2.058240e+05   2.011979e+04    41.738 (   355      0)    36.539 (   497      0)
"precomput_divdp"                    512      512 2.058240e+05   3.514193e+01     0.076 (   128      0)     0.066 (   431      0)
"euler_step_0"                       512      512 2.058240e+05   4.971998e+03    11.191 (   354      0)     8.313 (   302      0)
"bihmix_qminmax"                     512      512 6.174720e+05   9.196689e+03    20.315 (   128      0)    16.298 (   118      0)
"eus_neighbor_minmax1"               512      512 2.058240e+05   9.626532e+02     2.874 (   413      0)     1.193 (   385      0)
"nmm_bexchV"                         512      512 2.058240e+05   5.547766e+02     2.130 (   510      0)     0.497 (   401      0)
"eus_2d_advec"                       512      512 6.174720e+05   1.060805e+04    23.965 (   386      0)    19.009 (   178      0)
"eus_bexchV"                         512      512 6.174720e+05   2.166319e+03     7.327 (   386      0)     2.049 (   192      0)
"euler_step_1"                       512      512 2.058240e+05   3.885266e+03     8.517 (   273      0)     6.971 (   498      0)
"euler_step_2"                       512      512 2.058240e+05   1.096099e+04    22.642 (   386      0)    19.948 (   232      0)
"nmm_bexchS_start"                   512      512 2.058240e+05   1.137287e+01     0.035 (   391      0)     0.013 (   125      0)
"biwksc_bexchV"                      512      512 2.058240e+05   9.776124e+02     3.452 (   127      0)     0.962 (   137      0)
"nmm_bexchS_fini"                    512      512 2.058240e+05   8.319303e+01     0.210 (   381      0)     0.138 (   497      0)
"qdp_tavg"                           512      512 2.058240e+05   2.588940e+02     0.626 (   365      0)     0.423 (   450      0)
"vertical_remap"                     512      512 6.860800e+04   3.017755e+03     6.392 (   128      0)     5.808 (   380      0)
"vertical_remap1_1"                  512      512 8.232960e+05   1.275054e+02     0.270 (   128      0)     0.241 (    80      0)
"remap_Q_ppm"                        512      512 2.469888e+06   2.972046e+03     6.293 (   128      0)     5.722 (   380      0)
"vertical_remap1_2"                  512      512 8.232960e+05   1.879278e+02     0.392 (   128      0)     0.360 (    80      0)
"vertical_remap1_3"                  512      512 8.232960e+05   2.674178e+03     5.669 (   128      0)     5.146 (   380      0)
"prim_run_subcyle_diags"             512      512 6.860800e+04   1.335266e+02     0.366 (   381      0)     0.194 (   295      0)
"t_prf"                                0        0 0.000000e+00   0.000000e+00     0.000 (     0      0)     0.000 (     0      0)

