
***** GLOBAL STATISTICS (  1280 MPI TASKS) *****

$Id: gptl.c,v 1.157 2011-03-28 20:55:18 rosinski Exp $
'count' is cumulative. All other stats are max/min
name                           processes  threads        count      walltotal   wallmax (proc   thrd  )   wallmin (proc   thrd  )
"Total"                             1280     1280 1.280000e+03   2.024895e+05   158.228 (  1216      0)   158.156 (   502      0)
"prim_init1"                        1280     1280 1.280000e+03   1.085195e+03     0.858 (   704      0)     0.817 (   278      0)
"PartitioningTime"                  1280     1280 1.280000e+03   3.292007e+00     0.005 (  1062      0)     0.001 (  1098      0)
"repro_sum_int"                     1280     1280 5.760000e+04   9.925084e+01     0.292 (  1105      0)     0.023 (   448      0)
"prim_init2"                        1280     1280 1.280000e+03   1.925003e+02     0.368 (  1105      0)     0.100 (   489      0)
"prim_printstate"                   1280     1280 1.280000e+03   6.345421e+01     0.057 (     0      0)     0.049 (   159      0)
"interp_movie_output"               1280     1280 2.560000e+03   6.615787e-01     0.001 (   514      0)     0.000 (  1259      0)
"prim_main_loop"                    1280     1280 1.280000e+03   1.899770e+05   148.454 (  1216      0)   148.381 (   502      0)
"prim_run"                          1280     1280 1.715200e+05   1.899751e+05   148.452 (  1088      0)   148.380 (   502      0)
"ApplyCAMForcing"                   1280     1280 1.715200e+05   2.049064e+03     2.317 (   170      0)     1.298 (   740      0)
"prim_step_rX"                      1280     1280 5.145600e+05   1.677790e+05   131.504 (   901      0)   129.853 (   832      0)
"prim_step_dyn"                     1280     1280 5.145600e+05   3.961581e+04    40.932 (   476      0)    23.269 (    64      0)
"prim_advance_exp"                  1280     1280 5.145600e+05   3.960858e+04    40.927 (   476      0)    23.264 (    64      0)
"U3-5stage_timestep"                1280     1280 5.145600e+05   2.146453e+04    25.019 (   692      0)    10.673 (   128      0)
"compute_and_apply_rhs"             1280     1280 2.572800e+06   2.125960e+04    24.873 (   692      0)    10.503 (   128      0)
"caar_bexchV"                       1280     1280 2.572800e+06   1.063086e+04    16.879 (   692      0)     1.186 (  1216      0)
"advance_hypervis_dp"               1280     1280 5.145600e+05   1.813337e+04    20.861 (   478      0)    12.209 (   977      0)
"biwkdp3d_bexchV"                   1280     1280 1.543680e+06   3.020630e+03     6.740 (   617      0)     0.650 (  1216      0)
"ahdp_bexchV2"                      1280     1280 1.543680e+06   2.778381e+03     6.282 (   458      0)     0.733 (    64      0)
"prim_step_advec"                   1280     1280 5.145600e+05   1.278562e+05   106.767 (    64      0)    90.161 (   476      0)
"PAT_remap"                         1280     1280 5.145600e+05   1.278532e+05   106.765 (    64      0)    90.159 (   476      0)
"prim_advec_tracers_remap_rk2"      1280     1280 5.145600e+05   1.278482e+05   106.761 (    64      0)    90.155 (   476      0)
"precomput_divdp"                   1280     1280 5.145600e+05   2.231495e+02     0.208 (   156      0)     0.164 (   426      0)
"euler_step_0"                      1280     1280 5.145600e+05   3.158101e+04    28.361 (   128      0)    21.166 (   759      0)
"bihmix_qminmax"                    1280     1280 1.543680e+06   5.886181e+04    51.440 (  1088      0)    41.033 (   749      0)
"eus_neighbor_minmax1"              1280     1280 5.145600e+05   6.061640e+03     6.838 (   114      0)     3.154 (   454      0)
"nmm_bexchV"                        1280     1280 5.145600e+05   3.136926e+03     4.492 (   114      0)     1.166 (   200      0)
"eus_2d_advec"                      1280     1280 1.543680e+06   6.682631e+04    60.112 (  1217      0)    45.993 (   476      0)
"eus_bexchV"                        1280     1280 1.543680e+06   1.144387e+04    14.968 (   947      0)     4.929 (   576      0)
"euler_step_1"                      1280     1280 5.145600e+05   2.472795e+04    21.311 (  1217      0)    17.396 (   596      0)
"euler_step_2"                      1280     1280 5.145600e+05   6.941478e+04    57.702 (  1090      0)    49.003 (   476      0)
"nmm_bexchS_start"                  1280     1280 5.145600e+05   3.049169e+01     0.040 (   182      0)     0.011 (   675      0)
"biwksc_bexchV"                     1280     1280 5.145600e+05   5.094204e+03     7.633 (   736      0)     2.054 (  1173      0)
"nmm_bexchS_fini"                   1280     1280 5.145600e+05   6.967014e+02     0.850 (   163      0)     0.415 (  1062      0)
"qdp_tavg"                          1280     1280 5.145600e+05   1.880970e+03     2.474 (   187      0)     1.040 (   728      0)
"vertical_remap"                    1280     1280 1.715200e+05   1.888625e+04    16.095 (   128      0)    14.517 (   498      0)
"vertical_remap1_1"                 1280     1280 5.145600e+06   7.970472e+02     0.696 (   591      0)     0.603 (   212      0)
"remap_Q_ppm"                       1280     1280 1.543680e+07   1.860247e+04    15.834 (   128      0)    14.304 (   614      0)
"vertical_remap1_2"                 1280     1280 5.145600e+06   1.180217e+03     1.000 (  1024      0)     0.901 (   206      0)
"vertical_remap1_3"                 1280     1280 5.145600e+06   1.673350e+04    14.293 (   128      0)    12.867 (   613      0)
"prim_run_subcyle_diags"            1280     1280 1.715200e+05   9.665527e+02     1.403 (   190      0)     0.520 (   901      0)
"t_prf"                                0        0 0.000000e+00   0.000000e+00     0.000 (     0      0)     0.000 (     0      0)

