
***** GLOBAL STATISTICS (  4096 MPI TASKS) *****

$Id: gptl.c,v 1.157 2011-03-28 20:55:18 rosinski Exp $
'count' is cumulative. All other stats are max/min
name                           processes  threads        count      walltotal   wallmax (proc   thrd  )   wallmin (proc   thrd  )
"Total"                             4096     4096 4.096000e+03   8.581589e+05   209.533 (  3584      0)   209.495 (  2482      0)
"prim_init1"                        4096     4096 4.096000e+03   3.067961e+03     0.768 (  3111      0)     0.726 (  2005      0)
"PartitioningTime"                  4096     4096 4.096000e+03   2.065203e+01     0.016 (  2109      0)     0.001 (  1739      0)
"repro_sum_int"                     4096     4096 1.843200e+05   5.949294e+02     0.324 (    22      0)     0.046 (   213      0)
"prim_init2"                        4096     4096 4.096000e+03   1.094086e+03     0.445 (    22      0)     0.182 (   723      0)
"prim_printstate"                   4096     4096 4.096000e+03   3.309571e+02     0.091 (     0      0)     0.078 (  2067      0)
"interp_movie_output"               4096     4096 8.192000e+03   4.406972e+00     0.003 (   183      0)     0.000 (   848      0)
"prim_main_loop"                    4096     4096 4.096000e+03   8.374689e+05   204.477 (  1152      0)   204.445 (  1829      0)
"prim_run"                          4096     4096 3.497984e+06   8.374474e+05   204.472 (  1194      0)   204.441 (  1844      0)
"ApplyCAMForcing"                   4096     4096 3.497984e+06   7.329232e+03     1.982 (  3716      0)     1.500 (  3842      0)
"prim_step_rX"                      4096     4096 1.049395e+07   7.483883e+05   183.190 (   676      0)   181.018 (  4032      0)
"prim_step_dyn"                     4096     4096 1.049395e+07   2.159653e+05    66.036 (  1439      0)    39.060 (  3584      0)
"prim_advance_exp"                  4096     4096 1.049395e+07   2.158533e+05    66.008 (  1439      0)    39.027 (  3584      0)
"U3-5stage_timestep"                4096     4096 1.049395e+07   1.149006e+05    41.371 (  3562      0)    17.782 (   512      0)
"compute_and_apply_rhs"             4096     4096 5.246976e+07   1.137139e+05    41.073 (  3562      0)    17.453 (   512      0)
"caar_bexchV"                       4096     4096 5.246976e+07   6.931588e+04    30.598 (  1173      0)     4.740 (  3584      0)
"advance_hypervis_dp"               4096     4096 1.049395e+07   1.007623e+05    35.279 (   422      0)    20.144 (  1231      0)
"biwkdp3d_bexchV"                   4096     4096 3.148186e+07   2.508919e+04    12.511 (   421      0)     2.842 (  3584      0)
"ahdp_bexchV2"                      4096     4096 3.148186e+07   2.450010e+04    11.337 (   390      0)     3.120 (  1216      0)
"prim_step_advec"                   4096     4096 1.049395e+07   5.311897e+05   141.981 (  3585      0)   116.576 (  1439      0)
"PAT_remap"                         4096     4096 1.049395e+07   5.311294e+05   141.966 (  3585      0)   116.561 (  1439      0)
"prim_advec_tracers_remap_rk2"      4096     4096 1.049395e+07   5.310352e+05   141.943 (  3585      0)   116.538 (  1439      0)
"precomput_divdp"                   4096     4096 1.049395e+07   8.968780e+02     0.251 (  3584      0)     0.206 (   619      0)
"euler_step_0"                      4096     4096 1.049395e+07   1.288166e+05    36.969 (  2865      0)    26.995 (  1188      0)
"bihmix_qminmax"                    4096     4096 3.148186e+07   2.413295e+05    68.956 (  3840      0)    53.268 (   609      0)
"eus_neighbor_minmax1"              4096     4096 1.049395e+07   2.506085e+04     9.906 (  2865      0)     4.117 (  1235      0)
"nmm_bexchV"                        4096     4096 1.049395e+07   1.596449e+04     7.741 (  2865      0)     1.927 (  1235      0)
"eus_2d_advec"                      4096     4096 3.148186e+07   2.813979e+05    83.765 (  3585      0)    60.166 (  1439      0)
"eus_bexchV"                        4096     4096 3.148186e+07   6.685850e+04    31.156 (  3585      0)     7.887 (  1344      0)
"euler_step_1"                      4096     4096 1.049395e+07   1.024301e+05    28.360 (  3845      0)    22.273 (  1753      0)
"euler_step_2"                      4096     4096 1.049395e+07   2.921410e+05    81.316 (  3585      0)    63.612 (   390      0)
"nmm_bexchS_start"                  4096     4096 1.049395e+07   5.733686e+02     0.233 (  3072      0)     0.079 (  3579      0)
"biwksc_bexchV"                     4096     4096 1.049395e+07   3.144651e+04    14.240 (  1746      0)     3.766 (  1381      0)
"nmm_bexchS_fini"                   4096     4096 1.049395e+07   1.773892e+03     0.573 (  3508      0)     0.352 (   485      0)
"qdp_tavg"                          4096     4096 1.049395e+07   6.407710e+03     1.909 (  1105      0)     1.272 (  1023      0)
"vertical_remap"                    4096     4096 3.497984e+06   7.732290e+04    20.595 (  1024      0)    18.558 (  3588      0)
"vertical_remap1_1"                 4096     4096 2.098790e+07   3.319684e+03     0.899 (  1131      0)     0.777 (  3065      0)
"remap_Q_ppm"                       4096     4096 6.296371e+07   7.613847e+04    20.265 (  1024      0)    18.294 (  3588      0)
"vertical_remap1_2"                 4096     4096 2.098790e+07   4.826274e+03     1.276 (  1131      0)     1.145 (  1632      0)
"vertical_remap1_3"                 4096     4096 2.098790e+07   6.845090e+04    18.275 (  1024      0)    16.444 (  3610      0)
"prim_run_subcyle_diags"            4096     4096 3.497984e+06   3.224907e+03     1.039 (   517      0)     0.596 (   803      0)
"t_prf"                                0        0 0.000000e+00   0.000000e+00     0.000 (     0      0)     0.000 (     0      0)

