
***** GLOBAL STATISTICS (  9600 MPI TASKS) *****

$Id: gptl.c,v 1.157 2011-03-28 20:55:18 rosinski Exp $
'count' is cumulative. All other stats are max/min
name                           processes  threads        count      walltotal   wallmax (proc   thrd  )   wallmin (proc   thrd  )
"Total"                             9600     9600 9.600000e+03   1.756239e+06   182.983 (  4670      0)   182.903 (  7840      0)
"prim_init1"                        9600     9600 9.600000e+03   1.367961e+04     1.480 (  4348      0)     1.339 (  2119      0)
"PartitioningTime"                  9600     9600 9.600000e+03   4.202827e+01     0.009 (  7859      0)     0.001 (  3884      0)
"repro_sum_int"                     9600     9600 4.320000e+05   4.209716e+03     1.755 (  6676      0)     0.061 (  1407      0)
"prim_init2"                        9600     9600 9.600000e+03   5.385629e+03     1.881 (  6676      0)     0.188 (  1363      0)
"prim_printstate"                   9600     9600 9.600000e+03   7.820295e+02     0.089 (  7568      0)     0.076 (  6116      0)
"interp_movie_output"               9600     9600 1.920000e+04   2.208275e+01     0.007 (  3347      0)     0.000 (  6828      0)
"prim_main_loop"                    9600     9600 9.600000e+03   1.641184e+06   170.975 (  4800      0)   170.943 (  3937      0)
"prim_run"                          9600     9600 9.600000e+06   1.640998e+06   170.954 (  9020      0)   170.921 (  1372      0)
"ApplyCAMForcing"                   9600     9600 9.600000e+06   1.325442e+04     1.517 (  8320      0)     1.194 (  4732      0)
"prim_step_rX"                      9600     9600 2.880000e+07   1.477198e+06   154.143 (  3293      0)   152.295 (  9152      0)
"prim_step_dyn"                     9600     9600 2.880000e+07   4.760195e+05    58.924 (  4701      0)    39.273 (  1408      0)
"prim_advance_exp"                  9600     9600 2.880000e+07   4.757269e+05    58.892 (  4701      0)    39.240 (  1408      0)
"U3-5stage_timestep"                9600     9600 2.880000e+07   2.471713e+05    36.555 (  4702      0)    17.241 (  9152      0)
"compute_and_apply_rhs"             9600     9600 1.440000e+08   2.447226e+05    36.308 (  4702      0)    16.943 (  9152      0)
"caar_bexchV"                       9600     9600 1.440000e+08   1.615528e+05    27.817 (  4702      0)     6.546 (  9152      0)
"advance_hypervis_dp"               9600     9600 2.880000e+07   2.280710e+05    35.242 (  3414      0)    20.321 (   377      0)
"biwkdp3d_bexchV"                   9600     9600 8.640000e+07   6.734766e+04    14.129 (  3414      0)     4.615 (  1280      0)
"ahdp_bexchV2"                      9600     9600 8.640000e+07   6.648709e+04    13.993 (  3417      0)     5.149 (  4800      0)
"prim_step_advec"                   9600     9600 2.880000e+07   9.987918e+05   113.376 (  1406      0)    94.880 (  4701      0)
"PAT_remap"                         9600     9600 2.880000e+07   9.986280e+05   113.358 (  1406      0)    94.863 (  4701      0)
"prim_advec_tracers_remap_rk2"      9600     9600 2.880000e+07   9.983720e+05   113.330 (  1406      0)    94.836 (  4701      0)
"precomput_divdp"                   9600     9600 2.880000e+07   1.642658e+03     0.202 (  3264      0)     0.163 (  3442      0)
"euler_step_0"                      9600     9600 2.880000e+07   2.477555e+05    31.425 (  5262      0)    22.518 (  8290      0)
"bihmix_qminmax"                    9600     9600 8.640000e+07   4.494228e+05    54.699 (  2368      0)    42.868 (  4653      0)
"eus_neighbor_minmax1"              9600     9600 2.880000e+07   5.107378e+04     9.536 (  3444      0)     3.867 (  8279      0)
"nmm_bexchV"                        9600     9600 2.880000e+07   3.498471e+04     7.871 (  3444      0)     2.275 (  8279      0)
"eus_2d_advec"                      9600     9600 8.640000e+07   5.328669e+05    64.984 (  5826      0)    49.431 (  4575      0)
"eus_bexchV"                        9600     9600 8.640000e+07   1.370657e+05    23.897 (  5890      0)     7.848 (  4992      0)
"euler_step_1"                      9600     9600 2.880000e+07   1.945268e+05    23.343 (  3454      0)    18.063 (  8224      0)
"euler_step_2"                      9600     9600 2.880000e+07   5.418293e+05    61.930 (  1406      0)    50.867 (  4445      0)
"nmm_bexchS_start"                  9600     9600 2.880000e+07   1.705372e+03     0.297 (  4864      0)     0.116 (  7106      0)
"biwksc_bexchV"                     9600     9600 2.880000e+07   6.031969e+04    11.004 (  3882      0)     3.548 (  4846      0)
"nmm_bexchS_fini"                   9600     9600 2.880000e+07   3.191706e+03     0.470 (  5674      0)     0.306 (  7953      0)
"qdp_tavg"                          9600     9600 2.880000e+07   1.169786e+04     1.434 (   406      0)     1.032 (  4586      0)
"vertical_remap"                    9600     9600 9.600000e+06   1.423124e+05    16.432 (  9152      0)    14.572 (  3429      0)
"vertical_remap1_1"                 9600     9600 3.840000e+07   6.262300e+03     0.790 (  2747      0)     0.612 (  1475      0)
"remap_Q_ppm"                       9600     9600 1.152000e+08   1.400989e+05    16.183 (  9152      0)    14.357 (  3429      0)
"vertical_remap1_2"                 9600     9600 3.840000e+07   8.902105e+03     1.077 (  2747      0)     0.898 (  1475      0)
"vertical_remap1_3"                 9600     9600 3.840000e+07   1.258049e+05    14.572 (  4864      0)    12.897 (  3429      0)
"prim_run_subcyle_diags"            9600     9600 9.600000e+06   5.888516e+03     0.768 (   447      0)     0.485 (  2656      0)
"t_prf"                                0        0 0.000000e+00   0.000000e+00     0.000 (     0      0)     0.000 (     0      0)

