
***** GLOBAL STATISTICS (   192 MPI TASKS) *****

$Id: gptl.c,v 1.157 2011-03-28 20:55:18 rosinski Exp $
'count' is cumulative. All other stats are max/min
name                           processes  threads        count      walltotal   wallmax (proc   thrd  )   wallmin (proc   thrd  )
"Total"                              192      192 1.920000e+02   1.101553e+04    57.389 (     0      0)    57.359 (    90      0)
"prim_init1"                         192      192 1.920000e+02   6.675495e+01     0.349 (    65      0)     0.346 (    32      0)
"PartitioningTime"                   192      192 1.920000e+02   2.780807e-01     0.002 (   153      0)     0.000 (   124      0)
"repro_sum_int"                      192      192 8.640000e+03   4.470083e+00     0.041 (     7      0)     0.012 (   171      0)
"prim_init2"                         192      192 1.920000e+02   1.551411e+01     0.100 (    42      0)     0.069 (   154      0)
"prim_printstate"                    192      192 1.920000e+02   5.592729e+00     0.033 (     0      0)     0.029 (   113      0)
"interp_movie_output"                192      192 3.840000e+02   5.644011e-02     0.001 (   131      0)     0.000 (    64      0)
"prim_main_loop"                     192      192 1.920000e+02   1.074440e+04    55.977 (    64      0)    55.947 (    90      0)
"prim_run"                           192      192 9.600000e+03   1.074427e+04    55.976 (    64      0)    55.946 (    90      0)
"ApplyCAMForcing"                    192      192 9.600000e+03   1.240581e+02     0.720 (    26      0)     0.541 (    86      0)
"prim_step_rX"                       192      192 2.880000e+04   9.422509e+03    49.175 (    91      0)    48.688 (     0      0)
"prim_step_dyn"                      192      192 2.880000e+04   1.993325e+03    12.017 (    90      0)     8.890 (   128      0)
"prim_advance_exp"                   192      192 2.880000e+04   1.992878e+03    12.015 (    90      0)     8.888 (   128      0)
"U3-5stage_timestep"                 192      192 2.880000e+04   1.079243e+03     7.294 (    90      0)     4.142 (   128      0)
"compute_and_apply_rhs"              192      192 1.440000e+05   1.066432e+03     7.227 (    90      0)     4.073 (   128      0)
"caar_bexchV"                        192      192 1.440000e+05   4.249751e+02     3.883 (    90      0)     0.374 (   128      0)
"advance_hypervis_dp"                192      192 2.880000e+04   9.130305e+02     4.944 (    32      0)     4.690 (    10      0)
"biwkdp3d_bexchV"                    192      192 8.640000e+04   8.620785e+01     0.634 (    32      0)     0.214 (   128      0)
"ahdp_bexchV2"                       192      192 8.640000e+04   8.682216e+01     0.536 (    59      0)     0.230 (     0      0)
"prim_step_advec"                    192      192 2.880000e+04   7.411027e+03    39.732 (   128      0)    37.049 (    90      0)
"PAT_remap"                          192      192 2.880000e+04   7.410862e+03    39.731 (   128      0)    37.048 (    90      0)
"prim_advec_tracers_remap_rk2"       192      192 2.880000e+04   7.410591e+03    39.730 (   128      0)    37.046 (    90      0)
"precomput_divdp"                    192      192 2.880000e+04   1.315025e+01     0.074 (   128      0)     0.067 (   102      0)
"euler_step_0"                       192      192 2.880000e+04   1.870380e+03    10.353 (    62      0)     8.455 (    80      0)
"bihmix_qminmax"                     192      192 8.640000e+04   3.426129e+03    18.979 (    64      0)    16.815 (    99      0)
"eus_neighbor_minmax1"               192      192 2.880000e+04   3.781771e+02     2.428 (    74      0)     1.350 (   121      0)
"nmm_bexchV"                         192      192 2.880000e+04   1.697998e+02     1.508 (    74      0)     0.448 (     6      0)
"eus_2d_advec"                       192      192 8.640000e+04   3.853447e+03    21.742 (     6      0)    19.071 (   164      0)
"eus_bexchV"                         192      192 8.640000e+04   6.254050e+02     5.204 (    70      0)     1.954 (     0      0)
"euler_step_1"                       192      192 2.880000e+04   1.429575e+03     7.882 (    66      0)     7.063 (   164      0)
"euler_step_2"                       192      192 2.880000e+04   3.981610e+03    21.456 (    70      0)    19.828 (   181      0)
"nmm_bexchS_start"                   192      192 2.880000e+04   1.687362e+00     0.014 (     0      0)     0.006 (   103      0)
"biwksc_bexchV"                      192      192 2.880000e+04   2.609923e+02     2.039 (   127      0)     0.847 (   153      0)
"nmm_bexchS_fini"                    192      192 2.880000e+04   4.400793e+01     0.282 (    24      0)     0.189 (    70      0)
"qdp_tavg"                           192      192 2.880000e+04   1.147554e+02     0.720 (   157      0)     0.449 (   127      0)
"vertical_remap"                     192      192 9.600000e+03   1.118931e+03     6.323 (     0      0)     5.765 (   103      0)
"vertical_remap1_1"                  192      192 3.072000e+05   4.692605e+01     0.263 (    64      0)     0.239 (    30      0)
"remap_Q_ppm"                        192      192 9.216000e+05   1.102223e+03     6.223 (     0      0)     5.683 (   103      0)
"vertical_remap1_2"                  192      192 3.072000e+05   6.978772e+01     0.387 (    64      0)     0.358 (    30      0)
"vertical_remap1_3"                  192      192 3.072000e+05   9.918733e+02     5.615 (     0      0)     5.109 (   103      0)
"prim_run_subcyle_diags"             192      192 9.600000e+03   5.995426e+01     0.420 (     7      0)     0.209 (    87      0)
"t_prf"                                0        0 0.000000e+00   0.000000e+00     0.000 (     0      0)     0.000 (     0      0)

