
***** GLOBAL STATISTICS (   768 MPI TASKS) *****

$Id: gptl.c,v 1.157 2011-03-28 20:55:18 rosinski Exp $
'count' is cumulative. All other stats are max/min
name                               processes  threads        count      walltotal   wallmax (proc   thrd  )   wallmin (proc   thrd  )
Total                                    768      768 7.680000e+02   1.074449e+05   139.929 (    64      0)   139.882 (   498      0)
prim_init1                               768      768 7.680000e+02   4.813696e+02     0.636 (   128      0)     0.609 (   495      0)
repro_sum_int                            768      768 3.456000e+04   3.848819e+01     0.162 (     5      0)     0.022 (   651      0)
prim_init2                               768      768 7.680000e+02   4.524363e+02     0.701 (     5      0)     0.560 (   153      0)
prim_printstate                          768      768 7.680000e+02   7.659378e+01     0.104 (     0      0)     0.098 (   247      0)
interp_movie_output                      768      768 1.536000e+03   3.324142e-01     0.001 (    13      0)     0.000 (   579      0)
prim_main_loop                           768      768 7.680000e+02   1.035260e+05   134.826 (    64      0)   134.780 (   498      0)
prim_run                                 768      768 1.228800e+05   1.035249e+05   134.824 (    64      0)   134.778 (   498      0)
tl-sc prim_run_subcycle_c                768      768 1.228800e+05   1.035054e+05   134.796 (    64      0)   134.753 (   493      0)
tl-sc dp3d-from-ps                       768      768 1.228800e+05   1.419307e+01     0.021 (   320      0)     0.018 (   252      0)
tl-sc prim_step-loop                     768      768 1.228800e+05   9.048289e+04   118.118 (    55      0)   116.487 (   576      0)
tl-s prim_step                           768      768 3.686400e+05   9.048083e+04   118.116 (    55      0)   116.484 (   576      0)
tl-s deep_copy+derived_dp                768      768 3.686400e+05   1.332692e+02     0.203 (    85      0)     0.149 (   703      0)
tl-s prim_advance_exp-loop               768      768 3.686400e+05   2.237917e+04    35.273 (   667      0)    22.764 (   704      0)
tl-ae prim_advance_exp                   768      768 3.686400e+05   2.237619e+04    35.269 (   667      0)    22.760 (   704      0)
tl-ae U3-5stage_timestep                 768      768 3.686400e+05   1.257777e+04    22.706 (   667      0)    11.344 (   704      0)
caar compute                             768      768 1.843200e+06   5.176470e+03     7.678 (    64      0)     6.340 (   666      0)
caar_bexchV                              768      768 1.843200e+06   7.168455e+03    15.983 (   667      0)     3.505 (   704      0)
tl-ae advance_hypervis_dp                768      768 3.686400e+05   9.791804e+03    16.894 (   451      0)    11.237 (   696      0)
hvf-bhwk                                 768      768 1.105920e+06   5.910959e+03    10.825 (   453      0)     6.771 (   696      0)
hvf-bexch                                768      768 2.211840e+06   5.046182e+03    10.958 (   451      0)     4.164 (    64      0)
tl-s prim_advec_tracers_remap            768      768 3.686400e+05   6.796082e+04    93.944 (    96      0)    82.461 (   667      0)
tl-at prim_advec_tracers_remap_RK2       768      768 3.686400e+05   6.795767e+04    93.940 (    96      0)    82.457 (   667      0)
tl-at precompute_divdp                   768      768 3.686400e+05   1.168019e+02     0.192 (   704      0)     0.135 (   645      0)
tl-at esf-0                              768      768 3.686400e+05   1.862984e+04    27.351 (   126      0)    21.320 (   663      0)
tl-at esf-1                              768      768 3.686400e+05   1.447730e+04    20.954 (   151      0)    17.174 (   665      0)
tl-at esf-2                              768      768 3.686400e+05   3.280166e+04    46.355 (   744      0)    39.358 (   668      0)
tl-at qdp_time_avg                       768      768 3.686400e+05   1.914553e+03     2.816 (    67      0)     2.095 (   696      0)
tl-sc vertical_remap                     768      768 1.228800e+05   1.165557e+04    16.351 (   576      0)    14.885 (    55      0)
Remap Thickness Functor                  768      768 1.228800e+05   6.793773e+01     0.101 (    72      0)     0.079 (   683      0)
Remap Scale States Functor               768      768 1.228800e+05   3.235413e+01     0.054 (   740      0)     0.032 (    63      0)
Remap Compute Grids Functor              768      768 1.228800e+05   4.341388e+02     0.653 (    90      0)     0.516 (    21      0)
Remap Compute Remap Functor              768      768 1.228800e+05   1.106977e+04    15.583 (   576      0)    14.165 (    95      0)
Remap Rescale States Functor             768      768 1.228800e+05   4.083841e+01     0.062 (   512      0)     0.050 (   444      0)
tl-sc Q-from-qdp                         768      768 1.228800e+05   1.349733e+03     1.949 (   320      0)     1.736 (   667      0)
t_prf                                      0        0 0.000000e+00   0.000000e+00     0.000 (     0      0)     0.000 (     0      0)

