
***** GLOBAL STATISTICS (  1024 MPI TASKS) *****

$Id: gptl.c,v 1.157 2011-03-28 20:55:18 rosinski Exp $
'count' is cumulative. All other stats are max/min
name                               processes  threads        count      walltotal   wallmax (proc   thrd  )   wallmin (proc   thrd  )
Total                                   1024     1024 1.024000e+03   5.217221e+04    50.961 (   384      0)    50.942 (   292      0)
prim_init1                              1024     1024 1.024000e+03   5.887013e+02     0.589 (   978      0)     0.563 (   292      0)
repro_sum_int                           1024     1024 4.608000e+04   6.546495e+01     0.142 (     6      0)     0.026 (  1009      0)
prim_init2                              1024     1024 1.024000e+03   3.108617e+02     0.384 (    51      0)     0.267 (   955      0)
prim_printstate                         1024     1024 1.024000e+03   6.331790e+01     0.065 (     0      0)     0.061 (   237      0)
interp_movie_output                     1024     1024 2.048000e+03   8.371563e-01     0.002 (   751      0)     0.000 (   594      0)
prim_main_loop                          1024     1024 1.024000e+03   5.017560e+04    49.011 (   384      0)    48.994 (  1021      0)
prim_run                                1024     1024 2.734080e+05   5.017305e+04    49.008 (   384      0)    48.990 (   687      0)
tl-sc prim_run_subcycle_c               1024     1024 2.734080e+05   5.016444e+04    48.999 (   128      0)    48.980 (   669      0)
tl-sc dp3d-from-ps                      1024     1024 2.734080e+05   7.967045e+00     0.010 (   384      0)     0.007 (    31      0)
tl-sc prim_step-loop                    1024     1024 2.734080e+05   4.467598e+04    43.729 (   261      0)    43.211 (   832      0)
tl-s prim_step                          1024     1024 8.202240e+05   4.467171e+04    43.725 (   261      0)    43.207 (   832      0)
tl-s deep_copy+derived_dp               1024     1024 8.202240e+05   5.739998e+01     0.062 (   768      0)     0.051 (   213      0)
tl-s prim_advance_exp-loop              1024     1024 8.202240e+05   1.432899e+04    16.365 (   104      0)    10.877 (   128      0)
tl-ae prim_advance_exp                  1024     1024 8.202240e+05   1.432292e+04    16.359 (   104      0)    10.870 (   128      0)
tl-ae U3-5stage_timestep                1024     1024 8.202240e+05   7.463274e+03    11.078 (   104      0)     5.098 (   128      0)
caar compute                            1024     1024 4.101120e+06   2.280572e+03     2.598 (   128      0)     2.101 (    96      0)
caar_bexchV                             1024     1024 4.101120e+06   5.027714e+03     8.736 (   104      0)     2.325 (   128      0)
tl-ae advance_hypervis_dp               1024     1024 8.202240e+05   6.847568e+03     9.233 (   788      0)     5.241 (   182      0)
hvf-bhwk                                1024     1024 2.460672e+06   3.832429e+03     5.417 (   780      0)     2.933 (   161      0)
hvf-bexch                               1024     1024 4.921344e+06   4.791246e+03     7.334 (   803      0)     2.868 (   192      0)
tl-s prim_advec_tracers_remap           1024     1024 8.202240e+05   3.027209e+04    32.683 (   129      0)    27.222 (   104      0)
tl-at prim_advec_tracers_remap_RK2      1024     1024 8.202240e+05   3.026565e+04    32.676 (   129      0)    27.216 (   104      0)
tl-at precompute_divdp                  1024     1024 8.202240e+05   5.529278e+01     0.064 (   384      0)     0.045 (   827      0)
tl-at esf-0                             1024     1024 8.202240e+05   8.354456e+03    10.305 (   144      0)     6.940 (   252      0)
tl-at esf-1                             1024     1024 8.202240e+05   6.250607e+03     7.045 (   404      0)     5.439 (   105      0)
tl-at esf-2                             1024     1024 8.202240e+05   1.486078e+04    16.704 (   129      0)    13.291 (   864      0)
tl-at qdp_time_avg                      1024     1024 8.202240e+05   7.123738e+02     0.786 (   704      0)     0.591 (   210      0)
tl-sc vertical_remap                    1024     1024 2.734080e+05   4.921290e+03     5.169 (   704      0)     4.708 (   261      0)
Remap Thickness Functor                 1024     1024 2.734080e+05   3.301295e+01     0.041 (   512      0)     0.027 (   122      0)
Remap Scale States Functor              1024     1024 2.734080e+05   1.497054e+01     0.017 (   185      0)     0.011 (    88      0)
Remap Compute Grids Functor             1024     1024 2.734080e+05   1.784893e+02     0.190 (   704      0)     0.164 (   125      0)
Remap Compute Remap Functor             1024     1024 2.734080e+05   4.656396e+03     4.893 (   704      0)     4.457 (   889      0)
Remap Rescale States Functor            1024     1024 2.734080e+05   1.928943e+01     0.022 (   448      0)     0.018 (   156      0)
tl-sc Q-from-qdp                        1024     1024 2.734080e+05   5.531538e+02     0.622 (   448      0)     0.535 (   987      0)
t_prf                                      0        0 0.000000e+00   0.000000e+00     0.000 (     0      0)     0.000 (     0      0)

