
***** GLOBAL STATISTICS ( 24576 MPI TASKS) *****

$Id: gptl.c,v 1.157 2011-03-28 20:55:18 rosinski Exp $
'count' is cumulative. All other stats are max/min
name                               processes  threads        count      walltotal   wallmax (proc   thrd  )   wallmin (proc   thrd  )
Total                                  24576    24576 2.457600e+04   7.147800e+06   290.962 (  4650      0)   290.767 ( 23534      0)
prim_init1                             24576    24576 2.457600e+04   7.894400e+04     3.619 (  4062      0)     2.667 ( 19819      0)
repro_sum_int                          24576    24576 2.531328e+06   2.646710e+04     2.899 ( 15770      0)     0.180 ( 19648      0)
prim_init2                             24576    24576 2.457600e+04   6.081302e+04     4.285 ( 18575      0)     1.127 ( 14762      0)
prim_printstate                        24576    24576 4.915200e+04   1.249317e+04     0.789 ( 18013      0)     0.333 (   451      0)
interp_movie_output                    24576    24576 4.915200e+04   3.328040e+02     0.046 (   510      0)     0.000 ( 23752      0)
prim_main_loop                         24576    24576 2.457600e+04   6.872666e+06   279.681 ( 18665      0)   279.596 (  9740      0)
prim_run                               24576    24576 1.258291e+08   6.871707e+06   279.651 ( 15299      0)   279.557 (  9728      0)
tl-sc prim_run_subcycle_c              24576    24576 1.258291e+08   6.855166e+06   278.994 ( 22399      0)   278.848 (  9728      0)
tl-sc dp3d-from-ps                     24576    24576 1.258291e+08   1.394103e+03     0.108 ( 17984      0)     0.041 (  7427      0)
tl-sc prim_step-loop                   24576    24576 1.258291e+08   6.417402e+06   261.770 (  6243      0)   258.715 ( 18112      0)
tl-s prim_step                         24576    24576 3.774874e+08   6.415628e+06   261.700 (  6243      0)   258.640 ( 18112      0)
tl-s deep_copy+derived_dp              24576    24576 3.774874e+08   7.082240e+03     0.393 ( 10368      0)     0.263 ( 24533      0)
tl-s prim_advance_exp-loop             24576    24576 3.774874e+08   2.870773e+06   133.786 ( 22631      0)    90.465 ( 14080      0)
tl-ae prim_advance_exp                 24576    24576 3.774874e+08   2.868496e+06   133.695 ( 22631      0)    90.365 ( 14080      0)
tl-ae U3-5stage_timestep               24576    24576 3.774874e+08   1.441836e+06    87.147 (  7202      0)    42.068 ( 10240      0)
caar compute                           24576    24576 1.887437e+09   2.002370e+05     9.706 ( 19072      0)     7.670 ( 23671      0)
caar_bexchV                            24576    24576 1.887437e+09   1.215637e+06    78.166 (  7202      0)    31.474 ( 10240      0)
tl-ae advance_hypervis_dp              24576    24576 3.774874e+08   1.422637e+06    80.223 ( 23405      0)    45.500 (  7199      0)
hvf-bhwk                               24576    24576 1.132462e+09   7.401641e+05    44.410 ( 23405      0)    23.257 ( 14591      0)
hvf-bexch                              24576    24576 2.264924e+09   1.233909e+06    72.440 ( 23405      0)    37.257 ( 14080      0)
tl-s prim_advec_tracers_remap          24576    24576 3.774874e+08   3.532940e+06   168.172 ( 14080      0)   127.137 ( 22631      0)
tl-at prim_advec_tracers_remap_RK2     24576    24576 3.774874e+08   3.530252e+06   168.045 ( 14080      0)   127.026 ( 22631      0)
tl-at precompute_divdp                 24576    24576 3.774874e+08   7.915165e+03     0.451 ( 21948      0)     0.260 (  5150      0)
tl-at esf-0                            24576    24576 3.774874e+08   9.975949e+05    53.928 (  7336      0)    33.127 (  6114      0)
tl-at esf-1                            24576    24576 3.774874e+08   6.855829e+05    36.105 (  4970      0)    22.702 (  6623      0)
tl-at esf-2                            24576    24576 3.774874e+08   1.774766e+06    88.857 ( 14593      0)    60.786 (  4962      0)
tl-at qdp_time_avg                     24576    24576 3.774874e+08   5.128646e+04     2.651 ( 22487      0)     1.876 ( 23793      0)
tl-sc vertical_remap                   24576    24576 1.258291e+08   3.907953e+05    18.048 ( 18112      0)    15.287 (  6243      0)
Remap Thickness Functor                24576    24576 1.258291e+08   4.501076e+03     0.277 ( 20800      0)     0.143 ( 12896      0)
Remap Scale States Functor             24576    24576 1.258291e+08   2.238775e+03     0.171 (  5017      0)     0.070 (  7039      0)
Remap Compute Grids Functor            24576    24576 1.258291e+08   1.494493e+04     0.724 ( 18176      0)     0.566 ( 11690      0)
Remap Compute Remap Functor            24576    24576 1.258291e+08   3.587130e+05    16.600 ( 10304      0)    14.145 (  6243      0)
Remap Rescale States Functor           24576    24576 1.258291e+08   2.426314e+03     0.142 ( 19968      0)     0.090 ( 23468      0)
tl-sc Q-from-qdp                       24576    24576 1.258291e+08   4.312290e+04     2.139 ( 23168      0)     1.735 ( 14686      0)
t_prf                                      0        0 0.000000e+00   0.000000e+00     0.000 (     0      0)     0.000 (     0      0)

