
***** GLOBAL STATISTICS (   960 MPI TASKS) *****

$Id: gptl.c,v 1.157 2011-03-28 20:55:18 rosinski Exp $
'count' is cumulative. All other stats are max/min
name                               processes  threads        count      walltotal   wallmax (proc   thrd  )   wallmin (proc   thrd  )
Total                                    960      960 9.600000e+02   1.523162e+05   158.751 (   320      0)   158.488 (    31      0)
prim_init1                               960      960 9.600000e+02   1.528491e+03     1.614 (     0      0)     1.504 (   381      0)
repro_sum_int                            960      960 4.320000e+04   9.461533e+01     0.319 (   236      0)     0.032 (   576      0)
prim_init2                               960      960 9.600000e+02   1.422971e+03     1.703 (   194      0)     1.413 (   617      0)
prim_printstate                          960      960 9.600000e+02   2.117696e+02     0.226 (     0      0)     0.220 (   876      0)
interp_movie_output                      960      960 1.920000e+03   4.254069e-01     0.001 (   273      0)     0.000 (   681      0)
prim_main_loop                           960      960 9.600000e+02   1.342520e+05   139.935 (   320      0)   139.670 (    31      0)
prim_run                                 960      960 4.800000e+04   1.342508e+05   139.934 (   320      0)   139.669 (    31      0)
tl-sc prim_run_subcycle_c                960      960 4.800000e+04   1.341391e+05   139.820 (   857      0)   139.606 (    26      0)
tl-sc dp3d-from-ps                       960      960 4.800000e+04   1.566325e+01     0.018 (   378      0)     0.015 (   156      0)
tl-sc prim_step-loop                     960      960 4.800000e+04   1.193462e+05   125.134 (   289      0)   122.779 (   704      0)
tl-s prim_step                           960      960 1.440000e+05   1.193454e+05   125.133 (   289      0)   122.779 (   704      0)
tl-s deep_copy+derived_dp                960      960 1.440000e+05   1.544944e+02     0.206 (   383      0)     0.138 (    55      0)
tl-s prim_advance_exp-loop               960      960 1.440000e+05   2.855655e+04    42.169 (   668      0)    17.515 (   856      0)
tl-ae prim_advance_exp                   960      960 1.440000e+05   2.854444e+04    42.158 (   668      0)    17.504 (   856      0)
tl-ae U3-5stage_timestep                 960      960 1.440000e+05   1.688952e+04    28.986 (    26      0)     8.799 (   856      0)
caar compute                             960      960 7.200000e+05   5.563912e+03     6.353 (     0      0)     5.526 (   142      0)
caar_bexchV                              960      960 7.200000e+05   1.109546e+04    23.054 (    26      0)     2.723 (   856      0)
tl-ae advance_hypervis_dp                960      960 1.440000e+05   1.165223e+04    19.768 (   677      0)     8.610 (   848      0)
hvf-bhwk                                 960      960 4.320000e+05   6.942225e+03    13.870 (   683      0)     5.275 (   270      0)
hvf-bexch                                960      960 8.640000e+05   6.620616e+03    14.752 (   677      0)     3.256 (   320      0)
tl-s prim_advec_tracers_remap            960      960 1.440000e+05   9.063131e+04   107.331 (   856      0)    81.870 (   668      0)
tl-at prim_advec_tracers_remap_RK2       960      960 1.440000e+05   9.063003e+04   107.330 (   856      0)    81.868 (   668      0)
tl-at precompute_divdp                   960      960 1.440000e+05   1.448717e+02     0.256 (   638      0)     0.101 (   225      0)
tl-at esf-0                              960      960 1.440000e+05   2.608931e+04    32.355 (   857      0)    21.708 (   715      0)
tl-at esf-1                              960      960 1.440000e+05   1.790779e+04    22.661 (   853      0)    15.502 (   147      0)
tl-at esf-2                              960      960 1.440000e+05   4.420421e+04    54.196 (   128      0)    37.579 (   666      0)
tl-at qdp_time_avg                       960      960 1.440000e+05   2.276515e+03     2.974 (   947      0)     1.869 (   630      0)
tl-sc vertical_remap                     960      960 4.800000e+04   1.328183e+04    15.245 (   704      0)    13.101 (   289      0)
Remap Thickness Functor                  960      960 4.800000e+04   7.336077e+01     0.093 (   420      0)     0.068 (   134      0)
Remap Scale States Functor               960      960 4.800000e+04   3.787445e+01     0.061 (   954      0)     0.029 (   131      0)
Remap Compute Grids Functor              960      960 4.800000e+04   4.806254e+02     0.585 (   954      0)     0.452 (   113      0)
Remap Compute Remap Functor              960      960 4.800000e+04   1.263910e+04    14.484 (   704      0)    12.479 (   289      0)
Remap Rescale States Functor             960      960 4.800000e+04   4.475675e+01     0.057 (   320      0)     0.043 (   606      0)
tl-sc Q-from-qdp                         960      960 4.800000e+04   1.493979e+03     1.717 (   320      0)     1.529 (   782      0)
t_prf                                      0        0 0.000000e+00   0.000000e+00     0.000 (     0      0)     0.000 (     0      0)

