
***** GLOBAL STATISTICS (  6144 MPI TASKS) *****

$Id: gptl.c,v 1.157 2011-03-28 20:55:18 rosinski Exp $
'count' is cumulative. All other stats are max/min
name                               processes  threads        count      walltotal   wallmax (proc   thrd  )   wallmin (proc   thrd  )
Total                                   6144     6144 6.144000e+03   4.988145e+05    81.207 (  2159      0)    81.157 (   102      0)
prim_init1                              6144     6144 6.144000e+03   3.658503e+03     0.617 (  2771      0)     0.566 (  5715      0)
repro_sum_int                           6144     6144 2.764800e+05   1.198155e+03     0.539 (    30      0)     0.045 (  2778      0)
prim_init2                              6144     6144 6.144000e+03   2.652823e+03     0.722 (  1511      0)     0.282 (  2814      0)
prim_printstate                         6144     6144 6.144000e+03   4.868510e+02     0.091 (  2227      0)     0.074 (   989      0)
interp_movie_output                     6144     6144 1.228800e+04   8.604844e+00     0.004 (  3783      0)     0.000 (  1676      0)
prim_main_loop                          6144     6144 6.144000e+03   4.846350e+05    78.894 (  1472      0)    78.869 (   296      0)
prim_run                                6144     6144 9.830400e+06   4.845695e+05    78.885 (  1493      0)    78.857 (   192      0)
tl-sc prim_run_subcycle_c               6144     6144 9.830400e+06   4.844149e+05    78.855 (  1475      0)    78.834 (  3646      0)
tl-sc dp3d-from-ps                      6144     6144 9.830400e+06   9.700460e+01     0.021 (   960      0)     0.014 (  1219      0)
tl-sc prim_step-loop                    6144     6144 9.830400e+06   4.503804e+05    73.446 (  3586      0)    72.605 (  2560      0)
tl-s prim_step                          6144     6144 2.949120e+07   4.502423e+05    73.422 (  3586      0)    72.580 (  2560      0)
tl-s deep_copy+derived_dp               6144     6144 2.949120e+07   5.457183e+02     0.103 (   768      0)     0.083 (  5948      0)
tl-s prim_advance_exp-loop              6144     6144 2.949120e+07   1.825848e+05    35.008 (  1757      0)    23.605 (  3520      0)
tl-ae prim_advance_exp                  6144     6144 2.949120e+07   1.824091e+05    34.980 (  1757      0)    23.573 (  3520      0)
tl-ae U3-5stage_timestep                6144     6144 2.949120e+07   9.559272e+04    22.743 (  1503      0)    10.552 (  1600      0)
caar compute                            6144     6144 1.474560e+08   1.568780e+04     3.038 (  1472      0)     2.406 (  6072      0)
caar_bexchV                             6144     6144 1.474560e+08   7.793599e+04    19.980 (  1503      0)     7.173 (  1600      0)
tl-ae advance_hypervis_dp               6144     6144 2.949120e+07   8.650050e+04    19.243 (  1659      0)    11.225 (  1250      0)
hvf-bhwk                                6144     6144 8.847360e+07   4.543245e+04    10.720 (  1580      0)     5.843 (  1248      0)
hvf-bexch                               6144     6144 1.769472e+08   7.181181e+04    16.793 (  1659      0)     8.926 (  1250      0)
tl-s prim_advec_tracers_remap           6144     6144 2.949120e+07   2.667390e+05    48.979 (  3925      0)    38.173 (  1757      0)
tl-at prim_advec_tracers_remap_RK2      6144     6144 2.949120e+07   2.665316e+05    48.947 (  3925      0)    38.140 (  1757      0)
tl-at precompute_divdp                  6144     6144 2.949120e+07   6.108543e+02     0.127 (  5376      0)     0.083 (  1586      0)
tl-at esf-0                             6144     6144 2.949120e+07   7.341034e+04    14.784 (  5568      0)     9.594 (  1746      0)
tl-at esf-1                             6144     6144 2.949120e+07   5.198460e+04     9.966 (  5375      0)     6.854 (   437      0)
tl-at esf-2                             6144     6144 2.949120e+07   1.354899e+05    25.990 (  3240      0)    18.917 (  1954      0)
tl-at qdp_time_avg                      6144     6144 2.949120e+07   4.011553e+03     0.755 (  4994      0)     0.585 (  1130      0)
tl-sc vertical_remap                    6144     6144 9.830400e+06   3.037579e+04     5.550 (  2560      0)     4.794 (  3586      0)
Remap Thickness Functor                 6144     6144 9.830400e+06   3.228810e+02     0.063 (   384      0)     0.048 (  1794      0)
Remap Scale States Functor              6144     6144 9.830400e+06   1.692791e+02     0.033 (  4992      0)     0.023 (  4629      0)
Remap Compute Grids Functor             6144     6144 9.830400e+06   1.161311e+03     0.217 (  2816      0)     0.177 (  5055      0)
Remap Compute Remap Functor             6144     6144 9.830400e+06   2.807363e+04     5.156 (  2560      0)     4.439 (  3586      0)
Remap Rescale States Functor            6144     6144 9.830400e+06   1.920419e+02     0.044 (  4596      0)     0.029 (  1299      0)
tl-sc Q-from-qdp                        6144     6144 9.830400e+06   3.368546e+03     0.643 (  3392      0)     0.542 (  5918      0)
t_prf                                      0        0 0.000000e+00   0.000000e+00     0.000 (     0      0)     0.000 (     0      0)

