
***** GLOBAL STATISTICS ( 12800 MPI TASKS) *****

$Id: gptl.c,v 1.157 2011-03-28 20:55:18 rosinski Exp $
'count' is cumulative. All other stats are max/min
name                               processes  threads        count      walltotal   wallmax (proc   thrd  )   wallmin (proc   thrd  )
Total                                  12800    12800 1.280000e+04   2.184064e+06   170.715 (  3921      0)   170.578 (  5357      0)
prim_init1                             12800    12800 1.280000e+04   3.169955e+04     2.563 (  4195      0)     2.374 (  2371      0)
repro_sum_int                          12800    12800 5.760000e+05   7.652049e+03     3.001 (    23      0)     0.097 (  3581      0)
prim_init2                             12800    12800 1.280000e+04   1.710579e+04     3.568 (    22      0)     0.788 (  4830      0)
prim_printstate                        12800    12800 1.280000e+04   2.645322e+03     0.235 (  7985      0)     0.186 (     5      0)
interp_movie_output                    12800    12800 2.560000e+04   5.779687e+01     0.013 (  3167      0)     0.000 (  2217      0)
prim_main_loop                         12800    12800 1.280000e+04   1.993945e+06   155.795 ( 10867      0)   155.754 (  8838      0)
prim_run                               12800    12800 1.707520e+07   1.993798e+06   155.784 ( 10834      0)   155.742 (  8858      0)
tl-sc prim_run_subcycle_c              12800    12800 1.707520e+07   1.993277e+06   155.752 (  6725      0)   155.697 (  5142      0)
tl-sc dp3d-from-ps                     12800    12800 1.707520e+07   3.351022e+02     0.037 ( 12672      0)     0.022 (  3857      0)
tl-sc prim_step-loop                   12800    12800 1.707520e+07   1.820393e+06   142.512 (  7635      0)   140.809 (  4672      0)
tl-s prim_step                         12800    12800 5.122560e+07   1.820137e+06   142.491 (  7635      0)   140.787 (  4672      0)
tl-s deep_copy+derived_dp              12800    12800 5.122560e+07   1.986179e+03     0.183 (  7744      0)     0.147 (  6594      0)
tl-s prim_advance_exp-loop             12800    12800 5.122560e+07   7.012772e+05    62.027 ( 11495      0)    40.997 (  6720      0)
tl-ae prim_advance_exp                 12800    12800 5.122560e+07   7.009141e+05    62.000 ( 11495      0)    40.963 (  6720      0)
tl-ae U3-5stage_timestep               12800    12800 5.122560e+07   3.511474e+05    36.437 ( 12376      0)    18.605 (  6720      0)
caar compute                           12800    12800 2.561280e+08   7.450817e+04     6.801 (  4608      0)     5.510 (  3915      0)
caar_bexchV                            12800    12800 2.561280e+08   2.702085e+05    30.323 (  3876      0)    11.295 (  6720      0)
tl-ae advance_hypervis_dp              12800    12800 5.122560e+07   3.491259e+05    33.585 (  1053      0)    20.541 (  6778      0)
hvf-bhwk                               12800    12800 1.536768e+08   1.863403e+05    18.900 (  3645      0)    10.659 (  3786      0)
hvf-bexch                              12800    12800 3.073536e+08   2.822912e+05    28.362 ( 12622      0)    15.044 (  6784      0)
tl-s prim_advec_tracers_remap          12800    12800 5.122560e+07   1.116162e+06   100.728 ( 12437      0)    80.043 ( 11495      0)
tl-at prim_advec_tracers_remap_RK2     12800    12800 5.122560e+07   1.115765e+06   100.695 ( 12437      0)    80.013 ( 11495      0)
tl-at precompute_divdp                 12800    12800 5.122560e+07   2.050427e+03     0.198 (  6400      0)     0.138 (   402      0)
tl-at esf-0                            12800    12800 5.122560e+07   3.112610e+05    29.857 (  6732      0)    20.333 (  3864      0)
tl-at esf-1                            12800    12800 5.122560e+07   2.232263e+05    20.963 ( 12590      0)    15.494 ( 11048      0)
tl-at esf-2                            12800    12800 5.122560e+07   5.561349e+05    54.719 ( 12443      0)    38.750 ( 12753      0)
tl-at qdp_time_avg                     12800    12800 5.122560e+07   2.113822e+04     1.872 (  6016      0)     1.469 (  5553      0)
tl-sc vertical_remap                   12800    12800 1.707520e+07   1.549704e+05    13.300 (  4672      0)    11.813 (  7635      0)
Remap Thickness Functor                12800    12800 1.707520e+07   1.272491e+03     0.146 ( 12032      0)     0.082 (  7084      0)
Remap Scale States Functor             12800    12800 1.707520e+07   5.636453e+02     0.072 (  2368      0)     0.035 (   846      0)
Remap Compute Grids Functor            12800    12800 1.707520e+07   5.647679e+03     0.525 (   320      0)     0.418 (  3881      0)
Remap Compute Remap Functor            12800    12800 1.707520e+07   1.455218e+05    12.508 ( 10145      0)    11.105 (  7635      0)
Remap Rescale States Functor           12800    12800 1.707520e+07   6.863295e+02     0.067 (  8320      0)     0.050 ( 11906      0)
tl-sc Q-from-qdp                       12800    12800 1.707520e+07   1.721390e+04     1.574 (   128      0)     1.332 (  2471      0)
t_prf                                      0        0 0.000000e+00   0.000000e+00     0.000 (     0      0)     0.000 (     0      0)

