
***** GLOBAL STATISTICS (  2560 MPI TASKS) *****

$Id: gptl.c,v 1.157 2011-03-28 20:55:18 rosinski Exp $
'count' is cumulative. All other stats are max/min
name                           processes  threads        count      walltotal   wallmax (proc   thrd  )   wallmin (proc   thrd  )
"Total"                             2560     2560 2.560000e+03   4.128038e+05   161.283 (     0      0)   161.227 (   624      0)
"prim_init1"                        2560     2560 2.560000e+03   2.108557e+03     0.846 (  1280      0)     0.786 (   116      0)
"PartitioningTime"                  2560     2560 2.560000e+03   5.628140e+00     0.004 (  2499      0)     0.001 (  1832      0)
"repro_sum_int"                     2560     2560 1.152000e+05   2.518459e+02     0.265 (   169      0)     0.037 (   828      0)
"prim_init2"                        2560     2560 2.560000e+03   5.027615e+02     0.363 (   104      0)     0.137 (   828      0)
"prim_printstate"                   2560     2560 2.560000e+03   1.684785e+02     0.073 (     0      0)     0.064 (   920      0)
"interp_movie_output"               2560     2560 5.120000e+03   1.686589e+00     0.001 (   938      0)     0.000 (   374      0)
"prim_main_loop"                    2560     2560 2.560000e+03   3.879875e+05   151.587 (     0      0)   151.532 (  2001      0)
"prim_run"                          2560     2560 6.835200e+05   3.879821e+05   151.585 (     0      0)   151.530 (  2001      0)
"ApplyCAMForcing"                   2560     2560 6.835200e+05   3.838725e+03     1.607 (  1551      0)     1.274 (  1348      0)
"prim_step_rX"                      2560     2560 2.050560e+06   3.439747e+05   134.659 (    68      0)   133.145 (   384      0)
"prim_step_dyn"                     2560     2560 2.050560e+06   9.233455e+04    43.377 (  2135      0)    27.337 (     0      0)
"prim_advance_exp"                  2560     2560 2.050560e+06   9.230806e+04    43.367 (  2135      0)    27.326 (     0      0)
"U3-5stage_timestep"                2560     2560 2.050560e+06   4.768408e+04    26.223 (  2148      0)    12.419 (     0      0)
"compute_and_apply_rhs"             2560     2560 1.025280e+07   4.722305e+04    26.043 (  2148      0)    12.223 (     0      0)
"caar_bexchV"                       2560     2560 1.025280e+07   2.583193e+04    17.897 (  2148      0)     2.541 (     0      0)
"advance_hypervis_dp"               2560     2560 2.050560e+06   4.458206e+04    21.790 (  1083      0)    14.260 (    21      0)
"biwkdp3d_bexchV"                   2560     2560 6.151680e+06   1.013747e+04     6.922 (   936      0)     1.699 (     0      0)
"ahdp_bexchV2"                      2560     2560 6.151680e+06   9.864059e+03     6.521 (   905      0)     1.884 (   128      0)
"prim_step_advec"                   2560     2560 2.050560e+06   2.510489e+05   105.817 (     0      0)    91.027 (  2135      0)
"PAT_remap"                         2560     2560 2.050560e+06   2.510366e+05   105.812 (     0      0)    91.022 (  2135      0)
"prim_advec_tracers_remap_rk2"      2560     2560 2.050560e+06   2.510176e+05   105.803 (     0      0)    91.015 (  2135      0)
"precomput_divdp"                   2560     2560 2.050560e+06   4.344040e+02     0.205 (     0      0)     0.162 (  1096      0)
"euler_step_0"                      2560     2560 2.050560e+06   6.119252e+04    26.701 (  1984      0)    21.510 (  2135      0)
"bihmix_qminmax"                    2560     2560 6.151680e+06   1.147666e+05    50.446 (   640      0)    41.476 (  1635      0)
"eus_neighbor_minmax1"              2560     2560 2.050560e+06   1.155479e+04     6.215 (  2053      0)     3.195 (  2415      0)
"nmm_bexchV"                        2560     2560 2.050560e+06   6.760862e+03     4.385 (  2053      0)     1.431 (  2420      0)
"eus_2d_advec"                      2560     2560 6.151680e+06   1.322008e+05    59.926 (     2      0)    47.203 (  1640      0)
"eus_bexchV"                        2560     2560 6.151680e+06   2.516412e+04    16.775 (  2050      0)     4.960 (     0      0)
"euler_step_1"                      2560     2560 2.050560e+06   4.880871e+04    20.847 (     2      0)    17.482 (  1173      0)
"euler_step_2"                      2560     2560 2.050560e+06   1.371010e+05    57.681 (  1352      0)    49.496 (   924      0)
"nmm_bexchS_start"                  2560     2560 2.050560e+06   1.197780e+02     0.075 (    39      0)     0.023 (   360      0)
"biwksc_bexchV"                     2560     2560 2.050560e+06   1.157638e+04     7.876 (  2161      0)     2.553 (    19      0)
"nmm_bexchS_fini"                   2560     2560 2.050560e+06   1.098626e+03     0.583 (  1551      0)     0.330 (  2039      0)
"qdp_tavg"                          2560     2560 2.050560e+06   3.405442e+03     1.550 (    36      0)     1.033 (  2417      0)
"vertical_remap"                    2560     2560 6.835200e+05   3.787162e+04    16.050 (  1216      0)    14.596 (    32      0)
"vertical_remap1_1"                 2560     2560 1.025280e+07   1.598622e+03     0.682 (   128      0)     0.603 (   970      0)
"remap_Q_ppm"                       2560     2560 3.075840e+07   3.730351e+04    15.801 (  1216      0)    14.379 (    32      0)
"vertical_remap1_2"                 2560     2560 1.025280e+07   2.359496e+03     0.998 (   128      0)     0.897 (   413      0)
"vertical_remap1_3"                 2560     2560 1.025280e+07   3.356415e+04    14.228 (  1216      0)    12.923 (    32      0)
"prim_run_subcyle_diags"            2560     2560 6.835200e+05   1.743653e+03     0.890 (  1731      0)     0.501 (  2117      0)
"t_prf"                                0        0 0.000000e+00   0.000000e+00     0.000 (     0      0)     0.000 (     0      0)

