
***** GLOBAL STATISTICS (   192 MPI TASKS) *****

$Id: gptl.c,v 1.157 2011-03-28 20:55:18 rosinski Exp $
'count' is cumulative. All other stats are max/min
name                               processes  threads        count      walltotal   wallmax (proc   thrd  )   wallmin (proc   thrd  )
Total                                    192      192 1.920000e+02   3.274561e+04   170.810 (     0      0)   170.193 (   164      0)
prim_init1                               192      192 1.920000e+02   1.896961e+02     0.997 (   129      0)     0.969 (   178      0)
repro_sum_int                            192      192 8.640000e+03   8.295280e+00     0.077 (    28      0)     0.025 (     0      0)
prim_init2                               192      192 1.920000e+02   5.887688e+02     3.128 (     2      0)     3.026 (   181      0)
prim_printstate                          192      192 1.920000e+02   7.411569e+01     0.392 (     0      0)     0.384 (   105      0)
interp_movie_output                      192      192 3.840000e+02   7.185936e-02     0.001 (    98      0)     0.000 (   152      0)
prim_main_loop                           192      192 1.920000e+02   3.007950e+04   156.924 (     0      0)   156.309 (   164      0)
prim_run                                 192      192 3.840000e+03   3.007938e+04   156.923 (     0      0)   156.308 (   164      0)
tl-sc prim_run_subcycle_c                192      192 3.840000e+03   2.999571e+04   156.467 (     0      0)   156.015 (   125      0)
tl-sc dp3d-from-ps                       192      192 3.840000e+03   4.226282e+00     0.039 (    18      0)     0.016 (   110      0)
tl-sc prim_step-loop                     192      192 3.840000e+03   2.738474e+04   143.037 (   169      0)   141.655 (   128      0)
tl-s prim_step                           192      192 1.152000e+04   2.738465e+04   143.037 (   169      0)   141.654 (   128      0)
tl-s deep_copy+derived_dp                192      192 1.152000e+04   5.396903e+01     0.477 (    18      0)     0.147 (   109      0)
tl-s prim_advance_exp-loop               192      192 1.152000e+04   5.262164e+03    39.465 (   164      0)    16.053 (     0      0)
tl-ae prim_advance_exp                   192      192 1.152000e+04   5.261914e+03    39.463 (   164      0)    16.052 (     0      0)
tl-ae U3-5stage_timestep                 192      192 1.152000e+04   3.601446e+03    30.015 (   164      0)     8.016 (    37      0)
caar compute                             192      192 5.760000e+04   1.026009e+03     6.088 (    45      0)     4.987 (    78      0)
caar_bexchV                              192      192 5.760000e+04   2.535801e+03    24.424 (   164      0)     2.339 (     0      0)
tl-ae advance_hypervis_dp                192      192 1.152000e+04   1.660240e+03    10.845 (   127      0)     7.861 (    76      0)
hvf-bhwk                                 192      192 3.456000e+04   1.011872e+03     6.982 (   181      0)     4.737 (   110      0)
hvf-bexch                                192      192 6.912000e+04   7.454137e+02     6.179 (   127      0)     2.751 (     0      0)
tl-s prim_advec_tracers_remap            192      192 1.152000e+04   2.206823e+04   125.716 (     0      0)   102.605 (   164      0)
tl-at prim_advec_tracers_remap_RK2       192      192 1.152000e+04   2.206810e+04   125.716 (     0      0)   102.604 (   164      0)
tl-at precompute_divdp                   192      192 1.152000e+04   4.138605e+01     0.502 (   109      0)     0.128 (   169      0)
tl-at esf-0                              192      192 1.152000e+04   7.011383e+03    41.558 (     0      0)    30.608 (   163      0)
tl-at esf-1                              192      192 1.152000e+04   4.383713e+03    26.887 (     5      0)    18.854 (   188      0)
tl-at esf-2                              192      192 1.152000e+04   9.816276e+03    59.545 (   168      0)    43.033 (   135      0)
tl-at qdp_time_avg                       192      192 1.152000e+04   8.145542e+02     7.366 (    21      0)     1.801 (   109      0)
tl-sc vertical_remap                     192      192 3.840000e+03   2.317588e+03    12.952 (   128      0)    11.709 (   169      0)
Remap Thickness Functor                  192      192 3.840000e+03   1.767871e+01     0.147 (    46      0)     0.062 (   110      0)
Remap Scale States Functor               192      192 3.840000e+03   1.385701e+01     0.135 (    45      0)     0.031 (    85      0)
Remap Compute Grids Functor              192      192 3.840000e+03   1.024739e+02     0.780 (    46      0)     0.421 (   110      0)
Remap Compute Remap Functor              192      192 3.840000e+03   2.167626e+03    11.982 (   128      0)    11.090 (   169      0)
Remap Rescale States Functor             192      192 3.840000e+03   9.376937e+00     0.152 (     0      0)     0.040 (   164      0)
tl-sc Q-from-qdp                         192      192 3.840000e+03   2.890175e+02     1.824 (     0      0)     1.367 (   164      0)
t_prf                                      0        0 0.000000e+00   0.000000e+00     0.000 (     0      0)     0.000 (     0      0)

