
***** GLOBAL STATISTICS (  1600 MPI TASKS) *****

$Id: gptl.c,v 1.157 2011-03-28 20:55:18 rosinski Exp $
'count' is cumulative. All other stats are max/min
name                           processes  threads        count      walltotal   wallmax (proc   thrd  )   wallmin (proc   thrd  )
"Total"                             1600     1600 1.600000e+03   3.113435e+05   194.677 (     0      0)   194.520 (  1385      0)
"prim_init1"                        1600     1600 1.600000e+03   2.961568e+03     1.876 (   832      0)     1.765 (   782      0)
"PartitioningTime"                  1600     1600 1.600000e+03   5.264043e+00     0.007 (   269      0)     0.003 (   382      0)
"repro_sum_int"                     1600     1600 7.200000e+04   2.248894e+02     0.252 (  1577      0)     0.067 (   895      0)
"prim_init2"                        1600     1600 1.600000e+03   3.849219e+02     0.355 (  1587      0)     0.178 (   568      0)
"prim_printstate"                   1600     1600 1.600000e+03   1.336852e+02     0.094 (   756      0)     0.081 (   587      0)
"interp_movie_output"               1600     1600 3.200000e+03   1.200217e+00     0.003 (   186      0)     0.000 (   752      0)
"prim_main_loop"                    1600     1600 1.600000e+03   2.827849e+05   176.824 (   953      0)   176.672 (  1385      0)
"prim_run"                          1600     1600 1.344000e+05   2.827823e+05   176.823 (   953      0)   176.671 (  1385      0)
"ApplyCAMForcing"                   1600     1600 1.344000e+05   3.043243e+03     2.599 (   228      0)     1.481 (    86      0)
"prim_step_rX"                      1600     1600 4.032000e+05   2.511885e+05   157.607 (   962      0)   155.385 (   512      0)
"prim_step_dyn"                     1600     1600 4.032000e+05   6.043359e+04    49.964 (   667      0)    23.720 (   953      0)
"prim_advance_exp"                  1600     1600 4.032000e+05   6.042804e+04    49.960 (   667      0)    23.717 (   953      0)
"U3-5stage_timestep"                1600     1600 4.032000e+05   3.119855e+04    31.601 (   878      0)    10.592 (   953      0)
"compute_and_apply_rhs"             1600     1600 2.016000e+06   3.092860e+04    31.434 (   878      0)    10.416 (   953      0)
"caar_bexchV"                       1600     1600 2.016000e+06   1.604186e+04    22.513 (   876      0)     0.920 (   953      0)
"advance_hypervis_dp"               1600     1600 4.032000e+05   2.922102e+04    28.677 (   595      0)    12.404 (    81      0)
"biwkdp3d_bexchV"                   1600     1600 1.209600e+06   6.077916e+03    11.138 (   596      0)     0.623 (   920      0)
"ahdp_bexchV2"                      1600     1600 1.209600e+06   5.946722e+03    11.179 (   606      0)     0.611 (     0      0)
"prim_step_advec"                   1600     1600 4.032000e+05   1.903006e+05   132.975 (   953      0)   107.083 (   667      0)
"PAT_remap"                         1600     1600 4.032000e+05   1.902982e+05   132.973 (   953      0)   107.082 (   667      0)
"prim_advec_tracers_remap_rk2"      1600     1600 4.032000e+05   1.902942e+05   132.971 (   953      0)   107.079 (   667      0)
"precomput_divdp"                   1600     1600 4.032000e+05   3.168758e+02     0.249 (  1356      0)     0.181 (   647      0)
"euler_step_0"                      1600     1600 4.032000e+05   4.745898e+04    37.168 (   922      0)    24.190 (   797      0)
"bihmix_qminmax"                    1600     1600 1.209600e+06   8.544413e+04    62.278 (   896      0)    48.309 (   795      0)
"eus_neighbor_minmax1"              1600     1600 4.032000e+05   9.690083e+03    11.060 (   921      0)     3.192 (  1475      0)
"nmm_bexchV"                        1600     1600 4.032000e+05   4.988496e+03     7.064 (    85      0)     1.195 (   583      0)
"eus_2d_advec"                      1600     1600 1.209600e+06   1.014767e+05    77.304 (    86      0)    54.962 (   667      0)
"eus_bexchV"                        1600     1600 1.209600e+06   1.756187e+04    21.730 (    86      0)     5.393 (   665      0)
"euler_step_1"                      1600     1600 4.032000e+05   3.566164e+04    26.643 (   532      0)    19.601 (   668      0)
"euler_step_2"                      1600     1600 4.032000e+05   1.038319e+05    72.903 (    93      0)    56.991 (  1398      0)
"nmm_bexchS_start"                  1600     1600 4.032000e+05   2.561575e+01     0.035 (   944      0)     0.008 (   753      0)
"biwksc_bexchV"                     1600     1600 4.032000e+05   6.776179e+03     9.277 (  1530      0)     1.600 (   872      0)
"nmm_bexchS_fini"                   1600     1600 4.032000e+05   1.333348e+03     1.978 (   936      0)     0.504 (   798      0)
"qdp_tavg"                          1600     1600 4.032000e+05   3.008305e+03     2.712 (  1433      0)     1.216 (   962      0)
"vertical_remap"                    1600     1600 1.344000e+05   2.653509e+04    18.251 (  1024      0)    16.365 (   643      0)
"vertical_remap1_1"                 1600     1600 7.257600e+06   1.117666e+03     0.759 (  1054      0)     0.672 (   643      0)
"remap_Q_ppm"                       1600     1600 2.177280e+07   2.613201e+04    17.951 (  1024      0)    16.124 (   643      0)
"vertical_remap1_2"                 1600     1600 7.257600e+06   1.658965e+03     1.120 (  1054      0)     1.012 (   254      0)
"vertical_remap1_3"                 1600     1600 7.257600e+06   2.350704e+04    16.195 (  1024      0)    14.501 (   900      0)
"prim_run_subcyle_diags"            1600     1600 1.344000e+05   1.554322e+03     1.625 (  1032      0)     0.610 (   113      0)
"t_prf"                                0        0 0.000000e+00   0.000000e+00     0.000 (     0      0)     0.000 (     0      0)

