
***** GLOBAL STATISTICS (  6144 MPI TASKS) *****

$Id: gptl.c,v 1.157 2011-03-28 20:55:18 rosinski Exp $
'count' is cumulative. All other stats are max/min
name                           processes  threads        count      walltotal   wallmax (proc   thrd  )   wallmin (proc   thrd  )
"Total"                             6144     6144 6.144000e+03   1.368660e+06   222.789 (   768      0)   222.739 (  5536      0)
"prim_init1"                        6144     6144 6.144000e+03   5.179390e+03     0.873 (    19      0)     0.807 (  5514      0)
"PartitioningTime"                  6144     6144 6.144000e+03   3.380237e+01     0.014 (  1780      0)     0.001 (  1666      0)
"repro_sum_int"                     6144     6144 2.764800e+05   1.155828e+03     0.442 (   850      0)     0.060 (  2382      0)
"prim_init2"                        6144     6144 6.144000e+03   1.526325e+03     0.499 (  4514      0)     0.134 (  3602      0)
"prim_printstate"                   6144     6144 6.144000e+03   4.763126e+02     0.083 (  2631      0)     0.074 (  4159      0)
"interp_movie_output"               6144     6144 1.228800e+04   7.431195e+00     0.003 (   844      0)     0.000 (  2690      0)
"prim_main_loop"                    6144     6144 6.144000e+03   1.336761e+06   217.589 (   256      0)   217.557 (  5272      0)
"prim_run"                          6144     6144 7.864320e+06   1.336715e+06   217.581 (   256      0)   217.549 (  5275      0)
"ApplyCAMForcing"                   6144     6144 7.864320e+06   1.090355e+04     1.988 (  3346      0)     1.518 (  3670      0)
"prim_step_rX"                      6144     6144 2.359296e+07   1.203153e+06   196.170 (  2440      0)   193.082 (   960      0)
"prim_step_dyn"                     6144     6144 2.359296e+07   3.890099e+05    74.533 (  5341      0)    49.285 (  1280      0)
"prim_advance_exp"                  6144     6144 2.359296e+07   3.887848e+05    74.491 (  5341      0)    49.244 (  1280      0)
"U3-5stage_timestep"                6144     6144 2.359296e+07   2.027207e+05    47.961 (   735      0)    21.205 (  1152      0)
"compute_and_apply_rhs"             6144     6144 1.179648e+08   2.007560e+05    47.649 (   735      0)    20.823 (  1152      0)
"caar_bexchV"                       6144     6144 1.179648e+08   1.327128e+05    37.114 (   735      0)     7.716 (   128      0)
"advance_hypervis_dp"               6144     6144 2.359296e+07   1.856749e+05    38.909 (  1898      0)    24.906 (  3830      0)
"biwkdp3d_bexchV"                   6144     6144 7.077888e+07   5.459255e+04    15.497 (   554      0)     5.650 (  1280      0)
"ahdp_bexchV2"                      6144     6144 7.077888e+07   5.388243e+04    14.938 (  4115      0)     6.141 (  3831      0)
"prim_step_advec"                   6144     6144 2.359296e+07   8.122328e+05   144.538 (  1280      0)   121.202 (  3703      0)
"PAT_remap"                         6144     6144 2.359296e+07   8.120975e+05   144.513 (  1280      0)   121.180 (  3703      0)
"prim_advec_tracers_remap_rk2"      6144     6144 2.359296e+07   8.118864e+05   144.475 (  1280      0)   121.145 (  3703      0)
"precomput_divdp"                   6144     6144 2.359296e+07   1.360389e+03     0.260 (  1280      0)     0.210 (  4171      0)
"euler_step_0"                      6144     6144 2.359296e+07   2.002097e+05    38.423 (  4082      0)    29.014 (  3703      0)
"bihmix_qminmax"                    6144     6144 7.077888e+07   3.663985e+05    69.069 (  3776      0)    55.156 (   377      0)
"eus_neighbor_minmax1"              6144     6144 2.359296e+07   4.054977e+04    11.264 (  4087      0)     4.924 (  3758      0)
"nmm_bexchV"                        6144     6144 2.359296e+07   2.735272e+04     9.199 (  4087      0)     2.834 (  1528      0)
"eus_2d_advec"                      6144     6144 7.077888e+07   4.323917e+05    83.727 (  1282      0)    62.902 (  3703      0)
"eus_bexchV"                        6144     6144 7.077888e+07   1.080765e+05    31.865 (  1282      0)     9.639 (   384      0)
"euler_step_1"                      6144     6144 2.359296e+07   1.578558e+05    28.451 (  4095      0)    23.175 (   565      0)
"euler_step_2"                      6144     6144 2.359296e+07   4.421992e+05    81.131 (   258      0)    65.334 (  3869      0)
"nmm_bexchS_start"                  6144     6144 2.359296e+07   1.379404e+03     0.384 (   576      0)     0.148 (  5362      0)
"biwksc_bexchV"                     6144     6144 2.359296e+07   4.764096e+04    14.018 (  4671      0)     4.686 (   472      0)
"nmm_bexchS_fini"                   6144     6144 2.359296e+07   2.584053e+03     0.615 (  2410      0)     0.381 (  5783      0)
"qdp_tavg"                          6144     6144 2.359296e+07   9.508763e+03     1.873 (  3347      0)     1.285 (  2409      0)
"vertical_remap"                    6144     6144 7.864320e+06   1.159407e+05    21.762 (   960      0)    18.543 (  2428      0)
"vertical_remap1_1"                 6144     6144 3.145728e+07   5.067879e+03     0.903 (  3840      0)     0.786 (  2371      0)
"remap_Q_ppm"                       6144     6144 9.437184e+07   1.141336e+05    21.429 (   960      0)    18.264 (  2428      0)
"vertical_remap1_2"                 6144     6144 3.145728e+07   7.256906e+03     1.292 (  3840      0)     1.148 (   979      0)
"vertical_remap1_3"                 6144     6144 3.145728e+07   1.025176e+05    19.399 (   960      0)    16.416 (  3965      0)
"prim_run_subcyle_diags"            6144     6144 7.864320e+06   4.828189e+03     1.003 (  3347      0)     0.607 (  5374      0)
"t_prf"                                0        0 0.000000e+00   0.000000e+00     0.000 (     0      0)     0.000 (     0      0)

