
***** GLOBAL STATISTICS (  1600 MPI TASKS) *****

$Id: gptl.c,v 1.157 2011-03-28 20:55:18 rosinski Exp $
'count' is cumulative. All other stats are max/min
name                           processes  threads        count      walltotal   wallmax (proc   thrd  )   wallmin (proc   thrd  )
"Total"                             1600     1600 1.600000e+03   2.540610e+05   158.820 (    64      0)   158.756 (  1399      0)
"prim_init1"                        1600     1600 1.600000e+03   1.549194e+03     0.983 (   192      0)     0.938 (   575      0)
"PartitioningTime"                  1600     1600 1.600000e+03   3.036148e+00     0.003 (  1096      0)     0.001 (   442      0)
"repro_sum_int"                     1600     1600 7.200000e+04   1.749893e+02     0.288 (   515      0)     0.033 (   914      0)
"prim_init2"                        1600     1600 1.600000e+03   4.163611e+02     0.439 (   982      0)     0.184 (  1135      0)
"prim_printstate"                   1600     1600 1.600000e+03   1.145070e+02     0.075 (     0      0)     0.069 (  1047      0)
"interp_movie_output"               1600     1600 3.200000e+03   9.932730e-01     0.001 (  1259      0)     0.000 (   181      0)
"prim_main_loop"                    1600     1600 1.600000e+03   2.379499e+05   148.750 (    64      0)   148.689 (   454      0)
"prim_run"                          1600     1600 2.672000e+05   2.379463e+05   148.748 (    64      0)   148.687 (   454      0)
"ApplyCAMForcing"                   1600     1600 2.672000e+05   2.500221e+03     1.788 (    30      0)     1.325 (   502      0)
"prim_step_rX"                      1600     1600 8.016000e+05   2.104336e+05   131.862 (   661      0)   130.316 (     1      0)
"prim_step_dyn"                     1600     1600 8.016000e+05   5.205382e+04    41.333 (   455      0)    24.177 (   128      0)
"prim_advance_exp"                  1600     1600 8.016000e+05   5.204290e+04    41.326 (   455      0)    24.171 (   128      0)
"U3-5stage_timestep"                1600     1600 8.016000e+05   2.750772e+04    24.788 (  1366      0)    11.151 (   128      0)
"compute_and_apply_rhs"             1600     1600 4.008000e+06   2.724416e+04    24.628 (  1366      0)    10.973 (   128      0)
"caar_bexchV"                       1600     1600 4.008000e+06   1.397395e+04    16.536 (  1366      0)     1.543 (   128      0)
"advance_hypervis_dp"               1600     1600 8.016000e+05   2.451879e+04    19.759 (  1466      0)    12.812 (   122      0)
"biwkdp3d_bexchV"                   1600     1600 2.404800e+06   4.723685e+03     6.735 (   997      0)     0.963 (    64      0)
"ahdp_bexchV2"                      1600     1600 2.404800e+06   4.473490e+03     5.805 (   999      0)     0.987 (    64      0)
"prim_step_advec"                   1600     1600 8.016000e+05   1.580019e+05   106.166 (   128      0)    90.191 (   455      0)
"PAT_remap"                         1600     1600 8.016000e+05   1.579972e+05   106.163 (   128      0)    90.188 (   455      0)
"prim_advec_tracers_remap_rk2"      1600     1600 8.016000e+05   1.579896e+05   106.158 (   128      0)    90.183 (   455      0)
"precomput_divdp"                   1600     1600 8.016000e+05   2.758236e+02     0.209 (   256      0)     0.159 (  1535      0)
"euler_step_0"                      1600     1600 8.016000e+05   3.878154e+04    27.808 (   576      0)    21.629 (   844      0)
"bihmix_qminmax"                    1600     1600 2.404800e+06   7.234352e+04    52.103 (   128      0)    41.350 (   965      0)
"eus_neighbor_minmax1"              1600     1600 8.016000e+05   7.317944e+03     7.214 (   774      0)     2.937 (   965      0)
"nmm_bexchV"                        1600     1600 8.016000e+05   3.896631e+03     5.222 (   774      0)     1.103 (    52      0)
"eus_2d_advec"                      1600     1600 2.404800e+06   8.302779e+04    60.663 (   137      0)    46.424 (   454      0)
"eus_bexchV"                        1600     1600 2.404800e+06   1.469203e+04    17.407 (   137      0)     4.890 (    64      0)
"euler_step_1"                      1600     1600 8.016000e+05   3.050926e+04    21.800 (   213      0)    17.262 (  1366      0)
"euler_step_2"                      1600     1600 8.016000e+05   8.613517e+04    57.532 (  1025      0)    49.134 (  1525      0)
"nmm_bexchS_start"                  1600     1600 8.016000e+05   4.773740e+01     0.049 (  1024      0)     0.017 (   510      0)
"biwksc_bexchV"                     1600     1600 8.016000e+05   6.529312e+03     8.167 (   838      0)     1.916 (  1569      0)
"nmm_bexchS_fini"                   1600     1600 8.016000e+05   8.191163e+02     0.683 (  1030      0)     0.417 (   165      0)
"qdp_tavg"                          1600     1600 8.016000e+05   2.256578e+03     1.830 (  1433      0)     1.034 (   893      0)
"vertical_remap"                    1600     1600 2.672000e+05   2.349462e+04    15.941 (  1088      0)    14.482 (  1324      0)
"vertical_remap1_1"                 1600     1600 6.412800e+06   9.920905e+02     0.676 (  1472      0)     0.595 (   597      0)
"remap_Q_ppm"                       1600     1600 1.923840e+07   2.313988e+04    15.689 (  1088      0)    14.268 (  1325      0)
"vertical_remap1_2"                 1600     1600 6.412800e+06   1.468946e+03     0.993 (  1472      0)     0.896 (   246      0)
"vertical_remap1_3"                 1600     1600 6.412800e+06   2.081423e+04    14.125 (  1088      0)    12.828 (  1325      0)
"prim_run_subcyle_diags"            1600     1600 2.672000e+05   1.161757e+03     1.006 (  1070      0)     0.516 (  1399      0)
"t_prf"                                0        0 0.000000e+00   0.000000e+00     0.000 (     0      0)     0.000 (     0      0)

