
***** GLOBAL STATISTICS (  3072 MPI TASKS) *****

$Id: gptl.c,v 1.157 2011-03-28 20:55:18 rosinski Exp $
'count' is cumulative. All other stats are max/min
name                               processes  threads        count      walltotal   wallmax (proc   thrd  )   wallmin (proc   thrd  )
Total                                   3072     3072 3.072000e+03   4.822562e+05   157.003 (   640      0)   156.972 (  1416      0)
prim_init1                              3072     3072 3.072000e+03   1.842321e+03     0.611 (     0      0)     0.577 (  2277      0)
repro_sum_int                           3072     3072 1.382400e+05   2.552294e+02     0.208 (    47      0)     0.029 (  1105      0)
prim_init2                              3072     3072 3.072000e+03   9.312419e+02     0.426 (    51      0)     0.251 (   858      0)
prim_printstate                         3072     3072 3.072000e+03   2.059540e+02     0.070 (     0      0)     0.065 (  2680      0)
interp_movie_output                     3072     3072 6.144000e+03   2.679826e+00     0.002 (   270      0)     0.000 (  1191      0)
prim_main_loop                          3072     3072 3.072000e+03   4.675460e+05   152.214 (   384      0)   152.185 (  2143      0)
prim_run                                3072     3072 1.966080e+06   4.675310e+05   152.208 (   384      0)   152.180 (  2143      0)
tl-sc prim_run_subcycle_c               3072     3072 1.966080e+06   4.674834e+05   152.193 (   384      0)   152.163 (  2149      0)
tl-sc dp3d-from-ps                      3072     3072 1.966080e+06   6.803530e+01     0.026 (   384      0)     0.021 (  1361      0)
tl-sc prim_step-loop                    3072     3072 1.966080e+06   4.150499e+05   135.450 (  1834      0)   133.750 (  2496      0)
tl-s prim_step                          3072     3072 5.898240e+06   4.150193e+05   135.441 (  1834      0)   133.740 (  2496      0)
tl-s deep_copy+derived_dp               3072     3072 5.898240e+06   5.438749e+02     0.214 (   690      0)     0.159 (  2986      0)
tl-s prim_advance_exp-loop              3072     3072 5.898240e+06   1.334366e+05    50.181 (   296      0)    31.110 (  2688      0)
tl-ae prim_advance_exp                  3072     3072 5.898240e+06   1.333946e+05    50.167 (   296      0)    31.094 (  2688      0)
tl-ae U3-5stage_timestep                3072     3072 5.898240e+06   6.831810e+04    32.162 (   364      0)    14.941 (  2816      0)
caar compute                            3072     3072 2.949120e+07   2.157947e+04     8.232 (    64      0)     6.587 (  2981      0)
caar_bexchV                             3072     3072 2.949120e+07   4.540933e+04    24.761 (   364      0)     6.371 (  2816      0)
tl-ae advance_hypervis_dp               3072     3072 5.898240e+06   6.498276e+04    28.739 (   217      0)    15.417 (  2654      0)
hvf-bhwk                                3072     3072 1.769472e+07   3.651290e+04    17.183 (   217      0)     8.709 (  2967      0)
hvf-bexch                               3072     3072 3.538944e+07   4.551544e+04    22.420 (   217      0)     8.316 (   896      0)
tl-s prim_advec_tracers_remap           3072     3072 5.898240e+06   2.809339e+05   102.702 (  2688      0)    84.758 (   296      0)
tl-at prim_advec_tracers_remap_RK2      3072     3072 5.898240e+06   2.808863e+05   102.684 (  2688      0)    84.742 (   296      0)
tl-at precompute_divdp                  3072     3072 5.898240e+06   4.923378e+02     0.197 (  2688      0)     0.137 (  2376      0)
tl-at esf-0                             3072     3072 5.898240e+06   7.665037e+04    30.904 (  2409      0)    22.043 (  1263      0)
tl-at esf-1                             3072     3072 5.898240e+06   5.871479e+04    22.986 (  2463      0)    17.506 (  1518      0)
tl-at esf-2                             3072     3072 5.898240e+06   1.376844e+05    53.482 (  2694      0)    40.773 (   287      0)
tl-at qdp_time_avg                      3072     3072 5.898240e+06   7.099721e+03     2.699 (   694      0)     1.847 (  2985      0)
tl-sc vertical_remap                    3072     3072 1.966080e+06   4.701228e+04    16.476 (  2304      0)    14.966 (  1834      0)
Remap Thickness Functor                 3072     3072 1.966080e+06   2.917264e+02     0.108 (   681      0)     0.085 (  2822      0)
Remap Scale States Functor              3072     3072 1.966080e+06   1.344903e+02     0.053 (  3044      0)     0.035 (  2933      0)
Remap Compute Grids Functor             3072     3072 1.966080e+06   1.715014e+03     0.635 (  1664      0)     0.515 (  2933      0)
Remap Compute Remap Functor             3072     3072 1.966080e+06   4.457055e+04    15.645 (  2304      0)    14.197 (  1844      0)
Remap Rescale States Functor            3072     3072 1.966080e+06   1.786001e+02     0.068 (  2752      0)     0.054 (  1548      0)
tl-sc Q-from-qdp                        3072     3072 1.966080e+06   5.309546e+03     1.989 (  2560      0)     1.711 (  2291      0)
t_prf                                      0        0 0.000000e+00   0.000000e+00     0.000 (     0      0)     0.000 (     0      0)

