
***** GLOBAL STATISTICS (   384 MPI TASKS) *****

$Id: gptl.c,v 1.157 2011-03-28 20:55:18 rosinski Exp $
'count' is cumulative. All other stats are max/min
name                               processes  threads        count      walltotal   wallmax (proc   thrd  )   wallmin (proc   thrd  )
Total                                    384      384 3.840000e+02   5.603540e+04   146.006 (   320      0)   145.867 (    72      0)
prim_init1                               384      384 3.840000e+02   2.281433e+02     0.602 (   193      0)     0.569 (   367      0)
repro_sum_int                            384      384 1.728000e+04   1.714691e+01     0.099 (    16      0)     0.025 (   318      0)
prim_init2                               384      384 3.840000e+02   3.978712e+02     1.089 (     1      0)     1.002 (   208      0)
prim_printstate                          384      384 3.840000e+02   6.038254e+01     0.163 (     0      0)     0.157 (   133      0)
interp_movie_output                      384      384 7.680000e+02   1.974320e-01     0.001 (   160      0)     0.000 (   252      0)
prim_main_loop                           384      384 3.840000e+02   5.391172e+04   140.475 (   320      0)   140.338 (    72      0)
prim_run                                 384      384 3.072000e+04   5.391135e+04   140.474 (   320      0)   140.337 (    72      0)
tl-sc prim_run_subcycle_c                384      384 3.072000e+04   5.388742e+04   140.387 (   320      0)   140.292 (    71      0)
tl-sc dp3d-from-ps                       384      384 3.072000e+04   7.076883e+00     0.021 (   374      0)     0.017 (   252      0)
tl-sc prim_step-loop                     384      384 3.072000e+04   4.735998e+04   123.652 (   249      0)   122.385 (    64      0)
tl-s prim_step                           384      384 9.216000e+04   4.735944e+04   123.650 (   249      0)   122.384 (    64      0)
tl-s deep_copy+derived_dp                384      384 9.216000e+04   6.858531e+01     0.258 (   362      0)     0.145 (   195      0)
tl-s prim_advance_exp-loop               384      384 9.216000e+04   1.166256e+04    41.313 (    72      0)    21.877 (   320      0)
tl-ae prim_advance_exp                   384      384 9.216000e+04   1.166173e+04    41.311 (    72      0)    21.875 (   320      0)
tl-ae U3-5stage_timestep                 384      384 9.216000e+04   6.711083e+03    27.206 (    74      0)    10.793 (   340      0)
caar compute                             384      384 4.608000e+05   2.574382e+03     7.415 (   320      0)     6.225 (    73      0)
caar_bexchV                              384      384 4.608000e+05   4.028947e+03    20.679 (    74      0)     3.248 (   320      0)
tl-ae advance_hypervis_dp                384      384 9.216000e+04   4.948957e+03    22.565 (    60      0)    10.386 (   223      0)
hvf-bhwk                                 384      384 2.764800e+05   3.004771e+03    14.370 (    59      0)     6.296 (   185      0)
hvf-bexch                                384      384 5.529600e+05   2.609526e+03    16.744 (    60      0)     3.708 (   320      0)
tl-s prim_advec_tracers_remap            384      384 9.216000e+04   3.562634e+04   100.821 (   336      0)    81.722 (    72      0)
tl-at prim_advec_tracers_remap_RK2       384      384 9.216000e+04   3.562552e+04   100.819 (   336      0)    81.720 (    72      0)
tl-at precompute_divdp                   384      384 9.216000e+04   6.045725e+01     0.205 (   322      0)     0.125 (    53      0)
tl-at esf-0                              384      384 9.216000e+04   9.734544e+03    30.082 (   339      0)    21.181 (    98      0)
tl-at esf-1                              384      384 9.216000e+04   7.529162e+03    22.271 (   242      0)    17.193 (   117      0)
tl-at esf-2                              384      384 9.216000e+04   1.727372e+04    49.658 (   244      0)    39.392 (    77      0)
tl-at qdp_time_avg                       384      384 9.216000e+04   1.022997e+03     3.717 (   346      0)     2.015 (   252      0)
tl-sc vertical_remap                     384      384 3.072000e+04   5.839732e+03    16.020 (    64      0)    14.902 (    44      0)
Remap Thickness Functor                  384      384 3.072000e+04   3.450431e+01     0.110 (   362      0)     0.078 (   252      0)
Remap Scale States Functor               384      384 3.072000e+04   1.648721e+01     0.063 (   363      0)     0.031 (   255      0)
Remap Compute Grids Functor              384      384 3.072000e+04   2.194895e+02     0.682 (   277      0)     0.509 (   111      0)
Remap Compute Remap Functor              384      384 3.072000e+04   5.544680e+03    15.264 (   128      0)    14.161 (    44      0)
Remap Rescale States Functor             384      384 3.072000e+04   1.991385e+01     0.074 (   320      0)     0.049 (   212      0)
tl-sc Q-from-qdp                         384      384 3.072000e+04   6.797456e+02     1.965 (   320      0)     1.741 (   215      0)
t_prf                                      0        0 0.000000e+00   0.000000e+00     0.000 (     0      0)     0.000 (     0      0)

