
***** GLOBAL STATISTICS (  2048 MPI TASKS) *****

$Id: gptl.c,v 1.157 2011-03-28 20:55:18 rosinski Exp $
'count' is cumulative. All other stats are max/min
name                           processes  threads        count      walltotal   wallmax (proc   thrd  )   wallmin (proc   thrd  )
"Total"                             2048     2048 2.048000e+03   1.489515e+05    72.737 (  1344      0)    72.724 (   280      0)
"prim_init1"                        2048     2048 2.048000e+03   5.529154e+02     0.282 (  1431      0)     0.264 (  1691      0)
"PartitioningTime"                  2048     2048 2.048000e+03   1.791604e+00     0.003 (  1245      0)     0.000 (  1723      0)
"repro_sum_int"                     2048     2048 9.216000e+04   1.832778e+02     0.308 (    36      0)     0.024 (  1087      0)
"prim_init2"                        2048     2048 2.048000e+03   2.567354e+02     0.342 (    36      0)     0.061 (  1087      0)
"prim_printstate"                   2048     2048 2.048000e+03   7.371403e+01     0.040 (     0      0)     0.036 (  1822      0)
"interp_movie_output"               2048     2048 4.096000e+03   9.889703e-01     0.001 (  1412      0)     0.000 (   298      0)
"prim_main_loop"                    2048     2048 2.048000e+03   1.457264e+05    71.163 (  1344      0)    71.148 (    46      0)
"prim_run"                          2048     2048 1.093632e+06   1.457201e+05    71.159 (  1344      0)    71.145 (    48      0)
"ApplyCAMForcing"                   2048     2048 1.093632e+06   1.100394e+03     0.605 (   256      0)     0.466 (  2022      0)
"prim_step_rX"                      2048     2048 3.280896e+06   1.317201e+05    64.473 (   856      0)    63.721 (  1536      0)
"prim_step_dyn"                     2048     2048 3.280896e+06   4.003244e+04    23.923 (  2001      0)    15.310 (  1408      0)
"prim_advance_exp"                  2048     2048 3.280896e+06   4.000352e+04    23.909 (  2001      0)    15.295 (  1408      0)
"U3-5stage_timestep"                2048     2048 3.280896e+06   2.161561e+04    14.908 (  1575      0)     7.049 (   512      0)
"compute_and_apply_rhs"             2048     2048 1.640448e+07   2.138499e+04    14.798 (  1575      0)     6.921 (   512      0)
"caar_bexchV"                       2048     2048 1.640448e+07   1.425006e+04    11.427 (  1575      0)     2.852 (   512      0)
"advance_hypervis_dp"               2048     2048 3.280896e+06   1.833856e+04    11.110 (   198      0)     7.670 (  1435      0)
"biwkdp3d_bexchV"                   2048     2048 9.842688e+06   5.193178e+03     4.161 (  1565      0)     1.604 (  1408      0)
"ahdp_bexchV2"                      2048     2048 9.842688e+06   5.103558e+03     3.861 (   199      0)     1.708 (  1408      0)
"prim_step_advec"                   2048     2048 3.280896e+06   9.147713e+04    48.389 (  1408      0)    40.360 (  2001      0)
"PAT_remap"                         2048     2048 3.280896e+06   9.145870e+04    48.379 (  1408      0)    40.351 (  2001      0)
"prim_advec_tracers_remap_rk2"      2048     2048 3.280896e+06   9.143008e+04    48.364 (  1408      0)    40.337 (  2001      0)
"precomput_divdp"                   2048     2048 3.280896e+06   1.430760e+02     0.079 (  1664      0)     0.068 (   216      0)
"euler_step_0"                      2048     2048 3.280896e+06   2.302554e+04    13.454 (  1408      0)     9.168 (  1262      0)
"bihmix_qminmax"                    2048     2048 9.842688e+06   4.105676e+04    24.062 (  1408      0)    17.962 (  1558      0)
"eus_neighbor_minmax1"              2048     2048 3.280896e+06   5.088057e+03     4.024 (  1403      0)     1.641 (   401      0)
"nmm_bexchV"                        2048     2048 3.280896e+06   3.688246e+03     3.328 (  1403      0)     0.943 (  1361      0)
"eus_2d_advec"                      2048     2048 9.842688e+06   4.895409e+04    28.516 (  1409      0)    21.356 (   184      0)
"eus_bexchV"                        2048     2048 9.842688e+06   1.544427e+04    12.298 (   514      0)     3.877 (  1728      0)
"euler_step_1"                      2048     2048 3.280896e+06   1.763124e+04     9.911 (  1447      0)     7.884 (   241      0)
"euler_step_2"                      2048     2048 3.280896e+06   4.955708e+04    26.370 (   514      0)    21.830 (  2001      0)
"nmm_bexchS_start"                  2048     2048 3.280896e+06   1.898687e+02     0.151 (     0      0)     0.056 (   365      0)
"biwksc_bexchV"                     2048     2048 3.280896e+06   7.131168e+03     5.591 (   234      0)     2.047 (  1754      0)
"nmm_bexchS_fini"                   2048     2048 3.280896e+06   2.471642e+02     0.157 (  1843      0)     0.089 (   894      0)
"qdp_tavg"                          2048     2048 3.280896e+06   9.713428e+02     0.560 (  1404      0)     0.414 (   230      0)
"vertical_remap"                    2048     2048 1.093632e+06   1.222131e+04     6.548 (  1536      0)     5.845 (   125      0)
"vertical_remap1_1"                 2048     2048 3.280896e+06   5.332282e+02     0.286 (   827      0)     0.249 (   322      0)
"remap_Q_ppm"                       2048     2048 9.842688e+06   1.202862e+04     6.443 (  1536      0)     5.755 (   125      0)
"vertical_remap1_2"                 2048     2048 3.280896e+06   7.593031e+02     0.404 (   384      0)     0.359 (   322      0)
"vertical_remap1_3"                 2048     2048 3.280896e+06   1.081059e+04     5.800 (    64      0)     5.160 (   125      0)
"prim_run_subcyle_diags"            2048     2048 1.093632e+06   4.700807e+02     0.300 (  1684      0)     0.186 (  1768      0)
"t_prf"                                0        0 0.000000e+00   0.000000e+00     0.000 (     0      0)     0.000 (     0      0)

