
***** GLOBAL STATISTICS (   512 MPI TASKS) *****

$Id: gptl.c,v 1.157 2011-03-28 20:55:18 rosinski Exp $
'count' is cumulative. All other stats are max/min
name                           processes  threads        count      walltotal   wallmax (proc   thrd  )   wallmin (proc   thrd  )
"Total"                              512      512 5.120000e+02   1.029533e+05   201.135 (    64      0)   201.029 (   509      0)
"prim_init1"                         512      512 5.120000e+02   3.807791e+02     0.754 (   128      0)     0.722 (   461      0)
"PartitioningTime"                   512      512 5.120000e+02   2.627209e+00     0.006 (   344      0)     0.001 (    64      0)
"repro_sum_int"                      512      512 2.304000e+04   2.049895e+01     0.057 (   475      0)     0.025 (   183      0)
"prim_init2"                         512      512 5.120000e+02   6.920557e+01     0.154 (   475      0)     0.118 (   143      0)
"prim_printstate"                    512      512 5.120000e+02   2.880045e+01     0.062 (     0      0)     0.056 (   208      0)
"interp_movie_output"                512      512 1.024000e+03   4.103642e-01     0.002 (    77      0)     0.000 (   345      0)
"prim_main_loop"                     512      512 5.120000e+02   1.005213e+05   196.385 (    64      0)   196.280 (   509      0)
"prim_run"                           512      512 5.478400e+04   1.005207e+05   196.383 (    64      0)   196.279 (   509      0)
"ApplyCAMForcing"                    512      512 5.478400e+04   1.105470e+03     3.235 (   109      0)     1.686 (    47      0)
"prim_step_rX"                       512      512 1.643520e+05   8.904039e+04   174.629 (   334      0)   172.273 (    64      0)
"prim_step_dyn"                      512      512 1.643520e+05   2.163961e+04    53.950 (   509      0)    28.729 (    64      0)
"prim_advance_exp"                   512      512 1.643520e+05   2.163739e+04    53.946 (   509      0)    28.725 (    64      0)
"U3-5stage_timestep"                 512      512 1.643520e+05   1.168309e+04    35.492 (    29      0)    13.015 (   299      0)
"compute_and_apply_rhs"              512      512 8.217600e+05   1.158392e+04    35.317 (    29      0)    12.815 (   299      0)
"caar_bexchV"                        512      512 8.217600e+05   6.167170e+03    25.018 (    29      0)     1.168 (    64      0)
"advance_hypervis_dp"                512      512 1.643520e+05   9.950821e+03    27.909 (   302      0)    15.199 (    73      0)
"biwkdp3d_bexchV"                    512      512 4.930560e+05   1.979318e+03    10.644 (   329      0)     0.633 (    64      0)
"ahdp_bexchV2"                       512      512 4.930560e+05   1.713266e+03    10.626 (   301      0)     0.706 (    64      0)
"prim_step_advec"                    512      512 1.643520e+05   6.723153e+04   143.248 (    64      0)   120.053 (   509      0)
"PAT_remap"                          512      512 1.643520e+05   6.723053e+04   143.246 (    64      0)   120.051 (   509      0)
"prim_advec_tracers_remap_rk2"       512      512 1.643520e+05   6.722888e+04   143.243 (    64      0)   120.048 (   509      0)
"precomput_divdp"                    512      512 1.643520e+05   1.162222e+02     0.278 (   198      0)     0.205 (   263      0)
"euler_step_0"                       512      512 1.643520e+05   1.714009e+04    37.695 (    98      0)    30.009 (   466      0)
"bihmix_qminmax"                     512      512 4.930560e+05   3.138243e+04    69.733 (    93      0)    55.592 (   451      0)
"eus_neighbor_minmax1"               512      512 1.643520e+05   3.565012e+03     9.986 (   333      0)     4.331 (   457      0)
"nmm_bexchV"                         512      512 1.643520e+05   1.641035e+03     6.741 (   333      0)     1.400 (   457      0)
"eus_2d_advec"                       512      512 4.930560e+05   3.456738e+04    74.553 (   194      0)    60.430 (   510      0)
"eus_bexchV"                         512      512 4.930560e+05   5.938158e+03    19.590 (    63      0)     5.270 (     0      0)
"euler_step_1"                       512      512 1.643520e+05   1.268797e+04    28.449 (    87      0)    22.421 (   337      0)
"euler_step_2"                       512      512 1.643520e+05   3.613399e+04    77.062 (    66      0)    64.210 (   509      0)
"nmm_bexchS_start"                   512      512 1.643520e+05   1.048799e+01     0.037 (    71      0)     0.012 (   381      0)
"biwksc_bexchV"                      512      512 1.643520e+05   2.553453e+03     8.844 (   158      0)     2.143 (   263      0)
"nmm_bexchS_fini"                    512      512 1.643520e+05   5.472529e+02     2.247 (    84      0)     0.626 (    33      0)
"qdp_tavg"                           512      512 1.643520e+05   1.143826e+03     3.200 (    72      0)     1.397 (   383      0)
"vertical_remap"                     512      512 5.478400e+04   9.609249e+03    20.653 (    64      0)    18.521 (   306      0)
"vertical_remap1_1"                  512      512 2.629632e+06   4.038926e+02     0.853 (   320      0)     0.767 (   365      0)
"remap_Q_ppm"                        512      512 7.888896e+06   9.463158e+03    20.321 (    64      0)    18.246 (   306      0)
"vertical_remap1_2"                  512      512 2.629632e+06   6.004014e+02     1.261 (   192      0)     1.145 (    80      0)
"vertical_remap1_3"                  512      512 2.629632e+06   8.513384e+03    18.360 (    64      0)    16.423 (   306      0)
"prim_run_subcyle_diags"             512      512 5.478400e+04   5.840013e+02     2.086 (    68      0)     0.680 (    29      0)
"t_prf"                                0        0 0.000000e+00   0.000000e+00     0.000 (     0      0)     0.000 (     0      0)

