
***** GLOBAL STATISTICS (   768 MPI TASKS) *****

$Id: gptl.c,v 1.157 2011-03-28 20:55:18 rosinski Exp $
'count' is cumulative. All other stats are max/min
name                               processes  threads        count      walltotal   wallmax (proc   thrd  )   wallmin (proc   thrd  )
Total                                    768      768 7.680000e+02   3.698508e+04    48.164 (   192      0)    48.152 (   410      0)
prim_init1                               768      768 7.680000e+02   3.084345e+02     0.405 (   411      0)     0.397 (   220      0)
repro_sum_int                            768      768 3.456000e+04   5.226005e+01     0.153 (    59      0)     0.029 (   714      0)
prim_init2                               768      768 7.680000e+02   2.462738e+02     0.384 (    59      0)     0.285 (   753      0)
prim_printstate                          768      768 7.680000e+02   5.003068e+01     0.082 (     0      0)     0.062 (   588      0)
interp_movie_output                      768      768 1.536000e+03   5.966215e-01     0.001 (   472      0)     0.000 (   605      0)
prim_main_loop                           768      768 7.680000e+02   3.561758e+04    46.386 (   192      0)    46.371 (   421      0)
prim_run                                 768      768 1.536000e+05   3.561582e+04    46.383 (   192      0)    46.369 (   410      0)
tl-sc prim_run_subcycle_c                768      768 1.536000e+05   3.560793e+04    46.374 (   192      0)    46.357 (   443      0)
tl-sc dp3d-from-ps                       768      768 1.536000e+05   5.845651e+00     0.009 (   512      0)     0.007 (   496      0)
tl-sc prim_step-loop                     768      768 1.536000e+05   3.150209e+04    41.120 (   163      0)    40.546 (   320      0)
tl-s prim_step                           768      768 4.608000e+05   3.149969e+04    41.117 (   163      0)    40.543 (   320      0)
tl-s deep_copy+derived_dp                768      768 4.608000e+05   4.325699e+01     0.062 (    78      0)     0.051 (   184      0)
tl-s prim_advance_exp-loop               768      768 4.608000e+05   9.156926e+03    14.037 (   420      0)     8.999 (   192      0)
tl-ae prim_advance_exp                   768      768 4.608000e+05   9.153056e+03    14.032 (   420      0)     8.992 (   192      0)
tl-ae U3-5stage_timestep                 768      768 4.608000e+05   4.952164e+03     8.080 (   169      0)     4.506 (   192      0)
caar compute                             768      768 2.304000e+06   1.694910e+03     2.573 (   192      0)     2.071 (   616      0)
caar_bexchV                              768      768 2.304000e+06   3.151323e+03     5.772 (   166      0)     1.772 (   192      0)
tl-ae advance_hypervis_dp                768      768 4.608000e+05   4.193491e+03     6.909 (   422      0)     4.429 (   230      0)
hvf-bhwk                                 768      768 1.382400e+06   2.425116e+03     4.341 (   471      0)     2.557 (   238      0)
hvf-bexch                                768      768 2.764800e+06   2.650871e+03     4.961 (   422      0)     2.110 (   192      0)
tl-s prim_advec_tracers_remap            768      768 4.608000e+05   2.229128e+04    31.701 (   224      0)    26.926 (   420      0)
tl-at prim_advec_tracers_remap_RK2       768      768 4.608000e+05   2.228761e+04    31.696 (   224      0)    26.921 (   420      0)
tl-at precompute_divdp                   768      768 4.608000e+05   4.029987e+01     0.062 (   512      0)     0.044 (     4      0)
tl-at esf-0                              768      768 4.608000e+05   6.195378e+03     9.783 (   255      0)     6.724 (   163      0)
tl-at esf-1                              768      768 4.608000e+05   4.685225e+03     7.200 (   195      0)     5.419 (   358      0)
tl-at esf-2                              768      768 4.608000e+05   1.078778e+04    15.770 (   220      0)    12.892 (   420      0)
tl-at qdp_time_avg                       768      768 4.608000e+05   5.599118e+02     0.810 (    64      0)     0.621 (   184      0)
tl-sc vertical_remap                     768      768 1.536000e+05   3.681903e+03     5.191 (   320      0)     4.698 (   163      0)
Remap Thickness Functor                  768      768 1.536000e+05   2.523992e+01     0.037 (   195      0)     0.030 (   522      0)
Remap Scale States Functor               768      768 1.536000e+05   1.163224e+01     0.018 (    67      0)     0.013 (   501      0)
Remap Compute Grids Functor              768      768 1.536000e+05   1.354513e+02     0.197 (   640      0)     0.165 (   394      0)
Remap Compute Remap Functor              768      768 1.536000e+05   3.481327e+03     4.928 (   320      0)     4.445 (   163      0)
Remap Rescale States Functor             768      768 1.536000e+05   1.397347e+01     0.022 (   640      0)     0.017 (   654      0)
tl-sc Q-from-qdp                         768      768 1.536000e+05   4.146913e+02     0.625 (    64      0)     0.534 (   444      0)
t_prf                                      0        0 0.000000e+00   0.000000e+00     0.000 (     0      0)     0.000 (     0      0)

