
***** GLOBAL STATISTICS (   512 MPI TASKS) *****

$Id: gptl.c,v 1.157 2011-03-28 20:55:18 rosinski Exp $
'count' is cumulative. All other stats are max/min
name                           processes  threads        count      walltotal   wallmax (proc   thrd  )   wallmin (proc   thrd  )
"Total"                              512      512 5.120000e+02   8.254752e+04   161.291 (   128      0)   161.168 (   509      0)
"prim_init1"                         512      512 5.120000e+02   5.440936e+02     1.080 (   200      0)     1.023 (   460      0)
"PartitioningTime"                   512      512 5.120000e+02   1.342951e+00     0.005 (   281      0)     0.001 (   157      0)
"repro_sum_int"                      512      512 2.304000e+04   2.953126e+01     0.093 (    53      0)     0.026 (    64      0)
"prim_init2"                         512      512 5.120000e+02   1.150359e+02     0.262 (    53      0)     0.192 (   282      0)
"prim_printstate"                    512      512 5.120000e+02   4.158346e+01     0.086 (   178      0)     0.079 (   488      0)
"interp_movie_output"                512      512 1.024000e+03   2.454698e-01     0.001 (   178      0)     0.000 (   221      0)
"prim_main_loop"                     512      512 5.120000e+02   7.743269e+04   151.301 (   128      0)   151.178 (   509      0)
"prim_run"                           512      512 2.764800e+04   7.743218e+04   151.300 (   128      0)   151.177 (   509      0)
"ApplyCAMForcing"                    512      512 2.764800e+04   9.918547e+02     3.489 (    42      0)     1.329 (   118      0)
"prim_step_rX"                       512      512 8.294400e+04   6.811586e+04   134.084 (   115      0)   131.645 (     0      0)
"prim_step_dyn"                      512      512 8.294400e+04   1.519761e+04    38.373 (    74      0)    22.385 (   128      0)
"prim_advance_exp"                   512      512 8.294400e+04   1.519631e+04    38.371 (    74      0)    22.383 (   128      0)
"U3-5stage_timestep"                 512      512 8.294400e+04   8.394171e+03    26.201 (    72      0)    10.318 (   168      0)
"compute_and_apply_rhs"              512      512 4.147200e+05   8.317348e+03    26.062 (    72      0)    10.154 (   168      0)
"caar_bexchV"                        512      512 4.147200e+05   4.010062e+03    18.053 (    72      0)     0.792 (   128      0)
"advance_hypervis_dp"                512      512 8.294400e+04   6.800359e+03    17.519 (   346      0)    11.637 (   479      0)
"biwkdp3d_bexchV"                    512      512 2.488320e+05   9.649542e+02     5.012 (    66      0)     0.457 (   128      0)
"ahdp_bexchV2"                       512      512 2.488320e+05   8.760721e+02     4.832 (   380      0)     0.513 (   128      0)
"prim_step_advec"                    512      512 8.294400e+04   5.277570e+04   109.646 (   171      0)    95.364 (    74      0)
"PAT_remap"                          512      512 8.294400e+04   5.277519e+04   109.645 (   171      0)    95.363 (    74      0)
"prim_advec_tracers_remap_rk2"       512      512 8.294400e+04   5.277433e+04   109.643 (   171      0)    95.361 (    74      0)
"precomput_divdp"                    512      512 8.294400e+04   9.449958e+01     0.233 (   118      0)     0.167 (   322      0)
"euler_step_0"                       512      512 8.294400e+04   1.319772e+04    28.253 (   291      0)    22.559 (   329      0)
"bihmix_qminmax"                     512      512 2.488320e+05   2.463796e+04    54.697 (   156      0)    42.535 (   203      0)
"eus_neighbor_minmax1"               512      512 8.294400e+04   2.503102e+03     7.029 (    26      0)     2.810 (   203      0)
"nmm_bexchV"                         512      512 8.294400e+04   1.168767e+03     4.375 (   325      0)     0.937 (   203      0)
"eus_2d_advec"                       512      512 2.488320e+05   2.704384e+04    59.414 (   253      0)    47.139 (   503      0)
"eus_bexchV"                         512      512 2.488320e+05   4.542141e+03    15.370 (   118      0)     4.707 (   128      0)
"euler_step_1"                       512      512 8.294400e+04   9.956265e+03    22.080 (   233      0)    17.711 (   504      0)
"euler_step_2"                       512      512 8.294400e+04   2.853398e+04    60.665 (   154      0)    51.010 (    20      0)
"nmm_bexchS_start"                   512      512 8.294400e+04   5.455587e+00     0.017 (   384      0)     0.006 (   404      0)
"biwksc_bexchV"                      512      512 8.294400e+04   2.243034e+03     7.465 (   101      0)     2.143 (    19      0)
"nmm_bexchS_fini"                    512      512 8.294400e+04   3.866935e+02     1.960 (   156      0)     0.486 (   112      0)
"qdp_tavg"                           512      512 8.294400e+04   9.882876e+02     2.967 (   318      0)     1.176 (   118      0)
"vertical_remap"                     512      512 2.764800e+04   7.575057e+03    16.709 (     0      0)    14.571 (   154      0)
"vertical_remap1_1"                  512      512 2.073600e+06   3.177184e+02     0.682 (   192      0)     0.598 (   154      0)
"remap_Q_ppm"                        512      512 6.220800e+06   7.459155e+03    16.424 (     0      0)    14.359 (   154      0)
"vertical_remap1_2"                  512      512 2.073600e+06   4.728912e+02     1.002 (   192      0)     0.906 (    82      0)
"vertical_remap1_3"                  512      512 2.073600e+06   6.711453e+03    14.858 (     0      0)    12.932 (   154      0)
"prim_run_subcyle_diags"             512      512 2.764800e+04   5.742388e+02     2.056 (   261      0)     0.571 (   509      0)
"t_prf"                                0        0 0.000000e+00   0.000000e+00     0.000 (     0      0)     0.000 (     0      0)

