
***** GLOBAL STATISTICS (   576 MPI TASKS) *****

$Id: gptl.c,v 1.157 2011-03-28 20:55:18 rosinski Exp $
'count' is cumulative. All other stats are max/min
name                           processes  threads        count      walltotal   wallmax (proc   thrd  )   wallmin (proc   thrd  )
"Total"                              576      576 5.760000e+02   1.419499e+05   246.641 (    64      0)   246.217 (   544      0)
"prim_init1"                         576      576 5.760000e+02   1.269450e+03     2.234 (   192      0)     2.117 (   126      0)
"PartitioningTime"                   576      576 5.760000e+02   1.860473e+00     0.006 (   335      0)     0.003 (     6      0)
"repro_sum_int"                      576      576 2.592000e+04   5.756842e+01     0.225 (    23      0)     0.034 (   438      0)
"prim_init2"                         576      576 5.760000e+02   2.382013e+02     0.523 (    23      0)     0.359 (   438      0)
"prim_printstate"                    576      576 5.760000e+02   6.846491e+01     0.123 (   151      0)     0.117 (   225      0)
"interp_movie_output"                576      576 1.152000e+03   3.014343e-01     0.001 (   337      0)     0.000 (   495      0)
"prim_main_loop"                     576      576 5.760000e+02   1.294348e+05   224.914 (    64      0)   224.489 (   544      0)
"prim_run"                           576      576 1.728000e+04   1.294343e+05   224.913 (    64      0)   224.489 (   544      0)
"ApplyCAMForcing"                    576      576 1.728000e+04   1.359874e+03     3.841 (   504      0)     1.490 (   530      0)
"prim_step_rX"                       576      576 5.184000e+04   1.174789e+05   205.370 (   513      0)   202.099 (   384      0)
"prim_step_dyn"                      576      576 5.184000e+04   2.154448e+04    51.762 (   544      0)    24.297 (   126      0)
"prim_advance_exp"                   576      576 5.184000e+04   2.154371e+04    51.761 (   544      0)    24.295 (   126      0)
"U3-5stage_timestep"                 576      576 5.184000e+04   1.251606e+04    34.653 (   544      0)    11.326 (   474      0)
"compute_and_apply_rhs"              576      576 2.592000e+05   1.242158e+04    34.499 (   544      0)    11.147 (   474      0)
"caar_bexchV"                        576      576 2.592000e+05   6.891490e+03    24.887 (   544      0)     1.239 (    64      0)
"advance_hypervis_dp"                576      576 5.184000e+04   9.026419e+03    22.123 (   350      0)    12.707 (   567      0)
"biwkdp3d_bexchV"                    576      576 1.555200e+05   1.470290e+03     7.792 (   276      0)     0.417 (    64      0)
"ahdp_bexchV2"                       576      576 1.555200e+05   1.342725e+03     7.797 (   274      0)     0.513 (    64      0)
"prim_step_advec"                    576      576 5.184000e+04   9.566727e+04   179.211 (    76      0)   153.089 (   544      0)
"PAT_remap"                          576      576 5.184000e+04   9.566688e+04   179.210 (    76      0)   153.089 (   544      0)
"prim_advec_tracers_remap_rk2"       576      576 5.184000e+04   9.566624e+04   179.209 (    76      0)   153.088 (   544      0)
"precomput_divdp"                    576      576 5.184000e+04   1.429380e+02     0.388 (   447      0)     0.184 (   374      0)
"euler_step_0"                       576      576 5.184000e+04   2.739605e+04    50.699 (   492      0)    43.681 (   297      0)
"bihmix_qminmax"                     576      576 1.555200e+05   4.756743e+04    92.249 (   119      0)    71.190 (   293      0)
"eus_neighbor_minmax1"               576      576 5.184000e+04   6.534403e+03    17.004 (   386      0)     7.302 (   521      0)
"nmm_bexchV"                         576      576 5.184000e+04   2.803761e+03    10.679 (   384      0)     2.336 (   521      0)
"eus_2d_advec"                       576      576 1.555200e+05   4.576069e+04    89.943 (   129      0)    70.711 (   209      0)
"eus_bexchV"                         576      576 1.555200e+05   1.031817e+04    27.956 (   569      0)    11.726 (   192      0)
"euler_step_1"                       576      576 5.184000e+04   1.648817e+04    33.882 (   377      0)    25.441 (   562      0)
"euler_step_2"                       576      576 5.184000e+04   4.944887e+04    95.953 (    76      0)    77.455 (   267      0)
"nmm_bexchS_start"                   576      576 5.184000e+04   5.459462e+00     0.022 (   488      0)     0.005 (   563      0)
"biwksc_bexchV"                      576      576 5.184000e+04   5.116798e+03    13.501 (    72      0)     4.635 (   190      0)
"nmm_bexchS_fini"                    576      576 5.184000e+04   1.432832e+03     4.035 (   463      0)     0.791 (   164      0)
"qdp_tavg"                           576      576 5.184000e+04   2.187287e+03     5.717 (   118      0)     1.603 (   232      0)
"vertical_remap"                     576      576 1.728000e+04   9.535244e+03    18.424 (     0      0)    16.212 (   461      0)
"vertical_remap1_1"                  576      576 2.592000e+06   3.996605e+02     0.762 (   256      0)     0.667 (    92      0)
"remap_Q_ppm"                        576      576 7.776000e+06   9.383809e+03    18.112 (     0      0)    15.964 (   461      0)
"vertical_remap1_2"                  576      576 2.592000e+06   5.930067e+02     1.123 (   320      0)     1.002 (    92      0)
"vertical_remap1_3"                  576      576 2.592000e+06   8.445014e+03    16.349 (     0      0)    14.360 (   461      0)
"prim_run_subcyle_diags"             576      576 1.728000e+04   8.016310e+02     2.556 (   465      0)     0.635 (   410      0)
"t_prf"                                0        0 0.000000e+00   0.000000e+00     0.000 (     0      0)     0.000 (     0      0)

