
***** GLOBAL STATISTICS ( 38400 MPI TASKS) *****

$Id: gptl.c,v 1.157 2011-03-28 20:55:18 rosinski Exp $
'count' is cumulative. All other stats are max/min
name                               processes  threads        count      walltotal   wallmax (proc   thrd  )   wallmin (proc   thrd  )
Total                                  38400    38400 3.840000e+04   8.740991e+06   227.824 ( 34047      0)   227.509 (  3552      0)
prim_init1                             38400    38400 3.840000e+04   1.471937e+05     4.140 ( 32858      0)     3.563 ( 34159      0)
repro_sum_int                          38400    38400 3.955200e+06   7.750596e+04     9.542 ( 21087      0)     0.151 ( 11861      0)
prim_init2                             38400    38400 3.840000e+04   1.841704e+05    12.144 ( 21081      0)     2.314 ( 38144      0)
prim_printstate                        38400    38400 7.680000e+04   2.772741e+04     1.559 (  1182      0)     0.310 (  5071      0)
interp_movie_output                    38400    38400 7.680000e+04   4.603340e+02     0.039 ( 36386      0)     0.000 (  8582      0)
prim_main_loop                         38400    38400 3.840000e+04   7.730750e+06   201.369 ( 34172      0)   201.270 ( 21938      0)
prim_run                               38400    38400 1.536000e+08   7.729462e+06   201.346 ( 34118      0)   201.235 ( 21939      0)
tl-sc prim_run_subcycle_c              38400    38400 1.536000e+08   7.665425e+06   199.708 ( 34175      0)   199.552 ( 21888      0)
tl-sc dp3d-from-ps                     38400    38400 1.536000e+08   1.840041e+03     0.072 ( 35840      0)     0.032 ( 25411      0)
tl-sc prim_step-loop                   38400    38400 1.536000e+08   7.126872e+06   186.128 ( 22605      0)   183.615 ( 13760      0)
tl-s prim_step                         38400    38400 4.608000e+08   7.124742e+06   186.075 (  2759      0)   183.550 ( 13760      0)
tl-s deep_copy+derived_dp              38400    38400 4.608000e+08   8.833943e+03     0.269 ( 35264      0)     0.209 ( 34162      0)
tl-s prim_advance_exp-loop             38400    38400 4.608000e+08   2.973353e+06    90.843 ( 25162      0)    60.461 ( 11712      0)
tl-ae prim_advance_exp                 38400    38400 4.608000e+08   2.970224e+06    90.766 ( 25162      0)    60.375 ( 11712      0)
tl-ae U3-5stage_timestep               38400    38400 4.608000e+08   1.523808e+06    58.707 ( 11746      0)    26.016 ( 26752      0)
caar compute                           38400    38400 2.304000e+09   2.466495e+05     7.628 ( 28416      0)     6.029 (  1266      0)
caar_bexchV                            38400    38400 2.304000e+09   1.245501e+06    51.662 ( 11746      0)    17.650 ( 13952      0)
tl-ae advance_hypervis_dp              38400    38400 4.608000e+08   1.441501e+06    52.877 ( 10904      0)    27.342 ( 13986      0)
hvf-bhwk                               38400    38400 1.382400e+09   7.546858e+05    29.524 ( 12012      0)    13.926 ( 13986      0)
hvf-bexch                              38400    38400 2.764800e+09   1.208863e+06    46.873 ( 10904      0)    21.381 ( 13986      0)
tl-s prim_advec_tracers_remap          38400    38400 4.608000e+08   4.136681e+06   123.410 ( 34283      0)    94.414 ( 25162      0)
tl-at prim_advec_tracers_remap_RK2     38400    38400 4.608000e+08   4.133421e+06   123.318 ( 34283      0)    94.332 ( 25162      0)
tl-at precompute_divdp                 38400    38400 4.608000e+08   1.000461e+04     0.393 ( 30528      0)     0.205 (  3442      0)
tl-at esf-0                            38400    38400 4.608000e+08   1.149832e+06    41.022 ( 11243      0)    23.790 ( 19848      0)
tl-at esf-1                            38400    38400 4.608000e+08   8.046462e+05    26.453 ( 17557      0)    16.833 ( 33418      0)
tl-at esf-2                            38400    38400 4.608000e+08   2.090192e+06    67.677 ( 37329      0)    44.255 ( 25160      0)
tl-at qdp_time_avg                     38400    38400 4.608000e+08   6.289783e+04     1.956 ( 35520      0)     1.466 ( 19791      0)
tl-sc vertical_remap                   38400    38400 1.536000e+08   4.811121e+05    14.479 ( 26460      0)    12.006 (  2759      0)
Remap Thickness Functor                38400    38400 1.536000e+08   6.586852e+03     0.268 ( 23424      0)     0.111 ( 29823      0)
Remap Scale States Functor             38400    38400 1.536000e+08   3.120788e+03     0.146 ( 29377      0)     0.051 ( 33663      0)
Remap Compute Grids Functor            38400    38400 1.536000e+08   1.902624e+04     0.632 ( 15808      0)     0.438 ( 33663      0)
Remap Compute Remap Functor            38400    38400 1.536000e+08   4.385433e+05    13.374 ( 26460      0)    11.081 (  2759      0)
Remap Rescale States Functor           38400    38400 1.536000e+08   3.029746e+03     0.113 ( 32560      0)     0.071 ( 38229      0)
tl-sc Q-from-qdp                       38400    38400 1.536000e+08   5.261423e+04     1.656 (  8896      0)     1.355 ( 31542      0)
t_prf                                      0        0 0.000000e+00   0.000000e+00     0.000 (     0      0)     0.000 (     0      0)

