
***** GLOBAL STATISTICS (   640 MPI TASKS) *****

$Id: gptl.c,v 1.157 2011-03-28 20:55:18 rosinski Exp $
'count' is cumulative. All other stats are max/min
name                               processes  threads        count      walltotal   wallmax (proc   thrd  )   wallmin (proc   thrd  )
Total                                    640      640 6.400000e+02   7.974064e+04   124.699 (    64      0)   124.528 (   220      0)
prim_init1                               640      640 6.400000e+02   5.099804e+02     0.810 (     0      0)     0.759 (   260      0)
repro_sum_int                            640      640 2.880000e+04   3.450789e+01     0.090 (    77      0)     0.026 (     0      0)
prim_init2                               640      640 6.400000e+02   6.226483e+02     1.019 (   105      0)     0.943 (     0      0)
prim_printstate                          640      640 6.400000e+02   1.022502e+02     0.181 (     0      0)     0.159 (   543      0)
interp_movie_output                      640      640 1.280000e+03   2.977262e-01     0.001 (   272      0)     0.000 (   551      0)
prim_main_loop                           640      640 6.400000e+02   7.308424e+04   114.297 (    64      0)   114.127 (   224      0)
prim_run                                 640      640 4.288000e+04   7.308368e+04   114.296 (    64      0)   114.126 (   220      0)
tl-sc prim_run_subcycle_c                640      640 4.288000e+04   7.304954e+04   114.213 (    64      0)   114.089 (   224      0)
tl-sc dp3d-from-ps                       640      640 4.288000e+04   9.239385e+00     0.016 (   102      0)     0.014 (   419      0)
tl-sc prim_step-loop                     640      640 4.288000e+04   6.451577e+04   101.069 (   186      0)    99.811 (   448      0)
tl-s prim_step                           640      640 1.286400e+05   6.451504e+04   101.067 (   186      0)    99.810 (   448      0)
tl-s deep_copy+derived_dp                640      640 1.286400e+05   8.775443e+01     0.219 (   115      0)     0.115 (   252      0)
tl-s prim_advance_exp-loop               640      640 1.286400e+05   1.795148e+04    38.068 (   225      0)    17.500 (   125      0)
tl-ae prim_advance_exp                   640      640 1.286400e+05   1.794994e+04    38.066 (   225      0)    17.497 (   125      0)
tl-ae U3-5stage_timestep                 640      640 1.286400e+05   9.947902e+03    25.874 (   226      0)     8.566 (   125      0)
caar compute                             640      640 6.432000e+05   3.325330e+03     5.765 (   320      0)     4.847 (   291      0)
caar_bexchV                              640      640 6.432000e+05   6.481831e+03    20.749 (   226      0)     2.830 (    64      0)
tl-ae advance_hypervis_dp                640      640 1.286400e+05   7.999715e+03    21.164 (   629      0)     8.498 (    89      0)
hvf-bhwk                                 640      640 3.859200e+05   4.722511e+03    13.655 (   627      0)     5.126 (   246      0)
hvf-bexch                                640      640 7.718400e+05   4.997670e+03    16.620 (   629      0)     3.390 (    64      0)
tl-s prim_advec_tracers_remap            640      640 1.286400e+05   4.647315e+04    83.253 (   125      0)    62.545 (   225      0)
tl-at prim_advec_tracers_remap_RK2       640      640 1.286400e+05   4.647204e+04    83.252 (   125      0)    62.543 (   225      0)
tl-at precompute_divdp                   640      640 1.286400e+05   7.789500e+01     0.238 (    77      0)     0.092 (   422      0)
tl-at esf-0                              640      640 1.286400e+05   1.271855e+04    26.611 (   124      0)    16.384 (   240      0)
tl-at esf-1                              640      640 1.286400e+05   9.816609e+03    18.047 (   143      0)    12.905 (   239      0)
tl-at esf-2                              640      640 1.286400e+05   2.253810e+04    40.394 (   192      0)    29.804 (   309      0)
tl-at qdp_time_avg                       640      640 1.286400e+05   1.314692e+03     3.342 (    68      0)     1.530 (   201      0)
tl-sc vertical_remap                     640      640 4.288000e+04   7.637366e+03    12.830 (   448      0)    11.695 (   399      0)
Remap Thickness Functor                  640      640 4.288000e+04   4.389222e+01     0.084 (   103      0)     0.061 (   514      0)
Remap Scale States Functor               640      640 4.288000e+04   2.113729e+01     0.058 (   106      0)     0.024 (   489      0)
Remap Compute Grids Functor              640      640 4.288000e+04   2.851823e+02     0.557 (   102      0)     0.398 (   514      0)
Remap Compute Remap Functor              640      640 4.288000e+04   7.256268e+03    12.218 (   448      0)    11.135 (    80      0)
Remap Rescale States Functor             640      640 4.288000e+04   2.608037e+01     0.054 (    64      0)     0.038 (   464      0)
tl-sc Q-from-qdp                         640      640 4.288000e+04   8.859502e+02     1.528 (    64      0)     1.363 (   214      0)
t_prf                                      0        0 0.000000e+00   0.000000e+00     0.000 (     0      0)     0.000 (     0      0)

