
***** GLOBAL STATISTICS (   640 MPI TASKS) *****

$Id: gptl.c,v 1.157 2011-03-28 20:55:18 rosinski Exp $
'count' is cumulative. All other stats are max/min
name                           processes  threads        count      walltotal   wallmax (proc   thrd  )   wallmin (proc   thrd  )
"Total"                              640      640 6.400000e+02   1.538076e+05   240.501 (     0      0)   240.149 (   241      0)
"prim_init1"                         640      640 6.400000e+02   1.344104e+03     2.129 (   320      0)     2.007 (    45      0)
"PartitioningTime"                   640      640 6.400000e+02   2.145602e+00     0.006 (   589      0)     0.003 (   564      0)
"repro_sum_int"                      640      640 2.880000e+04   6.199481e+01     0.234 (    25      0)     0.027 (   131      0)
"prim_init2"                         640      640 6.400000e+02   2.263981e+02     0.482 (    45      0)     0.297 (   131      0)
"prim_printstate"                    640      640 6.400000e+02   6.527768e+01     0.108 (     0      0)     0.102 (   171      0)
"interp_movie_output"                640      640 1.280000e+03   3.720641e-01     0.001 (   261      0)     0.000 (   448      0)
"prim_main_loop"                     640      640 6.400000e+02   1.410766e+05   220.608 (     0      0)   220.257 (   241      0)
"prim_run"                           640      640 2.176000e+04   1.410760e+05   220.607 (     0      0)   220.256 (   241      0)
"ApplyCAMForcing"                    640      640 2.176000e+04   1.513336e+03     3.698 (   456      0)     1.509 (   351      0)
"prim_step_rX"                       640      640 6.528000e+04   1.275648e+05   200.641 (   240      0)   197.186 (   448      0)
"prim_step_dyn"                      640      640 6.528000e+04   2.472926e+04    52.587 (   241      0)    24.792 (    37      0)
"prim_advance_exp"                   640      640 6.528000e+04   2.472827e+04    52.586 (   241      0)    24.790 (    37      0)
"U3-5stage_timestep"                 640      640 6.528000e+04   1.375191e+04    37.173 (   559      0)    10.933 (   329      0)
"compute_and_apply_rhs"              640      640 3.264000e+05   1.364722e+04    37.013 (   559      0)    10.768 (   329      0)
"caar_bexchV"                        640      640 3.264000e+05   7.374467e+03    26.732 (   559      0)     0.941 (     0      0)
"advance_hypervis_dp"                640      640 6.528000e+04   1.097488e+04    25.422 (   226      0)    12.681 (   612      0)
"biwkdp3d_bexchV"                    640      640 1.958400e+05   2.083731e+03    11.299 (   229      0)     0.473 (     0      0)
"ahdp_bexchV2"                       640      640 1.958400e+05   1.842096e+03    10.899 (   240      0)     0.509 (     0      0)
"prim_step_advec"                    640      640 6.528000e+04   1.025324e+05   173.906 (    37      0)   147.453 (   241      0)
"PAT_remap"                          640      640 6.528000e+04   1.025319e+05   173.905 (    37      0)   147.452 (   241      0)
"prim_advec_tracers_remap_rk2"       640      640 6.528000e+04   1.025311e+05   173.904 (    37      0)   147.451 (   241      0)
"precomput_divdp"                    640      640 6.528000e+04   1.539589e+02     0.350 (   512      0)     0.187 (   196      0)
"euler_step_0"                       640      640 6.528000e+04   2.883029e+04    49.325 (   328      0)    39.745 (   553      0)
"bihmix_qminmax"                     640      640 1.958400e+05   4.960575e+04    83.197 (   245      0)    66.777 (   606      0)
"eus_neighbor_minmax1"               640      640 6.528000e+04   6.600014e+03    16.279 (   127      0)     7.636 (   515      0)
"nmm_bexchV"                         640      640 6.528000e+04   2.837592e+03    10.964 (   127      0)     2.524 (     5      0)
"eus_2d_advec"                       640      640 1.958400e+05   5.027669e+04   102.300 (   621      0)    66.435 (   233      0)
"eus_bexchV"                         640      640 1.958400e+05   1.099190e+04    37.847 (   620      0)     9.675 (   462      0)
"euler_step_1"                       640      640 6.528000e+04   1.783615e+04    35.132 (   606      0)    23.734 (   239      0)
"euler_step_2"                       640      640 6.528000e+04   5.322198e+04    92.032 (    36      0)    74.958 (   559      0)
"nmm_bexchS_start"                   640      640 6.528000e+04   6.388942e+00     0.018 (   453      0)     0.004 (   105      0)
"biwksc_bexchV"                      640      640 6.528000e+04   4.765198e+03    13.464 (   204      0)     2.256 (   621      0)
"nmm_bexchS_fini"                    640      640 6.528000e+04   1.658115e+03     4.612 (    48      0)     0.851 (   122      0)
"qdp_tavg"                           640      640 6.528000e+04   2.485274e+03     5.641 (    63      0)     1.414 (   606      0)
"vertical_remap"                     640      640 2.176000e+04   1.078699e+04    19.684 (   448      0)    16.563 (   617      0)
"vertical_remap1_1"                  640      640 2.937600e+06   4.512405e+02     0.785 (   384      0)     0.685 (   258      0)
"remap_Q_ppm"                        640      640 8.812800e+06   1.061544e+04    19.355 (   448      0)    16.307 (   617      0)
"vertical_remap1_2"                  640      640 2.937600e+06   6.706133e+02     1.152 (   384      0)     1.027 (   258      0)
"vertical_remap1_3"                  640      640 2.937600e+06   9.554597e+03    17.576 (   448      0)    14.676 (   617      0)
"prim_run_subcyle_diags"             640      640 2.176000e+04   9.200180e+02     2.531 (    33      0)     0.642 (   351      0)
"t_prf"                                0        0 0.000000e+00   0.000000e+00     0.000 (     0      0)     0.000 (     0      0)

