
***** GLOBAL STATISTICS (  2048 MPI TASKS) *****

$Id: gptl.c,v 1.157 2011-03-28 20:55:18 rosinski Exp $
'count' is cumulative. All other stats are max/min
name                           processes  threads        count      walltotal   wallmax (proc   thrd  )   wallmin (proc   thrd  )
"Total"                             2048     2048 2.048000e+03   4.032274e+05   196.912 (  1216      0)   196.869 (   586      0)
"prim_init1"                        2048     2048 2.048000e+03   1.395432e+03     0.690 (   704      0)     0.655 (   564      0)
"PartitioningTime"                  2048     2048 2.048000e+03   5.103829e+00     0.003 (   982      0)     0.001 (  1260      0)
"repro_sum_int"                     2048     2048 9.216000e+04   1.664092e+02     0.179 (    24      0)     0.045 (   257      0)
"prim_init2"                        2048     2048 2.048000e+03   3.857276e+02     0.302 (     0      0)     0.149 (   430      0)
"prim_printstate"                   2048     2048 2.048000e+03   1.290021e+02     0.094 (     0      0)     0.056 (  1832      0)
"interp_movie_output"               2048     2048 4.096000e+03   4.923238e+00     0.009 (   965      0)     0.000 (  1300      0)
"prim_main_loop"                    2048     2048 2.048000e+03   3.933146e+05   192.073 (  1088      0)   192.028 (   593      0)
"prim_run"                          2048     2048 8.744960e+05   3.933038e+05   192.062 (  1088      0)   192.020 (   572      0)
"ApplyCAMForcing"                   2048     2048 8.744960e+05   3.878080e+03     2.111 (  1664      0)     1.560 (   859      0)
"prim_step_rX"                      2048     2048 2.623488e+06   3.486723e+05   170.754 (  1176      0)   168.639 (  1088      0)
"prim_step_dyn"                     2048     2048 2.623488e+06   9.298920e+04    55.731 (   750      0)    33.160 (  1216      0)
"prim_advance_exp"                  2048     2048 2.623488e+06   9.295419e+04    55.714 (   750      0)    33.142 (  1216      0)
"U3-5stage_timestep"                2048     2048 2.623488e+06   4.812990e+04    33.507 (   872      0)    15.469 (  1216      0)
"compute_and_apply_rhs"             2048     2048 1.311744e+07   4.762919e+04    33.266 (   872      0)    15.206 (  1216      0)
"caar_bexchV"                       2048     2048 1.311744e+07   2.564908e+04    22.662 (   872      0)     2.751 (  1024      0)
"advance_hypervis_dp"               2048     2048 2.623488e+06   4.477243e+04    27.383 (  1741      0)    17.345 (  1183      0)
"biwkdp3d_bexchV"                   2048     2048 7.870464e+06   9.887698e+03     8.635 (   309      0)     1.618 (  1152      0)
"ahdp_bexchV2"                      2048     2048 7.870464e+06   9.628815e+03     8.362 (  1861      0)     1.798 (  1216      0)
"prim_step_advec"                   2048     2048 2.623488e+06   2.550796e+05   135.461 (  1173      0)   114.572 (   750      0)
"PAT_remap"                         2048     2048 2.623488e+06   2.550644e+05   135.454 (  1173      0)   114.565 (   750      0)
"prim_advec_tracers_remap_rk2"      2048     2048 2.623488e+06   2.550403e+05   135.443 (  1173      0)   114.552 (   750      0)
"precomput_divdp"                   2048     2048 2.623488e+06   4.463382e+02     0.247 (  1472      0)     0.204 (  1867      0)
"euler_step_0"                      2048     2048 2.623488e+06   6.166050e+04    35.816 (  1088      0)    26.791 (  1192      0)
"bihmix_qminmax"                    2048     2048 7.870464e+06   1.164735e+05    65.841 (  1086      0)    51.706 (  1353      0)
"eus_neighbor_minmax1"              2048     2048 2.623488e+06   1.137294e+04     9.308 (  1187      0)     3.790 (  1234      0)
"nmm_bexchV"                        2048     2048 2.623488e+06   6.567764e+03     6.872 (  1187      0)     1.574 (  1234      0)
"eus_2d_advec"                      2048     2048 7.870464e+06   1.345091e+05    78.374 (  1090      0)    59.349 (   744      0)
"eus_bexchV"                        2048     2048 7.870464e+06   2.578035e+04    24.615 (  1090      0)     5.832 (  1856      0)
"euler_step_1"                      2048     2048 2.623488e+06   4.934669e+04    27.843 (  1070      0)    22.183 (   929      0)
"euler_step_2"                      2048     2048 2.623488e+06   1.401456e+05    74.374 (  1218      0)    62.080 (   686      0)
"nmm_bexchS_start"                  2048     2048 2.623488e+06   1.502320e+02     0.117 (   120      0)     0.042 (  1133      0)
"biwksc_bexchV"                     2048     2048 2.623488e+06   1.207758e+04    12.055 (    58      0)     2.573 (  1665      0)
"nmm_bexchS_fini"                   2048     2048 2.623488e+06   1.066783e+03     0.655 (  1900      0)     0.437 (   110      0)
"qdp_tavg"                          2048     2048 2.623488e+06   3.345999e+03     1.959 (  1522      0)     1.288 (   859      0)
"vertical_remap"                    2048     2048 8.744960e+05   3.847723e+04    20.513 (  1088      0)    18.491 (   759      0)
"vertical_remap1_1"                 2048     2048 1.049395e+07   1.633410e+03     0.868 (  1088      0)     0.769 (   329      0)
"remap_Q_ppm"                       2048     2048 3.148186e+07   3.789654e+04    20.197 (  1088      0)    18.221 (   759      0)
"vertical_remap1_2"                 2048     2048 1.049395e+07   2.404817e+03     1.260 (  1088      0)     1.146 (   798      0)
"vertical_remap1_3"                 2048     2048 1.049395e+07   3.408169e+04    18.195 (  1088      0)    16.391 (   759      0)
"prim_run_subcyle_diags"            2048     2048 8.744960e+05   1.710216e+03     1.076 (  1372      0)     0.606 (  1191      0)
"t_prf"                                0        0 0.000000e+00   0.000000e+00     0.000 (     0      0)     0.000 (     0      0)

