
***** GLOBAL STATISTICS ( 38400 MPI TASKS) *****

$Id: gptl.c,v 1.157 2011-03-28 20:55:18 rosinski Exp $
'count' is cumulative. All other stats are max/min
name                           processes  threads        count      walltotal   wallmax (proc   thrd  )   wallmin (proc   thrd  )
"Total"                            38400    38400 3.840000e+04   1.017395e+07   265.094 ( 34624      0)   264.843 ( 23388      0)
"prim_init1"                       38400    38400 3.840000e+04   1.901378e+05     5.205 (  8607      0)     4.695 (  7922      0)
"PartitioningTime"                 38400    38400 3.840000e+04   6.121143e+02     0.072 (  7175      0)     0.001 ( 30753      0)
"repro_sum_int"                    38400    38400 1.728000e+06   8.046750e+04    10.260 ( 38217      0)     0.157 ( 30054      0)
"prim_init2"                       38400    38400 3.840000e+04   1.394961e+05    11.759 (     5      0)     1.754 ( 18463      0)
"prim_printstate"                  38400    38400 3.840000e+04   8.245658e+03     0.268 (  6833      0)     0.179 ( 23143      0)
"interp_movie_output"              38400    38400 7.680000e+04   3.496395e+02     0.060 (  4763      0)     0.000 ( 12378      0)
"prim_main_loop"                   38400    38400 3.840000e+04   9.179441e+06   239.117 ( 34965      0)   238.962 (  3449      0)
"prim_run"                         38400    38400 1.536000e+08   9.178425e+06   239.098 ( 34964      0)   238.920 (  3453      0)
"ApplyCAMForcing"                  38400    38400 1.536000e+08   4.998675e+04     1.508 ( 22655      0)     1.114 ( 34632      0)
"prim_step_rX"                     38400    38400 4.608000e+08   8.520166e+06   222.427 ( 32727      0)   219.320 ( 32896      0)
"prim_step_dyn"                    38400    38400 4.608000e+08   3.557459e+06   109.317 ( 13089      0)    71.540 ( 34624      0)
"prim_advance_exp"                 38400    38400 4.608000e+08   3.553430e+06   109.220 ( 13089      0)    71.417 ( 34624      0)
"U3-5stage_timestep"               38400    38400 4.608000e+08   1.825475e+06    70.717 ( 12770      0)    30.733 ( 22592      0)
"compute_and_apply_rhs"            38400    38400 2.304000e+09   1.806690e+06    70.228 ( 12770      0)    30.228 ( 22592      0)
"caar_bexchV"                      38400    38400 2.304000e+09   1.463870e+06    61.443 ( 15138      0)    19.724 ( 19840      0)
"advance_hypervis_dp"              38400    38400 4.608000e+08   1.722085e+06    60.180 ( 11926      0)    35.753 ( 34634      0)
"biwkdp3d_bexchV"                  38400    38400 1.382400e+09   6.805908e+05    26.065 ( 17767      0)    12.534 ( 34624      0)
"ahdp_bexchV2"                     38400    38400 1.382400e+09   6.759394e+05    25.982 ( 11930      0)    12.782 ( 20397      0)
"prim_step_advec"                  38400    38400 4.608000e+08   4.949558e+06   147.605 ( 34624      0)   112.501 ( 17546      0)
"PAT_remap"                        38400    38400 4.608000e+08   4.947089e+06   147.532 ( 34624      0)   112.439 ( 17546      0)
"prim_advec_tracers_remap_rk2"     38400    38400 4.608000e+08   4.943432e+06   147.426 ( 34624      0)   112.340 ( 17546      0)
"precomput_divdp"                  38400    38400 4.608000e+08   7.032336e+03     0.223 (   512      0)     0.169 ( 35383      0)
"euler_step_0"                     38400    38400 4.608000e+08   1.319307e+06    43.404 ( 11942      0)    28.466 ( 17568      0)
"bihmix_qminmax"                   38400    38400 1.382400e+09   2.208813e+06    69.448 (  2624      0)    50.230 ( 12768      0)
"eus_neighbor_minmax1"             38400    38400 4.608000e+08   3.636998e+05    15.452 ( 24136      0)     6.826 ( 12690      0)
"nmm_bexchV"                       38400    38400 4.608000e+08   3.008843e+05    13.906 ( 24136      0)     5.250 ( 12690      0)
"eus_2d_advec"                     38400    38400 1.382400e+09   2.646755e+06    84.460 ( 20418      0)    57.599 ( 17546      0)
"eus_bexchV"                       38400    38400 1.382400e+09   1.135850e+06    44.178 (  2562      0)    19.093 ( 17546      0)
"euler_step_1"                     38400    38400 4.608000e+08   9.588792e+05    33.254 ( 12736      0)    20.396 ( 17546      0)
"euler_step_2"                     38400    38400 4.608000e+08   2.603285e+06    78.640 ( 20289      0)    58.280 ( 17544      0)
"nmm_bexchS_start"                 38400    38400 4.608000e+08   2.969619e+04     1.532 (  6912      0)     0.487 ( 33183      0)
"biwksc_bexchV"                    38400    38400 4.608000e+08   4.755114e+05    19.788 ( 17471      0)     7.309 ( 35189      0)
"nmm_bexchS_fini"                  38400    38400 4.608000e+08   9.042577e+03     0.623 ( 11861      0)     0.205 (  3751      0)
"qdp_tavg"                         38400    38400 4.608000e+08   4.200029e+04     1.390 ( 18499      0)     0.898 ( 32957      0)
"vertical_remap"                   38400    38400 1.536000e+08   5.766022e+05    17.426 ( 16192      0)    14.530 ( 25226      0)
"vertical_remap1_1"                38400    38400 1.536000e+08   2.915860e+04     0.883 ( 37760      0)     0.663 ( 37500      0)
"remap_Q_ppm"                      38400    38400 4.608000e+08   5.656815e+05    17.146 ( 16192      0)    14.290 ( 31202      0)
"vertical_remap1_2"                38400    38400 1.536000e+08   3.588587e+04     1.082 ( 17408      0)     0.901 ( 15181      0)
"vertical_remap1_3"                38400    38400 1.536000e+08   5.052281e+05    15.429 ( 16192      0)    12.746 ( 14402      0)
"prim_run_subcyle_diags"           38400    38400 1.536000e+08   1.707795e+04     0.647 ( 29056      0)     0.364 ( 15135      0)
"t_prf"                                0        0 0.000000e+00   0.000000e+00     0.000 (     0      0)     0.000 (     0      0)

