
***** GLOBAL STATISTICS (  2048 MPI TASKS) *****

$Id: gptl.c,v 1.157 2011-03-28 20:55:18 rosinski Exp $
'count' is cumulative. All other stats are max/min
name                               processes  threads        count      walltotal   wallmax (proc   thrd  )   wallmin (proc   thrd  )
Total                                   2048     2048 2.048000e+03   1.186726e+05    57.954 (  1536      0)    57.936 (  1218      0)
prim_init1                              2048     2048 2.048000e+03   8.003873e+02     0.394 (    69      0)     0.379 (  1249      0)
repro_sum_int                           2048     2048 9.216000e+04   2.470203e+02     0.381 (    21      0)     0.035 (   987      0)
prim_init2                              2048     2048 2.048000e+03   6.413640e+02     0.578 (    21      0)     0.225 (  1937      0)
prim_printstate                         2048     2048 2.048000e+03   1.261669e+02     0.066 (     0      0)     0.059 (  1994      0)
interp_movie_output                     2048     2048 4.096000e+03   3.397626e+00     0.004 (  1258      0)     0.000 (   775      0)
prim_main_loop                          2048     2048 2.048000e+03   1.146011e+05    55.964 (  1280      0)    55.953 (   737      0)
prim_run                                2048     2048 1.093632e+06   1.145903e+05    55.960 (  1280      0)    55.947 (   826      0)
tl-sc prim_run_subcycle_c               2048     2048 1.093632e+06   1.145679e+05    55.948 (  1343      0)    55.935 (  1164      0)
tl-sc dp3d-from-ps                      2048     2048 1.093632e+06   2.131082e+01     0.013 (  1408      0)     0.009 (  1575      0)
tl-sc prim_step-loop                    2048     2048 1.093632e+06   1.034999e+05    50.653 (  1967      0)    50.035 (  1536      0)
tl-s prim_step                          2048     2048 3.280896e+06   1.034833e+05    50.644 (  1967      0)    50.027 (  1536      0)
tl-s deep_copy+derived_dp               2048     2048 3.280896e+06   1.280938e+02     0.072 (   896      0)     0.059 (   369      0)
tl-s prim_advance_exp-loop              2048     2048 3.280896e+06   3.354000e+04    19.302 (   214      0)    12.556 (  1408      0)
tl-ae prim_advance_exp                  2048     2048 3.280896e+06   3.351673e+04    19.292 (   214      0)    12.544 (  1408      0)
tl-ae U3-5stage_timestep                2048     2048 3.280896e+06   1.816941e+04    11.922 (  2006      0)     6.000 (  1792      0)
caar compute                            2048     2048 1.640448e+07   4.804896e+03     2.763 (  1344      0)     2.218 (  1972      0)
caar_bexchV                             2048     2048 1.640448e+07   1.294740e+04     9.410 (  2006      0)     3.073 (  1792      0)
tl-ae advance_hypervis_dp               2048     2048 3.280896e+06   1.530688e+04     9.398 (   203      0)     6.074 (  1411      0)
hvf-bhwk                                2048     2048 9.842688e+06   8.438722e+03     5.456 (  1582      0)     3.310 (   617      0)
hvf-bexch                               2048     2048 1.968538e+07   1.097329e+04     7.370 (   203      0)     3.818 (  1408      0)
tl-s prim_advec_tracers_remap           2048     2048 3.280896e+06   6.976927e+04    37.537 (  1379      0)    31.168 (   214      0)
tl-at prim_advec_tracers_remap_RK2      2048     2048 3.280896e+06   6.974409e+04    37.523 (  1379      0)    31.156 (   214      0)
tl-at precompute_divdp                  2048     2048 3.280896e+06   1.335989e+02     0.077 (  1280      0)     0.059 (  1902      0)
tl-at esf-0                             2048     2048 3.280896e+06   1.944689e+04    11.922 (  1379      0)     7.545 (   424      0)
tl-at esf-1                             2048     2048 3.280896e+06   1.405014e+04     8.250 (  1518      0)     6.314 (  2003      0)
tl-at esf-2                             2048     2048 3.280896e+06   3.462595e+04    19.168 (   624      0)    15.361 (  2000      0)
tl-at qdp_time_avg                      2048     2048 3.280896e+06   1.364836e+03     0.752 (  1375      0)     0.583 (  1969      0)
tl-sc vertical_remap                    2048     2048 1.093632e+06   9.918997e+03     5.280 (  1536      0)     4.735 (  1967      0)
Remap Thickness Functor                 2048     2048 1.093632e+06   7.628355e+01     0.042 (   128      0)     0.034 (   251      0)
Remap Scale States Functor              2048     2048 1.093632e+06   3.538007e+01     0.020 (  1376      0)     0.015 (  1969      0)
Remap Compute Grids Functor             2048     2048 1.093632e+06   3.617599e+02     0.203 (  1856      0)     0.168 (  1969      0)
Remap Compute Remap Functor             2048     2048 1.093632e+06   9.335914e+03     4.987 (  1536      0)     4.464 (  1967      0)
Remap Rescale States Functor            2048     2048 1.093632e+06   4.379563e+01     0.025 (  1856      0)     0.020 (  1929      0)
tl-sc Q-from-qdp                        2048     2048 1.093632e+06   1.104263e+03     0.638 (   640      0)     0.534 (  1930      0)
t_prf                                      0        0 0.000000e+00   0.000000e+00     0.000 (     0      0)     0.000 (     0      0)

