
***** GLOBAL STATISTICS (  3456 MPI TASKS) *****

$Id: gptl.c,v 1.157 2011-03-28 20:55:18 rosinski Exp $
'count' is cumulative. All other stats are max/min
name                           processes  threads        count      walltotal   wallmax (proc   thrd  )   wallmin (proc   thrd  )
"Total"                             3456     3456 3.456000e+03   6.576469e+05   190.350 (  3072      0)   190.241 (  1504      0)
"prim_init1"                        3456     3456 3.456000e+03   5.619307e+03     1.650 (   128      0)     1.533 (  1647      0)
"PartitioningTime"                  3456     3456 3.456000e+03   1.067449e+01     0.006 (  1606      0)     0.003 (  1842      0)
"repro_sum_int"                     3456     3456 1.555200e+05   4.466621e+02     0.452 (  2396      0)     0.032 (  2729      0)
"prim_init2"                        3456     3456 3.456000e+03   8.102459e+02     0.555 (  3377      0)     0.138 (  2824      0)
"prim_printstate"                   3456     3456 3.456000e+03   2.170942e+02     0.067 (     0      0)     0.062 (  1745      0)
"interp_movie_output"               3456     3456 6.912000e+03   4.521234e+00     0.006 (  1973      0)     0.000 (   227      0)
"prim_main_loop"                    3456     3456 3.456000e+03   5.946956e+05   172.133 (  2944      0)   172.025 (  1504      0)
"prim_run"                          3456     3456 6.220800e+05   5.946886e+05   172.132 (  2944      0)   172.024 (  1504      0)
"ApplyCAMForcing"                   3456     3456 6.220800e+05   5.989923e+03     2.034 (  2004      0)     1.425 (  2751      0)
"prim_step_rX"                      3456     3456 1.866240e+06   5.281456e+05   153.198 (  2320      0)   151.237 (  1984      0)
"prim_step_dyn"                     3456     3456 1.866240e+06   1.380051e+05    49.529 (  1824      0)    26.425 (  3072      0)
"prim_advance_exp"                  3456     3456 1.866240e+06   1.379785e+05    49.522 (  1824      0)    26.419 (  3072      0)
"U3-5stage_timestep"                3456     3456 1.866240e+06   6.915496e+04    30.107 (  1767      0)    11.259 (  3354      0)
"compute_and_apply_rhs"             3456     3456 9.331200e+06   6.853345e+04    29.936 (  1767      0)    11.070 (  3354      0)
"caar_bexchV"                       3456     3456 9.331200e+06   3.668609e+04    21.017 (  1767      0)     1.401 (  2880      0)
"advance_hypervis_dp"               3456     3456 1.866240e+06   6.878496e+04    28.035 (  2474      0)    13.862 (  3082      0)
"biwkdp3d_bexchV"                   3456     3456 5.598720e+06   1.615642e+04    11.542 (  2650      0)     0.883 (  3072      0)
"ahdp_bexchV2"                      3456     3456 5.598720e+06   1.578225e+04    11.361 (  1113      0)     0.910 (  2944      0)
"prim_step_advec"                   3456     3456 1.866240e+06   3.892423e+05   124.971 (  3072      0)   103.270 (  1824      0)
"PAT_remap"                         3456     3456 1.866240e+06   3.892314e+05   124.968 (  3072      0)   103.268 (  1824      0)
"prim_advec_tracers_remap_rk2"      3456     3456 1.866240e+06   3.892139e+05   124.962 (  3072      0)   103.262 (  1824      0)
"precomput_divdp"                   3456     3456 1.866240e+06   6.566289e+02     0.228 (  2944      0)     0.176 (  2679      0)
"euler_step_0"                      3456     3456 1.866240e+06   9.240877e+04    31.737 (   720      0)    23.494 (  1236      0)
"bihmix_qminmax"                    3456     3456 5.598720e+06   1.725292e+05    59.874 (  2944      0)    45.573 (   885      0)
"eus_neighbor_minmax1"              3456     3456 1.866240e+06   1.726745e+04     9.151 (   544      0)     3.272 (   885      0)
"nmm_bexchV"                        3456     3456 1.866240e+06   9.574029e+03     6.971 (   544      0)     1.239 (  1139      0)
"eus_2d_advec"                      3456     3456 5.598720e+06   2.105020e+05    75.520 (  3082      0)    53.164 (  1839      0)
"eus_bexchV"                        3456     3456 5.598720e+06   3.461002e+04    22.645 (  3017      0)     4.759 (   896      0)
"euler_step_1"                      3456     3456 1.866240e+06   7.365215e+04    25.176 (   536      0)    19.580 (   914      0)
"euler_step_2"                      3456     3456 1.866240e+06   2.170960e+05    72.312 (  1790      0)    55.852 (  1248      0)
"nmm_bexchS_start"                  3456     3456 1.866240e+06   1.102320e+02     0.055 (   320      0)     0.016 (  3212      0)
"biwksc_bexchV"                     3456     3456 1.866240e+06   1.450941e+04     9.758 (  3023      0)     2.132 (  3086      0)
"nmm_bexchS_fini"                   3456     3456 1.866240e+06   1.873040e+03     0.831 (  2952      0)     0.419 (   612      0)
"qdp_tavg"                          3456     3456 1.866240e+06   5.328963e+03     2.039 (  2828      0)     1.167 (  2355      0)
"vertical_remap"                    3456     3456 6.220800e+05   5.700567e+04    17.853 (   384      0)    16.231 (   869      0)
"vertical_remap1_1"                 3456     3456 1.555200e+07   2.409237e+03     0.802 (  2202      0)     0.670 (   559      0)
"remap_Q_ppm"                       3456     3456 4.665600e+07   5.614558e+04    17.566 (   384      0)    15.999 (   869      0)
"vertical_remap1_2"                 3456     3456 1.555200e+07   3.563420e+03     1.137 (  2202      0)     1.005 (   554      0)
"vertical_remap1_3"                 3456     3456 1.555200e+07   5.050242e+04    15.825 (  3072      0)    14.385 (   869      0)
"prim_run_subcyle_diags"            3456     3456 6.220800e+05   2.715175e+03     1.123 (  2018      0)     0.571 (   579      0)
"t_prf"                                0        0 0.000000e+00   0.000000e+00     0.000 (     0      0)     0.000 (     0      0)

