
***** GLOBAL STATISTICS (   256 MPI TASKS) *****

$Id: gptl.c,v 1.157 2011-03-28 20:55:18 rosinski Exp $
'count' is cumulative. All other stats are max/min
name                               processes  threads        count      walltotal   wallmax (proc   thrd  )   wallmin (proc   thrd  )
Total                                    256      256 2.560000e+02   1.111157e+04    43.419 (   128      0)    43.395 (   101      0)
prim_init1                               256      256 2.560000e+02   6.458188e+01     0.256 (    64      0)     0.250 (    59      0)
repro_sum_int                            256      256 1.152000e+04   6.089373e+00     0.059 (    20      0)     0.011 (    64      0)
prim_init2                               256      256 2.560000e+02   1.174005e+02     0.487 (    24      0)     0.448 (    93      0)
prim_printstate                          256      256 2.560000e+02   1.762009e+01     0.072 (     0      0)     0.068 (   216      0)
interp_movie_output                      256      256 5.120000e+02   8.969998e-02     0.001 (   146      0)     0.000 (     4      0)
prim_main_loop                           256      256 2.560000e+02   1.067285e+04    41.704 (   128      0)    41.680 (    93      0)
prim_run                                 256      256 1.715200e+04   1.067262e+04    41.703 (   128      0)    41.680 (   101      0)
tl-sc prim_run_subcycle_c                256      256 1.715200e+04   1.066784e+04    41.686 (   192      0)    41.661 (   105      0)
tl-sc dp3d-from-ps                       256      256 1.715200e+04   1.600565e+00     0.007 (     0      0)     0.006 (   177      0)
tl-sc prim_step-loop                     256      256 1.715200e+04   9.301290e+03    36.404 (   155      0)    35.928 (   192      0)
tl-s prim_step                           256      256 5.145600e+04   9.301004e+03    36.403 (   155      0)    35.927 (   192      0)
tl-s deep_copy+derived_dp                256      256 5.145600e+04   1.403091e+01     0.062 (    39      0)     0.048 (    77      0)
tl-s prim_advance_exp-loop               256      256 5.145600e+04   2.213983e+03     9.700 (   105      0)     7.414 (     0      0)
tl-ae prim_advance_exp                   256      256 5.145600e+04   2.213488e+03     9.698 (   105      0)     7.412 (     0      0)
tl-ae U3-5stage_timestep                 256      256 5.145600e+04   1.249254e+03     5.974 (    92      0)     3.707 (     0      0)
caar compute                             256      256 2.572800e+05   5.445258e+02     2.430 (   128      0)     2.043 (   107      0)
caar_bexchV                              256      256 2.572800e+05   6.789067e+02     3.802 (    92      0)     1.195 (   128      0)
tl-ae advance_hypervis_dp                256      256 5.145600e+04   9.633139e+02     4.371 (    94      0)     3.669 (   129      0)
hvf-bhwk                                 256      256 1.543680e+05   5.835065e+02     2.804 (    94      0)     2.195 (   107      0)
hvf-bexch                                256      256 3.087360e+05   4.602708e+02     2.470 (    94      0)     1.411 (   192      0)
tl-s prim_advec_tracers_remap            256      256 5.145600e+04   7.071953e+03    28.568 (     0      0)    26.510 (   105      0)
tl-at prim_advec_tracers_remap_RK2       256      256 5.145600e+04   7.071527e+03    28.566 (     0      0)    26.509 (   105      0)
tl-at precompute_divdp                   256      256 5.145600e+04   1.266096e+01     0.062 (    18      0)     0.045 (   225      0)
tl-at esf-0                              256      256 5.145600e+04   1.964582e+03     8.613 (   128      0)     6.678 (   107      0)
tl-at esf-1                              256      256 5.145600e+04   1.493781e+03     6.251 (    53      0)     5.403 (   150      0)
tl-at esf-2                              256      256 5.145600e+04   3.397253e+03    13.847 (   149      0)    12.668 (    56      0)
tl-at qdp_time_avg                       256      256 5.145600e+04   2.008491e+02     0.843 (   254      0)     0.688 (   127      0)
tl-sc vertical_remap                     256      256 1.715200e+04   1.223440e+03     5.145 (   192      0)     4.709 (   152      0)
Remap Thickness Functor                  256      256 1.715200e+04   7.274414e+00     0.032 (   250      0)     0.025 (   125      0)
Remap Scale States Functor               256      256 1.715200e+04   3.551237e+00     0.017 (   227      0)     0.011 (    73      0)
Remap Compute Grids Functor              256      256 1.715200e+04   4.408682e+01     0.185 (   230      0)     0.161 (   113      0)
Remap Compute Remap Functor              256      256 1.715200e+04   1.161832e+03     4.911 (   192      0)     4.464 (   155      0)
Remap Rescale States Functor             256      256 1.715200e+04   4.348598e+00     0.019 (   192      0)     0.016 (   227      0)
tl-sc Q-from-qdp                         256      256 1.715200e+04   1.410963e+02     0.606 (    64      0)     0.545 (   161      0)
t_prf                                      0        0 0.000000e+00   0.000000e+00     0.000 (     0      0)     0.000 (     0      0)

