
***** GLOBAL STATISTICS (   960 MPI TASKS) *****

$Id: gptl.c,v 1.157 2011-03-28 20:55:18 rosinski Exp $
'count' is cumulative. All other stats are max/min
name                               processes  threads        count      walltotal   wallmax (proc   thrd  )   wallmin (proc   thrd  )
Total                                    960      960 9.600000e+02   1.129535e+05   117.702 (   832      0)   117.629 (   151      0)
prim_init1                               960      960 9.600000e+02   7.510476e+02     0.796 (   768      0)     0.745 (   218      0)
repro_sum_int                            960      960 4.320000e+04   6.402432e+01     0.212 (    47      0)     0.031 (   346      0)
prim_init2                               960      960 9.600000e+02   6.700156e+02     0.853 (    12      0)     0.654 (   299      0)
prim_printstate                          960      960 9.600000e+02   1.209594e+02     0.131 (     0      0)     0.125 (   713      0)
interp_movie_output                      960      960 1.920000e+03   6.782930e-01     0.004 (    24      0)     0.000 (   146      0)
prim_main_loop                           960      960 9.600000e+02   1.031979e+05   107.539 (   832      0)   107.466 (   151      0)
prim_run                                 960      960 9.600000e+04   1.031968e+05   107.538 (   832      0)   107.465 (   152      0)
tl-sc prim_run_subcycle_c                960      960 9.600000e+04   1.031622e+05   107.490 (   832      0)   107.435 (   148      0)
tl-sc dp3d-from-ps                       960      960 9.600000e+04   1.398367e+01     0.016 (     0      0)     0.014 (   402      0)
tl-sc prim_step-loop                     960      960 9.600000e+04   9.043387e+04    94.434 (   130      0)    93.316 (   768      0)
tl-s prim_step                           960      960 2.880000e+05   9.043220e+04    94.432 (   130      0)    93.314 (   768      0)
tl-s deep_copy+derived_dp                960      960 2.880000e+05   1.303168e+02     0.163 (   550      0)     0.115 (   588      0)
tl-s prim_advance_exp-loop               960      960 2.880000e+05   2.333241e+04    29.417 (   180      0)    18.328 (   832      0)
tl-ae prim_advance_exp                   960      960 2.880000e+05   2.332968e+04    29.414 (   180      0)    18.325 (   832      0)
tl-ae U3-5stage_timestep                 960      960 2.880000e+05   1.254849e+04    17.295 (   601      0)     9.123 (   704      0)
caar compute                             960      960 1.440000e+06   5.015234e+03     5.864 (   640      0)     4.919 (   467      0)
caar_bexchV                              960      960 1.440000e+06   7.314194e+03    11.900 (   601      0)     3.084 (   832      0)
tl-ae advance_hypervis_dp                960      960 2.880000e+05   1.077598e+04    15.025 (   408      0)     9.041 (   880      0)
hvf-bhwk                                 960      960 8.640000e+05   6.371039e+03     8.919 (   404      0)     5.396 (   879      0)
hvf-bexch                                960      960 1.728000e+06   6.232281e+03    10.437 (   408      0)     3.676 (   896      0)
tl-s prim_advec_tracers_remap            960      960 2.880000e+05   6.696354e+04    75.024 (   832      0)    64.773 (   180      0)
tl-at prim_advec_tracers_remap_RK2       960      960 2.880000e+05   6.696106e+04    75.021 (   832      0)    64.771 (   180      0)
tl-at precompute_divdp                   960      960 2.880000e+05   1.108189e+02     0.184 (   332      0)     0.092 (   413      0)
tl-at esf-0                              960      960 2.880000e+05   1.847731e+04    22.527 (   769      0)    16.279 (   595      0)
tl-at esf-1                              960      960 2.880000e+05   1.416440e+04    16.515 (   916      0)    13.479 (   281      0)
tl-at esf-2                              960      960 2.880000e+05   3.228400e+04    36.751 (   281      0)    30.816 (   199      0)
tl-at qdp_time_avg                       960      960 2.880000e+05   1.910806e+03     2.412 (   880      0)     1.586 (   588      0)
tl-sc vertical_remap                     960      960 9.600000e+04   1.139031e+04    12.624 (   768      0)    11.635 (   189      0)
Remap Thickness Functor                  960      960 9.600000e+04   6.813951e+01     0.086 (   844      0)     0.061 (   639      0)
Remap Scale States Functor               960      960 9.600000e+04   3.156988e+01     0.043 (   839      0)     0.025 (   319      0)
Remap Compute Grids Functor              960      960 9.600000e+04   4.260308e+02     0.521 (   848      0)     0.400 (   445      0)
Remap Compute Remap Functor              960      960 9.600000e+04   1.081518e+04    12.014 (   768      0)    11.076 (   820      0)
Remap Rescale States Functor             960      960 9.600000e+04   3.953520e+01     0.051 (   832      0)     0.038 (   209      0)
tl-sc Q-from-qdp                         960      960 9.600000e+04   1.321533e+03     1.521 (   896      0)     1.358 (   280      0)
t_prf                                      0        0 0.000000e+00   0.000000e+00     0.000 (     0      0)     0.000 (     0      0)

