
***** GLOBAL STATISTICS (   128 MPI TASKS) *****

$Id: gptl.c,v 1.157 2011-03-28 20:55:18 rosinski Exp $
'count' is cumulative. All other stats are max/min
name                               processes  threads        count      walltotal   wallmax (proc   thrd  )   wallmin (proc   thrd  )
Total                                    128      128 1.280000e+02   2.762645e+04   215.907 (    64      0)   215.709 (    26      0)
prim_init1                               128      128 1.280000e+02   1.189482e+02     0.947 (     0      0)     0.907 (   108      0)
repro_sum_int                            128      128 5.760000e+03   5.086585e+00     0.078 (     3      0)     0.016 (    64      0)
prim_init2                               128      128 1.280000e+02   5.985514e+02     4.739 (    64      0)     4.603 (    48      0)
prim_printstate                          128      128 1.280000e+02   6.962592e+01     0.550 (     0      0)     0.544 (    17      0)
interp_movie_output                      128      128 2.560000e+02   5.907464e-02     0.001 (    91      0)     0.000 (    88      0)
prim_main_loop                           128      128 1.280000e+02   2.525584e+04   197.387 (    64      0)   197.189 (    26      0)
prim_run                                 128      128 1.792000e+03   2.525577e+04   197.386 (    64      0)   197.188 (    26      0)
tl-sc prim_run_subcycle_c                128      128 1.792000e+03   2.515684e+04   196.681 (    64      0)   196.398 (    26      0)
tl-sc dp3d-from-ps                       128      128 1.792000e+03   4.493294e+00     0.044 (    83      0)     0.018 (    64      0)
tl-sc prim_step-loop                     128      128 1.792000e+03   2.323804e+04   181.850 (    35      0)   181.057 (    46      0)
tl-s prim_step                           128      128 5.376000e+03   2.323798e+04   181.850 (    35      0)   181.056 (    46      0)
tl-s deep_copy+derived_dp                128      128 5.376000e+03   5.181025e+01     0.527 (    28      0)     0.179 (    64      0)
tl-s prim_advance_exp-loop               128      128 5.376000e+03   2.566111e+03    22.713 (    91      0)    17.291 (     0      0)
tl-ae prim_advance_exp                   128      128 5.376000e+03   2.565960e+03    22.711 (    91      0)    17.290 (     0      0)
tl-ae U3-5stage_timestep                 128      128 5.376000e+03   1.477902e+03    14.279 (    91      0)     8.603 (    35      0)
caar compute                             128      128 2.688000e+04   7.482577e+02     6.428 (     9      0)     5.399 (    69      0)
caar_bexchV                              128      128 2.688000e+04   7.010787e+02     7.891 (    91      0)     2.576 (     0      0)
tl-ae advance_hypervis_dp                128      128 5.376000e+03   1.087944e+03     8.898 (    88      0)     8.182 (    40      0)
hvf-bhwk                                 128      128 1.612800e+04   6.640225e+02     5.547 (   100      0)     4.977 (    16      0)
hvf-bexch                                128      128 3.225600e+04   4.426538e+02     3.943 (   101      0)     3.094 (    17      0)
tl-s prim_advec_tracers_remap            128      128 5.376000e+03   2.061990e+04   164.181 (    35      0)   158.499 (    91      0)
tl-at prim_advec_tracers_remap_RK2       128      128 5.376000e+03   2.061983e+04   164.181 (    35      0)   158.498 (    91      0)
tl-at precompute_divdp                   128      128 5.376000e+03   3.599230e+01     0.484 (     0      0)     0.139 (   108      0)
tl-at esf-0                              128      128 5.376000e+03   6.643414e+03    55.361 (   106      0)    50.615 (    82      0)
tl-at esf-1                              128      128 5.376000e+03   4.155828e+03    34.552 (    62      0)    31.030 (    37      0)
tl-at esf-2                              128      128 5.376000e+03   8.887716e+03    73.125 (    36      0)    67.497 (    81      0)
tl-at qdp_time_avg                       128      128 5.376000e+03   8.964256e+02     7.456 (    48      0)     4.924 (   106      0)
tl-sc vertical_remap                     128      128 1.792000e+03   1.633023e+03    13.424 (    64      0)    12.457 (    35      0)
Remap Thickness Functor                  128      128 1.792000e+03   1.482488e+01     0.136 (    81      0)     0.070 (     0      0)
Remap Scale States Functor               128      128 1.792000e+03   1.295165e+01     0.130 (    30      0)     0.038 (     0      0)
Remap Compute Grids Functor              128      128 1.792000e+03   7.847921e+01     0.770 (    30      0)     0.446 (    56      0)
Remap Compute Remap Functor              128      128 1.792000e+03   1.511178e+03    12.644 (    64      0)    11.625 (    14      0)
Remap Rescale States Functor             128      128 1.792000e+03   8.137819e+00     0.145 (    64      0)     0.040 (    14      0)
tl-sc Q-from-qdp                         128      128 1.792000e+03   2.811944e+02     2.390 (    52      0)     1.738 (    26      0)
t_prf                                      0        0 0.000000e+00   0.000000e+00     0.000 (     0      0)     0.000 (     0      0)

