
***** GLOBAL STATISTICS (   960 MPI TASKS) *****

$Id: gptl.c,v 1.157 2011-03-28 20:55:18 rosinski Exp $
'count' is cumulative. All other stats are max/min
name                           processes  threads        count      walltotal   wallmax (proc   thrd  )   wallmin (proc   thrd  )
"Total"                              960      960 9.600000e+02   1.560496e+05   162.610 (   832      0)   162.512 (   146      0)
"prim_init1"                         960      960 9.600000e+02   8.410233e+02     0.887 (   257      0)     0.838 (   713      0)
"PartitioningTime"                   960      960 9.600000e+02   2.019641e+00     0.004 (   868      0)     0.001 (   187      0)
"repro_sum_int"                      960      960 4.320000e+04   5.812990e+01     0.191 (    20      0)     0.023 (   257      0)
"prim_init2"                         960      960 9.600000e+02   1.423419e+02     0.278 (    20      0)     0.112 (   675      0)
"prim_printstate"                    960      960 9.600000e+02   5.361345e+01     0.061 (     0      0)     0.055 (   595      0)
"interp_movie_output"                960      960 1.920000e+03   4.592285e-01     0.001 (     5      0)     0.000 (   147      0)
"prim_main_loop"                     960      960 9.600000e+02   1.467230e+05   152.895 (   832      0)   152.797 (   146      0)
"prim_run"                           960      960 9.600000e+04   1.467219e+05   152.894 (   832      0)   152.796 (   146      0)
"ApplyCAMForcing"                    960      960 9.600000e+04   1.573925e+03     2.387 (   845      0)     1.297 (   331      0)
"prim_step_rX"                       960      960 2.880000e+05   1.300608e+05   135.995 (   594      0)   134.147 (   832      0)
"prim_step_dyn"                      960      960 2.880000e+05   3.362637e+04    43.846 (   279      0)    22.985 (   832      0)
"prim_advance_exp"                   960      960 2.880000e+05   3.362232e+04    43.842 (   279      0)    22.981 (   832      0)
"U3-5stage_timestep"                 960      960 2.880000e+05   1.761058e+04    29.999 (   309      0)    10.351 (   768      0)
"compute_and_apply_rhs"              960      960 1.440000e+06   1.746617e+04    29.864 (   309      0)    10.189 (   768      0)
"caar_bexchV"                        960      960 1.440000e+06   9.618674e+03    22.012 (   309      0)     1.022 (   768      0)
"advance_hypervis_dp"                960      960 2.880000e+05   1.600551e+04    27.762 (   161      0)    12.122 (   861      0)
"biwkdp3d_bexchV"                    960      960 8.640000e+05   3.603392e+03    12.056 (   209      0)     0.716 (   832      0)
"ahdp_bexchV2"                       960      960 8.640000e+05   3.319957e+03    12.063 (   157      0)     0.783 (   832      0)
"prim_step_advec"                    960      960 2.880000e+05   9.619655e+04   110.928 (   832      0)    91.676 (   180      0)
"PAT_remap"                          960      960 2.880000e+05   9.619485e+04   110.926 (   832      0)    91.674 (   180      0)
"prim_advec_tracers_remap_rk2"       960      960 2.880000e+05   9.619205e+04   110.923 (   832      0)    91.671 (   180      0)
"precomput_divdp"                    960      960 2.880000e+05   1.636711e+02     0.219 (    14      0)     0.157 (   420      0)
"euler_step_0"                       960      960 2.880000e+05   2.388471e+04    29.325 (   863      0)    20.714 (   618      0)
"bihmix_qminmax"                     960      960 8.640000e+05   4.413711e+04    52.641 (   892      0)    40.891 (   184      0)
"eus_neighbor_minmax1"               960      960 2.880000e+05   4.537078e+03     9.377 (   413      0)     2.616 (   628      0)
"nmm_bexchV"                         960      960 2.880000e+05   2.254920e+03     7.567 (   413      0)     0.986 (   184      0)
"eus_2d_advec"                       960      960 8.640000e+05   5.028783e+04    59.297 (   916      0)    46.670 (   279      0)
"eus_bexchV"                         960      960 8.640000e+05   8.953560e+03    16.450 (   639      0)     4.448 (   192      0)
"euler_step_1"                       960      960 2.880000e+05   1.854866e+04    21.985 (   767      0)    17.433 (   155      0)
"euler_step_2"                       960      960 2.880000e+05   5.201168e+04    59.183 (   854      0)    48.985 (   205      0)
"nmm_bexchS_start"                   960      960 2.880000e+05   1.826117e+01     0.034 (   867      0)     0.010 (   288      0)
"biwksc_bexchV"                      960      960 2.880000e+05   3.602726e+03     7.006 (   637      0)     1.498 (   203      0)
"nmm_bexchS_fini"                    960      960 2.880000e+05   6.660714e+02     1.772 (   877      0)     0.433 (   414      0)
"qdp_tavg"                           960      960 2.880000e+05   1.571768e+03     2.862 (   855      0)     0.991 (   292      0)
"vertical_remap"                     960      960 9.600000e+04   1.402789e+04    16.050 (   640      0)    14.387 (   451      0)
"vertical_remap1_1"                  960      960 3.840000e+06   5.907847e+02     0.673 (   320      0)     0.597 (   153      0)
"remap_Q_ppm"                        960      960 1.152000e+07   1.381619e+04    15.791 (   640      0)    14.177 (   451      0)
"vertical_remap1_2"                  960      960 3.840000e+06   8.770400e+02     0.989 (   320      0)     0.894 (   154      0)
"vertical_remap1_3"                  960      960 3.840000e+06   1.242841e+04    14.241 (   832      0)    12.756 (   451      0)
"prim_run_subcyle_diags"             960      960 9.600000e+04   8.018069e+02     1.632 (   895      0)     0.513 (   595      0)
"t_prf"                                0        0 0.000000e+00   0.000000e+00     0.000 (     0      0)     0.000 (     0      0)

