
***** GLOBAL STATISTICS (   256 MPI TASKS) *****

$Id: gptl.c,v 1.157 2011-03-28 20:55:18 rosinski Exp $
'count' is cumulative. All other stats are max/min
name                           processes  threads        count      walltotal   wallmax (proc   thrd  )   wallmin (proc   thrd  )
"Total"                              256      256 2.560000e+02   5.406959e+04   211.382 (    64      0)   211.047 (    22      0)
"prim_init1"                         256      256 2.560000e+02   3.672673e+02     1.449 (   128      0)     1.407 (    57      0)
"PartitioningTime"                   256      256 2.560000e+02   7.562413e-01     0.006 (   200      0)     0.001 (    12      0)
"repro_sum_int"                      256      256 1.152000e+04   7.507228e+00     0.044 (    93      0)     0.020 (   146      0)
"prim_init2"                         256      256 2.560000e+02   7.889576e+01     0.311 (   106      0)     0.302 (   178      0)
"prim_printstate"                    256      256 2.560000e+02   2.466921e+01     0.102 (     0      0)     0.096 (   218      0)
"interp_movie_output"                256      256 5.120000e+02   1.041780e-01     0.001 (   228      0)     0.000 (   102      0)
"prim_main_loop"                     256      256 2.560000e+02   5.091629e+04   199.065 (    64      0)   198.729 (    22      0)
"prim_run"                           256      256 6.912000e+03   5.091611e+04   199.064 (    64      0)   198.728 (    22      0)
"ApplyCAMForcing"                    256      256 6.912000e+03   5.256707e+02     3.636 (   117      0)     1.332 (    57      0)
"prim_step_rX"                       256      256 2.073600e+04   4.613165e+04   181.485 (   251      0)   178.532 (    64      0)
"prim_step_dyn"                      256      256 2.073600e+04   8.254543e+03    48.275 (     8      0)    21.716 (    64      0)
"prim_advance_exp"                   256      256 2.073600e+04   8.254229e+03    48.274 (     8      0)    21.715 (    64      0)
"U3-5stage_timestep"                 256      256 2.073600e+04   5.125718e+03    35.884 (    33      0)     9.932 (   189      0)
"compute_and_apply_rhs"              256      256 1.036800e+05   5.087701e+03    35.726 (    33      0)     9.784 (   189      0)
"caar_bexchV"                        256      256 1.036800e+05   2.849871e+03    26.775 (     8      0)     0.746 (    64      0)
"advance_hypervis_dp"                256      256 2.073600e+04   3.128031e+03    20.556 (   189      0)    11.214 (   207      0)
"biwkdp3d_bexchV"                    256      256 6.220800e+04   3.664875e+02     9.310 (   184      0)     0.349 (    64      0)
"ahdp_bexchV2"                       256      256 6.220800e+04   2.757587e+02     2.993 (   164      0)     0.407 (    64      0)
"prim_step_advec"                    256      256 2.073600e+04   3.776402e+04   156.485 (    64      0)   132.493 (     8      0)
"PAT_remap"                          256      256 2.073600e+04   3.776387e+04   156.484 (    64      0)   132.493 (     8      0)
"prim_advec_tracers_remap_rk2"       256      256 2.073600e+04   3.776360e+04   156.483 (    64      0)   132.492 (     8      0)
"precomput_divdp"                    256      256 2.073600e+04   5.570781e+01     0.322 (    64      0)     0.174 (   137      0)
"euler_step_0"                       256      256 2.073600e+04   1.100069e+04    46.256 (   113      0)    40.026 (   162      0)
"bihmix_qminmax"                     256      256 6.220800e+04   1.820762e+04    75.851 (   111      0)    64.856 (   135      0)
"eus_neighbor_minmax1"               256      256 2.073600e+04   2.379935e+03    11.743 (   119      0)     7.243 (   177      0)
"nmm_bexchV"                         256      256 2.073600e+04   9.760074e+02     6.101 (   119      0)     2.309 (   201      0)
"eus_2d_advec"                       256      256 6.220800e+04   1.849001e+04    79.650 (    57      0)    60.472 (    31      0)
"eus_bexchV"                         256      256 6.220800e+04   4.196965e+03    26.898 (    58      0)     9.044 (    31      0)
"euler_step_1"                       256      256 2.073600e+04   6.593678e+03    27.844 (     0      0)    22.233 (    22      0)
"euler_step_2"                       256      256 2.073600e+04   1.910533e+04    78.862 (    64      0)    65.974 (     8      0)
"nmm_bexchS_start"                   256      256 2.073600e+04   2.019677e+00     0.016 (    89      0)     0.004 (   189      0)
"biwksc_bexchV"                      256      256 2.073600e+04   1.961078e+03    12.098 (    29      0)     3.616 (   247      0)
"nmm_bexchS_fini"                    256      256 2.073600e+04   5.371398e+02     3.935 (    79      0)     0.625 (   247      0)
"qdp_tavg"                           256      256 2.073600e+04   1.007099e+03     5.614 (   101      0)     1.573 (    57      0)
"vertical_remap"                     256      256 6.912000e+03   3.803162e+03    16.549 (    64      0)    14.595 (   157      0)
"vertical_remap1_1"                  256      256 1.036800e+06   1.589666e+02     0.675 (   192      0)     0.600 (   103      0)
"remap_Q_ppm"                        256      256 3.110400e+06   3.743116e+03    16.265 (    64      0)    14.370 (    72      0)
"vertical_remap1_2"                  256      256 1.036800e+06   2.364695e+02     0.997 (   128      0)     0.904 (   103      0)
"vertical_remap1_3"                  256      256 1.036800e+06   3.368942e+03    14.703 (    64      0)    12.918 (   157      0)
"prim_run_subcyle_diags"             256      256 6.912000e+03   3.411378e+02     2.492 (    82      0)     0.579 (     8      0)
"t_prf"                                0        0 0.000000e+00   0.000000e+00     0.000 (     0      0)     0.000 (     0      0)

