
***** GLOBAL STATISTICS ( 19200 MPI TASKS) *****

$Id: gptl.c,v 1.157 2011-03-28 20:55:18 rosinski Exp $
'count' is cumulative. All other stats are max/min
name                               processes  threads        count      walltotal   wallmax (proc   thrd  )   wallmin (proc   thrd  )
Total                                  19200    19200 1.920000e+04   3.612550e+06   188.295 ( 16512      0)   187.907 (  3980      0)
prim_init1                             19200    19200 1.920000e+04   5.860001e+04     3.144 (  3169      0)     2.948 (  8396      0)
repro_sum_int                          19200    19200 8.640000e+05   1.650862e+04     2.826 (  9019      0)     0.097 ( 16396      0)
prim_init2                             19200    19200 1.920000e+04   3.619684e+04     3.825 (  7610      0)     0.995 ( 17993      0)
prim_printstate                        19200    19200 1.920000e+04   3.815143e+03     0.257 ( 11823      0)     0.178 ( 19195      0)
interp_movie_output                    19200    19200 3.840000e+04   1.374287e+02     0.025 (  2923      0)     0.000 (  8962      0)
prim_main_loop                         19200    19200 1.920000e+04   3.306978e+06   172.363 (  1301      0)   171.993 ( 16455      0)
prim_run                               19200    19200 3.840000e+07   3.306607e+06   172.350 (  1338      0)   171.980 ( 16488      0)
tl-sc prim_run_subcycle_c              19200    19200 3.840000e+07   3.300143e+06   171.936 (  6545      0)   171.817 (  1984      0)
tl-sc dp3d-from-ps                     19200    19200 3.840000e+07   6.506778e+02     0.091 (  4480      0)     0.024 ( 11677      0)
tl-sc prim_step-loop                   19200    19200 3.840000e+07   3.037927e+06   158.546 ( 16174      0)   156.612 (  6976      0)
tl-s prim_step                         19200    19200 1.152000e+08   3.037357e+06   158.518 ( 16174      0)   156.580 (  6976      0)
tl-s deep_copy+derived_dp              19200    19200 1.152000e+08   3.354583e+03     0.246 (  3712      0)     0.160 (  8575      0)
tl-s prim_advance_exp-loop             19200    19200 1.152000e+08   1.235562e+06    72.562 ( 11485      0)    51.004 (  9887      0)
tl-ae prim_advance_exp                 19200    19200 1.152000e+08   1.234805e+06    72.510 ( 11485      0)    50.968 (  9887      0)
tl-ae U3-5stage_timestep               19200    19200 1.152000e+08   6.228318e+05    41.228 (  4316      0)    23.062 (  3904      0)
caar compute                           19200    19200 5.760000e+08   1.162924e+05     7.143 ( 12544      0)     5.699 (  5224      0)
caar_bexchV                            19200    19200 5.760000e+08   4.948242e+05    34.584 (  1117      0)    15.307 (  3904      0)
tl-ae advance_hypervis_dp              19200    19200 1.152000e+08   6.106157e+05    38.981 (  1610      0)    25.411 (  9914      0)
hvf-bhwk                               19200    19200 3.456000e+08   3.234176e+05    21.019 ( 16847      0)    13.537 (  9892      0)
hvf-bexch                              19200    19200 6.912000e+08   5.048485e+05    33.468 (  1610      0)    19.847 (  9926      0)
tl-s prim_advec_tracers_remap          19200    19200 1.152000e+08   1.796882e+06   107.115 (  9887      0)    85.360 ( 11485      0)
tl-at prim_advec_tracers_remap_RK2     19200    19200 1.152000e+08   1.796024e+06   107.069 (  9887      0)    85.316 ( 11485      0)
tl-at precompute_divdp                 19200    19200 1.152000e+08   3.695714e+03     0.250 (  8640      0)     0.163 (  1343      0)
tl-at esf-0                            19200    19200 1.152000e+08   5.009361e+05    31.118 ( 17408      0)    22.175 (  4375      0)
tl-at esf-1                            19200    19200 1.152000e+08   3.565479e+05    21.839 (  6528      0)    16.507 (  1342      0)
tl-at esf-2                            19200    19200 1.152000e+08   8.989764e+05    58.432 (  9891      0)    41.950 ( 11487      0)
tl-at qdp_time_avg                     19200    19200 1.152000e+08   3.165040e+04     1.917 ( 11840      0)     1.459 ( 17033      0)
tl-sc vertical_remap                   19200    19200 3.840000e+07   2.348394e+05    13.611 (  6976      0)    11.917 ( 16174      0)
Remap Thickness Functor                19200    19200 3.840000e+07   2.281474e+03     0.170 (  7700      0)     0.090 ( 17017      0)
Remap Scale States Functor             19200    19200 3.840000e+07   1.100958e+03     0.092 (  6847      0)     0.039 (  9599      0)
Remap Compute Grids Functor            19200    19200 3.840000e+07   8.786151e+03     0.535 ( 12544      0)     0.422 (  8063      0)
Remap Compute Remap Functor            19200    19200 3.840000e+07   2.187242e+05    12.722 (  6976      0)    11.121 (  5430      0)
Remap Rescale States Functor           19200    19200 3.840000e+07   1.152875e+03     0.080 ( 12480      0)     0.056 ( 12209      0)
tl-sc Q-from-qdp                       19200    19200 3.840000e+07   2.592266e+04     1.602 (  6976      0)     1.338 ( 11442      0)
t_prf                                      0        0 0.000000e+00   0.000000e+00     0.000 (     0      0)     0.000 (     0      0)

