
***** GLOBAL STATISTICS (  3840 MPI TASKS) *****

$Id: gptl.c,v 1.157 2011-03-28 20:55:18 rosinski Exp $
'count' is cumulative. All other stats are max/min
name                           processes  threads        count      walltotal   wallmax (proc   thrd  )   wallmin (proc   thrd  )
"Total"                             3840     3840 3.840000e+03   6.505975e+05   169.450 (  3328      0)   169.407 (  2404      0)
"prim_init1"                        3840     3840 3.840000e+03   3.446112e+03     0.911 (  1216      0)     0.848 (   577      0)
"PartitioningTime"                  3840     3840 3.840000e+03   2.544256e+01     0.016 (  3354      0)     0.001 (  1416      0)
"repro_sum_int"                     3840     3840 1.728000e+05   5.364396e+02     0.410 (    18      0)     0.034 (  1374      0)
"prim_init2"                        3840     3840 3.840000e+03   8.299022e+02     0.490 (    37      0)     0.114 (  1541      0)
"prim_printstate"                   3840     3840 3.840000e+03   1.968649e+02     0.061 (     0      0)     0.050 (  3192      0)
"interp_movie_output"               3840     3840 7.680000e+03   5.448234e+00     0.004 (  2836      0)     0.000 (  2529      0)
"prim_main_loop"                    3840     3840 3.840000e+03   6.126177e+05   159.559 (  3392      0)   159.517 (  2330      0)
"prim_run"                          3840     3840 1.536000e+06   6.126064e+05   159.556 (  3392      0)   159.515 (   287      0)
"ApplyCAMForcing"                   3840     3840 1.536000e+06   5.548157e+03     1.589 (   705      0)     1.257 (  3551      0)
"prim_step_rX"                      3840     3840 4.608000e+06   5.473624e+05   142.867 (  3760      0)   141.231 (   192      0)
"prim_step_dyn"                     3840     3840 4.608000e+06   1.610436e+05    49.372 (  1838      0)    32.870 (  3328      0)
"prim_advance_exp"                  3840     3840 4.608000e+06   1.609866e+05    49.357 (  1838      0)    32.855 (  3328      0)
"U3-5stage_timestep"                3840     3840 4.608000e+06   8.178101e+04    28.682 (   874      0)    14.590 (  1664      0)
"compute_and_apply_rhs"             3840     3840 2.304000e+07   8.102389e+04    28.486 (   874      0)    14.370 (  1664      0)
"caar_bexchV"                       3840     3840 2.304000e+07   4.896126e+04    20.404 (  3792      0)     4.513 (  1664      0)
"advance_hypervis_dp"               3840     3840 4.608000e+06   7.911585e+04    24.575 (  1784      0)    17.245 (  3308      0)
"biwkdp3d_bexchV"                   3840     3840 1.382400e+07   2.128203e+04     8.243 (  2728      0)     3.301 (  3328      0)
"ahdp_bexchV2"                      3840     3840 1.382400e+07   2.087792e+04     7.732 (  1780      0)     3.477 (  3520      0)
"prim_step_advec"                   3840     3840 4.608000e+06   3.854362e+05   108.445 (  3326      0)    93.059 (  1838      0)
"PAT_remap"                         3840     3840 4.608000e+06   3.854095e+05   108.437 (  3326      0)    93.053 (  1838      0)
"prim_advec_tracers_remap_rk2"      3840     3840 4.608000e+06   3.853665e+05   108.425 (  3326      0)    93.041 (  1838      0)
"precomput_divdp"                   3840     3840 4.608000e+06   6.498406e+02     0.224 (  2126      0)     0.161 (  2735      0)
"euler_step_0"                      3840     3840 4.608000e+06   9.480923e+04    28.805 (  3319      0)    21.888 (  1327      0)
"bihmix_qminmax"                    3840     3840 1.382400e+07   1.757569e+05    51.942 (  3319      0)    42.147 (  1451      0)
"eus_neighbor_minmax1"              3840     3840 4.608000e+06   1.879190e+04     7.406 (  3541      0)     3.543 (  3525      0)
"nmm_bexchV"                        3840     3840 4.608000e+06   1.205323e+04     5.659 (  3541      0)     1.844 (  3423      0)
"eus_2d_advec"                      3840     3840 1.382400e+07   2.036909e+05    60.905 (  3316      0)    48.579 (  1838      0)
"eus_bexchV"                        3840     3840 1.382400e+07   4.544893e+04    20.055 (  3698      0)     6.162 (  2624      0)
"euler_step_1"                      3840     3840 4.608000e+06   7.483182e+04    21.260 (  1693      0)    18.025 (  1845      0)
"euler_step_2"                      3840     3840 4.608000e+06   2.101023e+05    59.612 (  3350      0)    50.405 (  3170      0)
"nmm_bexchS_start"                  3840     3840 4.608000e+06   2.707219e+02     0.109 (  3389      0)     0.041 (   945      0)
"biwksc_bexchV"                     3840     3840 4.608000e+06   2.032163e+04     9.091 (  3263      0)     3.058 (  1319      0)
"nmm_bexchS_fini"                   3840     3840 4.608000e+06   1.505375e+03     0.525 (   319      0)     0.318 (   900      0)
"qdp_tavg"                          3840     3840 4.608000e+06   4.811502e+03     1.470 (   536      0)     1.028 (  3255      0)
"vertical_remap"                    3840     3840 1.536000e+06   5.644650e+04    16.037 (     0      0)    14.480 (  1953      0)
"vertical_remap1_1"                 3840     3840 1.536000e+07   2.402262e+03     0.690 (  3392      0)     0.603 (  1551      0)
"remap_Q_ppm"                       3840     3840 4.608000e+07   5.558534e+04    15.790 (     0      0)    14.265 (  1953      0)
"vertical_remap1_2"                 3840     3840 1.536000e+07   3.525785e+03     1.003 (  3392      0)     0.891 (  1569      0)
"vertical_remap1_3"                 3840     3840 1.536000e+07   4.999169e+04    14.222 (     0      0)    12.815 (  1953      0)
"prim_run_subcyle_diags"            3840     3840 1.536000e+06   2.425417e+03     0.816 (   743      0)     0.486 (  3551      0)
"t_prf"                                0        0 0.000000e+00   0.000000e+00     0.000 (     0      0)     0.000 (     0      0)

