LAST_GIT_COMMIT_SHA:STRING=adf77c97ed8425a245449f2582d2441f4b72da1e

***** GLOBAL STATISTICS (    32 MPI TASKS) *****

$Id: gptl.c,v 1.157 2011-03-28 20:55:18 rosinski Exp $
'count' is cumulative. All other stats are max/min
name                           processes  threads        count      walltotal   wallmax (proc   thrd  )   wallmin (proc   thrd  )
"Total"                               32       32 3.200000e+01   1.884393e+03    58.888 (     0      0)    58.887 (     7      0)
"prim_init1"                          32       32 3.200000e+01   1.621858e+00     0.059 (     0      0)     0.050 (    18      0)
"PartitioningTime"                    32       32 3.200000e+01   2.508616e-02     0.001 (     8      0)     0.001 (     6      0)
"repro_sum_int"                       32       32 1.440000e+03   4.957223e-02     0.003 (    28      0)     0.001 (     0      0)
"prim_init2"                          32       32 3.200000e+01   8.205652e-01     0.029 (     0      0)     0.025 (    13      0)
"prim_printstate"                     32       32 3.200000e+01   1.325767e-01     0.008 (     0      0)     0.004 (     4      0)
"interp_movie_output"                 32       32 6.400000e+01   3.574133e-03     0.000 (     4      0)     0.000 (    22      0)
"prim_main_loop"                      32       32 3.200000e+01   1.879314e+03    58.729 (     2      0)    58.728 (     7      0)
"prim_run"                            32       32 5.344000e+03   1.879303e+03    58.728 (    24      0)    58.728 (     7      0)
"ApplyCAMForcing"                     32       32 5.344000e+03   3.596258e+01     1.156 (     5      0)     1.093 (     2      0)
"prim_step_rX"                        32       32 1.603200e+04   1.708579e+03    53.508 (     6      0)    53.339 (     0      0)
"prim_step_dyn"                       32       32 1.603200e+04   1.567793e+02     5.253 (     7      0)     4.725 (     0      0)
"prim_advance_exp"                    32       32 1.603200e+04   1.567201e+02     5.251 (     7      0)     4.723 (     0      0)
"U3-5stage_timestep"                  32       32 1.603200e+04   8.966711e+01     3.149 (     7      0)     2.642 (    24      0)
"compute_and_apply_rhs"               32       32 8.016000e+04   8.597999e+01     3.028 (     7      0)     2.516 (    24      0)
"caar_bexchV"                         32       32 8.016000e+04   2.048501e+01     0.896 (     7      0)     0.455 (     2      0)
"advance_hypervis_dp"                 32       32 1.603200e+04   6.697990e+01     2.123 (     5      0)     2.079 (     0      0)
"biwkdp3d_bexchV"                     32       32 4.809600e+04   5.931829e+00     0.207 (    19      0)     0.170 (    23      0)
"ahdp_bexchV2"                        32       32 4.809600e+04   5.924456e+00     0.205 (    20      0)     0.170 (    23      0)
"prim_step_advec"                     32       32 1.603200e+04   1.545944e+03    48.474 (    24      0)    48.006 (     7      0)
"PAT_remap"                           32       32 1.603200e+04   1.545902e+03    48.472 (    24      0)    48.004 (     7      0)
"prim_advec_tracers_remap_rk2"        32       32 1.603200e+04   1.545840e+03    48.471 (    24      0)    48.002 (     7      0)
"precomput_divdp"                     32       32 1.603200e+04   3.481180e+00     0.145 (     5      0)     0.074 (    31      0)
"euler_step_0"                        32       32 1.603200e+04   4.316906e+02    13.601 (     0      0)    13.371 (     7      0)
"bihmix_qminmax"                      32       32 4.809600e+04   7.503651e+02    23.549 (     4      0)    23.283 (    17      0)
"eus_neighbor_minmax1"                32       32 1.603200e+04   1.167883e+02     3.676 (    20      0)     3.582 (    17      0)
"nmm_bexchV"                          32       32 1.603200e+04   5.570313e+01     1.800 (    24      0)     1.685 (     5      0)
"eus_2d_advec"                        32       32 4.809600e+04   7.359772e+02    23.257 (    23      0)    22.653 (     7      0)
"eus_bexchV"                          32       32 4.809600e+04   2.045580e+02     6.716 (    12      0)     6.128 (     7      0)
"euler_step_1"                        32       32 1.603200e+04   3.012157e+02     9.455 (    16      0)     9.289 (     7      0)
"euler_step_2"                        32       32 1.603200e+04   7.541208e+02    23.645 (    13      0)    23.413 (     5      0)
"nmm_bexchS_start"                    32       32 1.603200e+04   7.829204e-01     0.028 (     6      0)     0.020 (     2      0)
"biwksc_bexchV"                       32       32 1.603200e+04   9.309983e+01     2.952 (     4      0)     2.829 (     0      0)
"nmm_bexchS_fini"                     32       32 1.603200e+04   3.256161e+01     1.037 (    28      0)     0.986 (     7      0)
"qdp_tavg"                            32       32 1.603200e+04   5.502999e+01     1.771 (     5      0)     1.663 (    23      0)
"vertical_remap"                      32       32 5.344000e+03   9.525435e+01     2.998 (     7      0)     2.954 (     4      0)
"vertical_remap1_1"                   32       32 6.412800e+04   5.415527e+00     0.172 (     7      0)     0.167 (    23      0)
"remap_Q_ppm"                         32       32 1.923840e+05   9.370417e+01     2.946 (     7      0)     2.906 (     4      0)
"vertical_remap1_2"                   32       32 6.412800e+04   7.144526e+00     0.224 (    31      0)     0.222 (    10      0)
"vertical_remap1_3"                   32       32 6.412800e+04   8.132818e+01     2.556 (     7      0)     2.522 (     4      0)
"prim_run_subcyle_diags"              32       32 5.344000e+03   3.172765e+01     1.024 (     0      0)     0.965 (     7      0)
"t_prf"                                0        0 0.000000e+00   0.000000e+00     0.000 (     0      0)     0.000 (     0      0)

