LAST_GIT_COMMIT_SHA:STRING=adf77c97ed8425a245449f2582d2441f4b72da1e
11070713

***** GLOBAL STATISTICS ( 86400 MPI TASKS) *****

$Id: gptl.c,v 1.157 2011-03-28 20:55:18 rosinski Exp $
'count' is cumulative. All other stats are max/min
name                           processes  threads        count      walltotal   wallmax (proc   thrd  )   wallmin (proc   thrd  )
"Total"                            86400    86400 8.640000e+04   1.856861e+07   215.777 (  1007      0)   214.412 ( 85852      0)
"prim_init1"                       86400    86400 8.640000e+04   1.785047e+06    21.763 (   767      0)    19.937 ( 86006      0)
"PartitioningTime"                 86400    86400 8.640000e+04   1.553477e+04     0.327 ( 76561      0)     0.027 ( 48194      0)
"repro_sum_int"                    86400    86400 3.888000e+06   2.549887e+05    13.323 (     0      0)     1.284 ( 33542      0)
"prim_init2"                       86400    86400 8.640000e+04   4.811588e+05    16.036 (     9      0)     4.076 ( 27711      0)
"prim_printstate"                  86400    86400 8.640000e+04   9.948188e+04     1.341 ( 50632      0)     0.983 ( 80054      0)
"interp_movie_output"              86400    86400 1.728000e+05   7.761935e+03     0.174 ( 57321      0)     0.074 ( 74588      0)
"prim_main_loop"                   86400    86400 8.640000e+04   1.369503e+07   158.578 ( 78229      0)   158.381 ( 39053      0)
"prim_run"                         86400    86400 3.888000e+08   1.368494e+07   158.469 ( 40305      0)   158.286 ( 39042      0)
"ApplyCAMForcing"                  86400    86400 3.888000e+08   6.872003e+04     0.932 ( 39154      0)     0.737 ( 23773      0)
"prim_step_rX"                     86400    86400 1.166400e+09   1.235597e+07   143.497 ( 38055      0)   142.011 ( 78112      0)
"prim_step_dyn"                    86400    86400 1.166400e+09   5.515918e+06    73.512 (   264      0)    55.916 ( 54805      0)
"prim_advance_exp"                 86400    86400 1.166400e+09   5.500149e+06    73.353 (   264      0)    55.733 ( 54762      0)
"U3-5stage_timestep"               86400    86400 1.166400e+09   2.903618e+06    42.144 ( 63901      0)    27.658 (  4394      0)
"compute_and_apply_rhs"            86400    86400 5.832000e+09   2.855049e+06    41.606 ( 63901      0)    27.100 (  4394      0)
"caar_bexchV"                      86400    86400 5.832000e+09   2.027285e+06    32.684 ( 63901      0)    16.633 ( 52288      0)
"advance_hypervis_dp"              86400    86400 1.166400e+09   2.582680e+06    36.988 ( 46506      0)    25.310 ( 55138      0)
"biwkdp3d_bexchV"                  86400    86400 3.499200e+09   9.869009e+05    16.273 ( 46166      0)     8.658 ( 50054      0)
"ahdp_bexchV2"                     86400    86400 3.499200e+09   9.796715e+05    16.252 ( 46506      0)     8.625 ( 50056      0)
"prim_step_advec"                  86400    86400 1.166400e+09   6.808902e+06    86.614 ( 54805      0)    69.285 (   264      0)
"PAT_remap"                        86400    86400 1.166400e+09   6.802441e+06    86.541 ( 54805      0)    69.214 (   264      0)
"prim_advec_tracers_remap_rk2"     86400    86400 1.166400e+09   6.788398e+06    86.390 ( 54805      0)    69.056 (   264      0)
"precomput_divdp"                  86400    86400 1.166400e+09   1.581853e+04     0.225 ( 68672      0)     0.168 ( 23517      0)
"euler_step_0"                     86400    86400 1.166400e+09   1.952814e+06    27.191 ( 60942      0)    18.351 ( 26573      0)
"bihmix_qminmax"                   86400    86400 3.499200e+09   3.060603e+06    41.756 ( 54794      0)    29.246 (    39      0)
"eus_neighbor_minmax1"             86400    86400 1.166400e+09   7.048182e+05    11.225 ( 60774      0)     5.787 ( 60823      0)
"nmm_bexchV"                       86400    86400 1.166400e+09   5.556265e+05     9.441 ( 60774      0)     4.100 ( 60823      0)
"eus_2d_advec"                     86400    86400 3.499200e+09   3.529075e+06    50.157 ( 54807      0)    33.995 ( 31648      0)
"eus_bexchV"                       86400    86400 3.499200e+09   2.115711e+06    33.146 ( 60802      0)    17.420 (    96      0)
"euler_step_1"                     86400    86400 1.166400e+09   1.165795e+06    15.576 ( 54807      0)    11.870 ( 86325      0)
"euler_step_2"                     86400    86400 1.166400e+09   3.537039e+06    44.975 ( 52061      0)    35.506 (  2077      0)
"nmm_bexchS_start"                 86400    86400 1.166400e+09   8.674007e+04     1.449 (  5680      0)     0.538 (  5143      0)
"biwksc_bexchV"                    86400    86400 1.166400e+09   1.003404e+06    15.187 (  4794      0)     7.478 (   109      0)
"nmm_bexchS_fini"                  86400    86400 1.166400e+09   2.336562e+04     0.540 ( 38660      0)     0.184 (   117      0)
"qdp_tavg"                         86400    86400 1.166400e+09   8.682863e+04     1.250 ( 70416      0)     0.950 ( 45746      0)
"vertical_remap"                   86400    86400 3.888000e+08   1.171353e+06    14.292 ( 30736      0)    13.275 (   906      0)
"vertical_remap1_1"                86400    86400 3.888000e+08   9.472419e+04     1.233 ( 45616      0)     1.001 ( 65509      0)
"remap_Q_ppm"                      86400    86400 1.166400e+09   1.120519e+06    13.699 ( 30736      0)    12.806 ( 69335      0)
"vertical_remap1_2"                86400    86400 3.888000e+08   7.561247e+04     0.933 ( 84269      0)     0.852 ( 32085      0)
"vertical_remap1_3"                86400    86400 3.888000e+08   9.730860e+05    11.947 ( 43973      0)    11.163 ( 62450      0)
"prim_run_subcyle_diags"           86400    86400 3.888000e+08   3.513551e+04     0.685 ( 46016      0)     0.261 ( 84023      0)
"t_prf"                                0        0 0.000000e+00   0.000000e+00     0.000 (     0      0)     0.000 (     0      0)

