LAST_GIT_COMMIT_SHA:STRING=4790f40f2fb6acbc051ce4c988681a628c18e83d

***** GLOBAL STATISTICS (   768 MPI TASKS) *****

$Id: gptl.c,v 1.157 2011-03-28 20:55:18 rosinski Exp $
'count' is cumulative. All other stats are max/min
name                               processes  threads        count      walltotal   wallmax (proc   thrd  )   wallmin (proc   thrd  )
Total                                    768      768 7.680000e+02   1.824388e+05   237.583 (   621      0)   237.511 (   279      0)
prim_init1                               768      768 7.680000e+02   3.006312e+02     0.395 (     3      0)     0.386 (   762      0)
repro_sum_int                            768      768 3.456000e+04   1.879488e+01     0.061 (     2      0)     0.007 (   479      0)
prim_init2                               768      768 7.680000e+02   2.172860e+02     0.319 (     2      0)     0.266 (   183      0)
prim_printstate                          768      768 7.680000e+02   2.397852e+01     0.033 (     0      0)     0.031 (   164      0)
interp_movie_output                      768      768 1.536000e+03   6.937125e-01     0.004 (   752      0)     0.000 (   147      0)
prim_main_loop                           768      768 7.680000e+02   1.798931e+05   234.266 (   621      0)   234.198 (   279      0)
prim_run                                 768      768 1.228800e+05   1.798921e+05   234.265 (   621      0)   234.197 (   279      0)
tl-sc prim_run_subcycle_c                768      768 1.228800e+05   1.798544e+05   234.215 (   610      0)   234.149 (   279      0)
tl-sc dp3d-from-ps                       768      768 1.228800e+05   2.265759e+01     0.036 (   613      0)     0.021 (   652      0)
tl-sc prim_step-loop                     768      768 1.228800e+05   1.687198e+05   220.220 (   524      0)   218.901 (   402      0)
tl-s prim_step                           768      768 3.686400e+05   1.687184e+05   220.219 (   524      0)   218.898 (   402      0)
tl-s deep_copy+derived_dp                768      768 3.686400e+05   4.134744e+02     0.675 (   553      0)     0.305 (   257      0)
tl-s prim_advance_exp-loop               768      768 3.686400e+05   3.235474e+04    47.327 (   653      0)    36.996 (   610      0)
tl-ae prim_advance_exp                   768      768 3.686400e+05   3.235223e+04    47.324 (   653      0)    36.993 (   610      0)
tl-ae U3-5stage_timestep                 768      768 3.686400e+05   1.626117e+04    25.780 (   137      0)    16.603 (   234      0)
caar compute                             768      768 1.843200e+06   5.523438e+03     8.484 (   249      0)     6.373 (   524      0)
caar_bexchV                              768      768 1.843200e+06   1.048908e+04    18.122 (   137      0)     8.324 (   633      0)
tl-ae advance_hypervis_dp                768      768 3.686400e+05   1.608763e+04    24.428 (   323      0)    18.329 (   119      0)
hvf-bhwk                                 768      768 1.105920e+06   8.848289e+03    14.772 (   280      0)     9.439 (   746      0)
hvf-bexch                                768      768 2.211840e+06   1.088365e+04    18.113 (   317      0)    11.080 (   254      0)
tl-s prim_advec_tracers_remap            768      768 3.686400e+05   1.359455e+05   182.269 (   234      0)   171.631 (   653      0)
tl-at prim_advec_tracers_remap_RK2       768      768 3.686400e+05   1.359433e+05   182.267 (   234      0)   171.628 (   653      0)
tl-at precompute_divdp                   768      768 3.686400e+05   2.513072e+02     0.467 (   621      0)     0.162 (    38      0)
tl-at esf-0                              768      768 3.686400e+05   3.872640e+04    52.930 (   628      0)    47.830 (   465      0)
tl-at esf-1                              768      768 3.686400e+05   2.982951e+04    40.892 (    38      0)    37.525 (   294      0)
tl-at esf-2                              768      768 3.686400e+05   6.246526e+04    86.702 (   231      0)    77.757 (   653      0)
tl-at qdp_time_avg                       768      768 3.686400e+05   4.658506e+03     7.030 (   615      0)     3.828 (   395      0)
tl-sc vertical_remap                     768      768 1.228800e+05   9.379847e+03    12.902 (   402      0)    11.808 (   534      0)
Remap Thickness Functor                  768      768 1.228800e+05   9.188130e+01     0.154 (   192      0)     0.083 (   395      0)
Remap Scale States Functor               768      768 1.228800e+05   6.821153e+01     0.139 (   192      0)     0.033 (   395      0)
Remap Compute Grids Functor              768      768 1.228800e+05   5.633968e+02     1.109 (   483      0)     0.436 (   524      0)
Remap Compute Remap Functor              768      768 1.228800e+05   8.581194e+03    11.648 (   601      0)    11.071 (    17      0)
Remap Rescale States Functor             768      768 1.228800e+05   6.985443e+01     0.118 (   572      0)     0.081 (   274      0)
tl-sc Q-from-qdp                         768      768 1.228800e+05   1.730391e+03     2.460 (   635      0)     1.959 (   278      0)
t_prf                                      0        0 0.000000e+00   0.000000e+00     0.000 (     0      0)     0.000 (     0      0)

