LAST_GIT_COMMIT_SHA:STRING=adf77c97ed8425a245449f2582d2441f4b72da1e
10940625

***** GLOBAL STATISTICS ( 43200 MPI TASKS) *****

$Id: gptl.c,v 1.157 2011-03-28 20:55:18 rosinski Exp $
'count' is cumulative. All other stats are max/min
name                           processes  threads        count      walltotal   wallmax (proc   thrd  )   wallmin (proc   thrd  )
"Total"                            43200    43200 4.320000e+04   1.403642e+07   324.986 ( 32789      0)   324.855 ( 25508      0)
"prim_init1"                       43200    43200 4.320000e+04   1.580118e+05     3.764 (  4970      0)     3.483 ( 25569      0)
"PartitioningTime"                 43200    43200 4.320000e+04   1.482696e+03     0.080 ( 18022      0)     0.002 (    29      0)
"repro_sum_int"                    43200    43200 1.944000e+06   4.109949e+04     6.722 (     0      0)     0.186 (  9023      0)
"prim_init2"                       43200    43200 4.320000e+04   6.936455e+04     7.472 (     0      0)     0.841 (  3785      0)
"prim_printstate"                  43200    43200 4.320000e+04   1.092224e+04     0.318 ( 35608      0)     0.211 ( 24962      0)
"interp_movie_output"              43200    43200 8.640000e+04   1.214063e+03     0.126 ( 41664      0)     0.001 (  5714      0)
"prim_main_loop"                   43200    43200 4.320000e+04   1.331728e+07   308.326 ( 30943      0)   308.160 ( 38765      0)
"prim_run"                         43200    43200 1.944000e+08   1.331606e+07   308.316 ( 30926      0)   308.134 ( 38765      0)
"ApplyCAMForcing"                  43200    43200 1.944000e+08   7.233189e+04     1.838 (  8125      0)     1.606 ( 20784      0)
"prim_step_rX"                     43200    43200 5.832000e+08   1.249603e+07   290.447 ( 32329      0)   287.497 ( 13028      0)
"prim_step_dyn"                    43200    43200 5.832000e+08   4.185810e+06   117.871 ( 29860      0)    76.354 ( 17427      0)
"prim_advance_exp"                 43200    43200 5.832000e+08   4.184079e+06   117.835 ( 29860      0)    76.322 ( 17427      0)
"U3-5stage_timestep"               43200    43200 5.832000e+08   2.109749e+06    70.334 ( 19076      0)    35.896 ( 12895      0)
"compute_and_apply_rhs"            43200    43200 2.916000e+09   2.102817e+06    70.145 ( 19076      0)    35.741 ( 12895      0)
"caar_bexchV"                      43200    43200 2.916000e+09   1.739752e+06    61.330 ( 19076      0)    27.155 ( 22207      0)
"advance_hypervis_dp"              43200    43200 5.832000e+08   2.072613e+06    60.110 ( 42871      0)    39.155 ( 17433      0)
"biwkdp3d_bexchV"                  43200    43200 1.749600e+09   8.640254e+05    28.370 ( 42871      0)    15.304 ( 17427      0)
"ahdp_bexchV2"                     43200    43200 1.749600e+09   8.644929e+05    27.808 ( 42870      0)    15.531 ( 17636      0)
"prim_step_advec"                  43200    43200 5.832000e+08   8.289796e+06   211.644 ( 17427      0)   170.632 ( 29860      0)
"PAT_remap"                        43200    43200 5.832000e+08   8.288777e+06   211.618 ( 17427      0)   170.609 ( 29860      0)
"prim_advec_tracers_remap_rk2"     43200    43200 5.832000e+08   8.286975e+06   211.582 ( 17427      0)   170.578 ( 29860      0)
"precomput_divdp"                  43200    43200 5.832000e+08   1.749863e+04     0.611 ( 16696      0)     0.283 (   804      0)
"euler_step_0"                     43200    43200 5.832000e+08   2.377189e+06    65.542 ( 12245      0)    45.559 ( 43173      0)
"bihmix_qminmax"                   43200    43200 1.749600e+09   3.804370e+06   104.217 (  6912      0)    75.136 ( 31238      0)
"eus_neighbor_minmax1"             43200    43200 5.832000e+08   7.384396e+05    24.087 ( 12245      0)    11.484 ( 43171      0)
"nmm_bexchV"                       43200    43200 5.832000e+08   5.461031e+05    19.318 ( 12245      0)     7.035 ( 43171      0)
"eus_2d_advec"                     43200    43200 1.749600e+09   4.291725e+06   121.673 ( 17425      0)    86.453 ( 25431      0)
"eus_bexchV"                       43200    43200 1.749600e+09   2.067511e+06    69.455 ( 17425      0)    34.289 ( 33888      0)
"euler_step_1"                     43200    43200 5.832000e+08   1.446539e+06    38.234 ( 30725      0)    29.423 ( 26973      0)
"euler_step_2"                     43200    43200 5.832000e+08   4.280331e+06   108.708 (  6918      0)    86.582 ( 29860      0)
"nmm_bexchS_start"                 43200    43200 5.832000e+08   2.421891e+04     1.007 ( 42913      0)     0.238 ( 32187      0)
"biwksc_bexchV"                    43200    43200 5.832000e+08   1.017187e+06    31.959 ( 30730      0)    14.862 ( 42670      0)
"nmm_bexchS_fini"                  43200    43200 5.832000e+08   1.976670e+04     0.704 ( 11978      0)     0.399 ( 25455      0)
"qdp_tavg"                         43200    43200 5.832000e+08   1.605689e+05     4.001 ( 13024      0)     3.621 ( 41098      0)
"vertical_remap"                   43200    43200 1.944000e+08   5.656710e+05    14.105 ( 13050      0)    12.703 ( 34623      0)
"vertical_remap1_1"                43200    43200 3.888000e+08   3.556500e+04     0.892 ( 22116      0)     0.768 ( 12382      0)
"remap_Q_ppm"                      43200    43200 1.166400e+09   5.545115e+05    13.820 ( 13050      0)    12.469 ( 34623      0)
"vertical_remap1_2"                43200    43200 3.888000e+08   4.327990e+04     1.071 (   346      0)     0.988 ( 39126      0)
"vertical_remap1_3"                43200    43200 3.888000e+08   4.777996e+05    11.909 ( 13050      0)    10.725 ( 34623      0)
"prim_run_subcyle_diags"           43200    43200 1.944000e+08   1.534963e+05     4.500 (   322      0)     2.640 ( 31472      0)
"t_prf"                                0        0 0.000000e+00   0.000000e+00     0.000 (     0      0)     0.000 (     0      0)

10940625
