LAST_GIT_COMMIT_SHA:STRING=4790f40f2fb6acbc051ce4c988681a628c18e83d

***** GLOBAL STATISTICS (   960 MPI TASKS) *****

$Id: gptl.c,v 1.157 2011-03-28 20:55:18 rosinski Exp $
'count' is cumulative. All other stats are max/min
name                               processes  threads        count      walltotal   wallmax (proc   thrd  )   wallmin (proc   thrd  )
Total                                    960      960 9.600000e+02   2.673907e+05   278.633 (   630      0)   278.391 (   351      0)
prim_init1                               960      960 9.600000e+02   7.019131e+02     0.736 (    93      0)     0.716 (   223      0)
repro_sum_int                            960      960 4.320000e+04   4.009425e+01     0.127 (   863      0)     0.009 (   539      0)
prim_init2                               960      960 9.600000e+02   4.660527e+02     0.570 (   863      0)     0.452 (    75      0)
prim_printstate                          960      960 9.600000e+02   4.874572e+01     0.054 (     0      0)     0.050 (   936      0)
interp_movie_output                      960      960 1.920000e+03   5.620663e-01     0.001 (   203      0)     0.000 (   634      0)
prim_main_loop                           960      960 9.600000e+02   2.616131e+05   272.616 (   630      0)   272.372 (   351      0)
prim_run                                 960      960 9.600000e+04   2.616122e+05   272.615 (   630      0)   272.371 (   351      0)
tl-sc prim_run_subcycle_c                960      960 9.600000e+04   2.615510e+05   272.543 (   630      0)   272.342 (   351      0)
tl-sc dp3d-from-ps                       960      960 9.600000e+04   2.251034e+01     0.036 (   470      0)     0.019 (    57      0)
tl-sc prim_step-loop                     960      960 9.600000e+04   2.462782e+05   257.132 (   719      0)   255.487 (   597      0)
tl-s prim_step                           960      960 2.880000e+05   2.462773e+05   257.132 (   719      0)   255.485 (   597      0)
tl-s deep_copy+derived_dp                960      960 2.880000e+05   4.416384e+02     0.686 (   452      0)     0.245 (   856      0)
tl-s prim_advance_exp-loop               960      960 2.880000e+05   5.244637e+04    77.864 (   510      0)    38.549 (   578      0)
tl-ae prim_advance_exp                   960      960 2.880000e+05   5.244455e+04    77.862 (   510      0)    38.548 (   578      0)
tl-ae U3-5stage_timestep                 960      960 2.880000e+05   2.724728e+04    51.647 (   510      0)    14.939 (   578      0)
caar compute                             960      960 1.440000e+06   7.468210e+03     9.279 (   622      0)     6.993 (    65      0)
caar_bexchV                              960      960 1.440000e+06   1.943839e+04    44.035 (   511      0)     6.762 (   578      0)
tl-ae advance_hypervis_dp                960      960 2.880000e+05   2.519401e+04    33.795 (   790      0)    18.780 (   861      0)
hvf-bhwk                                 960      960 8.640000e+05   1.376266e+04    21.805 (   534      0)    10.494 (   862      0)
hvf-bexch                                960      960 1.728000e+06   1.684908e+04    26.531 (   811      0)    10.352 (   861      0)
tl-s prim_advec_tracers_remap            960      960 2.880000e+05   1.933857e+05   217.832 (   857      0)   178.275 (   510      0)
tl-at prim_advec_tracers_remap_RK2       960      960 2.880000e+05   1.933840e+05   217.831 (   857      0)   178.273 (   510      0)
tl-at precompute_divdp                   960      960 2.880000e+05   3.686219e+02     0.615 (   611      0)     0.166 (   771      0)
tl-at esf-0                              960      960 2.880000e+05   5.380104e+04    63.476 (   134      0)    51.232 (   834      0)
tl-at esf-1                              960      960 2.880000e+05   4.166537e+04    48.033 (   863      0)    37.960 (   568      0)
tl-at esf-2                              960      960 2.880000e+05   9.263605e+04   110.428 (   865      0)    78.760 (   826      0)
tl-at qdp_time_avg                       960      960 2.880000e+05   4.902867e+03     7.281 (   448      0)     3.701 (   291      0)
tl-sc vertical_remap                     960      960 9.600000e+04   1.309010e+04    14.752 (   597      0)    13.045 (   790      0)
Remap Thickness Functor                  960      960 9.600000e+04   1.130506e+02     0.160 (   464      0)     0.092 (   495      0)
Remap Scale States Functor               960      960 9.600000e+04   7.947517e+01     0.149 (   464      0)     0.036 (   495      0)
Remap Compute Grids Functor              960      960 9.600000e+04   7.285263e+02     1.222 (   464      0)     0.489 (   910      0)
Remap Compute Remap Functor              960      960 9.600000e+04   1.207140e+04    13.264 (   597      0)    12.139 (   699      0)
Remap Rescale States Functor             960      960 9.600000e+04   9.080901e+01     0.121 (   630      0)     0.091 (   464      0)
tl-sc Q-from-qdp                         960      960 9.600000e+04   2.159106e+03     2.593 (   478      0)     2.114 (   942      0)
t_prf                                      0        0 0.000000e+00   0.000000e+00     0.000 (     0      0)     0.000 (     0      0)

