LAST_GIT_COMMIT_SHA:STRING=4790f40f2fb6acbc051ce4c988681a628c18e83d

***** GLOBAL STATISTICS (  1536 MPI TASKS) *****

$Id: gptl.c,v 1.157 2011-03-28 20:55:18 rosinski Exp $
'count' is cumulative. All other stats are max/min
name                               processes  threads        count      walltotal   wallmax (proc   thrd  )   wallmin (proc   thrd  )
Total                                   1536     1536 1.536000e+03   3.579444e+05   233.053 (    40      0)   233.004 (  1269      0)
prim_init1                              1536     1536 1.536000e+03   6.340328e+02     0.421 (    33      0)     0.400 (  1018      0)
repro_sum_int                           1536     1536 6.912000e+04   1.120139e+02     0.176 (    26      0)     0.010 (   253      0)
prim_init2                              1536     1536 1.536000e+03   3.927665e+02     0.348 (    28      0)     0.190 (   782      0)
prim_printstate                         1536     1536 1.536000e+03   4.656281e+01     0.032 (     0      0)     0.029 (   678      0)
interp_movie_output                     1536     1536 3.072000e+03   1.162431e+00     0.002 (  1228      0)     0.000 (   417      0)
prim_main_loop                          1536     1536 1.536000e+03   3.528593e+05   229.741 (    91      0)   229.698 (  1269      0)
prim_run                                1536     1536 4.915200e+05   3.528568e+05   229.739 (    91      0)   229.696 (  1269      0)
tl-sc prim_run_subcycle_c               1536     1536 4.915200e+05   3.528167e+05   229.714 (    91      0)   229.680 (  1269      0)
tl-sc dp3d-from-ps                      1536     1536 4.915200e+05   4.287263e+01     0.036 (   828      0)     0.019 (   666      0)
tl-sc prim_step-loop                    1536     1536 4.915200e+05   3.306781e+05   215.826 (   914      0)   214.729 (   141      0)
tl-s prim_step                          1536     1536 1.474560e+06   3.306735e+05   215.824 (   914      0)   214.725 (   141      0)
tl-s deep_copy+derived_dp               1536     1536 1.474560e+06   7.871301e+02     0.687 (   828      0)     0.280 (   914      0)
tl-s prim_advance_exp-loop              1536     1536 1.474560e+06   5.032382e+04    40.496 (   653      0)    27.704 (    87      0)
tl-ae prim_advance_exp                  1536     1536 1.474560e+06   5.031677e+04    40.492 (   653      0)    27.700 (    87      0)
tl-ae U3-5stage_timestep                1536     1536 1.474560e+06   2.721155e+04    24.234 (   653      0)    13.539 (  1060      0)
caar compute                            1536     1536 7.372800e+06   1.076228e+04     7.934 (    22      0)     6.297 (  1492      0)
caar_bexchV                             1536     1536 7.372800e+06   1.590152e+04    16.739 (   653      0)     5.982 (   800      0)
tl-ae advance_hypervis_dp               1536     1536 1.474560e+06   2.309571e+04    18.485 (   709      0)    12.630 (    52      0)
hvf-bhwk                                1536     1536 4.423680e+06   1.297370e+04    11.238 (   765      0)     6.812 (   854      0)
hvf-bexch                               1536     1536 8.847360e+06   1.382438e+04    12.489 (   709      0)     6.159 (    52      0)
tl-s prim_advec_tracers_remap           1536     1536 1.474560e+06   2.795499e+05   187.437 (    64      0)   173.942 (   653      0)
tl-at prim_advec_tracers_remap_RK2      1536     1536 1.474560e+06   2.795417e+05   187.432 (    64      0)   173.936 (   653      0)
tl-at precompute_divdp                  1536     1536 1.474560e+06   5.386570e+02     0.492 (    74      0)     0.154 (   732      0)
tl-at esf-0                             1536     1536 1.474560e+06   8.068472e+04    57.882 (    69      0)    47.665 (   908      0)
tl-at esf-1                             1536     1536 1.474560e+06   6.087034e+04    41.632 (  1241      0)    37.788 (    19      0)
tl-at esf-2                             1536     1536 1.474560e+06   1.283367e+05    89.929 (   793      0)    79.448 (   594      0)
tl-at qdp_time_avg                      1536     1536 1.474560e+06   9.066500e+03     6.864 (   828      0)     3.887 (   914      0)
tl-sc vertical_remap                    1536     1536 4.915200e+05   1.869439e+04    12.842 (    73      0)    11.738 (   563      0)
Remap Thickness Functor                 1536     1536 4.915200e+05   1.892741e+02     0.161 (   114      0)     0.085 (   914      0)
Remap Scale States Functor              1536     1536 4.915200e+05   1.288909e+02     0.135 (   114      0)     0.034 (   914      0)
Remap Compute Grids Functor             1536     1536 4.915200e+05   1.113794e+03     1.163 (   694      0)     0.440 (   914      0)
Remap Compute Remap Functor             1536     1536 4.915200e+05   1.710952e+04    11.412 (   141      0)    11.031 (   563      0)
Remap Rescale States Functor            1536     1536 4.915200e+05   1.402455e+02     0.120 (   228      0)     0.081 (   879      0)
tl-sc Q-from-qdp                        1536     1536 4.915200e+05   3.394932e+03     2.404 (   224      0)     1.879 (   653      0)
t_prf                                      0        0 0.000000e+00   0.000000e+00     0.000 (     0      0)     0.000 (     0      0)

