LAST_GIT_COMMIT_SHA:STRING=adf77c97ed8425a245449f2582d2441f4b72da1e
10940575

***** GLOBAL STATISTICS (   256 MPI TASKS) *****

$Id: gptl.c,v 1.157 2011-03-28 20:55:18 rosinski Exp $
'count' is cumulative. All other stats are max/min
name                           processes  threads        count      walltotal   wallmax (proc   thrd  )   wallmin (proc   thrd  )
"Total"                              256      256 2.560000e+02   6.582710e+04   257.183 (   248      0)   257.074 (   197      0)
"prim_init1"                         256      256 2.560000e+02   1.237981e+02     0.484 (   132      0)     0.482 (   233      0)
"PartitioningTime"                   256      256 2.560000e+02   7.389321e-01     0.004 (   139      0)     0.002 (   211      0)
"repro_sum_int"                      256      256 1.152000e+04   2.775328e+00     0.015 (    43      0)     0.007 (   139      0)
"prim_init2"                         256      256 2.560000e+02   6.572003e+01     0.261 (   203      0)     0.253 (   166      0)
"prim_printstate"                    256      256 2.560000e+02   9.966022e+00     0.041 (     0      0)     0.039 (   166      0)
"interp_movie_output"                256      256 5.120000e+02   4.265976e-02     0.000 (    50      0)     0.000 (   178      0)
"prim_main_loop"                     256      256 2.560000e+02   6.495685e+04   253.784 (   248      0)   253.674 (   197      0)
"prim_run"                           256      256 1.382400e+04   6.495679e+04   253.783 (   248      0)   253.674 (   197      0)
"ApplyCAMForcing"                    256      256 1.382400e+04   1.052811e+03     4.505 (    36      0)     2.779 (   221      0)
"prim_step_rX"                       256      256 4.147200e+04   5.953889e+04   234.433 (   201      0)   231.703 (   222      0)
"prim_step_dyn"                      256      256 4.147200e+04   1.123639e+04    48.369 (    65      0)    39.464 (   230      0)
"prim_advance_exp"                   256      256 4.147200e+04   1.123602e+04    48.367 (    65      0)    39.463 (   230      0)
"U3-5stage_timestep"                 256      256 4.147200e+04   5.546299e+03    26.931 (    65      0)    17.708 (   189      0)
"compute_and_apply_rhs"              256      256 2.073600e+05   5.450830e+03    26.648 (    65      0)    17.437 (   189      0)
"caar_bexchV"                        256      256 2.073600e+05   2.494762e+03    15.683 (    65      0)     3.555 (   224      0)
"advance_hypervis_dp"                256      256 4.147200e+04   5.689200e+03    25.421 (    61      0)    19.426 (     8      0)
"biwkdp3d_bexchV"                    256      256 1.244160e+05   1.283826e+03     8.686 (   104      0)     2.129 (   228      0)
"ahdp_bexchV2"                       256      256 1.244160e+05   1.301977e+03     8.551 (    34      0)     2.571 (   230      0)
"prim_step_advec"                    256      256 4.147200e+04   4.810740e+04   191.893 (   230      0)   184.543 (    53      0)
"PAT_remap"                          256      256 4.147200e+04   4.810724e+04   191.893 (   230      0)   184.542 (    53      0)
"prim_advec_tracers_remap_rk2"       256      256 4.147200e+04   4.810698e+04   191.892 (   230      0)   184.541 (    53      0)
"precomput_divdp"                    256      256 4.147200e+04   1.100533e+02     0.531 (    29      0)     0.218 (   189      0)
"euler_step_0"                       256      256 4.147200e+04   1.327058e+04    53.715 (    22      0)    49.135 (    53      0)
"bihmix_qminmax"                     256      256 1.244160e+05   2.291901e+04    93.995 (    32      0)    82.736 (   211      0)
"eus_neighbor_minmax1"               256      256 4.147200e+04   3.479361e+03    17.505 (    32      0)    11.389 (   122      0)
"nmm_bexchV"                         256      256 4.147200e+04   1.502138e+03     8.783 (    32      0)     2.838 (   250      0)
"eus_2d_advec"                       256      256 1.244160e+05   2.337656e+04    99.003 (   211      0)    86.178 (    93      0)
"eus_bexchV"                         256      256 1.244160e+05   5.575323e+03    31.018 (   211      0)    15.683 (    66      0)
"euler_step_1"                       256      256 4.147200e+04   9.461341e+03    38.607 (   110      0)    35.433 (    93      0)
"euler_step_2"                       256      256 4.147200e+04   2.356580e+04    94.706 (   189      0)    89.454 (    65      0)
"nmm_bexchS_start"                   256      256 4.147200e+04   2.924581e+00     0.017 (    40      0)     0.006 (   189      0)
"biwksc_bexchV"                      256      256 4.147200e+04   1.902313e+03     9.256 (   219      0)     4.538 (   250      0)
"nmm_bexchS_fini"                    256      256 4.147200e+04   9.830479e+02     4.403 (   185      0)     2.741 (   129      0)
"qdp_tavg"                           256      256 4.147200e+04   1.698040e+03     7.629 (   197      0)     4.078 (   221      0)
"vertical_remap"                     256      256 1.382400e+04   3.066670e+03    12.193 (   197      0)    11.844 (   172      0)
"vertical_remap1_1"                  256      256 2.073600e+06   1.713497e+02     0.676 (   197      0)     0.664 (   172      0)
"remap_Q_ppm"                        256      256 6.220800e+06   3.019748e+03    11.979 (   197      0)    11.667 (   172      0)
"vertical_remap1_2"                  256      256 2.073600e+06   2.304461e+02     0.905 (   255      0)     0.894 (   172      0)
"vertical_remap1_3"                  256      256 2.073600e+06   2.623567e+03    10.424 (   197      0)    10.130 (   172      0)
"prim_run_subcyle_diags"             256      256 1.382400e+04   1.082566e+03     5.494 (   131      0)     3.775 (   201      0)
"t_prf"                                0        0 0.000000e+00   0.000000e+00     0.000 (     0      0)     0.000 (     0      0)

10940575
