LAST_GIT_COMMIT_SHA:STRING=adf77c97ed8425a245449f2582d2441f4b72da1e
10940555

***** GLOBAL STATISTICS (    96 MPI TASKS) *****

$Id: gptl.c,v 1.157 2011-03-28 20:55:18 rosinski Exp $
'count' is cumulative. All other stats are max/min
name                           processes  threads        count      walltotal   wallmax (proc   thrd  )   wallmin (proc   thrd  )
"Total"                               96       96 9.600000e+01   3.067708e+04   319.586 (    58      0)   319.499 (    75      0)
"prim_init1"                          96       96 9.600000e+01   4.811854e+01     0.502 (    82      0)     0.500 (    17      0)
"PartitioningTime"                    96       96 9.600000e+01   1.543558e-01     0.002 (    47      0)     0.001 (    13      0)
"repro_sum_int"                       96       96 4.320000e+03   5.097175e-01     0.007 (    87      0)     0.004 (     6      0)
"prim_init2"                          96       96 9.600000e+01   4.236981e+01     0.444 (     0      0)     0.440 (    35      0)
"prim_printstate"                     96       96 9.600000e+01   6.689790e+00     0.073 (     0      0)     0.070 (    20      0)
"interp_movie_output"                 96       96 1.920000e+02   1.206851e-02     0.000 (    46      0)     0.000 (    65      0)
"prim_main_loop"                      96       96 9.600000e+01   3.046783e+04   317.406 (    58      0)   317.319 (    75      0)
"prim_run"                            96       96 3.840000e+03   3.046781e+04   317.406 (    58      0)   317.319 (    75      0)
"ApplyCAMForcing"                     96       96 3.840000e+03   5.079468e+02     5.672 (    42      0)     4.038 (    21      0)
"prim_step_rX"                        96       96 1.152000e+04   2.788940e+04   292.361 (    21      0)   289.875 (    30      0)
"prim_step_dyn"                       96       96 1.152000e+04   5.011181e+03    57.307 (    21      0)    49.458 (    32      0)
"prim_advance_exp"                    96       96 1.152000e+04   5.011076e+03    57.305 (    21      0)    49.457 (    32      0)
"U3-5stage_timestep"                  96       96 1.152000e+04   2.483686e+03    31.302 (    21      0)    23.505 (    32      0)
"compute_and_apply_rhs"               96       96 5.760000e+04   2.422744e+03    30.890 (    21      0)    22.678 (    32      0)
"caar_bexchV"                         96       96 5.760000e+04   9.270387e+02    16.171 (    21      0)     4.451 (    32      0)
"advance_hypervis_dp"                 96       96 1.152000e+04   2.527244e+03    27.246 (     6      0)    25.756 (    82      0)
"biwkdp3d_bexchV"                     96       96 3.456000e+04   4.336205e+02     7.318 (    79      0)     2.604 (    32      0)
"ahdp_bexchV2"                        96       96 3.456000e+04   4.513540e+02     6.736 (    13      0)     2.825 (    56      0)
"prim_step_advec"                     96       96 1.152000e+04   2.278383e+04   239.614 (    32      0)   233.859 (    21      0)
"PAT_remap"                           96       96 1.152000e+04   2.278379e+04   239.614 (    32      0)   233.859 (    21      0)
"prim_advec_tracers_remap_rk2"        96       96 1.152000e+04   2.278372e+04   239.613 (    32      0)   233.858 (    21      0)
"precomput_divdp"                     96       96 1.152000e+04   5.236275e+01     0.638 (     7      0)     0.353 (    21      0)
"euler_step_0"                        96       96 1.152000e+04   6.311819e+03    66.928 (    32      0)    64.209 (    81      0)
"bihmix_qminmax"                      96       96 3.456000e+04   1.093050e+04   116.299 (    36      0)   111.726 (    29      0)
"eus_neighbor_minmax1"                96       96 1.152000e+04   1.644938e+03    18.672 (    75      0)    16.010 (    29      0)
"nmm_bexchV"                          96       96 1.152000e+04   6.876242e+02     7.809 (    15      0)     6.160 (    29      0)
"eus_2d_advec"                        96       96 3.456000e+04   1.097386e+04   117.251 (     4      0)   108.834 (    21      0)
"eus_bexchV"                          96       96 3.456000e+04   2.620767e+03    32.093 (    69      0)    19.293 (    21      0)
"euler_step_1"                        96       96 1.152000e+04   4.472879e+03    47.318 (    73      0)    45.129 (    79      0)
"euler_step_2"                        96       96 1.152000e+04   1.112025e+04   116.946 (    34      0)   114.229 (    75      0)
"nmm_bexchS_start"                    96       96 1.152000e+04   8.308568e-01     0.011 (    76      0)     0.006 (    44      0)
"biwksc_bexchV"                       96       96 1.152000e+04   8.609857e+02    10.235 (    85      0)     7.407 (    83      0)
"nmm_bexchS_fini"                     96       96 1.152000e+04   5.257308e+02     6.212 (    39      0)     4.637 (    31      0)
"qdp_tavg"                            96       96 1.152000e+04   8.260715e+02     9.243 (    75      0)     7.293 (    91      0)
"vertical_remap"                      96       96 3.840000e+03   1.456493e+03    15.395 (    21      0)    15.055 (    36      0)
"vertical_remap1_1"                   96       96 9.830400e+05   8.144555e+01     0.853 (    21      0)     0.841 (    54      0)
"remap_Q_ppm"                         96       96 2.949120e+06   1.434399e+03    15.136 (    21      0)    14.829 (    36      0)
"vertical_remap1_2"                   96       96 9.830400e+05   1.092994e+02     1.144 (    21      0)     1.132 (    37      0)
"vertical_remap1_3"                   96       96 9.830400e+05   1.246299e+03    13.171 (    21      0)    12.878 (    36      0)
"prim_run_subcyle_diags"              96       96 3.840000e+03   5.057807e+02     5.993 (    91      0)     4.781 (    21      0)
"t_prf"                                0        0 0.000000e+00   0.000000e+00     0.000 (     0      0)     0.000 (     0      0)

10940555
