LAST_GIT_COMMIT_SHA:STRING=4790f40f2fb6acbc051ce4c988681a628c18e83d

***** GLOBAL STATISTICS (   512 MPI TASKS) *****

$Id: gptl.c,v 1.157 2011-03-28 20:55:18 rosinski Exp $
'count' is cumulative. All other stats are max/min
name                               processes  threads        count      walltotal   wallmax (proc   thrd  )   wallmin (proc   thrd  )
Total                                    512      512 5.120000e+02   1.549316e+05   302.631 (   415      0)   302.566 (   187      0)
prim_init1                               512      512 5.120000e+02   1.841250e+02     0.363 (   479      0)     0.356 (    62      0)
repro_sum_int                            512      512 2.304000e+04   1.262652e+01     0.041 (   399      0)     0.012 (   439      0)
prim_init2                               512      512 5.120000e+02   1.426610e+02     0.296 (   496      0)     0.266 (   232      0)
prim_printstate                          512      512 5.120000e+02   2.054988e+01     0.042 (     0      0)     0.040 (    52      0)
interp_movie_output                      512      512 1.024000e+03   5.337074e-01     0.002 (   102      0)     0.000 (   289      0)
prim_main_loop                           512      512 5.120000e+02   1.539826e+05   300.778 (   415      0)   300.711 (   187      0)
prim_run                                 512      512 1.095680e+05   1.539819e+05   300.777 (   415      0)   300.709 (   187      0)
tl-sc prim_run_subcycle_c                512      512 1.095680e+05   1.539575e+05   300.729 (   399      0)   300.664 (   187      0)
tl-sc dp3d-from-ps                       512      512 1.095680e+05   1.907166e+01     0.051 (   385      0)     0.024 (   369      0)
tl-sc prim_step-loop                     512      512 1.095680e+05   1.444341e+05   282.842 (   350      0)   281.310 (   145      0)
tl-s prim_step                           512      512 3.287040e+05   1.444330e+05   282.841 (   350      0)   281.308 (   145      0)
tl-s deep_copy+derived_dp                512      512 3.287040e+05   3.423730e+02     0.891 (   461      0)     0.323 (   350      0)
tl-s prim_advance_exp-loop               512      512 3.287040e+05   2.830292e+04    64.136 (   334      0)    46.227 (   297      0)
tl-ae prim_advance_exp                   512      512 3.287040e+05   2.830085e+04    64.131 (   334      0)    46.224 (   297      0)
tl-ae U3-5stage_timestep                 512      512 3.287040e+05   1.429614e+04    36.190 (   445      0)    19.698 (   153      0)
caar compute                             512      512 1.643520e+06   4.678938e+03    11.207 (   398      0)     7.848 (   119      0)
caar_bexchV                              512      512 1.643520e+06   9.408337e+03    26.958 (   369      0)     9.821 (   293      0)
tl-ae advance_hypervis_dp                512      512 3.287040e+05   1.400182e+04    33.926 (   491      0)    19.782 (   274      0)
hvf-bhwk                                 512      512 9.861120e+05   7.701421e+03    21.941 (   448      0)    11.449 (   277      0)
hvf-bexch                                512      512 1.972224e+06   9.619065e+03    26.245 (   491      0)    10.869 (   274      0)
tl-s prim_advec_tracers_remap            512      512 3.287040e+05   1.157837e+05   235.140 (   293      0)   216.934 (   334      0)
tl-at prim_advec_tracers_remap_RK2       512      512 3.287040e+05   1.157817e+05   235.138 (   293      0)   216.930 (   334      0)
tl-at precompute_divdp                   512      512 3.287040e+05   2.075880e+02     0.663 (   399      0)     0.187 (   481      0)
tl-at esf-0                              512      512 3.287040e+05   3.292410e+04    68.412 (   415      0)    59.836 (   334      0)
tl-at esf-1                              512      512 3.287040e+05   2.547068e+04    54.377 (   152      0)    47.372 (   435      0)
tl-at esf-2                              512      512 3.287040e+05   5.324983e+04   109.801 (   293      0)    97.052 (   122      0)
tl-at qdp_time_avg                       512      512 3.287040e+05   3.918631e+03     9.041 (   409      0)     4.341 (   350      0)
tl-sc vertical_remap                     512      512 1.095680e+05   8.035175e+03    16.524 (   369      0)    15.169 (   169      0)
Remap Thickness Functor                  512      512 1.095680e+05   7.927099e+01     0.197 (   237      0)     0.106 (   349      0)
Remap Scale States Functor               512      512 1.095680e+05   5.850331e+01     0.182 (   295      0)     0.043 (   349      0)
Remap Compute Grids Functor              512      512 1.095680e+05   4.856043e+02     1.529 (   483      0)     0.562 (   350      0)
Remap Compute Remap Functor              512      512 1.095680e+05   7.346878e+03    15.265 (   426      0)    14.223 (    10      0)
Remap Rescale States Functor             512      512 1.095680e+05   5.972046e+01     0.161 (   384      0)     0.104 (   238      0)
tl-sc Q-from-qdp                         512      512 1.095680e+05   1.467598e+03     3.189 (   384      0)     2.425 (   369      0)
t_prf                                      0        0 0.000000e+00   0.000000e+00     0.000 (     0      0)     0.000 (     0      0)

