LAST_GIT_COMMIT_SHA:STRING=adf77c97ed8425a245449f2582d2441f4b72da1e
10940559

***** GLOBAL STATISTICS (   384 MPI TASKS) *****

$Id: gptl.c,v 1.157 2011-03-28 20:55:18 rosinski Exp $
'count' is cumulative. All other stats are max/min
name                           processes  threads        count      walltotal   wallmax (proc   thrd  )   wallmin (proc   thrd  )
"Total"                              384      384 3.840000e+02   1.245208e+05   324.304 (   100      0)   324.230 (   223      0)
"prim_init1"                         384      384 3.840000e+02   1.304017e+02     0.340 (    77      0)     0.335 (   276      0)
"PartitioningTime"                   384      384 3.840000e+02   7.603762e-01     0.003 (    81      0)     0.001 (     0      0)
"repro_sum_int"                      384      384 1.728000e+04   6.405995e+00     0.030 (   246      0)     0.004 (   135      0)
"prim_init2"                         384      384 3.840000e+02   4.797860e+01     0.138 (   246      0)     0.114 (   340      0)
"prim_printstate"                    384      384 3.840000e+02   6.939527e+00     0.022 (     0      0)     0.018 (   356      0)
"interp_movie_output"                384      384 7.680000e+02   7.019138e-02     0.000 (    47      0)     0.000 (   161      0)
"prim_main_loop"                     384      384 3.840000e+02   1.238872e+05   322.654 (   100      0)   322.580 (   223      0)
"prim_run"                           384      384 6.144000e+04   1.238870e+05   322.653 (   100      0)   322.580 (   223      0)
"ApplyCAMForcing"                    384      384 6.144000e+04   1.901852e+03     5.637 (   110      0)     3.069 (   223      0)
"prim_step_rX"                       384      384 1.843200e+05   1.136913e+05   298.608 (    52      0)   295.054 (   129      0)
"prim_step_dyn"                      384      384 1.843200e+05   2.218768e+04    66.360 (    52      0)    51.473 (   122      0)
"prim_advance_exp"                   384      384 1.843200e+05   2.218611e+04    66.356 (    52      0)    51.469 (   122      0)
"U3-5stage_timestep"                 384      384 1.843200e+05   1.102203e+04    38.002 (   223      0)    24.345 (   122      0)
"compute_and_apply_rhs"              384      384 9.216000e+05   1.083571e+04    37.606 (   223      0)    23.547 (   122      0)
"caar_bexchV"                        384      384 9.216000e+05   5.568326e+03    23.435 (   223      0)     5.289 (   122      0)
"advance_hypervis_dp"                384      384 1.843200e+05   1.116201e+04    33.091 (   359      0)    26.826 (   203      0)
"biwkdp3d_bexchV"                    384      384 5.529600e+05   2.827008e+03    11.005 (   372      0)     3.279 (    96      0)
"ahdp_bexchV2"                       384      384 5.529600e+05   2.900930e+03    11.549 (   371      0)     4.097 (    98      0)
"prim_step_advec"                    384      384 1.843200e+05   9.115299e+04   242.976 (   122      0)   231.152 (    52      0)
"PAT_remap"                          384      384 1.843200e+05   9.115231e+04   242.974 (   122      0)   231.150 (    52      0)
"prim_advec_tracers_remap_rk2"       384      384 1.843200e+05   9.115124e+04   242.971 (   122      0)   231.147 (    52      0)
"precomput_divdp"                    384      384 1.843200e+05   2.098739e+02     0.667 (    26      0)     0.271 (    53      0)
"euler_step_0"                       384      384 1.843200e+05   2.517709e+04    68.053 (   191      0)    62.724 (   375      0)
"bihmix_qminmax"                     384      384 5.529600e+05   4.344468e+04   118.975 (    64      0)   108.187 (   355      0)
"eus_neighbor_minmax1"               384      384 1.843200e+05   6.670474e+03    21.814 (    53      0)    14.556 (    24      0)
"nmm_bexchV"                         384      384 1.843200e+05   3.155740e+03    11.326 (    53      0)     6.224 (   333      0)
"eus_2d_advec"                       384      384 5.529600e+05   4.436627e+04   121.601 (   144      0)   107.920 (   222      0)
"eus_bexchV"                         384      384 5.529600e+05   1.096568e+04    37.026 (   144      0)    21.745 (   222      0)
"euler_step_1"                       384      384 1.843200e+05   1.797488e+04    48.538 (    66      0)    44.246 (   224      0)
"euler_step_2"                       384      384 1.843200e+05   4.466785e+04   119.199 (   117      0)   109.764 (    52      0)
"nmm_bexchS_start"                   384      384 1.843200e+05   1.350833e+01     0.047 (   314      0)     0.025 (   200      0)
"biwksc_bexchV"                      384      384 1.843200e+05   3.783992e+03    12.539 (    63      0)     7.470 (    39      0)
"nmm_bexchS_fini"                    384      384 1.843200e+05   2.106214e+03     6.094 (   114      0)     3.971 (   202      0)
"qdp_tavg"                           384      384 1.843200e+05   3.116872e+03     9.389 (    33      0)     5.521 (   142      0)
"vertical_remap"                     384      384 6.144000e+04   5.805557e+03    15.456 (   223      0)    14.929 (   285      0)
"vertical_remap1_1"                  384      384 3.932160e+06   3.249204e+02     0.855 (   223      0)     0.837 (   374      0)
"remap_Q_ppm"                        384      384 1.179648e+07   5.715103e+03    15.172 (   223      0)    14.703 (   285      0)
"vertical_remap1_2"                  384      384 3.932160e+06   4.354271e+02     1.143 (    28      0)     1.126 (   374      0)
"vertical_remap1_3"                  384      384 3.932160e+06   4.965608e+03    13.213 (   223      0)    12.761 (   285      0)
"prim_run_subcyle_diags"             384      384 6.144000e+04   2.093539e+03     6.571 (    26      0)     4.724 (    52      0)
"t_prf"                                0        0 0.000000e+00   0.000000e+00     0.000 (     0      0)     0.000 (     0      0)

10940559
