LAST_GIT_COMMIT_SHA:STRING=adf77c97ed8425a245449f2582d2441f4b72da1e
10940548

***** GLOBAL STATISTICS (  1024 MPI TASKS) *****

$Id: gptl.c,v 1.157 2011-03-28 20:55:18 rosinski Exp $
'count' is cumulative. All other stats are max/min
name                           processes  threads        count      walltotal   wallmax (proc   thrd  )   wallmin (proc   thrd  )
"Total"                             1024     1024 1.024000e+03   9.985126e+04    97.516 (   292      0)    97.504 (   776      0)
"prim_init1"                        1024     1024 1.024000e+03   1.224013e+02     0.122 (   556      0)     0.116 (   982      0)
"PartitioningTime"                  1024     1024 1.024000e+03   1.567661e+00     0.002 (   747      0)     0.000 (   704      0)
"repro_sum_int"                     1024     1024 4.608000e+04   4.487930e+01     0.139 (   111      0)     0.007 (    71      0)
"prim_init2"                        1024     1024 1.024000e+03   6.892972e+01     0.163 (   111      0)     0.031 (    94      0)
"prim_printstate"                   1024     1024 1.024000e+03   1.105940e+01     0.015 (     0      0)     0.009 (   983      0)
"interp_movie_output"               1024     1024 2.048000e+03   4.477167e-01     0.001 (   145      0)     0.000 (   561      0)
"prim_main_loop"                    1024     1024 1.024000e+03   9.923656e+04    96.915 (     6      0)    96.904 (   527      0)
"prim_run"                          1024     1024 5.468160e+05   9.923536e+04    96.913 (     4      0)    96.903 (   527      0)
"ApplyCAMForcing"                   1024     1024 5.468160e+05   9.778312e+02     1.152 (   704      0)     0.685 (   491      0)
"prim_step_rX"                      1024     1024 1.640448e+06   9.155055e+04    89.901 (   491      0)    89.031 (   706      0)
"prim_step_dyn"                     1024     1024 1.640448e+06   1.423049e+04    19.929 (   491      0)     9.833 (    78      0)
"prim_advance_exp"                  1024     1024 1.640448e+06   1.422503e+04    19.924 (   491      0)     9.829 (    78      0)
"U3-5stage_timestep"                1024     1024 1.640448e+06   8.928197e+03    14.676 (   491      0)     5.398 (    78      0)
"compute_and_apply_rhs"             1024     1024 8.202240e+06   8.880573e+03    14.630 (   491      0)     5.355 (    78      0)
"caar_bexchV"                       1024     1024 8.202240e+06   5.798917e+03    11.568 (   491      0)     2.557 (    78      0)
"advance_hypervis_dp"               1024     1024 1.640448e+06   5.290965e+03     6.701 (   725      0)     4.318 (   861      0)
"biwkdp3d_bexchV"                   1024     1024 4.921344e+06   1.288283e+03     2.516 (   678      0)     0.783 (    87      0)
"ahdp_bexchV2"                      1024     1024 4.921344e+06   1.221237e+03     2.222 (   643      0)     0.764 (   864      0)
"prim_step_advec"                   1024     1024 1.640448e+06   7.710102e+04    79.117 (    78      0)    69.780 (   491      0)
"PAT_remap"                         1024     1024 1.640448e+06   7.709689e+04    79.114 (    78      0)    69.777 (   491      0)
"prim_advec_tracers_remap_rk2"      1024     1024 1.640448e+06   7.709142e+04    79.110 (    78      0)    69.771 (   491      0)
"precomput_divdp"                   1024     1024 1.640448e+06   1.693195e+02     0.248 (   893      0)     0.110 (   945      0)
"euler_step_0"                      1024     1024 1.640448e+06   2.210890e+04    25.566 (    78      0)    17.855 (  1003      0)
"bihmix_qminmax"                    1024     1024 4.921344e+06   3.645496e+04    39.845 (    78      0)    31.317 (   165      0)
"eus_neighbor_minmax1"              1024     1024 1.640448e+06   6.023457e+03     8.638 (    78      0)     3.435 (   485      0)
"nmm_bexchV"                        1024     1024 1.640448e+06   3.847893e+03     6.319 (    78      0)     1.655 (   894      0)
"eus_2d_advec"                      1024     1024 4.921344e+06   3.870731e+04    42.941 (    77      0)    34.032 (   160      0)
"eus_bexchV"                        1024     1024 4.921344e+06   1.579216e+04    20.959 (    76      0)    11.172 (   632      0)
"euler_step_1"                      1024     1024 1.640448e+06   1.525277e+04    15.940 (    44      0)    13.711 (   400      0)
"euler_step_2"                      1024     1024 1.640448e+06   3.785272e+04    39.532 (    65      0)    34.720 (   504      0)
"nmm_bexchS_start"                  1024     1024 1.640448e+06   9.355676e+01     0.137 (   160      0)     0.052 (   822      0)
"biwksc_bexchV"                     1024     1024 1.640448e+06   6.845914e+03     8.689 (    48      0)     4.606 (   698      0)
"nmm_bexchS_fini"                   1024     1024 1.640448e+06   6.434079e+02     0.800 (   705      0)     0.449 (    58      0)
"qdp_tavg"                          1024     1024 1.640448e+06   1.685008e+03     2.086 (   730      0)     1.348 (    31      0)
"vertical_remap"                    1024     1024 5.468160e+05   4.872191e+03     4.893 (   680      0)     4.680 (   704      0)
"vertical_remap1_1"                 1024     1024 3.280896e+06   2.797294e+02     0.281 (   602      0)     0.267 (   439      0)
"remap_Q_ppm"                       1024     1024 9.842688e+06   4.785802e+03     4.794 (    20      0)     4.602 (   704      0)
"vertical_remap1_2"                 1024     1024 3.280896e+06   3.647452e+02     0.361 (    20      0)     0.353 (   626      0)
"vertical_remap1_3"                 1024     1024 3.280896e+06   4.151754e+03     4.166 (   680      0)     3.988 (   704      0)
"prim_run_subcyle_diags"            1024     1024 5.468160e+05   1.571850e+03     1.832 (   895      0)     1.225 (   491      0)
"t_prf"                                0        0 0.000000e+00   0.000000e+00     0.000 (     0      0)     0.000 (     0      0)

10940548
