LAST_GIT_COMMIT_SHA:STRING=4790f40f2fb6acbc051ce4c988681a628c18e83d

***** GLOBAL STATISTICS (   256 MPI TASKS) *****

$Id: gptl.c,v 1.157 2011-03-28 20:55:18 rosinski Exp $
'count' is cumulative. All other stats are max/min
name                               processes  threads        count      walltotal   wallmax (proc   thrd  )   wallmin (proc   thrd  )
Total                                    256      256 2.560000e+02   6.112541e+04   238.818 (   192      0)   238.646 (    93      0)
prim_init1                               256      256 2.560000e+02   1.133441e+02     0.444 (   229      0)     0.441 (    44      0)
repro_sum_int                            256      256 1.152000e+04   3.350111e+00     0.021 (    22      0)     0.007 (    84      0)
prim_init2                               256      256 2.560000e+02   1.816381e+02     0.720 (    25      0)     0.704 (   255      0)
prim_printstate                          256      256 2.560000e+02   1.817797e+01     0.073 (     0      0)     0.071 (   247      0)
interp_movie_output                      256      256 5.120000e+02   6.302786e-02     0.000 (   173      0)     0.000 (    49      0)
prim_main_loop                           256      256 2.560000e+02   6.014258e+04   234.979 (   192      0)   234.807 (    93      0)
prim_run                                 256      256 1.382400e+04   6.014247e+04   234.979 (   192      0)   234.806 (    93      0)
tl-sc prim_run_subcycle_c                256      256 1.382400e+04   6.010604e+04   234.833 (   192      0)   234.718 (    93      0)
tl-sc dp3d-from-ps                       256      256 1.382400e+04   7.669532e+00     0.044 (   196      0)     0.017 (    93      0)
tl-sc prim_step-loop                     256      256 1.382400e+04   5.632900e+04   220.575 (   176      0)   219.487 (   216      0)
tl-s prim_step                           256      256 4.147200e+04   5.632884e+04   220.575 (   176      0)   219.486 (   216      0)
tl-s deep_copy+derived_dp                256      256 4.147200e+04   1.431302e+02     0.713 (   254      0)     0.283 (    26      0)
tl-s prim_advance_exp-loop               256      256 4.147200e+04   1.095569e+04    50.446 (    93      0)    37.044 (   222      0)
tl-ae prim_advance_exp                   256      256 4.147200e+04   1.095539e+04    50.444 (    93      0)    37.042 (   222      0)
tl-ae U3-5stage_timestep                 256      256 4.147200e+04   5.431351e+03    28.197 (    93      0)    15.775 (    40      0)
caar compute                             256      256 2.073600e+05   1.897307e+03     9.229 (   216      0)     6.483 (    26      0)
caar_bexchV                              256      256 2.073600e+05   3.446621e+03    20.382 (    93      0)     7.527 (   222      0)
tl-ae advance_hypervis_dp                256      256 4.147200e+04   5.523492e+03    25.565 (     2      0)    20.458 (   221      0)
hvf-bhwk                                 256      256 1.244160e+05   3.040938e+03    16.703 (     2      0)    10.505 (   250      0)
hvf-bexch                                256      256 2.488320e+05   3.291499e+03    18.257 (     2      0)     9.903 (   222      0)
tl-s prim_advec_tracers_remap            256      256 4.147200e+04   4.522937e+04   182.394 (   222      0)   168.812 (    93      0)
tl-at prim_advec_tracers_remap_RK2       256      256 4.147200e+04   4.522908e+04   182.393 (   222      0)   168.811 (    93      0)
tl-at precompute_divdp                   256      256 4.147200e+04   9.832773e+01     0.519 (   210      0)     0.197 (   145      0)
tl-at esf-0                              256      256 4.147200e+04   1.292549e+04    52.892 (   196      0)    48.080 (    16      0)
tl-at esf-1                              256      256 4.147200e+04   9.909285e+03    40.452 (   240      0)    36.818 (   219      0)
tl-at esf-2                              256      256 4.147200e+04   2.070223e+04    85.401 (   223      0)    76.556 (   182      0)
tl-at qdp_time_avg                       256      256 4.147200e+04   1.592000e+03     7.134 (    39      0)     3.637 (    26      0)
tl-sc vertical_remap                     256      256 1.382400e+04   3.173971e+03    13.079 (   255      0)    11.948 (   176      0)
Remap Thickness Functor                  256      256 1.382400e+04   3.095706e+01     0.150 (   111      0)     0.083 (    62      0)
Remap Scale States Functor               256      256 1.382400e+04   2.522269e+01     0.147 (   214      0)     0.034 (    62      0)
Remap Compute Grids Functor              256      256 1.382400e+04   1.915216e+02     1.197 (    94      0)     0.442 (   125      0)
Remap Compute Remap Functor              256      256 1.382400e+04   2.898797e+03    11.517 (    93      0)    11.234 (   123      0)
Remap Rescale States Functor             256      256 1.382400e+04   2.378802e+01     0.120 (   196      0)     0.082 (    94      0)
tl-sc Q-from-qdp                         256      256 1.382400e+04   5.951748e+02     2.537 (   192      0)     1.910 (    93      0)
t_prf                                      0        0 0.000000e+00   0.000000e+00     0.000 (     0      0)     0.000 (     0      0)

