LAST_GIT_COMMIT_SHA:STRING=adf77c97ed8425a245449f2582d2441f4b72da1e
10940573

***** GLOBAL STATISTICS (   160 MPI TASKS) *****

$Id: gptl.c,v 1.157 2011-03-28 20:55:18 rosinski Exp $
'count' is cumulative. All other stats are max/min
name                           processes  threads        count      walltotal   wallmax (proc   thrd  )   wallmin (proc   thrd  )
"Total"                              160      160 1.600000e+02   4.114729e+04   257.222 (    39      0)   257.121 (    10      0)
"prim_init1"                         160      160 1.600000e+02   9.271580e+01     0.581 (    52      0)     0.577 (    79      0)
"PartitioningTime"                   160      160 1.600000e+02   4.218442e-01     0.004 (    46      0)     0.002 (   117      0)
"repro_sum_int"                      160      160 7.200000e+03   1.279796e+00     0.011 (    87      0)     0.005 (     0      0)
"prim_init2"                         160      160 1.600000e+02   6.687420e+01     0.421 (     0      0)     0.416 (   110      0)
"prim_printstate"                    160      160 1.600000e+02   1.053253e+01     0.071 (     0      0)     0.066 (   122      0)
"interp_movie_output"                160      160 3.200000e+02   2.997637e-02     0.000 (    18      0)     0.000 (   118      0)
"prim_main_loop"                     160      160 1.600000e+02   4.055559e+04   253.524 (    39      0)   253.422 (    10      0)
"prim_run"                           160      160 5.440000e+03   4.055554e+04   253.523 (    39      0)   253.422 (    10      0)
"ApplyCAMForcing"                    160      160 5.440000e+03   6.813723e+02     4.538 (    43      0)     3.033 (    10      0)
"prim_step_rX"                       160      160 1.632000e+04   3.712730e+04   233.839 (    10      0)   231.376 (   124      0)
"prim_step_dyn"                      160      160 1.632000e+04   6.768269e+03    46.740 (   156      0)    39.074 (    35      0)
"prim_advance_exp"                   160      160 1.632000e+04   6.768113e+03    46.739 (   156      0)    39.073 (    35      0)
"U3-5stage_timestep"                 160      160 1.632000e+04   3.364621e+03    25.734 (   156      0)    17.665 (    96      0)
"compute_and_apply_rhs"              160      160 8.160000e+04   3.299404e+03    25.414 (   156      0)    17.302 (    96      0)
"caar_bexchV"                        160      160 8.160000e+04   1.391348e+03    13.776 (   156      0)     3.463 (    53      0)
"advance_hypervis_dp"                160      160 1.632000e+04   3.403279e+03    23.414 (    96      0)    20.323 (    40      0)
"biwkdp3d_bexchV"                    160      160 4.896000e+04   6.589325e+02     6.748 (   100      0)     1.743 (    32      0)
"ahdp_bexchV2"                       160      160 4.896000e+04   6.655412e+02     6.291 (   114      0)     2.327 (    32      0)
"prim_step_advec"                    160      160 1.632000e+04   3.023458e+04   191.774 (    33      0)   185.963 (   156      0)
"PAT_remap"                          160      160 1.632000e+04   3.023451e+04   191.774 (    33      0)   185.963 (   156      0)
"prim_advec_tracers_remap_rk2"       160      160 1.632000e+04   3.023440e+04   191.773 (    33      0)   185.962 (   156      0)
"precomput_divdp"                    160      160 1.632000e+04   7.172844e+01     0.527 (   127      0)     0.268 (   100      0)
"euler_step_0"                       160      160 1.632000e+04   8.374792e+03    53.855 (    39      0)    50.806 (   156      0)
"bihmix_qminmax"                     160      160 4.896000e+04   1.445477e+04    93.015 (    41      0)    86.685 (   123      0)
"eus_neighbor_minmax1"               160      160 1.632000e+04   2.178378e+03    15.856 (    83      0)    11.813 (   123      0)
"nmm_bexchV"                         160      160 1.632000e+04   9.094691e+02     7.093 (    83      0)     3.243 (    60      0)
"eus_2d_advec"                       160      160 4.896000e+04   1.462512e+04    96.212 (   125      0)    86.102 (   156      0)
"eus_bexchV"                         160      160 4.896000e+04   3.454050e+03    25.953 (   125      0)    15.235 (   156      0)
"euler_step_1"                       160      160 1.632000e+04   5.940249e+03    39.449 (    83      0)    35.636 (   154      0)
"euler_step_2"                       160      160 1.632000e+04   1.476569e+04    93.992 (   100      0)    90.133 (     3      0)
"nmm_bexchS_start"                   160      160 1.632000e+04   1.102392e+00     0.010 (    55      0)     0.004 (    21      0)
"biwksc_bexchV"                      160      160 1.632000e+04   1.139532e+03     8.590 (    50      0)     4.202 (    60      0)
"nmm_bexchS_fini"                    160      160 1.632000e+04   6.562089e+02     4.631 (    96      0)     2.905 (   125      0)
"qdp_tavg"                           160      160 1.632000e+04   1.081448e+03     7.451 (   156      0)     4.709 (   125      0)
"vertical_remap"                     160      160 5.440000e+03   1.930733e+03    12.255 (   156      0)    11.928 (   108      0)
"vertical_remap1_1"                  160      160 1.305600e+06   1.079713e+02     0.680 (    64      0)     0.670 (    50      0)
"remap_Q_ppm"                        160      160 3.916800e+06   1.901322e+03    12.043 (   156      0)    11.749 (   108      0)
"vertical_remap1_2"                  160      160 1.305600e+06   1.450764e+02     0.912 (   153      0)     0.901 (    62      0)
"vertical_remap1_3"                  160      160 1.305600e+06   1.651778e+03    10.479 (   156      0)    10.198 (   108      0)
"prim_run_subcyle_diags"             160      160 5.440000e+03   6.764231e+02     5.138 (    30      0)     3.788 (    10      0)
"t_prf"                                0        0 0.000000e+00   0.000000e+00     0.000 (     0      0)     0.000 (     0      0)

10940573
