LAST_GIT_COMMIT_SHA:STRING=4790f40f2fb6acbc051ce4c988681a628c18e83d

***** GLOBAL STATISTICS (    64 MPI TASKS) *****

$Id: gptl.c,v 1.157 2011-03-28 20:55:18 rosinski Exp $
'count' is cumulative. All other stats are max/min
name                               processes  threads        count      walltotal   wallmax (proc   thrd  )   wallmin (proc   thrd  )
Total                                     64       64 6.400000e+01   1.562230e+04   244.128 (    17      0)   244.023 (    41      0)
prim_init1                                64       64 6.400000e+01   2.660445e+01     0.416 (    30      0)     0.412 (     9      0)
repro_sum_int                             64       64 2.880000e+03   3.968303e-01     0.013 (    13      0)     0.004 (    32      0)
prim_init2                                64       64 6.400000e+01   1.680839e+02     2.642 (    63      0)     2.613 (    46      0)
prim_printstate                           64       64 6.400000e+01   1.698055e+01     0.268 (     0      0)     0.265 (    17      0)
interp_movie_output                       64       64 1.280000e+02   1.492429e-02     0.000 (    44      0)     0.000 (    13      0)
prim_main_loop                            64       64 6.400000e+01   1.522622e+04   237.939 (    17      0)   237.834 (    41      0)
prim_run                                  64       64 8.960000e+02   1.522621e+04   237.939 (    17      0)   237.834 (    41      0)
tl-sc prim_run_subcycle_c                 64       64 8.960000e+02   1.518851e+04   237.351 (    17      0)   237.247 (    41      0)
tl-sc dp3d-from-ps                        64       64 8.960000e+02   2.506823e+00     0.046 (    46      0)     0.028 (    17      0)
tl-sc prim_step-loop                      64       64 8.960000e+02   1.420375e+04   222.213 (    17      0)   221.740 (    40      0)
tl-s prim_step                            64       64 2.688000e+03   1.420374e+04   222.213 (    17      0)   221.739 (    40      0)
tl-s deep_copy+derived_dp                 64       64 2.688000e+03   4.145328e+01     0.735 (    25      0)     0.434 (    57      0)
tl-s prim_advance_exp-loop                64       64 2.688000e+03   2.586484e+03    42.045 (    26      0)    38.114 (    17      0)
tl-ae prim_advance_exp                    64       64 2.688000e+03   2.586457e+03    42.045 (    26      0)    38.113 (    17      0)
tl-ae U3-5stage_timestep                  64       64 2.688000e+03   1.218621e+03    21.226 (    63      0)    16.736 (    17      0)
caar compute                              64       64 1.344000e+04   5.193046e+02     8.514 (    25      0)     7.714 (    18      0)
caar_bexchV                               64       64 1.344000e+04   6.666490e+02    12.166 (    63      0)     8.355 (    17      0)
tl-ae advance_hypervis_dp                 64       64 2.688000e+03   1.367793e+03    22.329 (    38      0)    20.794 (    43      0)
hvf-bhwk                                  64       64 8.064000e+03   6.908038e+02    11.431 (     3      0)    10.469 (    55      0)
hvf-bexch                                 64       64 1.612800e+04   6.821651e+02    11.513 (     4      0)    10.065 (    25      0)
tl-s prim_advec_tracers_remap             64       64 2.688000e+03   1.157575e+04   183.594 (    17      0)   178.968 (    26      0)
tl-at prim_advec_tracers_remap_RK2        64       64 2.688000e+03   1.157573e+04   183.594 (    17      0)   178.967 (    26      0)
tl-at precompute_divdp                    64       64 2.688000e+03   2.804556e+01     0.485 (    44      0)     0.390 (    13      0)
tl-at esf-0                               64       64 2.688000e+03   3.291994e+03    56.029 (    47      0)    49.776 (    63      0)
tl-at esf-1                               64       64 2.688000e+03   2.534354e+03    41.080 (    56      0)    38.557 (    63      0)
tl-at esf-2                               64       64 2.688000e+03   5.266728e+03    84.041 (    20      0)    75.939 (    47      0)
tl-at qdp_time_avg                        64       64 2.688000e+03   4.544868e+02     7.427 (    44      0)     5.380 (    17      0)
tl-sc vertical_remap                      64       64 8.960000e+02   8.200437e+02    13.103 (    26      0)    12.593 (    56      0)
Remap Thickness Functor                   64       64 8.960000e+02   8.167006e+00     0.147 (    26      0)     0.106 (    17      0)
Remap Scale States Functor                64       64 8.960000e+02   6.845783e+00     0.135 (    63      0)     0.068 (    17      0)
Remap Compute Grids Functor               64       64 8.960000e+02   4.744987e+01     0.978 (    26      0)     0.552 (    53      0)
Remap Compute Remap Functor               64       64 8.960000e+02   7.474651e+02    11.753 (    27      0)    11.606 (    44      0)
Remap Rescale States Functor              64       64 8.960000e+02   6.395607e+00     0.116 (    21      0)     0.087 (    63      0)
tl-sc Q-from-qdp                          64       64 8.960000e+02   1.621802e+02     2.638 (    32      0)     2.440 (    63      0)
t_prf                                      0        0 0.000000e+00   0.000000e+00     0.000 (     0      0)     0.000 (     0      0)

