LAST_GIT_COMMIT_SHA:STRING=4790f40f2fb6acbc051ce4c988681a628c18e83d

***** GLOBAL STATISTICS ( 17280 MPI TASKS) *****

$Id: gptl.c,v 1.157 2011-03-28 20:55:18 rosinski Exp $
'count' is cumulative. All other stats are max/min
name                               processes  threads        count      walltotal   wallmax (proc   thrd  )   wallmin (proc   thrd  )
Total                                  17280    17280 1.728000e+04   5.237010e+06   303.174 (  8883      0)   302.976 (  2229      0)
prim_init1                             17280    17280 1.728000e+04   3.821442e+04     2.333 (  9263      0)     2.082 (  6950      0)
repro_sum_int                          17280    17280 7.776000e+05   8.157646e+03     1.769 ( 10901      0)     0.072 (  1428      0)
prim_init2                             17280    17280 1.728000e+04   2.785214e+04     2.870 ( 10892      0)     1.066 (  9511      0)
prim_printstate                        17280    17280 1.728000e+04   2.835181e+03     0.204 (  7934      0)     0.129 (  8981      0)
interp_movie_output                    17280    17280 3.456000e+04   1.447325e+02     0.022 (   885      0)     0.006 (  7152      0)
prim_main_loop                         17280    17280 1.728000e+04   5.066185e+06   293.223 (  8780      0)   293.133 (  2202      0)
prim_run                               17280    17280 3.110400e+07   5.065991e+06   293.213 (  8780      0)   293.121 (  2201      0)
tl-sc prim_run_subcycle_c              17280    17280 3.110400e+07   5.065154e+06   293.147 (  8823      0)   293.095 ( 13098      0)
tl-sc dp3d-from-ps                     17280    17280 3.110400e+07   5.868623e+02     0.054 (  1430      0)     0.025 ( 11207      0)
tl-sc prim_step-loop                   17280    17280 3.110400e+07   4.791538e+06   277.947 ( 12949      0)   276.089 (   350      0)
tl-s prim_step                         17280    17280 9.331200e+07   4.791339e+06   277.939 ( 12949      0)   276.074 (   350      0)
tl-s deep_copy+derived_dp              17280    17280 9.331200e+07   8.681399e+03     0.768 ( 16968      0)     0.290 (   862      0)
tl-s prim_advance_exp-loop             17280    17280 9.331200e+07   9.727806e+05    80.115 ( 16623      0)    38.916 (  8895      0)
tl-ae prim_advance_exp                 17280    17280 9.331200e+07   9.724023e+05    80.098 ( 16623      0)    38.896 (  8895      0)
tl-ae U3-5stage_timestep               17280    17280 9.331200e+07   5.081203e+05    47.215 (  9043      0)    18.787 ( 11264      0)
caar compute                           17280    17280 4.665600e+08   1.140086e+05     7.894 (   350      0)     6.076 (  8759      0)
caar_bexchV                            17280    17280 4.665600e+08   3.893691e+05    40.267 (  3447      0)    11.968 ( 11264      0)
tl-ae advance_hypervis_dp              17280    17280 9.331200e+07   4.639733e+05    42.724 (  6235      0)    18.326 (  8910      0)
hvf-bhwk                               17280    17280 2.799360e+08   2.569086e+05    24.715 ( 14917      0)    10.611 (  8909      0)
hvf-bexch                              17280    17280 5.598720e+08   3.598539e+05    36.615 (  6235      0)    12.319 (  8910      0)
tl-s prim_advec_tracers_remap          17280    17280 9.331200e+07   3.809261e+06   237.812 (  8895      0)   196.374 ( 16623      0)
tl-at prim_advec_tracers_remap_RK2     17280    17280 9.331200e+07   3.808942e+06   237.793 (  8895      0)   196.358 ( 16623      0)
tl-at precompute_divdp                 17280    17280 9.331200e+07   5.607505e+03     0.595 ( 16387      0)     0.177 ( 16677      0)
tl-at esf-0                            17280    17280 9.331200e+07   1.075062e+06    71.508 ( 11346      0)    52.179 ( 14568      0)
tl-at esf-1                            17280    17280 9.331200e+07   7.936099e+05    51.449 ( 15912      0)    42.606 ( 11473      0)
tl-at esf-2                            17280    17280 9.331200e+07   1.855880e+06   120.427 (  5719      0)    87.514 (  6179      0)
tl-at qdp_time_avg                     17280    17280 9.331200e+07   7.691043e+04     5.836 ( 13398      0)     3.711 ( 16439      0)
tl-sc vertical_remap                   17280    17280 3.110400e+07   2.357664e+05    14.841 (   350      0)    12.984 (  7858      0)
Remap Thickness Functor                17280    17280 3.110400e+07   3.028957e+03     0.265 (  8993      0)     0.106 (   605      0)
Remap Scale States Functor             17280    17280 3.110400e+07   1.329916e+03     0.149 (  8446      0)     0.037 ( 14774      0)
Remap Compute Grids Functor            17280    17280 3.110400e+07   1.213875e+04     1.097 (   647      0)     0.502 ( 14774      0)
Remap Compute Remap Functor            17280    17280 3.110400e+07   2.158798e+05    13.394 (   350      0)    11.952 ( 12589      0)
Remap Rescale States Functor           17280    17280 3.110400e+07   1.676024e+03     0.119 ( 13380      0)     0.092 ( 10920      0)
tl-sc Q-from-qdp                       17280    17280 3.110400e+07   3.702210e+04     2.489 ( 13376      0)     2.028 ( 16623      0)
t_prf                                      0        0 0.000000e+00   0.000000e+00     0.000 (     0      0)     0.000 (     0      0)

