LAST_GIT_COMMIT_SHA:STRING=adf77c97ed8425a245449f2582d2441f4b72da1e
10940566

***** GLOBAL STATISTICS (  8192 MPI TASKS) *****

$Id: gptl.c,v 1.157 2011-03-28 20:55:18 rosinski Exp $
'count' is cumulative. All other stats are max/min
name                           processes  threads        count      walltotal   wallmax (proc   thrd  )   wallmin (proc   thrd  )
"Total"                             8192     8192 8.192000e+03   2.636231e+06   321.843 (   369      0)   321.780 (  7860      0)
"prim_init1"                        8192     8192 8.192000e+03   6.520020e+03     0.837 (   798      0)     0.752 (  6708      0)
"PartitioningTime"                  8192     8192 8.192000e+03   5.775908e+01     0.021 (  1600      0)     0.000 (  4182      0)
"repro_sum_int"                     8192     8192 3.686400e+05   2.778219e+03     0.872 (    17      0)     0.039 (   968      0)
"prim_init2"                        8192     8192 8.192000e+03   3.890114e+03     1.025 (     3      0)     0.177 (  4708      0)
"prim_printstate"                   8192     8192 8.192000e+03   3.687504e+02     0.056 (  5543      0)     0.039 (   689      0)
"interp_movie_output"               8192     8192 1.638400e+04   5.049818e+01     0.015 (  1558      0)     0.000 (   201      0)
"prim_main_loop"                    8192     8192 8.192000e+03   2.610641e+06   318.696 (  2026      0)   318.667 (  3822      0)
"prim_run"                          8192     8192 2.796749e+07   2.610584e+06   318.691 (  1954      0)   318.661 (  7860      0)
"ApplyCAMForcing"                   8192     8192 2.796749e+07   1.693423e+04     2.371 (  7165      0)     1.835 (  4398      0)
"prim_step_rX"                      8192     8192 8.390246e+07   2.428834e+06   297.700 (   274      0)   294.324 (  1760      0)
"prim_step_dyn"                     8192     8192 8.390246e+07   5.919919e+05    96.463 (  3714      0)    53.282 (  1760      0)
"prim_advance_exp"                  8192     8192 8.390246e+07   5.917524e+05    96.436 (  3714      0)    53.251 (  1760      0)
"U3-5stage_timestep"                8192     8192 8.390246e+07   3.246212e+05    64.669 (  3707      0)    23.827 (  4671      0)
"compute_and_apply_rhs"             8192     8192 4.195123e+08   3.232913e+05    64.464 (  3707      0)    23.655 (  1760      0)
"caar_bexchV"                       8192     8192 4.195123e+08   2.452162e+05    54.290 (  3707      0)    13.919 (  1760      0)
"advance_hypervis_dp"               8192     8192 8.390246e+07   2.668804e+05    41.319 (  6514      0)    26.127 (  2596      0)
"biwkdp3d_bexchV"                   8192     8192 2.517074e+08   9.632904e+04    17.396 (  6514      0)     8.262 (  1745      0)
"ahdp_bexchV2"                      8192     8192 2.517074e+08   9.694556e+04    17.477 (  6796      0)     8.426 (  1730      0)
"prim_step_advec"                   8192     8192 8.390246e+07   1.832460e+06   241.173 (  1752      0)   200.170 (  3714      0)
"PAT_remap"                         8192     8192 8.390246e+07   1.832299e+06   241.154 (  1752      0)   200.150 (  3714      0)
"prim_advec_tracers_remap_rk2"      8192     8192 8.390246e+07   1.832068e+06   241.123 (  1752      0)   200.119 (  3714      0)
"precomput_divdp"                   8192     8192 8.390246e+07   4.591826e+03     0.863 (  1976      0)     0.374 (  4840      0)
"euler_step_0"                      8192     8192 8.390246e+07   5.355558e+05    80.386 (  1752      0)    48.750 (  6865      0)
"bihmix_qminmax"                    8192     8192 2.517074e+08   8.432203e+05   119.871 (  1752      0)    87.492 (  2825      0)
"eus_neighbor_minmax1"              8192     8192 8.390246e+07   1.536091e+05    28.711 (  1752      0)    11.140 (  1625      0)
"nmm_bexchV"                        8192     8192 8.390246e+07   1.058895e+05    21.793 (  1752      0)     5.897 (  1625      0)
"eus_2d_advec"                      8192     8192 2.517074e+08   9.467958e+05   141.424 (  2025      0)    99.812 (  3886      0)
"eus_bexchV"                        8192     8192 2.517074e+08   4.329978e+05    83.294 (  2025      0)    37.175 (  2688      0)
"euler_step_1"                      8192     8192 8.390246e+07   3.495226e+05    48.997 (  1878      0)    36.082 (  3711      0)
"euler_step_2"                      8192     8192 8.390246e+07   9.063202e+05   122.478 (  1602      0)   100.720 (  1233      0)
"nmm_bexchS_start"                  8192     8192 8.390246e+07   4.488015e+03     0.916 (  2004      0)     0.314 (  1746      0)
"biwksc_bexchV"                     8192     8192 8.390246e+07   2.065139e+05    33.270 (  1505      0)    16.807 (  1218      0)
"nmm_bexchS_fini"                   8192     8192 8.390246e+07   7.367658e+03     1.199 (  6023      0)     0.560 (  3573      0)
"qdp_tavg"                          8192     8192 8.390246e+07   3.527919e+04     4.629 (  4626      0)     4.149 (   945      0)
"vertical_remap"                    8192     8192 2.796749e+07   1.226869e+05    15.803 (  1838      0)    14.697 (  3874      0)
"vertical_remap1_1"                 8192     8192 8.390246e+07   7.289370e+03     0.943 (  1838      0)     0.861 (  3697      0)
"remap_Q_ppm"                       8192     8192 2.517074e+08   1.205009e+05    15.498 (  1838      0)    14.447 (  3874      0)
"vertical_remap1_2"                 8192     8192 8.390246e+07   9.353734e+03     1.193 (  1838      0)     1.130 (   938      0)
"vertical_remap1_3"                 8192     8192 8.390246e+07   1.041370e+05    13.401 (  1838      0)    12.480 (  3874      0)
"prim_run_subcyle_diags"            8192     8192 2.796749e+07   3.593765e+04     6.274 (  1760      0)     3.346 (  7726      0)
"t_prf"                                0        0 0.000000e+00   0.000000e+00     0.000 (     0      0)     0.000 (     0      0)

10940566
