LAST_GIT_COMMIT_SHA:STRING=adf77c97ed8425a245449f2582d2441f4b72da1e
10940561

***** GLOBAL STATISTICS (   768 MPI TASKS) *****

$Id: gptl.c,v 1.157 2011-03-28 20:55:18 rosinski Exp $
'count' is cumulative. All other stats are max/min
name                           processes  threads        count      walltotal   wallmax (proc   thrd  )   wallmin (proc   thrd  )
"Total"                              768      768 7.680000e+02   2.478308e+05   322.714 (   416      0)   322.671 (   197      0)
"prim_init1"                         768      768 7.680000e+02   1.915121e+02     0.252 (   501      0)     0.245 (   648      0)
"PartitioningTime"                   768      768 7.680000e+02   1.557338e+00     0.002 (   614      0)     0.001 (   640      0)
"repro_sum_int"                      768      768 3.456000e+04   1.362492e+01     0.031 (   112      0)     0.007 (   603      0)
"prim_init2"                         768      768 7.680000e+02   5.963677e+01     0.090 (   109      0)     0.067 (   307      0)
"prim_printstate"                    768      768 7.680000e+02   1.165841e+01     0.020 (     0      0)     0.015 (   447      0)
"interp_movie_output"                768      768 1.536000e+03   1.912355e-01     0.000 (   128      0)     0.000 (   111      0)
"prim_main_loop"                     768      768 7.680000e+02   2.466667e+05   321.199 (   416      0)   321.155 (   197      0)
"prim_run"                           768      768 2.457600e+05   2.466660e+05   321.198 (   416      0)   321.154 (   197      0)
"ApplyCAMForcing"                    768      768 2.457600e+05   3.413127e+03     5.278 (   432      0)     2.996 (   475      0)
"prim_step_rX"                       768      768 7.372800e+05   2.265791e+05   297.150 (   571      0)   293.815 (   353      0)
"prim_step_dyn"                      768      768 7.372800e+05   4.289313e+04    66.692 (   475      0)    50.189 (   416      0)
"prim_advance_exp"                   768      768 7.372800e+05   4.288785e+04    66.684 (   475      0)    50.183 (   416      0)
"U3-5stage_timestep"                 768      768 7.372800e+05   2.169835e+04    40.369 (   475      0)    23.532 (   481      0)
"compute_and_apply_rhs"              768      768 3.686400e+06   2.136452e+04    39.993 (   475      0)    23.101 (   546      0)
"caar_bexchV"                        768      768 3.686400e+06   1.116779e+04    26.804 (   475      0)     7.611 (   416      0)
"advance_hypervis_dp"                768      768 7.372800e+05   2.118255e+04    30.761 (   537      0)    25.231 (   146      0)
"biwkdp3d_bexchV"                    768      768 2.211840e+06   5.400930e+03    10.873 (   266      0)     4.195 (   444      0)
"ahdp_bexchV2"                       768      768 2.211840e+06   5.713415e+03    11.307 (   265      0)     4.902 (   695      0)
"prim_step_advec"                    768      768 7.372800e+05   1.830270e+05   243.258 (   416      0)   229.348 (   475      0)
"PAT_remap"                          768      768 7.372800e+05   1.830243e+05   243.255 (   416      0)   229.344 (   475      0)
"prim_advec_tracers_remap_rk2"       768      768 7.372800e+05   1.830207e+05   243.250 (   416      0)   229.339 (   475      0)
"precomput_divdp"                    768      768 7.372800e+05   4.275526e+02     0.692 (   728      0)     0.304 (   522      0)
"euler_step_0"                       768      768 7.372800e+05   5.053782e+04    69.092 (   344      0)    62.597 (   238      0)
"bihmix_qminmax"                     768      768 2.211840e+06   8.711634e+04   120.007 (   320      0)   106.110 (   462      0)
"eus_neighbor_minmax1"               768      768 7.372800e+05   1.355457e+04    21.239 (   522      0)    14.670 (   358      0)
"nmm_bexchV"                         768      768 7.372800e+05   6.544728e+03    11.577 (   522      0)     6.306 (   462      0)
"eus_2d_advec"                       768      768 2.211840e+06   8.959224e+04   125.028 (   537      0)   108.596 (   475      0)
"eus_bexchV"                         768      768 2.211840e+06   2.408004e+04    40.366 (    25      0)    24.882 (   676      0)
"euler_step_1"                       768      768 7.372800e+05   3.606069e+04    48.878 (   382      0)    44.802 (   326      0)
"euler_step_2"                       768      768 7.372800e+05   9.014401e+04   121.530 (   546      0)   110.811 (   571      0)
"nmm_bexchS_start"                   768      768 7.372800e+05   5.154122e+01     0.095 (    96      0)     0.048 (   452      0)
"biwksc_bexchV"                      768      768 7.372800e+05   8.718475e+03    15.381 (   543      0)     7.465 (   483      0)
"nmm_bexchS_fini"                    768      768 7.372800e+05   3.517869e+03     5.166 (    91      0)     3.849 (   618      0)
"qdp_tavg"                           768      768 7.372800e+05   5.834310e+03     9.031 (   420      0)     5.024 (   543      0)
"vertical_remap"                     768      768 2.457600e+05   1.161080e+04    15.541 (   292      0)    14.894 (   620      0)
"vertical_remap1_1"                  768      768 7.864320e+06   6.480954e+02     0.861 (    59      0)     0.835 (   620      0)
"remap_Q_ppm"                        768      768 2.359296e+07   1.142519e+04    15.268 (   292      0)    14.667 (   620      0)
"vertical_remap1_2"                  768      768 7.864320e+06   8.725324e+02     1.148 (   292      0)     1.129 (    97      0)
"vertical_remap1_3"                  768      768 7.864320e+06   9.926925e+03    13.299 (   292      0)    12.730 (   620      0)
"prim_run_subcyle_diags"             768      768 2.457600e+05   4.308980e+03     7.075 (   543      0)     4.778 (   571      0)
"t_prf"                                0        0 0.000000e+00   0.000000e+00     0.000 (     0      0)     0.000 (     0      0)

10940561
