LAST_GIT_COMMIT_SHA:STRING=4790f40f2fb6acbc051ce4c988681a628c18e83d

***** GLOBAL STATISTICS (  2880 MPI TASKS) *****

$Id: gptl.c,v 1.157 2011-03-28 20:55:18 rosinski Exp $
'count' is cumulative. All other stats are max/min
name                               processes  threads        count      walltotal   wallmax (proc   thrd  )   wallmin (proc   thrd  )
Total                                   2880     2880 2.880000e+03   8.160276e+05   283.393 (  2797      0)   283.279 (   594      0)
prim_init1                              2880     2880 2.880000e+03   3.995894e+03     1.418 (    65      0)     1.353 (  2733      0)
repro_sum_int                           2880     2880 1.296000e+05   7.317983e+02     0.900 (    13      0)     0.022 (   638      0)
prim_init2                              2880     2880 2.880000e+03   1.997463e+03     1.238 (    21      0)     0.450 (  1533      0)
prim_printstate                         2880     2880 2.880000e+03   2.291054e+02     0.118 (     0      0)     0.050 (   125      0)
interp_movie_output                     2880     2880 5.760000e+03   6.455389e+00     0.003 (   669      0)     0.002 (  1305      0)
prim_main_loop                          2880     2880 2.880000e+03   7.950196e+05   276.098 (  1481      0)   275.981 (   732      0)
prim_run                                2880     2880 8.640000e+05   7.950110e+05   276.096 (  1481      0)   275.978 (   732      0)
tl-sc prim_run_subcycle_c               2880     2880 8.640000e+05   7.949260e+05   276.070 (  1481      0)   275.965 (   732      0)
tl-sc dp3d-from-ps                      2880     2880 8.640000e+05   8.083428e+01     0.040 (  2467      0)     0.020 (  1498      0)
tl-sc prim_step-loop                    2880     2880 8.640000e+05   7.488903e+05   260.793 (  2043      0)   259.242 (  2488      0)
tl-s prim_step                          2880     2880 2.592000e+06   7.488825e+05   260.791 (  2043      0)   259.239 (  2488      0)
tl-s deep_copy+derived_dp               2880     2880 2.592000e+06   1.502899e+03     0.745 (  1410      0)     0.259 (   155      0)
tl-s prim_advance_exp-loop              2880     2880 2.592000e+06   1.428610e+05    70.951 (  2652      0)    31.047 (  1481      0)
tl-ae prim_advance_exp                  2880     2880 2.592000e+06   1.428446e+05    70.944 (  2652      0)    31.043 (  1481      0)
tl-ae U3-5stage_timestep                2880     2880 2.592000e+06   7.452467e+04    45.603 (  2827      0)    14.598 (  2569      0)
caar compute                            2880     2880 1.296000e+07   2.194835e+04     9.285 (  1746      0)     6.671 (  1024      0)
caar_bexchV                             2880     2880 1.296000e+07   5.159717e+04    37.473 (  1867      0)     6.172 (  1481      0)
tl-ae advance_hypervis_dp               2880     2880 2.592000e+06   6.830364e+04    36.945 (  1691      0)    14.593 (  2588      0)
hvf-bhwk                                2880     2880 7.776000e+06   3.746428e+04    23.841 (  2480      0)     7.966 (  1677      0)
hvf-bexch                               2880     2880 1.555200e+07   4.891967e+04    30.316 (  1691      0)     7.557 (  2588      0)
tl-s prim_advec_tracers_remap           2880     2880 2.592000e+06   6.044926e+05   229.186 (  1481      0)   187.980 (  2652      0)
tl-at prim_advec_tracers_remap_RK2      2880     2880 2.592000e+06   6.044788e+05   229.183 (  1481      0)   187.973 (  2652      0)
tl-at precompute_divdp                  2880     2880 2.592000e+06   9.713091e+02     0.521 (  1479      0)     0.149 (  1416      0)
tl-at esf-0                             2880     2880 2.592000e+06   1.655832e+05    66.070 (  1714      0)    48.841 (  2547      0)
tl-at esf-1                             2880     2880 2.592000e+06   1.277897e+05    53.854 (  2797      0)    37.992 (  1704      0)
tl-at esf-2                             2880     2880 2.592000e+06   2.933450e+05   116.770 (  1723      0)    82.107 (  2652      0)
tl-at qdp_time_avg                      2880     2880 2.592000e+06   1.671041e+04     7.521 (  1999      0)     3.718 (   154      0)
tl-sc vertical_remap                    2880     2880 8.640000e+05   3.927991e+04    14.520 (  1571      0)    12.947 (  2159      0)
Remap Thickness Functor                 2880     2880 8.640000e+05   3.942138e+02     0.181 (    19      0)     0.094 (  2718      0)
Remap Scale States Functor              2880     2880 8.640000e+05   2.573404e+02     0.148 (  2476      0)     0.037 (   875      0)
Remap Compute Grids Functor             2880     2880 8.640000e+05   2.340561e+03     1.295 (  1571      0)     0.490 (  2870      0)
Remap Compute Remap Functor             2880     2880 8.640000e+05   3.595644e+04    13.072 (   254      0)    12.055 (  2084      0)
Remap Rescale States Functor            2880     2880 8.640000e+05   2.822895e+02     0.128 (  1734      0)     0.091 (  1224      0)
tl-sc Q-from-qdp                        2880     2880 8.640000e+05   6.664746e+03     2.648 (  1824      0)     2.092 (  2813      0)
t_prf                                      0        0 0.000000e+00   0.000000e+00     0.000 (     0      0)     0.000 (     0      0)

