LAST_GIT_COMMIT_SHA:STRING=adf77c97ed8425a245449f2582d2441f4b72da1e
10940560

***** GLOBAL STATISTICS (   512 MPI TASKS) *****

$Id: gptl.c,v 1.157 2011-03-28 20:55:18 rosinski Exp $
'count' is cumulative. All other stats are max/min
name                           processes  threads        count      walltotal   wallmax (proc   thrd  )   wallmin (proc   thrd  )
"Total"                              512      512 5.120000e+02   1.668096e+05   325.832 (   291      0)   325.762 (   169      0)
"prim_init1"                         512      512 5.120000e+02   1.354135e+02     0.266 (   496      0)     0.261 (   231      0)
"PartitioningTime"                   512      512 5.120000e+02   9.575391e-01     0.002 (   393      0)     0.001 (   192      0)
"repro_sum_int"                      512      512 2.304000e+04   5.124053e+00     0.031 (     5      0)     0.005 (   502      0)
"prim_init2"                         512      512 5.120000e+02   4.688217e+01     0.113 (     5      0)     0.087 (   216      0)
"prim_printstate"                    512      512 5.120000e+02   7.983583e+00     0.020 (     0      0)     0.015 (   167      0)
"interp_movie_output"                512      512 1.024000e+03   8.976603e-02     0.000 (   417      0)     0.000 (   505      0)
"prim_main_loop"                     512      512 5.120000e+02   1.660077e+05   324.265 (   291      0)   324.195 (   169      0)
"prim_run"                           512      512 1.095680e+05   1.660074e+05   324.264 (   291      0)   324.195 (   169      0)
"ApplyCAMForcing"                    512      512 1.095680e+05   2.258083e+03     5.644 (   293      0)     2.642 (   302      0)
"prim_step_rX"                       512      512 3.287040e+05   1.525490e+05   300.497 (   302      0)   296.429 (   418      0)
"prim_step_dyn"                      512      512 3.287040e+05   3.049561e+04    70.516 (   459      0)    50.903 (   289      0)
"prim_advance_exp"                   512      512 3.287040e+05   3.049289e+04    70.512 (   459      0)    50.898 (   289      0)
"U3-5stage_timestep"                 512      512 3.287040e+05   1.541667e+04    43.203 (   457      0)    21.574 (   249      0)
"compute_and_apply_rhs"              512      512 1.643520e+06   1.520845e+04    42.851 (   457      0)    21.168 (   249      0)
"caar_bexchV"                        512      512 1.643520e+06   8.395273e+03    29.531 (   457      0)     5.346 (   289      0)
"advance_hypervis_dp"                512      512 3.287040e+05   1.507253e+04    35.411 (    76      0)    24.373 (   454      0)
"biwkdp3d_bexchV"                    512      512 9.861120e+05   4.005091e+03    13.819 (   200      0)     3.287 (   293      0)
"ahdp_bexchV2"                       512      512 9.861120e+05   4.121013e+03    13.726 (   199      0)     3.979 (   289      0)
"prim_step_advec"                    512      512 3.287040e+05   1.216059e+05   245.032 (   289      0)   228.262 (   459      0)
"PAT_remap"                          512      512 3.287040e+05   1.216048e+05   245.029 (   289      0)   228.259 (   459      0)
"prim_advec_tracers_remap_rk2"       512      512 3.287040e+05   1.216030e+05   245.025 (   289      0)   228.256 (   459      0)
"precomput_divdp"                    512      512 3.287040e+05   2.719298e+02     0.678 (   280      0)     0.289 (    56      0)
"euler_step_0"                       512      512 3.287040e+05   3.349301e+04    69.889 (   299      0)    59.803 (   167      0)
"bihmix_qminmax"                     512      512 9.861120e+05   5.776379e+04   120.693 (   352      0)   104.543 (   473      0)
"eus_neighbor_minmax1"               512      512 3.287040e+05   8.966396e+03    22.676 (    94      0)    14.315 (    38      0)
"nmm_bexchV"                         512      512 3.287040e+05   4.338571e+03    15.331 (    94      0)     5.665 (   303      0)
"eus_2d_advec"                       512      512 9.861120e+05   5.964406e+04   125.931 (   278      0)   105.326 (   261      0)
"eus_bexchV"                         512      512 9.861120e+05   1.588901e+04    43.337 (   183      0)    22.506 (   302      0)
"euler_step_1"                       512      512 3.287040e+05   2.399457e+04    50.233 (   441      0)    43.384 (   117      0)
"euler_step_2"                       512      512 3.287040e+05   5.993558e+04   122.919 (    95      0)   110.833 (    10      0)
"nmm_bexchS_start"                   512      512 3.287040e+05   2.197171e+01     0.062 (   504      0)     0.027 (    11      0)
"biwksc_bexchV"                      512      512 3.287040e+05   5.513944e+03    14.671 (   447      0)     7.884 (   474      0)
"nmm_bexchS_fini"                    512      512 3.287040e+05   2.492490e+03     5.712 (   405      0)     3.267 (    94      0)
"qdp_tavg"                           512      512 3.287040e+05   3.900185e+03     9.183 (   248      0)     5.061 (   136      0)
"vertical_remap"                     512      512 1.095680e+05   7.799838e+03    15.659 (   302      0)    15.032 (    72      0)
"vertical_remap1_1"                  512      512 5.259264e+06   4.360605e+02     0.862 (   302      0)     0.843 (    72      0)
"remap_Q_ppm"                        512      512 1.577779e+07   7.676580e+03    15.361 (   302      0)    14.804 (   417      0)
"vertical_remap1_2"                  512      512 5.259264e+06   5.846259e+02     1.150 (   424      0)     1.134 (   325      0)
"vertical_remap1_3"                  512      512 5.259264e+06   6.670794e+03    13.387 (   302      0)    12.851 (   417      0)
"prim_run_subcyle_diags"             512      512 1.095680e+05   2.906206e+03     7.593 (   140      0)     4.696 (   341      0)
"t_prf"                                0        0 0.000000e+00   0.000000e+00     0.000 (     0      0)     0.000 (     0      0)

10940560
