LAST_GIT_COMMIT_SHA:STRING=4790f40f2fb6acbc051ce4c988681a628c18e83d

***** GLOBAL STATISTICS (   768 MPI TASKS) *****

$Id: gptl.c,v 1.157 2011-03-28 20:55:18 rosinski Exp $
'count' is cumulative. All other stats are max/min
name                               processes  threads        count      walltotal   wallmax (proc   thrd  )   wallmin (proc   thrd  )
Total                                    768      768 7.680000e+02   4.304460e+04    56.052 (   689      0)    56.044 (   524      0)
prim_init1                               768      768 7.680000e+02   1.559502e+02     0.204 (    93      0)     0.202 (    32      0)
repro_sum_int                            768      768 3.456000e+04   2.919174e+01     0.080 (     4      0)     0.009 (    64      0)
prim_init2                               768      768 7.680000e+02   7.768629e+01     0.142 (    10      0)     0.073 (    64      0)
prim_printstate                          768      768 7.680000e+02   1.192967e+01     0.017 (     0      0)     0.015 (   172      0)
interp_movie_output                      768      768 1.536000e+03   2.722738e-01     0.001 (   218      0)     0.000 (    29      0)
prim_main_loop                           768      768 7.680000e+02   4.269282e+04    55.594 (   689      0)    55.586 (   522      0)
prim_run                                 768      768 7.372800e+05   4.269132e+04    55.593 (   693      0)    55.584 (   522      0)
tl-sc prim_run_subcycle_c                768      768 7.372800e+05   4.268681e+04    55.584 (    32      0)    55.579 (   524      0)
tl-sc dp3d-from-ps                       768      768 7.372800e+05   3.911586e+00     0.006 (   672      0)     0.005 (    14      0)
tl-sc prim_step-loop                     768      768 7.372800e+05   4.013062e+04    52.317 (   276      0)    52.126 (   452      0)
tl-s prim_step                           768      768 2.211840e+06   4.012684e+04    52.313 (   276      0)    52.120 (   452      0)
tl-s deep_copy+derived_dp                768      768 2.211840e+06   8.794636e+01     0.146 (   219      0)     0.084 (    32      0)
tl-s prim_advance_exp-loop               768      768 2.211840e+06   9.807920e+03    15.842 (   227      0)     9.363 (   458      0)
tl-ae prim_advance_exp                   768      768 2.211840e+06   9.804180e+03    15.837 (   227      0)     9.358 (   458      0)
tl-ae U3-5stage_timestep                 768      768 2.211840e+06   5.613121e+03    10.088 (   444      0)     4.607 (   458      0)
caar compute                             768      768 1.105920e+07   1.062678e+03     1.492 (   452      0)     1.319 (   618      0)
caar_bexchV                              768      768 1.105920e+07   4.498496e+03     8.574 (   444      0)     3.181 (   458      0)
tl-ae advance_hypervis_dp                768      768 2.211840e+06   4.185786e+03     7.063 (   699      0)     4.636 (    62      0)
hvf-bhwk                                 768      768 6.635520e+06   2.387872e+03     4.084 (   701      0)     2.629 (   591      0)
hvf-bexch                                768      768 1.327104e+07   3.191633e+03     5.767 (   699      0)     3.340 (    62      0)
tl-s prim_advec_tracers_remap            768      768 2.211840e+06   3.022236e+04    42.802 (   458      0)    36.198 (   227      0)
tl-at prim_advec_tracers_remap_RK2       768      768 2.211840e+06   3.021701e+04    42.796 (   458      0)    36.189 (   227      0)
tl-at precompute_divdp                   768      768 2.211840e+06   5.288759e+01     0.109 (   543      0)     0.042 (   419      0)
tl-at esf-0                              768      768 2.211840e+06   9.827235e+03    15.078 (   306      0)     9.935 (   420      0)
tl-at esf-1                              768      768 2.211840e+06   5.614367e+03     8.326 (   305      0)     6.510 (   269      0)
tl-at esf-2                              768      768 2.211840e+06   1.406551e+04    20.737 (    35      0)    16.377 (   727      0)
tl-at qdp_time_avg                       768      768 2.211840e+06   6.321552e+02     0.887 (   570      0)     0.767 (   618      0)
tl-sc vertical_remap                     768      768 7.372800e+05   2.217046e+03     3.011 (   452      0)     2.822 (   276      0)
Remap Thickness Functor                  768      768 7.372800e+05   2.218708e+01     0.036 (   709      0)     0.024 (   117      0)
Remap Scale States Functor               768      768 7.372800e+05   1.071568e+01     0.020 (   667      0)     0.010 (   277      0)
Remap Compute Grids Functor              768      768 7.372800e+05   9.802181e+01     0.162 (   709      0)     0.107 (   437      0)
Remap Compute Remap Functor              768      768 7.372800e+05   2.061824e+03     2.810 (   494      0)     2.644 (   276      0)
Remap Rescale States Functor             768      768 7.372800e+05   1.566840e+01     0.021 (   520      0)     0.020 (   753      0)
tl-sc Q-from-qdp                         768      768 7.372800e+05   3.314140e+02     0.447 (   480      0)     0.427 (   631      0)
t_prf                                      0        0 0.000000e+00   0.000000e+00     0.000 (     0      0)     0.000 (     0      0)

