LAST_GIT_COMMIT_SHA:STRING=4790f40f2fb6acbc051ce4c988681a628c18e83d

***** GLOBAL STATISTICS (   160 MPI TASKS) *****

$Id: gptl.c,v 1.157 2011-03-28 20:55:18 rosinski Exp $
'count' is cumulative. All other stats are max/min
name                               processes  threads        count      walltotal   wallmax (proc   thrd  )   wallmin (proc   thrd  )
Total                                    160      160 1.600000e+02   3.787796e+04   236.779 (     4      0)   236.674 (    78      0)
prim_init1                               160      160 1.600000e+02   5.536316e+01     0.348 (    29      0)     0.342 (   129      0)
repro_sum_int                            160      160 7.200000e+03   1.605420e+00     0.016 (     4      0)     0.005 (    44      0)
prim_init2                               160      160 1.600000e+02   1.742121e+02     1.096 (   103      0)     1.081 (    48      0)
prim_printstate                          160      160 1.600000e+02   1.763992e+01     0.113 (     0      0)     0.110 (   146      0)
interp_movie_output                      160      160 3.200000e+02   2.682233e-02     0.000 (    17      0)     0.000 (    36      0)
prim_main_loop                           160      160 1.600000e+02   3.722035e+04   232.669 (     4      0)   232.564 (    78      0)
prim_run                                 160      160 5.440000e+03   3.722030e+04   232.669 (     4      0)   232.564 (    78      0)
tl-sc prim_run_subcycle_c                160      160 5.440000e+03   3.718310e+04   232.437 (     6      0)   232.335 (    78      0)
tl-sc dp3d-from-ps                       160      160 5.440000e+03   5.560574e+00     0.049 (     6      0)     0.021 (    62      0)
tl-sc prim_step-loop                     160      160 5.440000e+03   3.479604e+04   217.901 (    50      0)   217.091 (    15      0)
tl-s prim_step                           160      160 1.632000e+04   3.479597e+04   217.901 (    50      0)   217.091 (    15      0)
tl-s deep_copy+derived_dp                160      160 1.632000e+04   9.577928e+01     0.708 (   156      0)     0.374 (   128      0)
tl-s prim_advance_exp-loop               160      160 1.632000e+04   6.410586e+03    45.209 (    56      0)    36.966 (    30      0)
tl-ae prim_advance_exp                   160      160 1.632000e+04   6.410469e+03    45.208 (    56      0)    36.965 (    30      0)
tl-ae U3-5stage_timestep                 160      160 1.632000e+04   3.053751e+03    24.814 (    56      0)    15.934 (    30      0)
caar compute                             160      160 8.160000e+04   1.240358e+03     9.173 (    28      0)     7.059 (    95      0)
caar_bexchV                              160      160 8.160000e+04   1.749210e+03    16.488 (    56      0)     6.556 (    30      0)
tl-ae advance_hypervis_dp                160      160 1.632000e+04   3.356492e+03    22.136 (   130      0)    19.933 (    44      0)
hvf-bhwk                                 160      160 4.896000e+04   1.819099e+03    12.874 (   108      0)    10.119 (     4      0)
hvf-bexch                                160      160 9.792000e+04   1.895649e+03    13.720 (   130      0)    10.065 (    16      0)
tl-s prim_advec_tracers_remap            160      160 1.632000e+04   2.828933e+04   179.828 (    30      0)   171.424 (    56      0)
tl-at prim_advec_tracers_remap_RK2       160      160 1.632000e+04   2.828921e+04   179.827 (    30      0)   171.423 (    56      0)
tl-at precompute_divdp                   160      160 1.632000e+04   6.338197e+01     0.574 (    28      0)     0.217 (   154      0)
tl-at esf-0                              160      160 1.632000e+04   8.049649e+03    51.784 (    31      0)    48.958 (   140      0)
tl-at esf-1                              160      160 1.632000e+04   6.183492e+03    40.737 (    85      0)    37.203 (    77      0)
tl-at esf-2                              160      160 1.632000e+04   1.290738e+04    83.279 (    19      0)    77.049 (    58      0)
tl-at qdp_time_avg                       160      160 1.632000e+04   1.084595e+03     7.268 (   101      0)     5.086 (    50      0)
tl-sc vertical_remap                     160      160 5.440000e+03   1.990751e+03    13.087 (    78      0)    12.077 (    95      0)
Remap Thickness Functor                  160      160 5.440000e+03   1.984009e+01     0.151 (   105      0)     0.089 (    95      0)
Remap Scale States Functor               160      160 5.440000e+03   1.638903e+01     0.149 (   105      0)     0.046 (    92      0)
Remap Compute Grids Functor              160      160 5.440000e+03   1.179708e+02     1.231 (    77      0)     0.457 (    92      0)
Remap Compute Remap Functor              160      160 5.440000e+03   1.817692e+03    11.467 (    78      0)    11.257 (   110      0)
Remap Rescale States Functor             160      160 5.440000e+03   1.550891e+01     0.123 (     5      0)     0.083 (    78      0)
tl-sc Q-from-qdp                         160      160 5.440000e+03   3.906420e+02     2.576 (    96      0)     2.024 (    56      0)
t_prf                                      0        0 0.000000e+00   0.000000e+00     0.000 (     0      0)     0.000 (     0      0)

