LAST_GIT_COMMIT_SHA:STRING=adf77c97ed8425a245449f2582d2441f4b72da1e
10940544

***** GLOBAL STATISTICS (   256 MPI TASKS) *****

$Id: gptl.c,v 1.157 2011-03-28 20:55:18 rosinski Exp $
'count' is cumulative. All other stats are max/min
name                           processes  threads        count      walltotal   wallmax (proc   thrd  )   wallmin (proc   thrd  )
"Total"                              256      256 2.560000e+02   2.573453e+04   100.533 (   198      0)   100.513 (    92      0)
"prim_init1"                         256      256 2.560000e+02   3.053491e+01     0.123 (     0      0)     0.119 (     2      0)
"PartitioningTime"                   256      256 2.560000e+02   2.588639e-01     0.001 (    85      0)     0.000 (   102      0)
"repro_sum_int"                      256      256 1.152000e+04   1.771529e+00     0.009 (   213      0)     0.004 (     0      0)
"prim_init2"                         256      256 2.560000e+02   1.297272e+01     0.053 (     0      0)     0.049 (    98      0)
"prim_printstate"                    256      256 2.560000e+02   2.781223e+00     0.016 (     0      0)     0.011 (   110      0)
"interp_movie_output"                256      256 5.120000e+02   4.257894e-02     0.000 (   105      0)     0.000 (   198      0)
"prim_main_loop"                     256      256 2.560000e+02   2.560409e+04   100.024 (   198      0)   100.004 (    92      0)
"prim_run"                           256      256 3.430400e+04   2.560399e+04   100.023 (   198      0)   100.003 (    92      0)
"ApplyCAMForcing"                    256      256 3.430400e+04   3.526935e+02     1.614 (   205      0)     0.934 (   180      0)
"prim_step_rX"                       256      256 1.029120e+05   2.349933e+04    92.491 (   180      0)    91.381 (    60      0)
"prim_step_dyn"                      256      256 1.029120e+05   4.098288e+03    19.265 (   180      0)    14.075 (   194      0)
"prim_advance_exp"                   256      256 1.029120e+05   4.097623e+03    19.262 (   180      0)    14.073 (   194      0)
"U3-5stage_timestep"                 256      256 1.029120e+05   2.169761e+03    12.178 (   180      0)     6.876 (   194      0)
"compute_and_apply_rhs"              256      256 5.145600e+05   2.133093e+03    12.055 (   180      0)     6.655 (   194      0)
"caar_bexchV"                        256      256 5.145600e+05   1.079807e+03     7.925 (   180      0)     1.995 (   192      0)
"advance_hypervis_dp"                256      256 1.029120e+05   1.927040e+03     8.356 (   102      0)     6.782 (   204      0)
"biwkdp3d_bexchV"                    256      256 3.087360e+05   4.495403e+02     3.023 (    39      0)     0.939 (   198      0)
"ahdp_bexchV2"                       256      256 3.087360e+05   4.712847e+02     2.898 (   102      0)     1.229 (   218      0)
"prim_step_advec"                    256      256 1.029120e+05   1.933280e+04    77.253 (   194      0)    72.823 (    20      0)
"PAT_remap"                          256      256 1.029120e+05   1.933244e+04    77.252 (   194      0)    72.821 (    20      0)
"prim_advec_tracers_remap_rk2"       256      256 1.029120e+05   1.933190e+04    77.250 (   194      0)    72.818 (    20      0)
"precomput_divdp"                    256      256 1.029120e+05   4.824894e+01     0.229 (   157      0)     0.105 (    39      0)
"euler_step_0"                       256      256 1.029120e+05   5.370304e+03    22.456 (   174      0)    19.238 (   218      0)
"bihmix_qminmax"                     256      256 3.087360e+05   9.181550e+03    37.632 (   192      0)    33.116 (    26      0)
"eus_neighbor_minmax1"               256      256 1.029120e+05   1.426483e+03     6.478 (     2      0)     4.362 (   210      0)
"nmm_bexchV"                         256      256 1.029120e+05   7.009296e+02     3.562 (   255      0)     1.808 (   205      0)
"eus_2d_advec"                       256      256 3.087360e+05   9.494064e+03    40.687 (    26      0)    34.275 (   180      0)
"eus_bexchV"                         256      256 3.087360e+05   2.702473e+03    13.885 (    26      0)     8.286 (    20      0)
"euler_step_1"                       256      256 1.029120e+05   3.801280e+03    15.389 (   210      0)    14.382 (    54      0)
"euler_step_2"                       256      256 1.029120e+05   9.508705e+03    38.696 (   204      0)    35.167 (    20      0)
"nmm_bexchS_start"                   256      256 1.029120e+05   6.757893e+00     0.037 (     2      0)     0.017 (   222      0)
"biwksc_bexchV"                      256      256 1.029120e+05   1.014084e+03     5.075 (    59      0)     2.617 (    26      0)
"nmm_bexchS_fini"                    256      256 1.029120e+05   3.301537e+02     1.485 (   206      0)     0.983 (   218      0)
"qdp_tavg"                           256      256 1.029120e+05   6.012057e+02     2.745 (   161      0)     1.557 (    25      0)
"vertical_remap"                     256      256 3.430400e+04   1.219946e+03     4.885 (    92      0)     4.701 (   198      0)
"vertical_remap1_1"                  256      256 8.232960e+05   6.853331e+01     0.272 (    92      0)     0.264 (   176      0)
"remap_Q_ppm"                        256      256 2.469888e+06   1.200158e+03     4.791 (    92      0)     4.628 (   198      0)
"vertical_remap1_2"                  256      256 8.232960e+05   9.129430e+01     0.360 (     7      0)     0.354 (   102      0)
"vertical_remap1_3"                  256      256 8.232960e+05   1.042710e+03     4.171 (    92      0)     4.018 (   198      0)
"prim_run_subcyle_diags"             256      256 3.430400e+04   4.534303e+02     2.284 (    25      0)     1.497 (   180      0)
"t_prf"                                0        0 0.000000e+00   0.000000e+00     0.000 (     0      0)     0.000 (     0      0)

10940544
