LAST_GIT_COMMIT_SHA:STRING=adf77c97ed8425a245449f2582d2441f4b72da1e
10940601

***** GLOBAL STATISTICS (   288 MPI TASKS) *****

$Id: gptl.c,v 1.157 2011-03-28 20:55:18 rosinski Exp $
'count' is cumulative. All other stats are max/min
name                           processes  threads        count      walltotal   wallmax (proc   thrd  )   wallmin (proc   thrd  )
"Total"                              288      288 2.880000e+02   8.237295e+04   286.107 (    63      0)   285.892 (   181      0)
"prim_init1"                         288      288 2.880000e+02   2.797844e+02     0.974 (    67      0)     0.965 (   108      0)
"PartitioningTime"                   288      288 2.880000e+02   1.679640e+00     0.008 (   114      0)     0.004 (   243      0)
"repro_sum_int"                      288      288 1.296000e+04   2.983558e+00     0.015 (   207      0)     0.006 (   126      0)
"prim_init2"                         288      288 2.880000e+02   1.538211e+02     0.539 (     0      0)     0.530 (   228      0)
"prim_printstate"                    288      288 2.880000e+02   2.738328e+01     0.099 (     0      0)     0.095 (    29      0)
"interp_movie_output"                288      288 5.760000e+02   4.624176e-02     0.000 (   229      0)     0.000 (    31      0)
"prim_main_loop"                     288      288 2.880000e+02   8.049036e+04   279.571 (    63      0)   279.355 (   181      0)
"prim_run"                           288      288 8.640000e+03   8.049030e+04   279.570 (    63      0)   279.355 (   181      0)
"ApplyCAMForcing"                    288      288 8.640000e+03   1.282400e+03     4.950 (   192      0)     2.869 (   181      0)
"prim_step_rX"                       288      288 2.592000e+04   7.376364e+04   258.025 (    77      0)   255.362 (   258      0)
"prim_step_dyn"                      288      288 2.592000e+04   1.344198e+04    54.677 (   104      0)    42.878 (   148      0)
"prim_advance_exp"                   288      288 2.592000e+04   1.344174e+04    54.676 (   104      0)    42.877 (   148      0)
"U3-5stage_timestep"                 288      288 2.592000e+04   6.638009e+03    31.519 (   181      0)    19.487 (   149      0)
"compute_and_apply_rhs"              288      288 1.296000e+05   6.496203e+03    31.035 (   181      0)    18.980 (   149      0)
"caar_bexchV"                        288      288 1.296000e+05   2.605948e+03    17.887 (   181      0)     4.145 (    38      0)
"advance_hypervis_dp"                288      288 2.592000e+04   6.803393e+03    26.066 (   263      0)    22.013 (   246      0)
"biwkdp3d_bexchV"                    288      288 7.776000e+04   1.309386e+03     6.228 (    96      0)     2.372 (    58      0)
"ahdp_bexchV2"                       288      288 7.776000e+04   1.386079e+03     7.105 (    97      0)     2.534 (    62      0)
"prim_step_advec"                    288      288 2.592000e+04   6.008331e+04   212.194 (   148      0)   202.160 (   104      0)
"PAT_remap"                          288      288 2.592000e+04   6.008321e+04   212.194 (   148      0)   202.160 (   104      0)
"prim_advec_tracers_remap_rk2"       288      288 2.592000e+04   6.008303e+04   212.193 (   148      0)   202.159 (   104      0)
"precomput_divdp"                    288      288 2.592000e+04   1.383339e+02     0.578 (   225      0)     0.312 (    20      0)
"euler_step_0"                       288      288 2.592000e+04   1.657026e+04    59.046 (    99      0)    55.010 (   175      0)
"bihmix_qminmax"                     288      288 7.776000e+04   2.868635e+04   103.051 (   192      0)    93.720 (   259      0)
"eus_neighbor_minmax1"               288      288 2.592000e+04   4.318708e+03    17.765 (   102      0)    12.888 (   263      0)
"nmm_bexchV"                         288      288 2.592000e+04   1.816886e+03     8.018 (    99      0)     4.791 (   263      0)
"eus_2d_advec"                       288      288 7.776000e+04   2.913941e+04   109.184 (   257      0)    93.066 (   181      0)
"eus_bexchV"                         288      288 7.776000e+04   6.953330e+03    31.796 (   259      0)    17.479 (    20      0)
"euler_step_1"                       288      288 2.592000e+04   1.178401e+04    42.357 (   281      0)    39.405 (   287      0)
"euler_step_2"                       288      288 2.592000e+04   2.947287e+04   107.259 (   148      0)    95.968 (   181      0)
"nmm_bexchS_start"                   288      288 2.592000e+04   1.773997e+00     0.010 (    52      0)     0.004 (     7      0)
"biwksc_bexchV"                      288      288 2.592000e+04   2.312585e+03     9.096 (   190      0)     6.395 (    50      0)
"nmm_bexchS_fini"                    288      288 2.592000e+04   1.331553e+03     5.229 (   237      0)     3.515 (   257      0)
"qdp_tavg"                           288      288 2.592000e+04   2.116811e+03     8.352 (    56      0)     4.816 (   257      0)
"vertical_remap"                     288      288 8.640000e+03   3.820824e+03    13.641 (   181      0)    13.064 (   232      0)
"vertical_remap1_1"                  288      288 2.592000e+06   2.140747e+02     0.750 (   152      0)     0.738 (     6      0)
"remap_Q_ppm"                        288      288 7.776000e+06   3.762146e+03    13.394 (   181      0)    12.867 (   232      0)
"vertical_remap1_2"                  288      288 2.592000e+06   2.879618e+02     1.007 (   181      0)     0.993 (    44      0)
"vertical_remap1_3"                  288      288 2.592000e+06   3.267083e+03    11.668 (   181      0)    11.157 (   232      0)
"prim_run_subcyle_diags"             288      288 8.640000e+03   1.355331e+03     5.956 (   257      0)     4.188 (    20      0)
"t_prf"                                0        0 0.000000e+00   0.000000e+00     0.000 (     0      0)     0.000 (     0      0)

10940601
