LAST_GIT_COMMIT_SHA:STRING=adf77c97ed8425a245449f2582d2441f4b72da1e
10940607

***** GLOBAL STATISTICS (   800 MPI TASKS) *****

$Id: gptl.c,v 1.157 2011-03-28 20:55:18 rosinski Exp $
'count' is cumulative. All other stats are max/min
name                           processes  threads        count      walltotal   wallmax (proc   thrd  )   wallmin (proc   thrd  )
"Total"                              800      800 8.000000e+02   2.330019e+05   291.323 (   250      0)   291.160 (   473      0)
"prim_init1"                         800      800 8.000000e+02   5.947454e+02     0.746 (   192      0)     0.735 (   381      0)
"PartitioningTime"                   800      800 8.000000e+02   4.666817e+00     0.007 (   596      0)     0.004 (   148      0)
"repro_sum_int"                      800      800 3.600000e+04   2.298566e+01     0.050 (    23      0)     0.013 (   512      0)
"prim_init2"                         800      800 8.000000e+02   1.686339e+02     0.233 (    10      0)     0.195 (   195      0)
"prim_printstate"                    800      800 8.000000e+02   3.217903e+01     0.047 (     0      0)     0.040 (    66      0)
"interp_movie_output"                800      800 1.600000e+03   2.952158e-01     0.001 (   793      0)     0.000 (   198      0)
"prim_main_loop"                     800      800 8.000000e+02   2.283299e+05   285.484 (   250      0)   285.320 (   473      0)
"prim_run"                           800      800 6.720000e+04   2.283295e+05   285.483 (   250      0)   285.320 (   473      0)
"ApplyCAMForcing"                    800      800 6.720000e+04   3.457478e+03     4.990 (   356      0)     2.663 (   103      0)
"prim_step_rX"                       800      800 2.016000e+05   2.096285e+05   264.197 (   654      0)   260.905 (    90      0)
"prim_step_dyn"                      800      800 2.016000e+05   4.053251e+04    60.732 (   398      0)    43.926 (   180      0)
"prim_advance_exp"                   800      800 2.016000e+05   4.053079e+04    60.730 (   398      0)    43.924 (   180      0)
"U3-5stage_timestep"                 800      800 2.016000e+05   2.001367e+04    34.749 (   103      0)    18.542 (   758      0)
"compute_and_apply_rhs"              800      800 1.008000e+06   1.968987e+04    34.406 (   103      0)    18.225 (   758      0)
"caar_bexchV"                        800      800 1.008000e+06   9.566541e+03    22.117 (   103      0)     4.454 (   224      0)
"advance_hypervis_dp"                800      800 2.016000e+05   2.051474e+04    29.554 (   749      0)    22.027 (   475      0)
"biwkdp3d_bexchV"                    800      800 6.048000e+05   4.849235e+03    10.294 (   545      0)     2.956 (   226      0)
"ahdp_bexchV2"                       800      800 6.048000e+05   5.027794e+03    10.532 (   547      0)     2.781 (    92      0)
"prim_step_advec"                    800      800 2.016000e+05   1.684474e+05   216.788 (   410      0)   202.074 (   398      0)
"PAT_remap"                          800      800 2.016000e+05   1.684467e+05   216.787 (   410      0)   202.073 (   398      0)
"prim_advec_tracers_remap_rk2"       800      800 2.016000e+05   1.684455e+05   216.786 (   410      0)   202.071 (   398      0)
"precomput_divdp"                    800      800 2.016000e+05   3.764854e+02     0.594 (   204      0)     0.233 (   757      0)
"euler_step_0"                       800      800 2.016000e+05   4.621296e+04    60.578 (   615      0)    53.634 (   408      0)
"bihmix_qminmax"                     800      800 6.048000e+05   7.974514e+04   105.566 (   518      0)    92.124 (   604      0)
"eus_neighbor_minmax1"               800      800 2.016000e+05   1.220626e+04    19.815 (   779      0)    12.224 (   606      0)
"nmm_bexchV"                         800      800 2.016000e+05   5.341585e+03    10.780 (   406      0)     4.289 (   260      0)
"eus_2d_advec"                       800      800 6.048000e+05   8.255853e+04   111.846 (   668      0)    91.830 (   103      0)
"eus_bexchV"                         800      800 6.048000e+05   1.958604e+04    35.101 (   668      0)    17.041 (    53      0)
"euler_step_1"                       800      800 2.016000e+05   3.312582e+04    45.751 (   523      0)    38.901 (   520      0)
"euler_step_2"                       800      800 2.016000e+05   8.297490e+04   110.293 (   180      0)    96.871 (   468      0)
"nmm_bexchS_start"                   800      800 2.016000e+05   1.317242e+01     0.028 (     1      0)     0.009 (   414      0)
"biwksc_bexchV"                      800      800 2.016000e+05   6.774170e+03    11.518 (   119      0)     4.710 (    14      0)
"nmm_bexchS_fini"                    800      800 2.016000e+05   3.332188e+03     5.063 (   226      0)     2.755 (   543      0)
"qdp_tavg"                           800      800 2.016000e+05   5.749759e+03     8.470 (   290      0)     4.145 (   668      0)
"vertical_remap"                     800      800 6.720000e+04   1.065534e+04    13.733 (   519      0)    13.074 (   383      0)
"vertical_remap1_1"                  800      800 7.257600e+06   5.988065e+02     0.758 (   519      0)     0.742 (   181      0)
"remap_Q_ppm"                        800      800 2.177280e+07   1.048919e+04    13.479 (   519      0)    12.873 (   383      0)
"vertical_remap1_2"                  800      800 7.257600e+06   8.027076e+02     1.012 (   275      0)     0.997 (   510      0)
"vertical_remap1_3"                  800      800 7.257600e+06   9.107472e+03    11.741 (   519      0)    11.152 (   383      0)
"prim_run_subcyle_diags"             800      800 6.720000e+04   3.865988e+03     6.651 (   668      0)     4.136 (   468      0)
"t_prf"                                0        0 0.000000e+00   0.000000e+00     0.000 (     0      0)     0.000 (     0      0)

10940607
