LAST_GIT_COMMIT_SHA:STRING=4790f40f2fb6acbc051ce4c988681a628c18e83d

***** GLOBAL STATISTICS (  8192 MPI TASKS) *****

$Id: gptl.c,v 1.157 2011-03-28 20:55:18 rosinski Exp $
'count' is cumulative. All other stats are max/min
name                               processes  threads        count      walltotal   wallmax (proc   thrd  )   wallmin (proc   thrd  )
Total                                   8192     8192 8.192000e+03   2.754654e+06   336.288 (    27      0)   336.232 (  7662      0)
prim_init1                              8192     8192 8.192000e+03   1.098327e+04     1.377 (  5628      0)     1.273 (  1210      0)
repro_sum_int                           8192     8192 8.437760e+05   2.342630e+03     0.978 (     9      0)     0.079 (  6558      0)
prim_init2                              8192     8192 8.192000e+03   1.053723e+04     1.937 (    18      0)     1.020 (  2498      0)
prim_printstate                         8192     8192 1.638400e+04   1.375394e+03     0.212 (  7498      0)     0.150 (    52      0)
interp_movie_output                     8192     8192 1.638400e+04   2.959605e+01     0.007 (   780      0)     0.001 (  5929      0)
prim_main_loop                          8192     8192 8.192000e+03   2.716745e+06   331.646 (  1735      0)   331.619 (  7816      0)
prim_run                                8192     8192 2.796749e+07   2.716675e+06   331.641 (  1731      0)   331.601 (  4087      0)
tl-sc prim_run_subcycle_c               8192     8192 2.796749e+07   2.716167e+06   331.586 (   654      0)   331.538 (  4087      0)
tl-sc dp3d-from-ps                      8192     8192 2.796749e+07   2.419352e+02     0.039 (  7168      0)     0.026 (  1037      0)
tl-sc prim_step-loop                    8192     8192 2.796749e+07   2.570318e+06   314.115 (  5659      0)   312.911 (    10      0)
tl-s prim_step                          8192     8192 8.390246e+07   2.570176e+06   314.102 (  5659      0)   312.891 (    10      0)
tl-s deep_copy+derived_dp               8192     8192 8.390246e+07   4.473383e+03     0.775 (  1772      0)     0.383 (  1024      0)
tl-s prim_advance_exp-loop              8192     8192 8.390246e+07   7.082141e+05   100.571 (  4306      0)    59.968 (  1621      0)
tl-ae prim_advance_exp                  8192     8192 8.390246e+07   7.080134e+05   100.548 (  4306      0)    59.941 (  1621      0)
tl-ae U3-5stage_timestep                8192     8192 8.390246e+07   3.608641e+05    63.837 (  5334      0)    27.693 (  4672      0)
caar compute                            8192     8192 4.195123e+08   6.071266e+04     8.205 (  1658      0)     6.993 (  4323      0)
caar_bexchV                             8192     8192 4.195123e+08   2.974496e+05    56.021 (  5334      0)    19.840 (  4672      0)
tl-ae advance_hypervis_dp               8192     8192 8.390246e+07   3.469205e+05    54.045 (   398      0)    31.488 (  1728      0)
hvf-bhwk                                8192     8192 2.517074e+08   1.874662e+05    33.811 (  6974      0)    17.152 (  1731      0)
hvf-bexch                               8192     8192 5.034148e+08   2.907678e+05    47.206 (   398      0)    24.520 (  1728      0)
tl-s prim_advec_tracers_remap           8192     8192 8.390246e+07   1.857093e+06   253.424 (  1621      0)   212.478 (  4306      0)
tl-at prim_advec_tracers_remap_RK2      8192     8192 8.390246e+07   1.856861e+06   253.394 (  1621      0)   212.449 (  4306      0)
tl-at precompute_divdp                  8192     8192 8.390246e+07   3.110103e+03     0.639 (  1694      0)     0.236 (  4840      0)
tl-at esf-0                             8192     8192 8.390246e+07   5.673940e+05    81.419 (  1459      0)    55.675 (  7889      0)
tl-at esf-1                             8192     8192 8.390246e+07   3.789618e+05    51.179 (  4782      0)    41.849 (   955      0)
tl-at esf-2                             8192     8192 8.390246e+07   8.689013e+05   128.860 (  1622      0)    95.598 (  7095      0)
tl-at qdp_time_avg                      8192     8192 8.390246e+07   3.726677e+04     5.202 (  1772      0)     4.128 (  4323      0)
tl-sc vertical_remap                    8192     8192 2.796749e+07   1.263155e+05    16.297 (    10      0)    15.046 (  5659      0)
Remap Thickness Functor                 8192     8192 2.796749e+07   1.395413e+03     0.220 (  1772      0)     0.124 (  2361      0)
Remap Scale States Functor              8192     8192 2.796749e+07   6.134367e+02     0.115 (  6468      0)     0.045 (  5261      0)
Remap Compute Grids Functor             8192     8192 2.796749e+07   5.785721e+03     1.008 (  1772      0)     0.566 (   369      0)
Remap Compute Remap Functor             8192     8192 2.796749e+07   1.170729e+05    14.982 (    10      0)    14.085 (  6166      0)
Remap Rescale States Functor            8192     8192 2.796749e+07   8.877095e+02     0.115 (  1632      0)     0.106 (  5996      0)
tl-sc Q-from-qdp                        8192     8192 2.796749e+07   1.913632e+04     2.524 (  4864      0)     2.294 (  7471      0)
t_prf                                      0        0 0.000000e+00   0.000000e+00     0.000 (     0      0)     0.000 (     0      0)

