LAST_GIT_COMMIT_SHA:STRING=adf77c97ed8425a245449f2582d2441f4b72da1e
10940567

***** GLOBAL STATISTICS ( 12288 MPI TASKS) *****

$Id: gptl.c,v 1.157 2011-03-28 20:55:18 rosinski Exp $
'count' is cumulative. All other stats are max/min
name                           processes  threads        count      walltotal   wallmax (proc   thrd  )   wallmin (proc   thrd  )
"Total"                            12288    12288 1.228800e+04   4.052531e+06   329.836 ( 11807      0)   329.761 (  3399      0)
"prim_init1"                       12288    12288 1.228800e+04   1.663474e+04     1.447 (  9808      0)     1.253 (  2412      0)
"PartitioningTime"                 12288    12288 1.228800e+04   2.311242e+02     0.046 (  4862      0)     0.000 (  9041      0)
"repro_sum_int"                    12288    12288 5.529600e+05   6.065333e+03     1.199 (     4      0)     0.048 (  7983      0)
"prim_init2"                       12288    12288 1.228800e+04   8.750938e+03     1.438 (    10      0)     0.273 (  9606      0)
"prim_printstate"                  12288    12288 1.228800e+04   7.703373e+02     0.083 (  1658      0)     0.044 (  5292      0)
"interp_movie_output"              12288    12288 2.457600e+04   1.238594e+02     0.052 ( 10788      0)     0.002 (  5575      0)
"prim_main_loop"                   12288    12288 1.228800e+04   4.000178e+06   325.551 (  7197      0)   325.487 ( 10810      0)
"prim_run"                         12288    12288 6.291456e+07   3.999972e+06   325.542 (  7637      0)   325.477 (  3472      0)
"ApplyCAMForcing"                  12288    12288 6.291456e+07   2.333419e+04     2.131 (  1184      0)     1.820 (  3215      0)
"prim_step_rX"                     12288    12288 1.887437e+08   3.734652e+06   305.107 (  8616      0)   301.770 (  1210      0)
"prim_step_dyn"                    12288    12288 1.887437e+08   1.079984e+06   113.241 (  6277      0)    65.388 (  7968      0)
"prim_advance_exp"                 12288    12288 1.887437e+08   1.079535e+06   113.207 (  6277      0)    65.346 (  7968      0)
"U3-5stage_timestep"               12288    12288 1.887437e+08   5.639522e+05    71.218 (  9403      0)    28.279 (  3541      0)
"compute_and_apply_rhs"            12288    12288 9.437184e+08   5.618151e+05    71.035 (  9403      0)    28.111 (  3541      0)
"caar_bexchV"                      12288    12288 9.437184e+08   4.456743e+05    60.765 (  9403      0)    18.899 (  3541      0)
"advance_hypervis_dp"              12288    12288 1.887437e+08   5.150628e+05    53.794 ( 11653      0)    32.581 (  7823      0)
"biwkdp3d_bexchV"                  12288    12288 5.662310e+08   2.008523e+05    24.405 (  6277      0)    11.496 ( 10786      0)
"ahdp_bexchV2"                     12288    12288 5.662310e+08   2.016198e+05    24.735 ( 11864      0)    11.338 (  7780      0)
"prim_step_advec"                  12288    12288 1.887437e+08   2.647896e+06   237.083 (  7967      0)   189.847 (  6277      0)
"PAT_remap"                        12288    12288 1.887437e+08   2.647574e+06   237.057 (  7967      0)   189.821 (  6277      0)
"prim_advec_tracers_remap_rk2"     12288    12288 1.887437e+08   2.647114e+06   237.024 (  7967      0)   189.779 (  6277      0)
"precomput_divdp"                  12288    12288 1.887437e+08   5.784934e+03     0.771 ( 11768      0)     0.293 (   284      0)
"euler_step_0"                     12288    12288 1.887437e+08   7.645645e+05    78.078 (  7957      0)    48.590 ( 12271      0)
"bihmix_qminmax"                   12288    12288 5.662310e+08   1.236590e+06   120.358 (  7946      0)    82.582 (  7033      0)
"eus_neighbor_minmax1"             12288    12288 1.887437e+08   2.296641e+05    28.855 (  7960      0)    10.931 (  6374      0)
"nmm_bexchV"                       12288    12288 1.887437e+08   1.639584e+05    21.969 (  7960      0)     5.960 (  6374      0)
"eus_2d_advec"                     12288    12288 5.662310e+08   1.348731e+06   137.643 (  7974      0)    93.641 ( 10309      0)
"eus_bexchV"                       12288    12288 5.662310e+08   6.496046e+05    82.729 (  7974      0)    37.814 ( 11674      0)
"euler_step_1"                     12288    12288 1.887437e+08   4.684936e+05    46.013 (  8046      0)    32.807 ( 10312      0)
"euler_step_2"                     12288    12288 1.887437e+08   1.354592e+06   120.700 ( 10745      0)    95.813 (  6587      0)
"nmm_bexchS_start"                 12288    12288 1.887437e+08   7.680238e+03     1.313 (  7966      0)     0.266 (  6460      0)
"biwksc_bexchV"                    12288    12288 1.887437e+08   3.238511e+05    36.314 ( 11007      0)    16.589 (  5434      0)
"nmm_bexchS_fini"                  12288    12288 1.887437e+08   6.489029e+03     0.836 (  3585      0)     0.456 (  6127      0)
"qdp_tavg"                         12288    12288 1.887437e+08   5.211797e+04     4.632 (  1188      0)     4.089 (  8234      0)
"vertical_remap"                   12288    12288 6.291456e+07   1.837460e+05    16.183 (  1210      0)    14.663 (  8714      0)
"vertical_remap1_1"                12288    12288 1.258291e+08   1.107523e+04     1.002 (  1210      0)     0.865 (  4436      0)
"remap_Q_ppm"                      12288    12288 3.774874e+08   1.803496e+05    15.841 (  1210      0)    14.402 (  8714      0)
"vertical_remap1_2"                12288    12288 1.258291e+08   1.406465e+04     1.239 (  1210      0)     1.128 (  3572      0)
"vertical_remap1_3"                12288    12288 1.258291e+08   1.556736e+05    13.651 (  1210      0)    12.432 (  8714      0)
"prim_run_subcyle_diags"           12288    12288 6.291456e+07   4.903466e+04     5.100 (  1184      0)     2.970 (  7319      0)
"t_prf"                                0        0 0.000000e+00   0.000000e+00     0.000 (     0      0)     0.000 (     0      0)

10940567
