LAST_GIT_COMMIT_SHA:STRING=4790f40f2fb6acbc051ce4c988681a628c18e83d

***** GLOBAL STATISTICS (   480 MPI TASKS) *****

$Id: gptl.c,v 1.157 2011-03-28 20:55:18 rosinski Exp $
'count' is cumulative. All other stats are max/min
name                               processes  threads        count      walltotal   wallmax (proc   thrd  )   wallmin (proc   thrd  )
Total                                    480      480 4.800000e+02   1.141861e+05   237.920 (   101      0)   237.853 (   241      0)
prim_init1                               480      480 4.800000e+02   3.067140e+02     0.657 (    58      0)     0.620 (   321      0)
repro_sum_int                            480      480 2.160000e+04   1.668599e+01     0.058 (    15      0)     0.020 (    92      0)
prim_init2                               480      480 4.800000e+02   2.330125e+02     0.501 (    98      0)     0.465 (    61      0)
prim_printstate                          480      480 4.800000e+02   2.974626e+01     0.064 (   339      0)     0.059 (    64      0)
interp_movie_output                      480      480 9.600000e+02   1.013255e-01     0.000 (   357      0)     0.000 (   279      0)
prim_main_loop                           480      480 4.800000e+02   1.123527e+05   234.099 (   101      0)   234.037 (   453      0)
prim_run                                 480      480 4.800000e+04   1.123524e+05   234.099 (   101      0)   234.036 (   453      0)
tl-sc prim_run_subcycle_c                480      480 4.800000e+04   1.123149e+05   234.019 (   101      0)   233.956 (   453      0)
tl-sc dp3d-from-ps                       480      480 4.800000e+04   1.411794e+01     0.035 (    18      0)     0.022 (    71      0)
tl-sc prim_step-loop                     480      480 4.800000e+04   1.053305e+05   219.897 (   390      0)   219.060 (   214      0)
tl-s prim_step                           480      480 1.440000e+05   1.053300e+05   219.897 (   390      0)   219.059 (   214      0)
tl-s deep_copy+derived_dp                480      480 1.440000e+05   2.582294e+02     0.649 (   238      0)     0.341 (    64      0)
tl-s prim_advance_exp-loop               480      480 1.440000e+05   2.101656e+04    47.936 (   300      0)    40.188 (   158      0)
tl-ae prim_advance_exp                   480      480 1.440000e+05   2.101573e+04    47.934 (   300      0)    40.186 (   158      0)
tl-ae U3-5stage_timestep                 480      480 1.440000e+05   1.022155e+04    25.748 (   405      0)    18.251 (   260      0)
caar compute                             480      480 7.200000e+05   3.517700e+03     8.258 (   320      0)     6.603 (   387      0)
caar_bexchV                              480      480 7.200000e+05   6.544853e+03    18.278 (   405      0)    10.240 (   101      0)
tl-ae advance_hypervis_dp                480      480 1.440000e+05   1.079252e+04    24.127 (   251      0)    21.136 (   326      0)
hvf-bhwk                                 480      480 4.320000e+05   5.892601e+03    14.059 (   251      0)    11.173 (   448      0)
hvf-bexch                                480      480 8.640000e+05   7.116318e+03    16.695 (   260      0)    13.187 (   326      0)
tl-s prim_advec_tracers_remap            480      480 1.440000e+05   8.405301e+04   178.523 (   158      0)   170.856 (    69      0)
tl-at prim_advec_tracers_remap_RK2       480      480 1.440000e+05   8.405208e+04   178.521 (   158      0)   170.854 (    69      0)
tl-at precompute_divdp                   480      480 1.440000e+05   1.617548e+02     0.406 (   334      0)     0.220 (   159      0)
tl-at esf-0                              480      480 1.440000e+05   2.392620e+04    51.599 (   101      0)    48.339 (   300      0)
tl-at esf-1                              480      480 1.440000e+05   1.845835e+04    39.679 (   332      0)    37.286 (   401      0)
tl-at esf-2                              480      480 1.440000e+05   3.854854e+04    83.289 (    96      0)    77.082 (    69      0)
tl-at qdp_time_avg                       480      480 1.440000e+05   2.951982e+03     6.886 (   136      0)     4.400 (    71      0)
tl-sc vertical_remap                     480      480 4.800000e+04   5.873643e+03    12.671 (   420      0)    11.813 (   390      0)
Remap Thickness Functor                  480      480 4.800000e+04   5.894540e+01     0.153 (    87      0)     0.089 (   286      0)
Remap Scale States Functor               480      480 4.800000e+04   4.575789e+01     0.139 (   404      0)     0.046 (   286      0)
Remap Compute Grids Functor              480      480 4.800000e+04   3.536105e+02     1.083 (   404      0)     0.466 (   390      0)
Remap Compute Remap Functor              480      480 4.800000e+04   5.367000e+03    11.613 (   214      0)    11.067 (   363      0)
Remap Rescale States Functor             480      480 4.800000e+04   4.381142e+01     0.111 (   354      0)     0.081 (   404      0)
tl-sc Q-from-qdp                         480      480 4.800000e+04   1.095852e+03     2.444 (   128      0)     2.035 (   405      0)
t_prf                                      0        0 0.000000e+00   0.000000e+00     0.000 (     0      0)     0.000 (     0      0)

