LAST_GIT_COMMIT_SHA:STRING=4790f40f2fb6acbc051ce4c988681a628c18e83d

***** GLOBAL STATISTICS ( 12800 MPI TASKS) *****

$Id: gptl.c,v 1.157 2011-03-28 20:55:18 rosinski Exp $
'count' is cumulative. All other stats are max/min
name                               processes  threads        count      walltotal   wallmax (proc   thrd  )   wallmin (proc   thrd  )
Total                                  12800    12800 1.280000e+04   3.363814e+06   262.877 (  1923      0)   262.719 ( 11210      0)
prim_init1                             12800    12800 1.280000e+04   3.363604e+04     2.753 (  4595      0)     2.506 ( 11320      0)
repro_sum_int                          12800    12800 5.760000e+05   1.107323e+04     4.295 (    26      0)     0.078 (  4060      0)
prim_init2                             12800    12800 1.280000e+04   3.018609e+04     5.541 ( 12381      0)     1.330 (  2154      0)
prim_printstate                        12800    12800 1.280000e+04   2.438107e+03     0.207 (  2520      0)     0.174 (  9662      0)
interp_movie_output                    12800    12800 2.560000e+04   2.643485e+02     0.054 (  9844      0)     0.002 ( 10783      0)
prim_main_loop                         12800    12800 1.280000e+04   3.218572e+06   251.507 (  6799      0)   251.389 (  4215      0)
prim_run                               12800    12800 3.413760e+07   3.218425e+06   251.502 (  6803      0)   251.365 (  4192      0)
tl-sc prim_run_subcycle_c              12800    12800 3.413760e+07   3.217794e+06   251.431 (  7632      0)   251.325 (  9827      0)
tl-sc dp3d-from-ps                     12800    12800 3.413760e+07   4.118061e+02     0.057 (  7072      0)     0.019 (  8937      0)
tl-sc prim_step-loop                   12800    12800 3.413760e+07   3.037673e+06   237.726 ( 10103      0)   236.282 (  4202      0)
tl-s prim_step                         12800    12800 1.024128e+08   3.037491e+06   237.715 ( 10103      0)   236.264 (  4202      0)
tl-s deep_copy+derived_dp              12800    12800 1.024128e+08   5.774404e+03     0.652 ( 11239      0)     0.300 (   758      0)
tl-s prim_advance_exp-loop             12800    12800 1.024128e+08   7.758779e+05    74.519 (  8062      0)    43.880 (  2892      0)
tl-ae prim_advance_exp                 12800    12800 1.024128e+08   7.755292e+05    74.495 (  8062      0)    43.865 (  2892      0)
tl-ae U3-5stage_timestep               12800    12800 1.024128e+08   4.019328e+05    50.350 ( 12421      0)    19.720 (  1628      0)
caar compute                           12800    12800 5.120640e+08   7.435987e+04     6.445 (  1348      0)     5.430 (  5006      0)
caar_bexchV                            12800    12800 5.120640e+08   3.240813e+05    44.029 ( 12421      0)    13.816 (  1628      0)
tl-ae advance_hypervis_dp              12800    12800 1.024128e+08   3.733017e+05    39.273 ( 12552      0)    20.764 (  2863      0)
hvf-bhwk                               12800    12800 3.072384e+08   2.033880e+05    24.776 ( 12549      0)    11.332 (  2830      0)
hvf-bexch                              12800    12800 6.144768e+08   3.043333e+05    33.862 ( 12552      0)    15.321 (  2840      0)
tl-s prim_advec_tracers_remap          12800    12800 1.024128e+08   2.255263e+06   193.079 (  2892      0)   161.946 (  8062      0)
tl-at prim_advec_tracers_remap_RK2     12800    12800 1.024128e+08   2.254983e+06   193.060 (  2892      0)   161.923 (  8062      0)
tl-at precompute_divdp                 12800    12800 1.024128e+08   3.921023e+03     0.539 ( 12167      0)     0.180 (  1044      0)
tl-at esf-0                            12800    12800 1.024128e+08   6.914926e+05    63.619 (  1982      0)    42.655 (  6609      0)
tl-at esf-1                            12800    12800 1.024128e+08   4.598149e+05    41.385 (  2513      0)    31.805 (  2884      0)
tl-at esf-2                            12800    12800 1.024128e+08   1.052487e+06   100.636 (  7632      0)    72.314 (  7567      0)
tl-at qdp_time_avg                     12800    12800 1.024128e+08   4.576590e+04     4.175 (  7120      0)     3.234 (  7139      0)
tl-sc vertical_remap                   12800    12800 3.413760e+07   1.561868e+05    13.236 (  3389      0)    11.801 (  6184      0)
Remap Thickness Functor                12800    12800 3.413760e+07   2.262810e+03     0.284 (  3958      0)     0.098 (  2858      0)
Remap Scale States Functor             12800    12800 3.413760e+07   9.465910e+02     0.135 (  5423      0)     0.035 (  2975      0)
Remap Compute Grids Functor            12800    12800 3.413760e+07   7.294822e+03     0.851 (  7122      0)     0.438 (   689      0)
Remap Compute Remap Functor            12800    12800 3.413760e+07   1.429311e+05    12.030 (  4202      0)    10.962 (  9706      0)
Remap Rescale States Functor           12800    12800 3.413760e+07   1.081844e+03     0.090 (  1088      0)     0.083 (  8017      0)
tl-sc Q-from-qdp                       12800    12800 3.413760e+07   2.332895e+04     1.946 (  6720      0)     1.790 ( 12404      0)
t_prf                                      0        0 0.000000e+00   0.000000e+00     0.000 (     0      0)     0.000 (     0      0)

