LAST_GIT_COMMIT_SHA:STRING=4790f40f2fb6acbc051ce4c988681a628c18e83d

***** GLOBAL STATISTICS (   512 MPI TASKS) *****

$Id: gptl.c,v 1.157 2011-03-28 20:55:18 rosinski Exp $
'count' is cumulative. All other stats are max/min
name                               processes  threads        count      walltotal   wallmax (proc   thrd  )   wallmin (proc   thrd  )
Total                                    512      512 5.120000e+02   2.811458e+04    54.914 (    70      0)    54.907 (   336      0)
prim_init1                               512      512 5.120000e+02   4.515850e+01     0.089 (     0      0)     0.087 (   497      0)
repro_sum_int                            512      512 2.304000e+04   7.682953e+00     0.034 (    26      0)     0.005 (   490      0)
prim_init2                               512      512 5.120000e+02   3.016930e+01     0.077 (   328      0)     0.049 (    79      0)
prim_printstate                          512      512 5.120000e+02   4.771975e+00     0.011 (     0      0)     0.009 (   146      0)
interp_movie_output                      512      512 1.024000e+03   1.190081e-01     0.000 (   497      0)     0.000 (   125      0)
prim_main_loop                           512      512 5.120000e+02   2.797701e+04    54.645 (    70      0)    54.639 (   336      0)
prim_run                                 512      512 3.276800e+05   2.797641e+04    54.644 (    64      0)    54.638 (   336      0)
tl-sc prim_run_subcycle_c                512      512 3.276800e+05   2.797386e+04    54.639 (    14      0)    54.634 (   140      0)
tl-sc dp3d-from-ps                       512      512 3.276800e+05   2.545728e+00     0.006 (    22      0)     0.005 (   363      0)
tl-sc prim_step-loop                     512      512 3.276800e+05   2.626199e+04    51.351 (   106      0)    51.121 (   146      0)
tl-s prim_step                           512      512 9.830400e+05   2.625994e+04    51.348 (   106      0)    51.116 (   146      0)
tl-s deep_copy+derived_dp                512      512 9.830400e+05   5.565676e+01     0.159 (   465      0)     0.073 (   161      0)
tl-s prim_advance_exp-loop               512      512 9.830400e+05   4.362310e+03    11.502 (   145      0)     5.367 (    14      0)
tl-ae prim_advance_exp                   512      512 9.830400e+05   4.360423e+03    11.498 (   145      0)     5.364 (    14      0)
tl-ae U3-5stage_timestep                 512      512 9.830400e+05   2.663540e+03     7.885 (   238      0)     2.800 (    14      0)
caar compute                             512      512 4.915200e+06   7.088135e+02     1.498 (   238      0)     1.301 (   220      0)
caar_bexchV                              512      512 4.915200e+06   1.923668e+03     6.324 (   238      0)     1.414 (    14      0)
tl-ae advance_hypervis_dp                512      512 9.830400e+05   1.694303e+03     4.964 (   465      0)     2.560 (    14      0)
hvf-bhwk                                 512      512 2.949120e+06   1.037201e+03     3.019 (   459      0)     1.592 (    14      0)
hvf-bexch                                512      512 5.898240e+06   1.041742e+03     3.698 (   465      0)     1.236 (    68      0)
tl-s prim_advec_tracers_remap            512      512 9.830400e+05   2.183766e+04    45.880 (    14      0)    39.544 (   145      0)
tl-at prim_advec_tracers_remap_RK2       512      512 9.830400e+05   2.183493e+04    45.875 (    14      0)    39.538 (   145      0)
tl-at precompute_divdp                   512      512 9.830400e+05   3.828628e+01     0.132 (   284      0)     0.044 (   318      0)
tl-at esf-0                              512      512 9.830400e+05   6.946085e+03    15.688 (     7      0)     9.585 (   302      0)
tl-at esf-1                              512      512 9.830400e+05   4.387967e+03     9.895 (   209      0)     7.872 (   144      0)
tl-at esf-2                              512      512 9.830400e+05   1.000304e+04    21.957 (    21      0)    17.311 (   142      0)
tl-at qdp_time_avg                       512      512 9.830400e+05   4.445403e+02     1.015 (   465      0)     0.778 (   286      0)
tl-sc vertical_remap                     512      512 3.276800e+05   1.483333e+03     3.074 (   146      0)     2.833 (    40      0)
Remap Thickness Functor                  512      512 3.276800e+05   1.502497e+01     0.041 (   465      0)     0.023 (   157      0)
Remap Scale States Functor               512      512 3.276800e+05   7.761878e+00     0.025 (   465      0)     0.010 (   227      0)
Remap Compute Grids Functor              512      512 3.276800e+05   6.953114e+01     0.194 (   465      0)     0.107 (   161      0)
Remap Compute Remap Functor              512      512 3.276800e+05   1.376767e+03     2.808 (   146      0)     2.657 (   167      0)
Remap Rescale States Functor             512      512 3.276800e+05   1.034239e+01     0.021 (    41      0)     0.020 (   459      0)
tl-sc Q-from-qdp                         512      512 3.276800e+05   2.239863e+02     0.459 (   288      0)     0.429 (   274      0)
t_prf                                      0        0 0.000000e+00   0.000000e+00     0.000 (     0      0)     0.000 (     0      0)

