LAST_GIT_COMMIT_SHA:STRING=adf77c97ed8425a245449f2582d2441f4b72da1e
10940542

***** GLOBAL STATISTICS (   128 MPI TASKS) *****

$Id: gptl.c,v 1.157 2011-03-28 20:55:18 rosinski Exp $
'count' is cumulative. All other stats are max/min
name                           processes  threads        count      walltotal   wallmax (proc   thrd  )   wallmin (proc   thrd  )
"Total"                              128      128 1.280000e+02   1.303896e+04   101.882 (    98      0)   101.842 (    55      0)
"prim_init1"                         128      128 1.280000e+02   2.274157e+01     0.179 (   114      0)     0.177 (    40      0)
"PartitioningTime"                   128      128 1.280000e+02   1.973650e-01     0.002 (    87      0)     0.000 (    27      0)
"repro_sum_int"                      128      128 5.760000e+03   6.325440e-01     0.007 (    28      0)     0.004 (   101      0)
"prim_init2"                         128      128 1.280000e+02   1.144603e+01     0.093 (     0      0)     0.088 (   119      0)
"prim_printstate"                    128      128 1.280000e+02   2.057352e+00     0.018 (     0      0)     0.014 (     4      0)
"interp_movie_output"                128      128 2.560000e+02   7.772136e-02     0.001 (    87      0)     0.000 (    10      0)
"prim_main_loop"                     128      128 1.280000e+02   1.296302e+04   101.289 (    98      0)   101.249 (    55      0)
"prim_run"                           128      128 8.576000e+03   1.296293e+04   101.288 (    98      0)   101.248 (    55      0)
"ApplyCAMForcing"                    128      128 8.576000e+03   1.731167e+02     1.644 (   108      0)     1.018 (    17      0)
"prim_step_rX"                       128      128 2.572800e+04   1.191256e+04    93.631 (    17      0)    92.736 (   100      0)
"prim_step_dyn"                      128      128 2.572800e+04   2.293568e+03    20.617 (    17      0)    16.240 (   114      0)
"prim_advance_exp"                   128      128 2.572800e+04   2.293338e+03    20.615 (    17      0)    16.238 (   114      0)
"U3-5stage_timestep"                 128      128 2.572800e+04   1.196549e+03    12.127 (    10      0)     7.784 (   114      0)
"compute_and_apply_rhs"              128      128 1.286400e+05   1.176496e+03    12.007 (    10      0)     7.564 (   116      0)
"caar_bexchV"                        128      128 1.286400e+05   6.163444e+02     8.107 (    10      0)     2.683 (   116      0)
"advance_hypervis_dp"                128      128 2.572800e+04   1.096495e+03     9.182 (    92      0)     8.255 (   104      0)
"biwkdp3d_bexchV"                    128      128 7.718400e+04   2.390577e+02     2.680 (     1      0)     1.134 (   100      0)
"ahdp_bexchV2"                       128      128 7.718400e+04   2.470977e+02     2.699 (    67      0)     1.248 (    42      0)
"prim_step_advec"                    128      128 2.572800e+04   9.584437e+03    76.309 (   114      0)    72.701 (    10      0)
"PAT_remap"                          128      128 2.572800e+04   9.584340e+03    76.308 (   114      0)    72.701 (    10      0)
"prim_advec_tracers_remap_rk2"       128      128 2.572800e+04   9.584180e+03    76.307 (   114      0)    72.699 (    14      0)
"precomput_divdp"                    128      128 2.572800e+04   2.333251e+01     0.212 (    31      0)     0.138 (    76      0)
"euler_step_0"                       128      128 2.572800e+04   2.663793e+03    22.202 (    24      0)    19.278 (    17      0)
"bihmix_qminmax"                     128      128 7.718400e+04   4.563020e+03    37.022 (   126      0)    33.572 (    27      0)
"eus_neighbor_minmax1"               128      128 2.572800e+04   6.970338e+02     6.128 (    21      0)     4.424 (    27      0)
"nmm_bexchV"                         128      128 2.572800e+04   3.252707e+02     3.404 (    24      0)     1.636 (    60      0)
"eus_2d_advec"                       128      128 7.718400e+04   4.692845e+03    38.984 (    25      0)    34.221 (    79      0)
"eus_bexchV"                         128      128 7.718400e+04   1.277185e+03    12.220 (    27      0)     7.691 (    79      0)
"euler_step_1"                       128      128 2.572800e+04   1.886385e+03    15.232 (   122      0)    14.082 (    77      0)
"euler_step_2"                       128      128 2.572800e+04   4.706923e+03    37.662 (   123      0)    35.506 (    17      0)
"nmm_bexchS_start"                   128      128 2.572800e+04   1.680020e+00     0.018 (   101      0)     0.009 (    46      0)
"biwksc_bexchV"                      128      128 2.572800e+04   4.443300e+02     4.142 (   115      0)     2.679 (    41      0)
"nmm_bexchS_fini"                    128      128 2.572800e+04   1.891369e+02     1.734 (   124      0)     1.250 (     1      0)
"qdp_tavg"                           128      128 2.572800e+04   3.031326e+02     2.852 (   124      0)     1.673 (    30      0)
"vertical_remap"                     128      128 8.576000e+03   6.113145e+02     4.853 (    51      0)     4.721 (    87      0)
"vertical_remap1_1"                  128      128 4.116480e+05   3.416151e+01     0.271 (   127      0)     0.264 (   115      0)
"remap_Q_ppm"                        128      128 1.234944e+06   6.015556e+02     4.766 (    51      0)     4.649 (    87      0)
"vertical_remap1_2"                  128      128 4.116480e+05   4.578518e+01     0.359 (   126      0)     0.356 (    69      0)
"vertical_remap1_3"                  128      128 4.116480e+05   5.227849e+02     4.149 (    51      0)     4.036 (    87      0)
"prim_run_subcyle_diags"             128      128 8.576000e+03   2.269233e+02     2.203 (    30      0)     1.508 (    52      0)
"t_prf"                                0        0 0.000000e+00   0.000000e+00     0.000 (     0      0)     0.000 (     0      0)

10940542
