LAST_GIT_COMMIT_SHA:STRING=adf77c97ed8425a245449f2582d2441f4b72da1e
10940591

***** GLOBAL STATISTICS ( 12800 MPI TASKS) *****

$Id: gptl.c,v 1.157 2011-03-28 20:55:18 rosinski Exp $
'count' is cumulative. All other stats are max/min
name                           processes  threads        count      walltotal   wallmax (proc   thrd  )   wallmin (proc   thrd  )
"Total"                            12800    12800 1.280000e+04   3.321013e+06   259.512 (  1571      0)   259.421 ( 11401      0)
"prim_init1"                       12800    12800 1.280000e+04   1.549007e+04     1.290 (  2137      0)     1.143 (  2356      0)
"PartitioningTime"                 12800    12800 1.280000e+04   1.113428e+02     0.020 ( 11264      0)     0.001 (  6180      0)
"repro_sum_int"                    12800    12800 5.760000e+05   1.074476e+04     3.540 (    11      0)     0.045 (  1668      0)
"prim_init2"                       12800    12800 1.280000e+04   1.326853e+04     3.756 (    18      0)     0.243 ( 11579      0)
"prim_printstate"                  12800    12800 1.280000e+04   7.625757e+02     0.084 (   557      0)     0.041 (  3869      0)
"interp_movie_output"              12800    12800 2.560000e+04   1.209849e+02     0.022 (  2764      0)     0.000 (  7913      0)
"prim_main_loop"                   12800    12800 1.280000e+04   3.221991e+06   251.737 (  1274      0)   251.698 (  7036      0)
"prim_run"                         12800    12800 3.413760e+07   3.221862e+06   251.727 (  1530      0)   251.687 (  7033      0)
"ApplyCAMForcing"                  12800    12800 3.413760e+07   2.074680e+04     1.988 (  6720      0)     1.433 (  5934      0)
"prim_step_rX"                     12800    12800 1.024128e+08   2.999409e+06   235.323 ( 10322      0)   232.188 (  1252      0)
"prim_step_dyn"                    12800    12800 1.024128e+08   7.523756e+05    78.201 (  6958      0)    41.246 (  6724      0)
"prim_advance_exp"                 12800    12800 1.024128e+08   7.520492e+05    78.181 (  6958      0)    41.222 (  6724      0)
"U3-5stage_timestep"               12800    12800 1.024128e+08   4.064930e+05    53.202 (  1454      0)    19.069 (  1370      0)
"compute_and_apply_rhs"            12800    12800 5.120640e+08   4.048503e+05    53.074 (  1454      0)    18.931 (  1370      0)
"caar_bexchV"                      12800    12800 5.120640e+08   3.096237e+05    45.440 (  1454      0)    11.272 (  1370      0)
"advance_hypervis_dp"              12800    12800 1.024128e+08   3.452390e+05    36.852 (  1649      0)    19.703 (  9203      0)
"biwkdp3d_bexchV"                  12800    12800 3.072384e+08   1.275792e+05    15.793 (  4495      0)     6.225 (  9206      0)
"ahdp_bexchV2"                     12800    12800 3.072384e+08   1.286412e+05    16.280 (  1647      0)     6.341 (  9203      0)
"prim_step_advec"                  12800    12800 1.024128e+08   2.241655e+06   192.233 (  6720      0)   155.632 (  8657      0)
"PAT_remap"                        12800    12800 1.024128e+08   2.241457e+06   192.216 (  6720      0)   155.619 (  8657      0)
"prim_advec_tracers_remap_rk2"     12800    12800 1.024128e+08   2.241147e+06   192.194 (  6720      0)   155.594 (  8657      0)
"precomput_divdp"                  12800    12800 1.024128e+08   5.475045e+03     0.704 (   662      0)     0.254 (  7105      0)
"euler_step_0"                     12800    12800 1.024128e+08   6.525155e+05    62.711 (  8218      0)    37.448 (  1233      0)
"bihmix_qminmax"                   12800    12800 3.072384e+08   1.034887e+06    97.055 (  8191      0)    66.483 (   265      0)
"eus_neighbor_minmax1"             12800    12800 1.024128e+08   1.891524e+05    22.612 (  6718      0)     8.529 (  8649      0)
"nmm_bexchV"                       12800    12800 1.024128e+08   1.318405e+05    17.660 (  3479      0)     4.624 (  6821      0)
"eus_2d_advec"                     12800    12800 3.072384e+08   1.154902e+06   113.932 (  6722      0)    77.916 ( 12753      0)
"eus_bexchV"                       12800    12800 3.072384e+08   5.292268e+05    66.547 (  6722      0)    27.255 (  6248      0)
"euler_step_1"                     12800    12800 1.024128e+08   4.247300e+05    39.751 (  6865      0)    29.019 (  7551      0)
"euler_step_2"                     12800    12800 1.024128e+08   1.114298e+06   100.354 (  6722      0)    76.440 (  6446      0)
"nmm_bexchS_start"                 12800    12800 1.024128e+08   5.409918e+03     0.689 (  6671      0)     0.245 (  7888      0)
"biwksc_bexchV"                    12800    12800 1.024128e+08   2.603369e+05    29.522 (  1535      0)    11.675 (  3444      0)
"nmm_bexchS_fini"                  12800    12800 1.024128e+08   9.073902e+03     1.009 (  7736      0)     0.425 (   238      0)
"qdp_tavg"                         12800    12800 1.024128e+08   4.309941e+04     3.760 (  1254      0)     3.198 (  7139      0)
"vertical_remap"                   12800    12800 3.413760e+07   1.497692e+05    12.416 (  1260      0)    11.461 (  8790      0)
"vertical_remap1_1"                12800    12800 1.024128e+08   8.951456e+03     0.752 (  1260      0)     0.673 (  1458      0)
"remap_Q_ppm"                      12800    12800 3.072384e+08   1.471027e+05    12.178 (  1260      0)    11.265 (  8790      0)
"vertical_remap1_2"                12800    12800 1.024128e+08   1.141719e+04     0.942 (  1260      0)     0.882 (  6145      0)
"vertical_remap1_3"                12800    12800 1.024128e+08   1.270821e+05    10.512 (  1260      0)     9.722 (  8790      0)
"prim_run_subcyle_diags"           12800    12800 3.413760e+07   4.434501e+04     4.942 (  6724      0)     2.603 (  9774      0)
"t_prf"                                0        0 0.000000e+00   0.000000e+00     0.000 (     0      0)     0.000 (     0      0)

10940591
