LAST_GIT_COMMIT_SHA:STRING=4790f40f2fb6acbc051ce4c988681a628c18e83d

***** GLOBAL STATISTICS (   128 MPI TASKS) *****

$Id: gptl.c,v 1.157 2011-03-28 20:55:18 rosinski Exp $
'count' is cumulative. All other stats are max/min
name                               processes  threads        count      walltotal   wallmax (proc   thrd  )   wallmin (proc   thrd  )
Total                                    128      128 1.280000e+02   6.919967e+03    54.064 (    31      0)    54.060 (    20      0)
prim_init1                               128      128 1.280000e+02   7.137962e+00     0.057 (     0      0)     0.055 (    94      0)
repro_sum_int                            128      128 5.760000e+03   8.402700e-01     0.016 (    17      0)     0.003 (    36      0)
prim_init2                               128      128 1.280000e+02   1.051177e+01     0.086 (     3      0)     0.078 (    36      0)
prim_printstate                          128      128 1.280000e+02   1.194838e+00     0.012 (     0      0)     0.009 (    56      0)
interp_movie_output                      128      128 2.560000e+02   2.435613e-02     0.000 (     7      0)     0.000 (    97      0)
prim_main_loop                           128      128 1.280000e+02   6.890642e+03    53.835 (    64      0)    53.831 (    20      0)
prim_run                                 128      128 2.048000e+04   6.890563e+03    53.834 (    64      0)    53.830 (    20      0)
tl-sc prim_run_subcycle_c                128      128 2.048000e+04   6.888934e+03    53.822 (    96      0)    53.816 (    20      0)
tl-sc dp3d-from-ps                       128      128 2.048000e+04   8.698881e-01     0.009 (    78      0)     0.005 (   103      0)
tl-sc prim_step-loop                     128      128 2.048000e+04   6.447374e+03    50.473 (   103      0)    50.245 (    18      0)
tl-s prim_step                           128      128 6.144000e+04   6.447183e+03    50.472 (   103      0)    50.243 (    18      0)
tl-s deep_copy+derived_dp                128      128 6.144000e+04   1.561348e+01     0.161 (    80      0)     0.077 (    88      0)
tl-s prim_advance_exp-loop               128      128 6.144000e+04   6.594444e+02     6.491 (    79      0)     4.150 (    96      0)
tl-ae prim_advance_exp                   128      128 6.144000e+04   6.592430e+02     6.490 (    79      0)     4.149 (    96      0)
tl-ae U3-5stage_timestep                 128      128 6.144000e+04   4.081475e+02     4.543 (    79      0)     2.185 (    96      0)
caar compute                             128      128 3.072000e+05   1.880977e+02     1.614 (    52      0)     1.347 (    95      0)
caar_bexchV                              128      128 3.072000e+05   2.125541e+02     2.892 (    79      0)     0.744 (    96      0)
tl-ae advance_hypervis_dp                128      128 6.144000e+04   2.508408e+02     2.138 (     1      0)     1.924 (   112      0)
hvf-bhwk                                 128      128 1.843200e+05   1.649541e+02     1.483 (     1      0)     1.258 (    76      0)
hvf-bexch                                128      128 3.686400e+05   9.014197e+01     0.884 (     1      0)     0.669 (    20      0)
tl-s prim_advec_tracers_remap            128      128 6.144000e+04   5.771713e+03    46.220 (    96      0)    43.598 (    79      0)
tl-at prim_advec_tracers_remap_RK2       128      128 6.144000e+04   5.771430e+03    46.218 (    96      0)    43.595 (    79      0)
tl-at precompute_divdp                   128      128 6.144000e+04   1.091993e+01     0.118 (    30      0)     0.052 (   116      0)
tl-at esf-0                              128      128 6.144000e+04   1.700901e+03    14.591 (    96      0)    11.321 (    81      0)
tl-at esf-1                              128      128 6.144000e+04   1.243284e+03    10.471 (    81      0)     9.306 (   123      0)
tl-at esf-2                              128      128 6.144000e+04   2.643893e+03    21.307 (    17      0)    19.658 (   108      0)
tl-at qdp_time_avg                       128      128 6.144000e+04   1.706829e+02     1.551 (    21      0)     0.999 (    88      0)
tl-sc vertical_remap                     128      128 2.048000e+04   3.751305e+02     3.094 (    79      0)     2.833 (   103      0)
Remap Thickness Functor                  128      128 2.048000e+04   3.957127e+00     0.040 (    79      0)     0.021 (    88      0)
Remap Scale States Functor               128      128 2.048000e+04   2.479495e+00     0.030 (    79      0)     0.009 (    88      0)
Remap Compute Grids Functor              128      128 2.048000e+04   2.197149e+01     0.275 (    79      0)     0.107 (    88      0)
Remap Compute Remap Functor              128      128 2.048000e+04   3.432881e+02     2.775 (    83      0)     2.662 (   103      0)
Remap Rescale States Functor             128      128 2.048000e+04   2.873615e+00     0.030 (    88      0)     0.020 (    52      0)
tl-sc Q-from-qdp                         128      128 2.048000e+04   6.530729e+01     0.548 (    29      0)     0.462 (    79      0)
t_prf                                      0        0 0.000000e+00   0.000000e+00     0.000 (     0      0)     0.000 (     0      0)

