LAST_GIT_COMMIT_SHA:STRING=adf77c97ed8425a245449f2582d2441f4b72da1e
10940558

***** GLOBAL STATISTICS (   256 MPI TASKS) *****

$Id: gptl.c,v 1.157 2011-03-28 20:55:18 rosinski Exp $
'count' is cumulative. All other stats are max/min
name                           processes  threads        count      walltotal   wallmax (proc   thrd  )   wallmin (proc   thrd  )
"Total"                              256      256 2.560000e+02   8.228127e+04   321.435 (   251      0)   321.389 (    11      0)
"prim_init1"                         256      256 2.560000e+02   7.714148e+01     0.303 (    39      0)     0.297 (   244      0)
"PartitioningTime"                   256      256 2.560000e+02   4.008551e-01     0.003 (    20      0)     0.001 (    51      0)
"repro_sum_int"                      256      256 1.152000e+04   1.983092e+00     0.012 (    11      0)     0.005 (    33      0)
"prim_init2"                         256      256 2.560000e+02   4.178106e+01     0.167 (    31      0)     0.161 (    34      0)
"prim_printstate"                    256      256 2.560000e+02   6.527795e+00     0.030 (     0      0)     0.025 (    80      0)
"interp_movie_output"                256      256 5.120000e+02   3.939867e-02     0.000 (   156      0)     0.000 (   111      0)
"prim_main_loop"                     256      256 2.560000e+02   8.186574e+04   319.812 (   251      0)   319.765 (    11      0)
"prim_run"                           256      256 2.739200e+04   8.186565e+04   319.811 (   251      0)   319.765 (    11      0)
"ApplyCAMForcing"                    256      256 2.739200e+04   1.371515e+03     5.698 (    62      0)     4.551 (    92      0)
"prim_step_rX"                       256      256 8.217600e+04   7.498025e+04   294.166 (    92      0)   292.128 (   125      0)
"prim_step_dyn"                      256      256 8.217600e+04   1.365337e+04    57.183 (   116      0)    49.590 (    36      0)
"prim_advance_exp"                   256      256 8.217600e+04   1.365265e+04    57.180 (   116      0)    49.587 (    36      0)
"U3-5stage_timestep"                 256      256 8.217600e+04   6.711923e+03    30.229 (   116      0)    22.878 (     0      0)
"compute_and_apply_rhs"              256      256 4.108800e+05   6.566636e+03    29.761 (   116      0)    22.265 (     0      0)
"caar_bexchV"                        256      256 4.108800e+05   2.597838e+03    15.332 (   116      0)     5.907 (   224      0)
"advance_hypervis_dp"                256      256 8.217600e+04   6.939681e+03    28.992 (   129      0)    25.649 (    33      0)
"biwkdp3d_bexchV"                    256      256 2.465280e+05   1.323019e+03     7.465 (   189      0)     3.097 (   250      0)
"ahdp_bexchV2"                       256      256 2.465280e+05   1.425787e+03     7.435 (   132      0)     3.583 (   227      0)
"prim_step_advec"                    256      256 8.217600e+04   6.107908e+04   242.197 (    36      0)   235.424 (   180      0)
"PAT_remap"                          256      256 8.217600e+04   6.107877e+04   242.196 (    36      0)   235.423 (   180      0)
"prim_advec_tracers_remap_rk2"       256      256 8.217600e+04   6.107825e+04   242.195 (    36      0)   235.421 (   180      0)
"precomput_divdp"                    256      256 8.217600e+04   1.446196e+02     0.659 (    28      0)     0.401 (    36      0)
"euler_step_0"                       256      256 8.217600e+04   1.688501e+04    68.121 (   231      0)    63.582 (   215      0)
"bihmix_qminmax"                     256      256 2.465280e+05   2.912779e+04   117.650 (    38      0)   109.199 (   126      0)
"eus_neighbor_minmax1"               256      256 8.217600e+04   4.425466e+03    19.927 (    36      0)    15.139 (   126      0)
"nmm_bexchV"                         256      256 8.217600e+04   1.893752e+03     9.259 (   198      0)     5.167 (   215      0)
"eus_2d_advec"                       256      256 2.465280e+05   2.961522e+04   120.092 (   218      0)   110.554 (    92      0)
"eus_bexchV"                         256      256 2.465280e+05   7.159293e+03    33.660 (   126      0)    22.090 (    92      0)
"euler_step_1"                       256      256 8.217600e+04   1.200070e+04    48.022 (   179      0)    45.718 (   178      0)
"euler_step_2"                       256      256 8.217600e+04   2.986139e+04   118.868 (   144      0)   114.082 (   180      0)
"nmm_bexchS_start"                   256      256 8.217600e+04   5.609784e+00     0.031 (    39      0)     0.013 (   126      0)
"biwksc_bexchV"                      256      256 8.217600e+04   2.432143e+03    11.837 (   144      0)     7.119 (   225      0)
"nmm_bexchS_fini"                    256      256 8.217600e+04   1.225933e+03     5.470 (    44      0)     3.616 (   124      0)
"qdp_tavg"                           256      256 8.217600e+04   2.184179e+03     9.297 (    92      0)     6.137 (   124      0)
"vertical_remap"                     256      256 2.739200e+04   3.876755e+03    15.364 (    92      0)    14.983 (   202      0)
"vertical_remap1_1"                  256      256 2.629632e+06   2.169610e+02     0.857 (    91      0)     0.841 (   167      0)
"remap_Q_ppm"                        256      256 7.888896e+06   3.817414e+03    15.106 (    92      0)    14.753 (   202      0)
"vertical_remap1_2"                  256      256 2.629632e+06   2.911816e+02     1.146 (    91      0)     1.129 (   124      0)
"vertical_remap1_3"                  256      256 2.629632e+06   3.316364e+03    13.137 (    92      0)    12.809 (   202      0)
"prim_run_subcyle_diags"             256      256 2.739200e+04   1.358110e+03     6.262 (   124      0)     4.895 (   116      0)
"t_prf"                                0        0 0.000000e+00   0.000000e+00     0.000 (     0      0)     0.000 (     0      0)

10940558
