LAST_GIT_COMMIT_SHA:STRING=4790f40f2fb6acbc051ce4c988681a628c18e83d

***** GLOBAL STATISTICS (   160 MPI TASKS) *****

$Id: gptl.c,v 1.157 2011-03-28 20:55:18 rosinski Exp $
'count' is cumulative. All other stats are max/min
name                               processes  threads        count      walltotal   wallmax (proc   thrd  )   wallmin (proc   thrd  )
Total                                    160      160 1.600000e+02   4.338647e+04   271.349 (   155      0)   270.540 (    57      0)
prim_init1                               160      160 1.600000e+02   1.440668e+02     0.901 (   118      0)     0.899 (   129      0)
repro_sum_int                            160      160 7.200000e+03   2.476408e+00     0.021 (   159      0)     0.010 (    41      0)
prim_init2                               160      160 1.600000e+02   3.902482e+02     2.454 (   133      0)     2.427 (    42      0)
prim_printstate                          160      160 1.600000e+02   4.309357e+01     0.273 (     0      0)     0.269 (    11      0)
interp_movie_output                      160      160 3.200000e+02   3.201842e-02     0.000 (     6      0)     0.000 (   156      0)
prim_main_loop                           160      160 1.600000e+02   4.198658e+04   262.602 (   155      0)   261.791 (    57      0)
prim_run                                 160      160 2.720000e+03   4.198653e+04   262.601 (   155      0)   261.791 (    57      0)
tl-sc prim_run_subcycle_c                160      160 2.720000e+03   4.192603e+04   262.295 (   155      0)   261.636 (    57      0)
tl-sc dp3d-from-ps                       160      160 2.720000e+03   5.051846e+00     0.044 (   120      0)     0.024 (    43      0)
tl-sc prim_step-loop                     160      160 2.720000e+03   3.928368e+04   246.066 (   151      0)   244.920 (    73      0)
tl-s prim_step                           160      160 8.160000e+03   3.928365e+04   246.066 (   151      0)   244.920 (    73      0)
tl-s deep_copy+derived_dp                160      160 8.160000e+03   9.167704e+01     0.747 (   126      0)     0.373 (    83      0)
tl-s prim_advance_exp-loop               160      160 8.160000e+03   7.454874e+03    55.784 (    57      0)    41.435 (    26      0)
tl-ae prim_advance_exp                   160      160 8.160000e+03   7.454801e+03    55.783 (    57      0)    41.435 (    26      0)
tl-ae U3-5stage_timestep                 160      160 8.160000e+03   3.688646e+03    32.527 (    57      0)    18.294 (   154      0)
caar compute                             160      160 4.080000e+04   1.356869e+03     9.281 (   100      0)     7.776 (    83      0)
caar_bexchV                              160      160 4.080000e+04   2.252922e+03    23.344 (    57      0)     8.896 (    96      0)
tl-ae advance_hypervis_dp                160      160 8.160000e+03   3.766039e+03    25.811 (    39      0)    22.282 (     2      0)
hvf-bhwk                                 160      160 2.448000e+04   2.012952e+03    14.957 (    41      0)    11.484 (   102      0)
hvf-bexch                                160      160 4.896000e+04   2.062668e+03    15.887 (    39      0)    11.464 (    97      0)
tl-s prim_advec_tracers_remap            160      160 8.160000e+03   3.173696e+04   203.884 (    26      0)   188.641 (    57      0)
tl-at prim_advec_tracers_remap_RK2       160      160 8.160000e+03   3.173690e+04   203.883 (    26      0)   188.640 (    57      0)
tl-at precompute_divdp                   160      160 8.160000e+03   6.894386e+01     0.560 (   109      0)     0.324 (    73      0)
tl-at esf-0                              160      160 8.160000e+03   8.971083e+03    57.902 (   133      0)    54.669 (    56      0)
tl-at esf-1                              160      160 8.160000e+03   6.916076e+03    44.374 (    63      0)    41.827 (    57      0)
tl-at esf-2                              160      160 8.160000e+03   1.479183e+04    99.753 (   105      0)    83.897 (    31      0)
tl-at qdp_time_avg                       160      160 8.160000e+03   9.886124e+02     7.392 (   108      0)     4.831 (    83      0)
tl-sc vertical_remap                     160      160 2.720000e+03   2.238579e+03    14.448 (   145      0)    13.626 (    43      0)
Remap Thickness Functor                  160      160 2.720000e+03   2.011390e+01     0.156 (   100      0)     0.098 (    83      0)
Remap Scale States Functor               160      160 2.720000e+03   1.576852e+01     0.149 (   100      0)     0.050 (    82      0)
Remap Compute Grids Functor              160      160 2.720000e+03   1.301775e+02     1.145 (   145      0)     0.520 (    83      0)
Remap Compute Remap Functor              160      160 2.720000e+03   2.049164e+03    12.978 (    57      0)    12.676 (   116      0)
Remap Rescale States Functor             160      160 2.720000e+03   1.624037e+01     0.120 (   106      0)     0.093 (    73      0)
tl-sc Q-from-qdp                         160      160 2.720000e+03   3.986672e+02     2.678 (   102      0)     2.245 (    57      0)
t_prf                                      0        0 0.000000e+00   0.000000e+00     0.000 (     0      0)     0.000 (     0      0)

