LAST_GIT_COMMIT_SHA:STRING=adf77c97ed8425a245449f2582d2441f4b72da1e
10940602

***** GLOBAL STATISTICS (   320 MPI TASKS) *****

$Id: gptl.c,v 1.157 2011-03-28 20:55:18 rosinski Exp $
'count' is cumulative. All other stats are max/min
name                           processes  threads        count      walltotal   wallmax (proc   thrd  )   wallmin (proc   thrd  )
"Total"                              320      320 3.200000e+02   9.332278e+04   291.713 (   310      0)   291.534 (   116      0)
"prim_init1"                         320      320 3.200000e+02   3.042594e+02     0.953 (    66      0)     0.948 (   270      0)
"PartitioningTime"                   320      320 3.200000e+02   1.860213e+00     0.007 (   117      0)     0.003 (    20      0)
"repro_sum_int"                      320      320 1.440000e+04   4.439555e+00     0.018 (   261      0)     0.009 (     5      0)
"prim_init2"                         320      320 3.200000e+02   1.539835e+02     0.486 (     0      0)     0.478 (   265      0)
"prim_printstate"                    320      320 3.200000e+02   2.754268e+01     0.092 (     0      0)     0.086 (   283      0)
"interp_movie_output"                320      320 6.400000e+02   5.483341e-02     0.000 (   249      0)     0.000 (    56      0)
"prim_main_loop"                     320      320 3.200000e+02   9.126439e+04   285.280 (   310      0)   285.101 (   116      0)
"prim_run"                           320      320 1.088000e+04   9.126431e+04   285.280 (   310      0)   285.101 (   116      0)
"ApplyCAMForcing"                    320      320 1.088000e+04   1.464242e+03     5.035 (   252      0)     3.002 (   116      0)
"prim_step_rX"                       320      320 3.264000e+04   8.363913e+04   263.535 (   116      0)   260.323 (    90      0)
"prim_step_dyn"                      320      320 3.264000e+04   1.524360e+04    56.224 (   116      0)    43.383 (   192      0)
"prim_advance_exp"                   320      320 3.264000e+04   1.524330e+04    56.223 (   116      0)    43.382 (   192      0)
"U3-5stage_timestep"                 320      320 3.264000e+04   7.553731e+03    32.242 (   116      0)    19.289 (   192      0)
"compute_and_apply_rhs"              320      320 1.632000e+05   7.385469e+03    31.803 (   116      0)    18.814 (   192      0)
"caar_bexchV"                        320      320 1.632000e+05   2.899221e+03    18.282 (   116      0)     4.391 (   311      0)
"advance_hypervis_dp"                320      320 3.264000e+04   7.689120e+03    25.616 (   254      0)    22.368 (   197      0)
"biwkdp3d_bexchV"                    320      320 9.792000e+04   1.372541e+03     6.493 (   236      0)     2.686 (   315      0)
"ahdp_bexchV2"                       320      320 9.792000e+04   1.496239e+03     6.735 (   252      0)     2.808 (   293      0)
"prim_step_advec"                    320      320 3.264000e+04   6.812795e+04   216.673 (   192      0)   206.315 (   116      0)
"PAT_remap"                          320      320 3.264000e+04   6.812782e+04   216.672 (   192      0)   206.315 (   116      0)
"prim_advec_tracers_remap_rk2"       320      320 3.264000e+04   6.812758e+04   216.672 (   192      0)   206.314 (   116      0)
"precomput_divdp"                    320      320 3.264000e+04   1.613643e+02     0.573 (   105      0)     0.346 (   118      0)
"euler_step_0"                       320      320 3.264000e+04   1.881369e+04    60.822 (    67      0)    57.174 (   205      0)
"bihmix_qminmax"                     320      320 9.792000e+04   3.256867e+04   104.939 (   194      0)    98.322 (   219      0)
"eus_neighbor_minmax1"               320      320 3.264000e+04   4.898981e+03    17.692 (   127      0)    13.465 (   219      0)
"nmm_bexchV"                         320      320 3.264000e+04   2.060239e+03     8.535 (   127      0)     5.117 (   219      0)
"eus_2d_advec"                       320      320 9.792000e+04   3.300080e+04   109.263 (   164      0)    94.953 (   116      0)
"eus_bexchV"                         320      320 9.792000e+04   7.782819e+03    30.742 (   209      0)    18.930 (    79      0)
"euler_step_1"                       320      320 3.264000e+04   1.336194e+04    42.525 (    72      0)    40.203 (   239      0)
"euler_step_2"                       320      320 3.264000e+04   3.339558e+04   108.137 (   310      0)    97.745 (   116      0)
"nmm_bexchS_start"                   320      320 3.264000e+04   2.221934e+00     0.011 (    32      0)     0.004 (    20      0)
"biwksc_bexchV"                      320      320 3.264000e+04   2.626381e+03     9.002 (    54      0)     6.653 (    71      0)
"nmm_bexchS_fini"                    320      320 3.264000e+04   1.532263e+03     5.308 (   304      0)     4.131 (   213      0)
"qdp_tavg"                           320      320 3.264000e+04   2.394005e+03     8.513 (   169      0)     5.315 (   164      0)
"vertical_remap"                     320      320 1.088000e+04   4.317235e+03    13.905 (    79      0)    13.278 (   264      0)
"vertical_remap1_1"                  320      320 2.937600e+06   2.421667e+02     0.771 (    79      0)     0.750 (    18      0)
"remap_Q_ppm"                        320      320 8.812800e+06   4.250863e+03    13.665 (    79      0)    13.075 (   264      0)
"vertical_remap1_2"                  320      320 2.937600e+06   3.251339e+02     1.033 (    79      0)     1.009 (   208      0)
"vertical_remap1_3"                  320      320 2.937600e+06   3.691462e+03    11.891 (    79      0)    11.336 (   264      0)
"prim_run_subcyle_diags"             320      320 1.088000e+04   1.541075e+03     6.024 (   164      0)     4.191 (   116      0)
"t_prf"                                0        0 0.000000e+00   0.000000e+00     0.000 (     0      0)     0.000 (     0      0)

10940602
