LAST_GIT_COMMIT_SHA:STRING=4790f40f2fb6acbc051ce4c988681a628c18e83d

***** GLOBAL STATISTICS (  2048 MPI TASKS) *****

$Id: gptl.c,v 1.157 2011-03-28 20:55:18 rosinski Exp $
'count' is cumulative. All other stats are max/min
name                               processes  threads        count      walltotal   wallmax (proc   thrd  )   wallmin (proc   thrd  )
Total                                   2048     2048 2.048000e+03   1.924494e+05    93.988 (  1553      0)    93.956 (    69      0)
prim_init1                              2048     2048 2.048000e+03   9.756516e+02     0.498 (   206      0)     0.455 (   468      0)
repro_sum_int                           2048     2048 9.216000e+04   3.053364e+02     0.389 (    15      0)     0.014 (   923      0)
prim_init2                              2048     2048 2.048000e+03   8.196559e+02     0.631 (  1462      0)     0.249 (  1593      0)
prim_printstate                         2048     2048 2.048000e+03   7.060375e+01     0.039 (  1065      0)     0.030 (   431      0)
interp_movie_output                     2048     2048 4.096000e+03   2.254465e+00     0.008 (   700      0)     0.000 (   751      0)
prim_main_loop                          2048     2048 2.048000e+03   1.894083e+05    92.495 (  1566      0)    92.472 (   708      0)
prim_run                                2048     2048 2.185216e+06   1.894018e+05    92.493 (  1541      0)    92.465 (  1184      0)
tl-sc prim_run_subcycle_c               2048     2048 2.185216e+06   1.893807e+05    92.482 (  1614      0)    92.452 (  1663      0)
tl-sc dp3d-from-ps                      2048     2048 2.185216e+06   1.973483e+01     0.018 (   512      0)     0.007 (    82      0)
tl-sc prim_step-loop                    2048     2048 2.185216e+06   1.779481e+05    87.022 (  2026      0)    86.609 (  1408      0)
tl-s prim_step                          2048     2048 6.555648e+06   1.779351e+05    87.017 (  2026      0)    86.601 (  1408      0)
tl-s deep_copy+derived_dp               2048     2048 6.555648e+06   3.612428e+02     0.271 (   110      0)     0.118 (   204      0)
tl-s prim_advance_exp-loop              2048     2048 6.555648e+06   3.354998e+04    21.488 (  1744      0)     9.138 (  1560      0)
tl-ae prim_advance_exp                  2048     2048 6.555648e+06   3.353472e+04    21.482 (  1744      0)     9.132 (  1560      0)
tl-ae U3-5stage_timestep                2048     2048 6.555648e+06   1.929279e+04    15.406 (    47      0)     4.486 (   177      0)
caar compute                            2048     2048 3.277824e+07   4.753365e+03     2.579 (  1720      0)     2.175 (  1358      0)
caar_bexchV                             2048     2048 3.277824e+07   1.432888e+04    12.865 (    47      0)     2.119 (  1536      0)
tl-ae advance_hypervis_dp               2048     2048 6.555648e+06   1.422465e+04     9.941 (  1971      0)     4.344 (  1511      0)
hvf-bhwk                                2048     2048 1.966694e+07   8.267696e+03     5.797 (  1343      0)     2.656 (    44      0)
hvf-bexch                               2048     2048 3.933389e+07   9.852980e+03     7.781 (  1971      0)     2.220 (  1510      0)
tl-s prim_advec_tracers_remap           2048     2048 6.555648e+06   1.439920e+05    77.671 (  1560      0)    65.054 (  1744      0)
tl-at prim_advec_tracers_remap_RK2      2048     2048 6.555648e+06   1.439739e+05    77.664 (  1560      0)    65.044 (  1744      0)
tl-at precompute_divdp                  2048     2048 6.555648e+06   2.487758e+02     0.221 (   647      0)     0.067 (  1822      0)
tl-at esf-0                             2048     2048 6.555648e+06   4.511766e+04    27.279 (  1560      0)    16.033 (   209      0)
tl-at esf-1                             2048     2048 6.555648e+06   2.916220e+04    17.412 (  1489      0)    12.686 (   531      0)
tl-at esf-2                             2048     2048 6.555648e+06   6.640359e+04    37.574 (  1982      0)    29.625 (  1776      0)
tl-at qdp_time_avg                      2048     2048 6.555648e+06   2.944080e+03     1.742 (   108      0)     1.283 (  1052      0)
tl-sc vertical_remap                    2048     2048 2.185216e+06   9.910412e+03     5.124 (  1408      0)     4.704 (  1421      0)
Remap Thickness Functor                 2048     2048 2.185216e+06   1.124829e+02     0.078 (  1682      0)     0.041 (   625      0)
Remap Scale States Functor              2048     2048 2.185216e+06   5.380471e+01     0.048 (   573      0)     0.015 (  1079      0)
Remap Compute Grids Functor             2048     2048 2.185216e+06   4.619563e+02     0.331 (   337      0)     0.176 (   625      0)
Remap Compute Remap Functor             2048     2048 2.185216e+06   9.161658e+03     4.671 (  1408      0)     4.404 (  1540      0)
Remap Rescale States Functor            2048     2048 2.185216e+06   6.887636e+01     0.036 (   120      0)     0.033 (  1327      0)
tl-sc Q-from-qdp                        2048     2048 2.185216e+06   1.489669e+03     0.776 (    64      0)     0.713 (   658      0)
t_prf                                      0        0 0.000000e+00   0.000000e+00     0.000 (     0      0)     0.000 (     0      0)

