LAST_GIT_COMMIT_SHA:STRING=adf77c97ed8425a245449f2582d2441f4b72da1e
10940530

***** GLOBAL STATISTICS (    64 MPI TASKS) *****

$Id: gptl.c,v 1.157 2011-03-28 20:55:18 rosinski Exp $
'count' is cumulative. All other stats are max/min
name                           processes  threads        count      walltotal   wallmax (proc   thrd  )   wallmin (proc   thrd  )
"Total"                               64       64 6.400000e+01   3.782909e+03    59.111 (    36      0)    59.100 (    11      0)
"prim_init1"                          64       64 6.400000e+01   5.878370e+00     0.094 (     0      0)     0.092 (     2      0)
"PartitioningTime"                    64       64 6.400000e+01   5.938005e-02     0.001 (     7      0)     0.001 (    52      0)
"repro_sum_int"                       64       64 2.880000e+03   2.629936e-01     0.006 (    10      0)     0.002 (     0      0)
"prim_init2"                          64       64 6.400000e+01   2.954653e+00     0.048 (     0      0)     0.045 (     7      0)
"prim_printstate"                     64       64 6.400000e+01   4.903963e-01     0.012 (     0      0)     0.007 (    28      0)
"interp_movie_output"                 64       64 1.280000e+02   7.827997e-03     0.000 (    45      0)     0.000 (    16      0)
"prim_main_loop"                      64       64 6.400000e+01   3.764779e+03    58.828 (    36      0)    58.817 (    11      0)
"prim_run"                            64       64 5.120000e+03   3.764761e+03    58.827 (    36      0)    58.817 (    11      0)
"ApplyCAMForcing"                     64       64 5.120000e+03   5.417696e+01     1.006 (    58      0)     0.480 (    11      0)
"prim_step_rX"                        64       64 1.536000e+04   3.449565e+03    54.397 (    11      0)    53.719 (    36      0)
"prim_step_dyn"                       64       64 1.536000e+04   5.534834e+02    11.213 (    23      0)     7.744 (    36      0)
"prim_advance_exp"                    64       64 1.536000e+04   5.533755e+02    11.211 (    23      0)     7.743 (    36      0)
"U3-5stage_timestep"                  64       64 1.536000e+04   2.995448e+02     7.287 (    23      0)     3.803 (    36      0)
"compute_and_apply_rhs"               64       64 7.680000e+04   2.904661e+02     7.161 (    23      0)     3.653 (    36      0)
"caar_bexchV"                         64       64 7.680000e+04   1.142879e+02     4.432 (    23      0)     0.864 (    36      0)
"advance_hypervis_dp"                 64       64 1.536000e+04   2.536903e+02     4.042 (    53      0)     3.782 (    11      0)
"biwkdp3d_bexchV"                     64       64 4.608000e+04   3.105596e+01     0.639 (    12      0)     0.393 (    37      0)
"ahdp_bexchV2"                        64       64 4.608000e+04   4.102836e+01     0.821 (    20      0)     0.495 (    35      0)
"prim_step_advec"                     64       64 1.536000e+04   2.886014e+03    45.860 (    36      0)    42.983 (    23      0)
"PAT_remap"                           64       64 1.536000e+04   2.885958e+03    45.860 (    36      0)    42.982 (    23      0)
"prim_advec_tracers_remap_rk2"        64       64 1.536000e+04   2.885874e+03    45.859 (    36      0)    42.980 (    23      0)
"precomput_divdp"                     64       64 1.536000e+04   8.207994e+00     0.141 (     3      0)     0.103 (    11      0)
"euler_step_0"                        64       64 1.536000e+04   8.062908e+02    13.478 (     6      0)    11.260 (    10      0)
"bihmix_qminmax"                      64       64 4.608000e+04   1.376598e+03    22.265 (    11      0)    20.708 (    30      0)
"eus_neighbor_minmax1"                64       64 1.536000e+04   2.111047e+02     3.750 (     6      0)     2.797 (    20      0)
"nmm_bexchV"                          64       64 1.536000e+04   9.657475e+01     2.043 (    17      0)     1.072 (    30      0)
"eus_2d_advec"                        64       64 4.608000e+04   1.407313e+03    22.969 (    25      0)    19.218 (    11      0)
"eus_bexchV"                          64       64 4.608000e+04   3.845839e+02     6.955 (     6      0)     4.287 (    63      0)
"euler_step_1"                        64       64 1.536000e+04   5.668123e+02     9.157 (    10      0)     8.391 (    63      0)
"euler_step_2"                        64       64 1.536000e+04   1.411493e+03    22.506 (     1      0)    21.039 (    23      0)
"nmm_bexchS_start"                    64       64 1.536000e+04   9.162235e-01     0.021 (    31      0)     0.010 (    11      0)
"biwksc_bexchV"                       64       64 1.536000e+04   1.430979e+02     2.635 (     2      0)     1.820 (    27      0)
"nmm_bexchS_fini"                     64       64 1.536000e+04   5.273408e+01     0.975 (    33      0)     0.707 (    31      0)
"qdp_tavg"                            64       64 1.536000e+04   9.274204e+01     1.711 (    63      0)     1.112 (     4      0)
"vertical_remap"                      64       64 5.120000e+03   1.827356e+02     2.935 (    11      0)     2.825 (    34      0)
"vertical_remap1_1"                   64       64 1.228800e+05   1.026415e+01     0.164 (    23      0)     0.158 (    48      0)
"remap_Q_ppm"                         64       64 3.686400e+05   1.798015e+02     2.876 (    11      0)     2.782 (    14      0)
"vertical_remap1_2"                   64       64 1.228800e+05   1.367646e+01     0.216 (    30      0)     0.212 (    62      0)
"vertical_remap1_3"                   64       64 1.228800e+05   1.562156e+02     2.506 (    11      0)     2.415 (    34      0)
"prim_run_subcyle_diags"              64       64 5.120000e+03   6.607807e+01     1.210 (     4      0)     0.870 (    11      0)
"t_prf"                                0        0 0.000000e+00   0.000000e+00     0.000 (     0      0)     0.000 (     0      0)

10940530
