LAST_GIT_COMMIT_SHA:STRING=4790f40f2fb6acbc051ce4c988681a628c18e83d

***** GLOBAL STATISTICS (   192 MPI TASKS) *****

$Id: gptl.c,v 1.157 2011-03-28 20:55:18 rosinski Exp $
'count' is cumulative. All other stats are max/min
name                               processes  threads        count      walltotal   wallmax (proc   thrd  )   wallmin (proc   thrd  )
Total                                    192      192 1.920000e+02   1.092381e+04    56.901 (    33      0)    56.882 (     1      0)
prim_init1                               192      192 1.920000e+02   4.521597e+01     0.236 (   179      0)     0.235 (    80      0)
repro_sum_int                            192      192 8.640000e+03   1.275311e+00     0.010 (    18      0)     0.004 (    73      0)
prim_init2                               192      192 1.920000e+02   1.488063e+01     0.081 (    25      0)     0.074 (    73      0)
prim_printstate                          192      192 1.920000e+02   1.755481e+00     0.011 (     0      0)     0.009 (   148      0)
interp_movie_output                      192      192 3.840000e+02   2.629066e-02     0.000 (   170      0)     0.000 (   122      0)
prim_main_loop                           192      192 1.920000e+02   1.084515e+04    56.491 (    33      0)    56.472 (     1      0)
prim_run                                 192      192 4.608000e+04   1.084500e+04    56.491 (    51      0)    56.471 (     1      0)
tl-sc prim_run_subcycle_c                192      192 4.608000e+04   1.084301e+04    56.481 (    55      0)    56.464 (     3      0)
tl-sc dp3d-from-ps                       192      192 4.608000e+04   1.230667e+00     0.010 (   130      0)     0.005 (    55      0)
tl-sc prim_step-loop                     192      192 4.608000e+04   1.018559e+04    53.152 (    56      0)    52.892 (   131      0)
tl-s prim_step                           192      192 1.382400e+05   1.018522e+04    53.151 (    56      0)    52.889 (   131      0)
tl-s deep_copy+derived_dp                192      192 1.382400e+05   2.237722e+01     0.172 (   131      0)     0.068 (    94      0)
tl-s prim_advance_exp-loop               192      192 1.382400e+05   1.330085e+03     8.632 (   163      0)     5.847 (    56      0)
tl-ae prim_advance_exp                   192      192 1.382400e+05   1.329693e+03     8.630 (   163      0)     5.845 (    56      0)
tl-ae U3-5stage_timestep                 192      192 1.382400e+05   7.752760e+02     5.715 (   163      0)     2.995 (    56      0)
caar compute                             192      192 6.912000e+05   2.712621e+02     1.556 (   188      0)     1.306 (   151      0)
caar_bexchV                              192      192 6.912000e+05   4.941177e+02     4.136 (   163      0)     1.618 (    56      0)
tl-ae advance_hypervis_dp                192      192 1.382400e+05   5.539346e+02     3.000 (   124      0)     2.819 (   169      0)
hvf-bhwk                                 192      192 4.147200e+05   3.380782e+02     1.852 (   124      0)     1.695 (    55      0)
hvf-bexch                                192      192 8.294400e+05   3.158395e+02     1.748 (   124      0)     1.576 (   169      0)
tl-s prim_advec_tracers_remap            192      192 1.382400e+05   8.831915e+03    47.229 (    56      0)    44.164 (   163      0)
tl-at prim_advec_tracers_remap_RK2       192      192 1.382400e+05   8.831367e+03    47.226 (    56      0)    44.160 (   163      0)
tl-at precompute_divdp                   192      192 1.382400e+05   1.377585e+01     0.112 (    66      0)     0.041 (    38      0)
tl-at esf-0                              192      192 1.382400e+05   2.615016e+03    15.302 (    97      0)    11.771 (   187      0)
tl-at esf-1                              192      192 1.382400e+05   1.896614e+03    10.528 (   132      0)     9.330 (    53      0)
tl-at esf-2                              192      192 1.382400e+05   4.075445e+03    22.300 (    36      0)    20.527 (   172      0)
tl-at qdp_time_avg                       192      192 1.382400e+05   2.271486e+02     1.575 (   155      0)     0.859 (    94      0)
tl-sc vertical_remap                     192      192 4.608000e+04   5.614501e+02     3.085 (   188      0)     2.836 (   168      0)
Remap Thickness Functor                  192      192 4.608000e+04   6.004817e+00     0.043 (   131      0)     0.022 (   168      0)
Remap Scale States Functor               192      192 4.608000e+04   3.362450e+00     0.029 (   131      0)     0.008 (   168      0)
Remap Compute Grids Functor              192      192 4.608000e+04   3.167780e+01     0.264 (   187      0)     0.110 (   168      0)
Remap Compute Remap Functor              192      192 4.608000e+04   5.151712e+02     2.726 (   188      0)     2.658 (   144      0)
Remap Rescale States Functor             192      192 4.608000e+04   4.249451e+00     0.030 (   151      0)     0.020 (     4      0)
tl-sc Q-from-qdp                         192      192 4.608000e+04   9.424584e+01     0.560 (   153      0)     0.443 (   188      0)
t_prf                                      0        0 0.000000e+00   0.000000e+00     0.000 (     0      0)     0.000 (     0      0)

