LAST_GIT_COMMIT_SHA:STRING=adf77c97ed8425a245449f2582d2441f4b72da1e
10940585

***** GLOBAL STATISTICS (  1920 MPI TASKS) *****

$Id: gptl.c,v 1.157 2011-03-28 20:55:18 rosinski Exp $
'count' is cumulative. All other stats are max/min
name                           processes  threads        count      walltotal   wallmax (proc   thrd  )   wallmin (proc   thrd  )
"Total"                             1920     1920 1.920000e+03   4.993697e+05   260.124 (  1664      0)   260.043 (  1022      0)
"prim_init1"                        1920     1920 1.920000e+03   1.123299e+03     0.593 (   737      0)     0.559 (  1478      0)
"PartitioningTime"                  1920     1920 1.920000e+03   5.321554e+00     0.003 (   866      0)     0.002 (   654      0)
"repro_sum_int"                     1920     1920 8.640000e+04   3.124285e+02     0.457 (  1856      0)     0.036 (   348      0)
"prim_init2"                        1920     1920 1.920000e+03   5.368686e+02     0.575 (  1200      0)     0.159 (  1492      0)
"prim_printstate"                   1920     1920 1.920000e+03   1.980104e+02     0.118 (     0      0)     0.084 (  1650      0)
"interp_movie_output"               1920     1920 3.840000e+03   1.923740e+00     0.002 (   548      0)     0.001 (   390      0)
"prim_main_loop"                    1920     1920 1.920000e+03   4.921188e+05   256.344 (  1716      0)   256.278 (  1068      0)
"prim_run"                          1920     1920 7.680000e+05   4.921158e+05   256.343 (  1716      0)   256.276 (  1068      0)
"ApplyCAMForcing"                   1920     1920 7.680000e+05   5.679451e+03     3.594 (  1350      0)     1.929 (   561      0)
"prim_step_rX"                      1920     1920 2.304000e+06   4.539752e+05   237.977 (  1831      0)   235.447 (   542      0)
"prim_step_dyn"                     1920     1920 2.304000e+06   8.694458e+04    57.459 (   561      0)    36.747 (  1371      0)
"prim_advance_exp"                  1920     1920 2.304000e+06   8.693150e+04    57.452 (   561      0)    36.741 (  1371      0)
"U3-5stage_timestep"                1920     1920 2.304000e+06   4.652398e+04    39.195 (   561      0)    18.709 (  1344      0)
"compute_and_apply_rhs"             1920     1920 1.152000e+07   4.596298e+04    38.804 (   561      0)    18.263 (  1344      0)
"caar_bexchV"                       1920     1920 1.152000e+07   2.818751e+04    29.030 (   561      0)     7.612 (  1344      0)
"advance_hypervis_dp"               1920     1920 2.304000e+06   4.039196e+04    24.525 (  1015      0)    17.163 (   599      0)
"biwkdp3d_bexchV"                   1920     1920 6.912000e+06   1.164596e+04    10.318 (   182      0)     3.595 (   600      0)
"ahdp_bexchV2"                      1920     1920 6.912000e+06   1.206586e+04    11.479 (   181      0)     3.821 (  1376      0)
"prim_step_advec"                   1920     1920 2.304000e+06   3.658661e+05   198.496 (  1371      0)   179.871 (   561      0)
"PAT_remap"                         1920     1920 2.304000e+06   3.658581e+05   198.492 (  1371      0)   179.867 (   561      0)
"prim_advec_tracers_remap_rk2"      1920     1920 2.304000e+06   3.658482e+05   198.487 (  1371      0)   179.862 (   561      0)
"precomput_divdp"                   1920     1920 2.304000e+06   8.274356e+02     0.563 (  1233      0)     0.251 (  1121      0)
"euler_step_0"                      1920     1920 2.304000e+06   1.014629e+05    59.083 (  1380      0)    45.740 (  1047      0)
"bihmix_qminmax"                    1920     1920 6.912000e+06   1.733242e+05    98.032 (  1121      0)    81.552 (   185      0)
"eus_neighbor_minmax1"              1920     1920 2.304000e+06   2.786607e+04    20.295 (  1121      0)    10.284 (  1353      0)
"nmm_bexchV"                        1920     1920 2.304000e+06   1.504311e+04    14.465 (  1121      0)     4.469 (   374      0)
"eus_2d_advec"                      1920     1920 6.912000e+06   1.815003e+05   104.822 (   582      0)    83.878 (   561      0)
"eus_bexchV"                        1920     1920 6.912000e+06   5.879815e+04    39.588 (  1448      0)    23.431 (   561      0)
"euler_step_1"                      1920     1920 2.304000e+06   7.207067e+04    40.441 (  1078      0)    35.802 (   116      0)
"euler_step_2"                      1920     1920 2.304000e+06   1.813911e+05   100.306 (   586      0)    88.512 (   141      0)
"nmm_bexchS_start"                  1920     1920 2.304000e+06   1.551020e+02     0.117 (   417      0)     0.049 (   587      0)
"biwksc_bexchV"                     1920     1920 2.304000e+06   2.286971e+04    16.215 (  1118      0)     7.276 (   339      0)
"nmm_bexchS_fini"                   1920     1920 2.304000e+06   5.598670e+03     3.416 (  1264      0)     2.338 (  1158      0)
"qdp_tavg"                          1920     1920 2.304000e+06   1.005265e+04     6.429 (   361      0)     3.710 (   734      0)
"vertical_remap"                    1920     1920 7.680000e+05   2.276869e+04    12.363 (   561      0)    11.691 (  1484      0)
"vertical_remap1_1"                 1920     1920 1.536000e+07   1.272681e+03     0.676 (    87      0)     0.656 (  1871      0)
"remap_Q_ppm"                       1920     1920 4.608000e+07   2.239104e+04    12.099 (   561      0)    11.507 (  1484      0)
"vertical_remap1_2"                 1920     1920 1.536000e+07   1.706208e+03     0.901 (   561      0)     0.883 (   505      0)
"vertical_remap1_3"                 1920     1920 1.536000e+07   1.945787e+04    10.555 (   561      0)     9.989 (   674      0)
"prim_run_subcyle_diags"            1920     1920 7.680000e+05   8.345467e+03     5.421 (  1443      0)     3.549 (   561      0)
"t_prf"                                0        0 0.000000e+00   0.000000e+00     0.000 (     0      0)     0.000 (     0      0)

10940585
