LAST_GIT_COMMIT_SHA:STRING=4790f40f2fb6acbc051ce4c988681a628c18e83d

***** GLOBAL STATISTICS (   128 MPI TASKS) *****

$Id: gptl.c,v 1.157 2011-03-28 20:55:18 rosinski Exp $
'count' is cumulative. All other stats are max/min
name                               processes  threads        count      walltotal   wallmax (proc   thrd  )   wallmin (proc   thrd  )
Total                                    128      128 1.280000e+02   3.610539e+04   282.374 (    84      0)   281.213 (    46      0)
prim_init1                               128      128 1.280000e+02   9.614541e+01     0.754 (   117      0)     0.744 (    80      0)
repro_sum_int                            128      128 5.760000e+03   2.010446e+00     0.019 (   108      0)     0.008 (   120      0)
prim_init2                               128      128 1.280000e+02   3.889987e+02     3.073 (   120      0)     3.017 (    46      0)
prim_printstate                          128      128 1.280000e+02   4.298070e+01     0.339 (     0      0)     0.336 (    33      0)
interp_movie_output                      128      128 2.560000e+02   2.766991e-02     0.000 (   110      0)     0.000 (    50      0)
prim_main_loop                           128      128 1.280000e+02   3.484949e+04   272.562 (    84      0)   271.401 (    46      0)
prim_run                                 128      128 1.792000e+03   3.484946e+04   272.562 (    84      0)   271.401 (    46      0)
tl-sc prim_run_subcycle_c                128      128 1.792000e+03   3.478489e+04   272.083 (    84      0)   271.211 (    46      0)
tl-sc dp3d-from-ps                       128      128 1.792000e+03   3.816294e+00     0.041 (    94      0)     0.022 (    59      0)
tl-sc prim_step-loop                     128      128 1.792000e+03   3.261224e+04   255.464 (    63      0)   253.984 (   110      0)
tl-s prim_step                           128      128 5.376000e+03   3.261222e+04   255.464 (    63      0)   253.983 (   110      0)
tl-s deep_copy+derived_dp                128      128 5.376000e+03   7.091817e+01     0.749 (    80      0)     0.307 (    60      0)
tl-s prim_advance_exp-loop               128      128 5.376000e+03   6.534655e+03    61.485 (    47      0)    42.822 (    70      0)
tl-ae prim_advance_exp                   128      128 5.376000e+03   6.534606e+03    61.485 (    47      0)    42.822 (    70      0)
tl-ae U3-5stage_timestep                 128      128 5.376000e+03   3.364183e+03    37.205 (    47      0)    18.542 (    70      0)
caar compute                             128      128 2.688000e+04   1.071047e+03     9.720 (    78      0)     7.556 (    35      0)
caar_bexchV                              128      128 2.688000e+04   2.236611e+03    28.807 (    47      0)     9.047 (    70      0)
tl-ae advance_hypervis_dp                128      128 5.376000e+03   3.170348e+03    27.339 (    15      0)    22.708 (   115      0)
hvf-bhwk                                 128      128 1.612800e+04   1.710802e+03    16.671 (    24      0)    11.913 (    65      0)
hvf-bexch                                128      128 3.225600e+04   1.823863e+03    17.877 (    15      0)    11.629 (    92      0)
tl-s prim_advec_tracers_remap            128      128 5.376000e+03   2.600655e+04   211.905 (    70      0)   192.614 (    47      0)
tl-at prim_advec_tracers_remap_RK2       128      128 5.376000e+03   2.600651e+04   211.905 (    70      0)   192.614 (    47      0)
tl-at precompute_divdp                   128      128 5.376000e+03   5.636997e+01     0.597 (    95      0)     0.265 (   117      0)
tl-at esf-0                              128      128 5.376000e+03   7.394219e+03    62.832 (    31      0)    54.673 (    55      0)
tl-at esf-1                              128      128 5.376000e+03   5.716103e+03    47.940 (    30      0)    41.944 (    48      0)
tl-at esf-2                              128      128 5.376000e+03   1.207365e+04   103.195 (    79      0)    84.064 (    46      0)
tl-at qdp_time_avg                       128      128 5.376000e+03   7.659308e+02     7.661 (    94      0)     3.907 (    63      0)
tl-sc vertical_remap                     128      128 1.792000e+03   1.848717e+03    15.056 (    22      0)    13.974 (     6      0)
Remap Thickness Functor                  128      128 1.792000e+03   1.627613e+01     0.158 (    80      0)     0.096 (     6      0)
Remap Scale States Functor               128      128 1.792000e+03   1.271440e+01     0.145 (    80      0)     0.042 (     6      0)
Remap Compute Grids Functor              128      128 1.792000e+03   1.070773e+02     1.279 (    22      0)     0.517 (    60      0)
Remap Compute Remap Functor              128      128 1.792000e+03   1.691783e+03    13.367 (    24      0)    13.121 (    13      0)
Remap Rescale States Functor             128      128 1.792000e+03   1.317892e+01     0.124 (    64      0)     0.096 (    22      0)
tl-sc Q-from-qdp                         128      128 1.792000e+03   3.200809e+02     2.799 (    64      0)     2.249 (    22      0)
t_prf                                      0        0 0.000000e+00   0.000000e+00     0.000 (     0      0)     0.000 (     0      0)

