LAST_GIT_COMMIT_SHA:STRING=adf77c97ed8425a245449f2582d2441f4b72da1e
10940576

***** GLOBAL STATISTICS (   320 MPI TASKS) *****

$Id: gptl.c,v 1.157 2011-03-28 20:55:18 rosinski Exp $
'count' is cumulative. All other stats are max/min
name                           processes  threads        count      walltotal   wallmax (proc   thrd  )   wallmin (proc   thrd  )
"Total"                              320      320 3.200000e+02   8.119621e+04   253.768 (   263      0)   253.699 (    40      0)
"prim_init1"                         320      320 3.200000e+02   1.413529e+02     0.444 (   214      0)     0.437 (   235      0)
"PartitioningTime"                   320      320 3.200000e+02   9.340384e-01     0.003 (   177      0)     0.002 (     7      0)
"repro_sum_int"                      320      320 1.440000e+04   4.144517e+00     0.019 (   265      0)     0.006 (   133      0)
"prim_init2"                         320      320 3.200000e+02   6.611866e+01     0.212 (    23      0)     0.200 (   148      0)
"prim_printstate"                    320      320 3.200000e+02   9.651410e+00     0.035 (     0      0)     0.030 (   142      0)
"interp_movie_output"                320      320 6.400000e+02   5.810690e-02     0.000 (   234      0)     0.000 (   186      0)
"prim_main_loop"                     320      320 3.200000e+02   8.014311e+04   250.477 (   263      0)   250.408 (    40      0)
"prim_run"                           320      320 2.144000e+04   8.014301e+04   250.477 (   263      0)   250.408 (    40      0)
"ApplyCAMForcing"                    320      320 2.144000e+04   1.316678e+03     4.481 (   268      0)     2.778 (    40      0)
"prim_step_rX"                       320      320 6.432000e+04   7.341996e+04   231.241 (    40      0)   228.670 (   222      0)
"prim_step_dyn"                      320      320 6.432000e+04   1.352896e+04    48.215 (    40      0)    39.381 (   184      0)
"prim_advance_exp"                   320      320 6.432000e+04   1.352839e+04    48.213 (    40      0)    39.380 (   184      0)
"U3-5stage_timestep"                 320      320 6.432000e+04   6.649507e+03    26.931 (    40      0)    18.523 (    65      0)
"compute_and_apply_rhs"              320      320 3.216000e+05   6.515315e+03    26.577 (    40      0)    17.918 (   263      0)
"caar_bexchV"                        320      320 3.216000e+05   2.672659e+03    14.981 (    40      0)     3.847 (   287      0)
"advance_hypervis_dp"                320      320 6.432000e+04   6.878062e+03    23.965 (   163      0)    20.088 (   184      0)
"biwkdp3d_bexchV"                    320      320 1.929600e+05   1.391239e+03     6.432 (   142      0)     2.287 (   259      0)
"ahdp_bexchV2"                       320      320 1.929600e+05   1.482887e+03     6.997 (    39      0)     2.586 (   283      0)
"prim_step_advec"                    320      320 6.432000e+04   5.965159e+04   189.185 (   184      0)   182.111 (    40      0)
"PAT_remap"                          320      320 6.432000e+04   5.965133e+04   189.184 (   184      0)   182.110 (    40      0)
"prim_advec_tracers_remap_rk2"       320      320 6.432000e+04   5.965067e+04   189.183 (   184      0)   182.106 (    40      0)
"precomput_divdp"                    320      320 6.432000e+04   1.402933e+02     0.525 (    62      0)     0.242 (   142      0)
"euler_step_0"                       320      320 6.432000e+04   1.650198e+04    53.529 (   263      0)    49.189 (    25      0)
"bihmix_qminmax"                     320      320 1.929600e+05   2.842348e+04    93.393 (   127      0)    84.370 (    24      0)
"eus_neighbor_minmax1"               320      320 6.432000e+04   4.307930e+03    16.880 (    50      0)    11.248 (   165      0)
"nmm_bexchV"                         320      320 6.432000e+04   1.824982e+03     8.289 (   193      0)     3.447 (   269      0)
"eus_2d_advec"                       320      320 1.929600e+05   2.895874e+04    95.942 (   223      0)    83.858 (   302      0)
"eus_bexchV"                         320      320 1.929600e+05   6.911027e+03    26.859 (    22      0)    14.738 (   302      0)
"euler_step_1"                       320      320 6.432000e+04   1.173325e+04    38.582 (   171      0)    35.271 (   207      0)
"euler_step_2"                       320      320 6.432000e+04   2.915051e+04    92.825 (    65      0)    86.766 (    40      0)
"nmm_bexchS_start"                   320      320 6.432000e+04   4.368729e+00     0.021 (   142      0)     0.007 (    99      0)
"biwksc_bexchV"                      320      320 6.432000e+04   2.351561e+03     9.395 (    65      0)     4.834 (    79      0)
"nmm_bexchS_fini"                    320      320 6.432000e+04   1.184349e+03     4.288 (     3      0)     2.713 (   221      0)
"qdp_tavg"                           320      320 6.432000e+04   2.122765e+03     7.382 (    40      0)     4.297 (   221      0)
"vertical_remap"                     320      320 2.144000e+04   3.796678e+03    12.090 (    70      0)    11.727 (   253      0)
"vertical_remap1_1"                  320      320 2.572800e+06   2.122853e+02     0.669 (    70      0)     0.658 (   307      0)
"remap_Q_ppm"                        320      320 7.718400e+06   3.738541e+03    11.895 (    70      0)    11.550 (   253      0)
"vertical_remap1_2"                  320      320 2.572800e+06   2.850162e+02     0.899 (    70      0)     0.884 (   253      0)
"vertical_remap1_3"                  320      320 2.572800e+06   3.248194e+03    10.349 (    70      0)    10.028 (   253      0)
"prim_run_subcyle_diags"             320      320 2.144000e+04   1.338876e+03     5.186 (   222      0)     3.726 (    40      0)
"t_prf"                                0        0 0.000000e+00   0.000000e+00     0.000 (     0      0)     0.000 (     0      0)

10940576
