LAST_GIT_COMMIT_SHA:STRING=4790f40f2fb6acbc051ce4c988681a628c18e83d

***** GLOBAL STATISTICS (   192 MPI TASKS) *****

$Id: gptl.c,v 1.157 2011-03-28 20:55:18 rosinski Exp $
'count' is cumulative. All other stats are max/min
name                               processes  threads        count      walltotal   wallmax (proc   thrd  )   wallmin (proc   thrd  )
Total                                    192      192 1.920000e+02   5.004543e+03    26.068 (    64      0)    26.064 (    12      0)
prim_init1                               192      192 1.920000e+02   4.023745e+01     0.211 (     0      0)     0.209 (   163      0)
repro_sum_int                            192      192 8.640000e+03   4.173872e+00     0.039 (    37      0)     0.010 (   128      0)
prim_init2                               192      192 1.920000e+02   4.704903e+01     0.265 (    25      0)     0.236 (   159      0)
prim_printstate                          192      192 1.920000e+02   7.819859e+00     0.046 (     0      0)     0.040 (   163      0)
interp_movie_output                      192      192 3.840000e+02   5.446386e-02     0.000 (   181      0)     0.000 (    91      0)
prim_main_loop                           192      192 1.920000e+02   4.849138e+03    25.258 (    64      0)    25.255 (   159      0)
prim_run                                 192      192 2.304000e+04   4.848890e+03    25.256 (    64      0)    25.254 (   159      0)
tl-sc prim_run_subcycle_c                192      192 2.304000e+04   4.847029e+03    25.248 (   109      0)    25.242 (   130      0)
tl-sc dp3d-from-ps                       192      192 2.304000e+04   1.240477e+00     0.007 (    64      0)     0.006 (   174      0)
tl-sc prim_step-loop                     192      192 2.304000e+04   4.341951e+03    22.678 (   166      0)    22.536 (   127      0)
tl-s prim_step                           192      192 6.912000e+04   4.341460e+03    22.676 (   166      0)    22.533 (   127      0)
tl-s deep_copy+derived_dp                192      192 6.912000e+04   7.198726e+00     0.043 (    49      0)     0.031 (   165      0)
tl-s prim_advance_exp-loop               192      192 6.912000e+04   1.177584e+03     6.996 (   156      0)     5.282 (   109      0)
tl-ae prim_advance_exp                   192      192 6.912000e+04   1.177002e+03     6.993 (   156      0)     5.279 (   109      0)
tl-ae U3-5stage_timestep                 192      192 6.912000e+04   6.354858e+02     4.150 (   131      0)     2.505 (   109      0)
caar compute                             192      192 3.456000e+05   2.392190e+02     1.389 (    64      0)     1.088 (   157      0)
caar_bexchV                              192      192 3.456000e+05   3.800996e+02     2.891 (   132      0)     1.093 (   109      0)
tl-ae advance_hypervis_dp                192      192 6.912000e+04   5.401956e+02     3.056 (   152      0)     2.597 (   117      0)
hvf-bhwk                                 192      192 2.073600e+05   3.128099e+02     1.853 (   152      0)     1.514 (   140      0)
hvf-bexch                                192      192 4.147200e+05   3.128206e+02     1.940 (   156      0)     1.369 (   117      0)
tl-s prim_advec_tracers_remap            192      192 6.912000e+04   3.154948e+03    17.318 (   109      0)    15.530 (   156      0)
tl-at prim_advec_tracers_remap_RK2       192      192 6.912000e+04   3.154251e+03    17.315 (   109      0)    15.527 (   156      0)
tl-at precompute_divdp                   192      192 6.912000e+04   7.711711e+00     0.054 (    64      0)     0.034 (   154      0)
tl-at esf-0                              192      192 6.912000e+04   8.681504e+02     5.199 (   108      0)     4.004 (   164      0)
tl-at esf-1                              192      192 6.912000e+04   6.671068e+02     3.788 (    23      0)     3.181 (    22      0)
tl-at esf-2                              192      192 6.912000e+04   1.529804e+03     8.884 (    17      0)     7.502 (    52      0)
tl-at qdp_time_avg                       192      192 6.912000e+04   7.777776e+01     0.440 (    87      0)     0.356 (   168      0)
tl-sc vertical_remap                     192      192 2.304000e+04   4.485563e+02     2.415 (   127      0)     2.273 (   166      0)
Remap Thickness Functor                  192      192 2.304000e+04   3.844305e+00     0.022 (    82      0)     0.018 (   171      0)
Remap Scale States Functor               192      192 2.304000e+04   1.865346e+00     0.012 (   103      0)     0.008 (     0      0)
Remap Compute Grids Functor              192      192 2.304000e+04   1.749844e+01     0.098 (   112      0)     0.082 (   170      0)
Remap Compute Remap Functor              192      192 2.304000e+04   4.196787e+02     2.254 (   127      0)     2.132 (   166      0)
Remap Rescale States Functor             192      192 2.304000e+04   2.180121e+00     0.013 (     0      0)     0.010 (    69      0)
tl-sc Q-from-qdp                         192      192 2.304000e+04   5.462967e+01     0.304 (    64      0)     0.283 (   127      0)
t_prf                                      0        0 0.000000e+00   0.000000e+00     0.000 (     0      0)     0.000 (     0      0)

