LAST_GIT_COMMIT_SHA:STRING=adf77c97ed8425a245449f2582d2441f4b72da1e
10950104

***** GLOBAL STATISTICS (   768 MPI TASKS) *****

$Id: gptl.c,v 1.157 2011-03-28 20:55:18 rosinski Exp $
'count' is cumulative. All other stats are max/min
name                           processes  threads        count      walltotal   wallmax (proc   thrd  )   wallmin (proc   thrd  )
"Total"                              768      768 7.680000e+02   3.135478e+04    40.830 (   256      0)    40.822 (    36      0)
"prim_init1"                         768      768 7.680000e+02   1.261966e+02     0.170 (   742      0)     0.161 (   160      0)
"PartitioningTime"                   768      768 7.680000e+02   1.223140e+00     0.002 (    47      0)     0.001 (   625      0)
"repro_sum_int"                      768      768 3.456000e+04   3.907812e+01     0.103 (    82      0)     0.024 (   469      0)
"prim_init2"                         768     1536 1.536000e+03   1.272905e+02     0.133 (    82      0)     0.057 (   469      1)
"prim_printstate"                    768     1536 1.536000e+03   5.122386e+01     0.044 (     0      0)     0.032 (   293      0)
"interp_movie_output"                768      768 1.536000e+03   1.821882e+00     0.003 (   378      0)     0.001 (    18      0)
"prim_main_loop"                     768      768 7.680000e+02   3.083581e+04    40.154 (   256      0)    40.147 (   420      0)
"prim_run"                           768     1536 7.372800e+05   6.166587e+04    40.150 (   256      1)    40.143 (   420      0)
"ApplyCAMForcing"                    768     1536 7.372800e+05   4.153071e+02     0.303 (   256      0)     0.240 (   677      0)
"prim_step_rX"                       768     1536 2.211840e+06   5.705535e+04    37.287 (   570      0)    36.713 (   256      1)
"prim_step_dyn"                      768     1536 2.211840e+06   1.945117e+04    16.003 (   708      0)    10.405 (   609      1)
"prim_advance_exp"                   768     1536 2.211840e+06   1.942835e+04    15.988 (   708      0)    10.390 (   609      1)
"U3-5stage_timestep"                 768     1536 2.211840e+06   1.091501e+04    10.147 (   323      0)     5.182 (   256      0)
"compute_and_apply_rhs"              768     1536 1.105920e+07   1.077354e+04    10.058 (   323      0)     5.089 (   256      0)
"caar_bexchV"                        768     1536 1.105920e+07   7.827907e+03     8.250 (   323      0)     2.951 (   256      0)
"advance_hypervis_dp"                768     1536 2.211840e+06   8.473775e+03     6.865 (   734      1)     4.874 (   617      0)
"biwkdp3d_bexchV"                    768     1536 6.635520e+06   2.814595e+03     2.694 (   357      0)     1.474 (   576      0)
"ahdp_bexchV2"                       768     1536 6.635520e+06   2.753542e+03     2.558 (   388      1)     1.468 (   582      0)
"prim_step_advec"                    768     1536 2.211840e+06   3.751466e+04    26.644 (   203      0)    21.194 (   707      1)
"PAT_remap"                          768     1536 2.211840e+06   3.749620e+04    26.633 (   203      1)    21.182 (   707      1)
"prim_advec_tracers_remap_rk2"       768     1536 2.211840e+06   3.747173e+04    26.617 (   203      0)    21.167 (   707      1)
"precomput_divdp"                    768     1536 2.211840e+06   5.106328e+01     0.035 (   512      0)     0.031 (   540      0)
"euler_step_0"                       768     1536 2.211840e+06   9.487474e+03     7.496 (    52      1)     4.876 (   104      0)
"bihmix_qminmax"                     768     1536 6.635520e+06   1.689453e+04    13.557 (    53      0)     9.535 (   545      1)
"eus_neighbor_minmax1"               768     1536 2.211840e+06   2.447699e+03     2.602 (    52      1)     1.076 (   187      0)
"nmm_bexchV"                         768     1536 2.211840e+06   1.903411e+03     2.227 (    52      0)     0.728 (   151      0)
"eus_2d_advec"                       768     1536 6.635520e+06   1.989493e+04    15.792 (   611      1)    11.187 (   707      0)
"eus_bexchV"                         768     1536 6.635520e+06   8.379647e+03     8.500 (   611      0)     3.671 (   704      0)
"euler_step_1"                       768     1536 2.211840e+06   7.136585e+03     5.212 (   613      1)     4.142 (   360      0)
"euler_step_2"                       768     1536 2.211840e+06   2.034282e+04    14.352 (   636      1)    11.487 (   731      0)
"nmm_bexchS_start"                   768     1536 2.211840e+06   1.148824e+02     0.203 (   213      0)     0.014 (   383      1)
"biwksc_bexchV"                      768     1536 2.211840e+06   4.032516e+03     4.231 (   565      1)     1.649 (   731      0)
"nmm_bexchS_fini"                    768     1536 2.211840e+06   8.654183e+01     0.202 (    64      1)     0.041 (   704      0)
"qdp_tavg"                           768     1536 2.211840e+06   3.680727e+02     0.306 (   509      0)     0.194 (   229      1)
"vertical_remap"                     768     1536 7.372800e+05   3.863123e+03     2.867 (   256      0)     2.408 (   571      1)
"vertical_remap1_1"                  768     1536 7.372800e+05   1.766742e+02     0.131 (   267      0)     0.107 (   763      0)
"remap_Q_ppm"                        768     1536 2.211840e+06   3.789899e+03     2.820 (   256      0)     2.364 (   571      1)
"vertical_remap1_2"                  768     1536 7.372800e+05   2.369491e+02     0.168 (   259      0)     0.145 (   571      1)
"vertical_remap1_3"                  768     1536 7.372800e+05   3.405593e+03     2.555 (   256      0)     2.127 (   572      1)
"prim_run_subcyle_diags"             768     1536 7.372800e+05   2.038967e+02     0.162 (   288      0)     0.106 (   677      0)
"t_prf"                                0        0 0.000000e+00   0.000000e+00     0.000 (     0      0)     0.000 (     0      0)

10950104
