LAST_GIT_COMMIT_SHA:STRING=adf77c97ed8425a245449f2582d2441f4b72da1e
10950807

***** GLOBAL STATISTICS (  1152 MPI TASKS) *****

$Id: gptl.c,v 1.157 2011-03-28 20:55:18 rosinski Exp $
'count' is cumulative. All other stats are max/min
name                           processes  threads        count      walltotal   wallmax (proc   thrd  )   wallmin (proc   thrd  )
"Total"                             1152     1152 1.152000e+03   2.292005e+05   199.153 (   455      0)   198.734 (  1146      0)
"prim_init1"                        1152     1152 1.152000e+03   1.981371e+03     1.758 (    40      0)     1.613 (   576      0)
"PartitioningTime"                  1152     1152 1.152000e+03   3.299203e+00     0.005 (   755      0)     0.002 (   244      0)
"repro_sum_int"                     1152     1152 5.184000e+04   1.148032e+02     0.212 (   276      0)     0.035 (   704      0)
"prim_init2"                        1152     2304 2.304000e+03   5.484199e+02     0.348 (   609      1)     0.173 (   728      1)
"prim_printstate"                   1152     2304 2.304000e+03   1.794464e+02     0.083 (     0      0)     0.077 (    72      0)
"interp_movie_output"               1152     1152 2.304000e+03   1.034174e+00     0.001 (   669      0)     0.000 (     4      0)
"prim_main_loop"                    1152     1152 1.152000e+03   2.089958e+05   181.614 (   455      0)   181.196 (  1146      0)
"prim_run"                          1152     2304 1.382400e+05   4.179885e+05   181.612 (   455      1)   181.195 (  1146      0)
"ApplyCAMForcing"                   1152     2304 1.382400e+05   3.694538e+03     2.700 (   502      0)     1.113 (   192      1)
"prim_step_rX"                      1152     2304 4.147200e+05   3.822319e+05   167.332 (   372      0)   164.375 (   448      1)
"prim_step_dyn"                     1152     2304 4.147200e+05   1.112847e+05    68.645 (   357      1)    25.378 (   492      0)
"prim_advance_exp"                  1152     2304 4.147200e+05   1.112782e+05    68.642 (   357      1)    25.376 (   492      0)
"U3-5stage_timestep"                1152     2304 4.147200e+05   5.872955e+04    54.074 (   357      1)    11.412 (  1027      0)
"compute_and_apply_rhs"             1152     2304 2.073600e+06   5.841832e+04    53.958 (   357      1)    11.264 (  1027      0)
"caar_bexchV"                       1152     2304 2.073600e+06   3.849398e+04    46.492 (   357      1)     2.072 (   463      0)
"advance_hypervis_dp"               1152     2304 4.147200e+05   5.253780e+04    40.328 (  1027      0)    12.463 (   469      1)
"biwkdp3d_bexchV"                   1152     2304 1.244160e+06   1.673527e+04    21.122 (   568      1)     0.997 (   448      0)
"ahdp_bexchV2"                      1152     2304 1.244160e+06   1.633097e+04    20.995 (  1079      1)     1.158 (   448      0)
"prim_step_advec"                   1152     2304 4.147200e+05   2.704104e+05   139.080 (   492      0)    98.049 (   357      1)
"PAT_remap"                         1152     2304 4.147200e+05   2.704066e+05   139.078 (   492      0)    98.047 (   357      1)
"prim_advec_tracers_remap_rk2"      1152     2304 4.147200e+05   2.704013e+05   139.077 (   492      0)    98.045 (   357      1)
"precomput_divdp"                   1152     2304 4.147200e+05   3.747591e+02     0.313 (   892      0)     0.123 (  1061      1)
"euler_step_0"                      1152     2304 4.147200e+05   7.209278e+04    44.805 (   125      0)    20.699 (  1147      1)
"bihmix_qminmax"                    1152     2304 1.244160e+06   1.215439e+05    65.842 (   854      0)    44.326 (  1018      1)
"eus_neighbor_minmax1"              1152     2304 4.147200e+05   1.669074e+04    16.885 (   128      1)     3.328 (  1096      0)
"nmm_bexchV"                        1152     2304 4.147200e+05   9.109424e+03    14.339 (   128      1)     1.167 (  1042      0)
"eus_2d_advec"                      1152     2304 1.244160e+06   1.440075e+05    79.596 (   125      0)    50.784 (   357      1)
"eus_bexchV"                        1152     2304 1.244160e+06   4.449404e+04    33.583 (   316      1)    10.358 (   337      0)
"euler_step_1"                      1152     2304 4.147200e+05   5.054461e+04    33.675 (  1121      1)    16.657 (   338      1)
"euler_step_2"                      1152     2304 4.147200e+05   1.429591e+05    75.296 (  1126      1)    52.200 (   357      0)
"nmm_bexchS_start"                  1152     2304 4.147200e+05   3.819924e+02     1.406 (   450      1)     0.009 (  1096      0)
"biwksc_bexchV"                     1152     2304 4.147200e+05   1.545389e+04    20.425 (   854      1)     2.502 (   510      0)
"nmm_bexchS_fini"                   1152     2304 4.147200e+05   2.695679e+03     4.310 (   497      1)     0.191 (   320      0)
"qdp_tavg"                          1152     2304 4.147200e+05   4.406924e+03     3.972 (   497      1)     0.957 (  1020      1)
"vertical_remap"                    1152     2304 1.382400e+05   2.874591e+04    13.835 (   509      0)    11.816 (   891      1)
"vertical_remap1_1"                 1152     2304 5.184000e+06   1.230190e+03     0.583 (   200      0)     0.494 (   891      1)
"remap_Q_ppm"                       1152     2304 1.555200e+07   2.823780e+04    13.574 (   509      0)    11.609 (   891      1)
"vertical_remap1_2"                 1152     2304 5.184000e+06   1.752598e+03     0.827 (   200      0)     0.707 (   320      1)
"vertical_remap1_3"                 1152     2304 5.184000e+06   2.545681e+04    12.316 (   509      0)    10.479 (   874      1)
"prim_run_subcyle_diags"            1152     2304 1.382400e+05   1.903383e+03     1.747 (   455      0)     0.418 (  1061      1)
"t_prf"                                0        0 0.000000e+00   0.000000e+00     0.000 (     0      0)     0.000 (     0      0)

10950807
