LAST_GIT_COMMIT_SHA:STRING=adf77c97ed8425a245449f2582d2441f4b72da1e
10950733

***** GLOBAL STATISTICS (   960 MPI TASKS) *****

$Id: gptl.c,v 1.157 2011-03-28 20:55:18 rosinski Exp $
'count' is cumulative. All other stats are max/min
name                           processes  threads        count      walltotal   wallmax (proc   thrd  )   wallmin (proc   thrd  )
"Total"                              960      960 9.600000e+02   1.455716e+05   151.706 (    47      0)   151.567 (   841      0)
"prim_init1"                         960      960 9.600000e+02   8.374262e+02     0.891 (   192      0)     0.809 (   819      0)
"PartitioningTime"                   960      960 9.600000e+02   1.306063e+00     0.003 (   569      0)     0.001 (   252      0)
"repro_sum_int"                      960      960 4.320000e+04   5.730623e+01     0.112 (    10      0)     0.031 (   228      0)
"prim_init2"                         960     1920 1.920000e+03   2.709125e+02     0.193 (    27      0)     0.112 (   192      1)
"prim_printstate"                    960     1920 1.920000e+03   1.090422e+02     0.064 (     0      0)     0.056 (   502      0)
"interp_movie_output"                960      960 1.920000e+03   7.604480e-01     0.001 (   564      0)     0.000 (    10      0)
"prim_main_loop"                     960      960 9.600000e+02   1.365806e+05   142.341 (    47      0)   142.202 (   841      0)
"prim_run"                           960     1920 1.920000e+05   2.731582e+05   142.339 (    47      1)   142.200 (   841      0)
"ApplyCAMForcing"                    960     1920 1.920000e+05   2.658528e+03     1.992 (    14      0)     1.075 (   577      1)
"prim_step_rX"                       960     1920 5.760000e+05   2.472926e+05   129.488 (   578      1)   127.896 (   391      0)
"prim_step_dyn"                      960     1920 5.760000e+05   7.265621e+04    48.917 (   611      1)    22.359 (    46      0)
"prim_advance_exp"                   960     1920 5.760000e+05   7.264677e+04    48.912 (   611      1)    22.354 (    46      0)
"U3-5stage_timestep"                 960     1920 5.760000e+05   3.759047e+04    33.183 (   593      0)    11.225 (    47      0)
"compute_and_apply_rhs"              960     1920 2.880000e+06   3.733606e+04    33.066 (   593      0)    11.042 (    47      1)
"caar_bexchV"                        960     1920 2.880000e+06   2.266830e+04    26.089 (   593      0)     1.926 (    47      1)
"advance_hypervis_dp"                960     1920 5.760000e+05   3.504047e+04    27.841 (   687      1)    11.033 (    36      1)
"biwkdp3d_bexchV"                    960     1920 1.728000e+06   1.046631e+04    12.027 (   315      1)     0.840 (   548      1)
"ahdp_bexchV2"                       960     1920 1.728000e+06   9.993606e+03    12.096 (   320      1)     0.975 (   548      1)
"prim_step_advec"                    960     1920 5.760000e+05   1.742639e+05   105.814 (    46      0)    80.132 (   611      1)
"PAT_remap"                          960     1920 5.760000e+05   1.742585e+05   105.811 (    46      0)    80.129 (   611      1)
"prim_advec_tracers_remap_rk2"       960     1920 5.760000e+05   1.742512e+05   105.807 (    46      0)    80.125 (   611      1)
"precomput_divdp"                    960     1920 5.760000e+05   2.570973e+02     0.196 (    83      1)     0.114 (   654      0)
"euler_step_0"                       960     1920 5.760000e+05   4.403603e+04    28.039 (    44      0)    17.965 (   591      1)
"bihmix_qminmax"                     960     1920 1.728000e+06   7.897977e+04    49.426 (     7      0)    36.303 (   591      1)
"eus_neighbor_minmax1"               960     1920 5.760000e+05   9.086753e+03     8.892 (   259      1)     2.603 (   581      0)
"nmm_bexchV"                         960     1920 5.760000e+05   4.928076e+03     7.436 (   276      1)     0.974 (   542      0)
"eus_2d_advec"                       960     1920 1.728000e+06   9.226197e+04    55.348 (    14      1)    42.161 (   613      0)
"eus_bexchV"                         960     1920 1.728000e+06   2.361686e+04    18.989 (   124      0)     7.172 (   175      0)
"euler_step_1"                       960     1920 5.760000e+05   3.430506e+04    22.642 (   263      0)    14.960 (   958      0)
"euler_step_2"                       960     1920 5.760000e+05   9.295633e+04    55.820 (    54      0)    44.144 (   331      0)
"nmm_bexchS_start"                   960     1920 5.760000e+05   6.978907e+01     0.408 (   768      1)     0.004 (   139      1)
"biwksc_bexchV"                      960     1920 5.760000e+05   8.275310e+03     9.806 (   267      0)     2.460 (   767      1)
"nmm_bexchS_fini"                    960     1920 5.760000e+05   1.679766e+03     2.828 (     7      0)     0.444 (   320      0)
"qdp_tavg"                           960     1920 5.760000e+05   2.666439e+03     2.511 (    58      0)     0.827 (   576      1)
"vertical_remap"                     960     1920 1.920000e+05   2.120066e+04    11.925 (   426      1)    10.615 (   806      0)
"vertical_remap1_1"                  960     1920 3.840000e+06   9.329353e+02     0.535 (   545      0)     0.446 (   912      1)
"remap_Q_ppm"                        960     1920 1.152000e+07   2.082313e+04    11.720 (   426      1)    10.424 (   806      0)
"vertical_remap1_2"                  960     1920 3.840000e+06   1.312407e+03     0.750 (   545      0)     0.635 (   920      1)
"vertical_remap1_3"                  960     1920 3.840000e+06   1.873207e+04    10.576 (   424      1)     9.389 (   806      0)
"prim_run_subcyle_diags"             960     1920 1.920000e+05   1.496513e+03     1.246 (    47      0)     0.583 (   579      1)
"t_prf"                                0        0 0.000000e+00   0.000000e+00     0.000 (     0      0)     0.000 (     0      0)

10950733
