LAST_GIT_COMMIT_SHA:STRING=4790f40f2fb6acbc051ce4c988681a628c18e83d

***** GLOBAL STATISTICS ( 43200 MPI TASKS) *****

$Id: gptl.c,v 1.157 2011-03-28 20:55:18 rosinski Exp $
'count' is cumulative. All other stats are max/min
name                               processes  threads        count      walltotal   wallmax (proc   thrd  )   wallmin (proc   thrd  )
Total                                  43200    43200 4.320000e+04   1.012717e+07   234.555 (     0      0)   234.365 (  5575      0)
prim_init1                             43200    43200 4.320000e+04   1.894553e+05     4.571 (    87      0)     4.166 ( 38689      0)
repro_sum_int                          43200    43200 1.944000e+06   6.592492e+04     3.699 (    37      0)     0.177 ( 40993      0)
prim_init2                             43200    43200 4.320000e+04   1.841401e+05     6.328 ( 40648      0)     2.848 ( 27774      0)
prim_printstate                        43200    43200 4.320000e+04   2.268031e+04     0.599 ( 40477      0)     0.456 ( 38413      0)
interp_movie_output                    43200    43200 8.640000e+04   1.019318e+03     0.066 ( 13688      0)     0.000 (  9163      0)
prim_main_loop                         43200    43200 4.320000e+04   8.967489e+06   207.641 ( 22208      0)   207.503 (  5069      0)
prim_run                               43200    43200 9.720000e+07   8.966359e+06   207.625 ( 22215      0)   207.474 (  5056      0)
tl-sc prim_run_subcycle_c              43200    43200 9.720000e+07   8.958791e+06   207.479 ( 22215      0)   207.285 (  6208      0)
tl-sc dp3d-from-ps                     43200    43200 9.720000e+07   3.619113e+03     0.142 ( 22976      0)     0.055 (  1191      0)
tl-sc prim_step-loop                   43200    43200 9.720000e+07   8.374835e+06   195.064 ( 37628      0)   191.368 ( 11776      0)
tl-s prim_step                         43200    43200 2.916000e+08   8.373077e+06   195.024 ( 37628      0)   191.320 ( 11776      0)
tl-s deep_copy+derived_dp              43200    43200 2.916000e+08   1.115958e+04     0.305 ( 36416      0)     0.243 ( 41814      0)
tl-s prim_advance_exp-loop             43200    43200 2.916000e+08   3.634888e+06    96.321 (  1193      0)    67.451 ( 41920      0)
tl-ae prim_advance_exp                 43200    43200 2.916000e+08   3.632461e+06    96.275 (  1193      0)    67.383 ( 41920      0)
tl-ae U3-5stage_timestep               43200    43200 2.916000e+08   1.765375e+06    52.726 ( 41323      0)    30.534 ( 22400      0)
caar compute                           43200    43200 1.458000e+09   2.636932e+05     7.141 ( 36992      0)     5.559 ( 22231      0)
caar_bexchV                            43200    43200 1.458000e+09   1.466914e+06    45.910 ( 41323      0)    22.829 ( 22400      0)
tl-ae advance_hypervis_dp              43200    43200 2.916000e+08   1.863010e+06    51.733 ( 37751      0)    34.201 ( 41942      0)
hvf-bhwk                               43200    43200 8.748000e+08   9.721583e+05    28.267 ( 37755      0)    17.417 ( 42026      0)
hvf-bexch                              43200    43200 1.749600e+09   1.589563e+06    45.567 ( 37751      0)    27.575 ( 41942      0)
tl-s prim_advec_tracers_remap          43200    43200 2.916000e+08   4.721464e+06   125.388 ( 41920      0)    97.698 (  1193      0)
tl-at prim_advec_tracers_remap_RK2     43200    43200 2.916000e+08   4.718859e+06   125.315 ( 41920      0)    97.636 (  1193      0)
tl-at precompute_divdp                 43200    43200 2.916000e+08   1.359725e+04     0.433 ( 28800      0)     0.245 ( 43118      0)
tl-at esf-0                            43200    43200 2.916000e+08   1.271194e+06    37.797 ( 41920      0)    24.520 ( 41988      0)
tl-at esf-1                            43200    43200 2.916000e+08   8.838955e+05    25.759 ( 22209      0)    17.228 ( 36793      0)
tl-at esf-2                            43200    43200 2.916000e+08   2.466146e+06    68.360 ( 41936      0)    47.637 ( 37152      0)
tl-at qdp_time_avg                     43200    43200 2.916000e+08   7.167499e+04     1.903 (  1792      0)     1.475 ( 22210      0)
tl-sc vertical_remap                   43200    43200 9.720000e+07   5.184364e+05    14.364 ( 11776      0)    10.844 ( 37628      0)
Remap Thickness Functor                43200    43200 9.720000e+07   7.408209e+03     0.249 (  6336      0)     0.116 (  8561      0)
Remap Scale States Functor             43200    43200 9.720000e+07   4.203711e+03     0.168 ( 11902      0)     0.066 ( 35584      0)
Remap Compute Grids Functor            43200    43200 9.720000e+07   1.951539e+04     0.577 ( 39744      0)     0.395 ( 32431      0)
Remap Compute Remap Functor            43200    43200 9.720000e+07   4.676016e+05    13.047 ( 11776      0)     9.958 ( 22907      0)
Remap Rescale States Functor           43200    43200 9.720000e+07   4.205775e+03     0.199 (  1012      0)     0.084 (  2257      0)
tl-sc Q-from-qdp                       43200    43200 9.720000e+07   5.934750e+04     1.525 (  1408      0)     1.361 ( 15793      0)
t_prf                                      0        0 0.000000e+00   0.000000e+00     0.000 (     0      0)     0.000 (     0      0)

