LAST_GIT_COMMIT_SHA:STRING=adf77c97ed8425a245449f2582d2441f4b72da1e
10950794

***** GLOBAL STATISTICS ( 19200 MPI TASKS) *****

$Id: gptl.c,v 1.157 2011-03-28 20:55:18 rosinski Exp $
'count' is cumulative. All other stats are max/min
name                           processes  threads        count      walltotal   wallmax (proc   thrd  )   wallmin (proc   thrd  )
"Total"                            19200    19200 1.920000e+04   3.654665e+06   190.432 (   139      0)   190.277 ( 16026      0)
"prim_init1"                       19200    19200 1.920000e+04   1.009124e+05     5.382 (  5282      0)     5.118 (  9925      0)
"PartitioningTime"                 19200    19200 1.920000e+04   1.177223e+03     0.080 ( 13055      0)     0.030 (   129      0)
"repro_sum_int"                    19200    19200 8.640000e+05   2.635582e+04     2.929 (    18      0)     0.616 (   245      0)
"prim_init2"                       19200    38400 3.840000e+04   7.105915e+04     3.418 (     0      0)     1.218 (   210      1)
"prim_printstate"                  19200    38400 3.840000e+04   1.532223e+04     0.430 (     0      0)     0.374 ( 19161      0)
"interp_movie_output"              19200    19200 3.840000e+04   6.176820e+02     0.041 ( 17799      0)     0.017 (    25      0)
"prim_main_loop"                   19200    19200 1.920000e+04   3.309088e+06   172.373 (  8192      0)   172.329 ( 16091      0)
"prim_run"                         19200    38400 7.680000e+07   6.616967e+06   172.343 (  8189      1)   172.297 (  5339      1)
"ApplyCAMForcing"                  19200    38400 7.680000e+07   4.622087e+04     1.380 ( 14669      1)     1.038 ( 15869      0)
"prim_step_rX"                     19200    38400 2.304000e+08   6.118356e+06   160.263 (  2268      0)   157.429 ( 17792      1)
"prim_step_dyn"                    19200    38400 2.304000e+08   2.195131e+06    71.330 (  6844      0)    45.083 ( 10496      0)
"prim_advance_exp"                 19200    38400 2.304000e+08   2.192746e+06    71.267 (  6844      0)    45.017 ( 10496      0)
"U3-5stage_timestep"               19200    38400 2.304000e+08   1.178491e+06    44.410 ( 16104      0)    20.952 ( 18485      1)
"compute_and_apply_rhs"            19200    38400 1.152000e+09   1.163300e+06    44.054 ( 16104      1)    20.539 ( 18485      0)
"caar_bexchV"                      19200    38400 1.152000e+09   8.530675e+05    36.709 ( 16104      1)    11.640 ( 10496      0)
"advance_hypervis_dp"              19200    38400 2.304000e+08   1.010130e+06    34.603 (  7251      1)    21.484 ( 14656      1)
"biwkdp3d_bexchV"                  19200    38400 6.912000e+08   3.544160e+05    14.855 ( 13978      1)     6.281 ( 18817      1)
"ahdp_bexchV2"                     19200    38400 6.912000e+08   3.508448e+05    14.266 ( 16228      1)     6.357 ( 14656      0)
"prim_step_advec"                  19200    38400 2.304000e+08   3.913866e+06   112.766 ( 14708      1)    88.280 (  6844      1)
"PAT_remap"                        19200    38400 2.304000e+08   3.911944e+06   112.716 ( 14708      1)    88.232 (  6844      1)
"prim_advec_tracers_remap_rk2"     19200    38400 2.304000e+08   3.909381e+06   112.648 ( 14708      1)    88.164 (  6844      1)
"precomput_divdp"                  19200    38400 2.304000e+08   5.284181e+03     0.168 (  2635      1)     0.129 ( 16356      1)
"euler_step_0"                     19200    38400 2.304000e+08   9.790546e+05    31.311 ( 13085      1)    20.972 ( 15707      0)
"bihmix_qminmax"                   19200    38400 6.912000e+08   1.770398e+06    56.842 ( 15946      0)    39.423 (   862      1)
"eus_neighbor_minmax1"             19200    38400 2.304000e+08   2.509547e+05    10.717 ( 16362      1)     4.579 (   708      0)
"nmm_bexchV"                       19200    38400 2.304000e+08   1.948779e+05     9.340 ( 13085      1)     3.136 (   708      0)
"eus_2d_advec"                     19200    38400 6.912000e+08   2.066678e+06    66.059 ( 14713      1)    45.672 ( 16068      0)
"eus_bexchV"                       19200    38400 6.912000e+08   8.520444e+05    34.437 ( 14558      1)    14.783 ( 14229      1)
"euler_step_1"                     19200    38400 2.304000e+08   7.383106e+05    22.696 ( 14703      1)    16.980 ( 14277      0)
"euler_step_2"                     19200    38400 2.304000e+08   2.139265e+06    63.123 ( 15750      1)    46.952 (  9307      0)
"nmm_bexchS_start"                 19200    38400 2.304000e+08   1.215514e+04     0.946 ( 16128      0)     0.066 (  5333      1)
"biwksc_bexchV"                    19200    38400 2.304000e+08   4.199808e+05    19.640 ( 16117      1)     6.326 ( 14222      0)
"nmm_bexchS_fini"                  19200    38400 2.304000e+08   9.219537e+03     0.934 ( 12096      1)     0.164 ( 16576      0)
"qdp_tavg"                         19200    38400 2.304000e+08   3.861496e+04     1.363 (  8166      0)     0.773 ( 18179      1)
"vertical_remap"                   19200    38400 7.680000e+07   4.144265e+05    12.481 ( 17792      0)    10.065 (  2268      1)
"vertical_remap1_1"                19200    38400 7.680000e+07   2.154496e+04     0.679 (  8193      0)     0.506 (  2780      1)
"remap_Q_ppm"                      19200    38400 2.304000e+08   4.049177e+05    12.223 ( 17792      0)     9.840 (  2268      1)
"vertical_remap1_2"                19200    38400 7.680000e+07   2.519693e+04     0.775 (   101      1)     0.592 (  5862      0)
"vertical_remap1_3"                19200    38400 7.680000e+07   3.621941e+05    11.004 ( 16128      0)     8.821 (  2268      1)
"prim_run_subcyle_diags"           19200    38400 7.680000e+07   2.137451e+04     0.673 (  2309      0)     0.347 (  9018      0)
"t_prf"                                0        0 0.000000e+00   0.000000e+00     0.000 (     0      0)     0.000 (     0      0)

10950794
