LAST_GIT_COMMIT_SHA:STRING=4790f40f2fb6acbc051ce4c988681a628c18e83d

***** GLOBAL STATISTICS (   512 MPI TASKS) *****

$Id: gptl.c,v 1.157 2011-03-28 20:55:18 rosinski Exp $
'count' is cumulative. All other stats are max/min
name                               processes  threads        count      walltotal   wallmax (proc   thrd  )   wallmin (proc   thrd  )
Total                                    512      512 5.120000e+02   2.246955e+04    43.891 (   332      0)    43.882 (   239      0)
prim_init1                               512      512 5.120000e+02   1.367544e+02     0.271 (     0      0)     0.262 (   376      0)
repro_sum_int                            512      512 2.304000e+04   1.449274e+01     0.055 (    24      0)     0.019 (   492      0)
prim_init2                               512      512 5.120000e+02   1.700070e+02     0.347 (    56      0)     0.322 (   265      0)
prim_printstate                          512      512 5.120000e+02   2.910491e+01     0.062 (     0      0)     0.056 (   294      0)
interp_movie_output                      512      512 1.024000e+03   1.805820e-01     0.001 (    96      0)     0.000 (    28      0)
prim_main_loop                           512      512 5.120000e+02   2.165005e+04    42.291 (   332      0)    42.282 (   239      0)
prim_run                                 512      512 6.860800e+04   2.164933e+04    42.289 (   332      0)    42.280 (   222      0)
tl-sc prim_run_subcycle_c                512      512 6.860800e+04   2.164270e+04    42.277 (   332      0)    42.265 (   215      0)
tl-sc dp3d-from-ps                       512      512 6.860800e+04   4.499216e+00     0.010 (   320      0)     0.008 (    83      0)
tl-sc prim_step-loop                     512      512 6.860800e+04   1.941610e+04    38.034 (   299      0)    37.796 (   187      0)
tl-s prim_step                           512      512 2.058240e+05   1.941467e+04    38.031 (   299      0)    37.792 (   187      0)
tl-s deep_copy+derived_dp                512      512 2.058240e+05   2.828084e+01     0.068 (   339      0)     0.047 (   270      0)
tl-s prim_advance_exp-loop               512      512 2.058240e+05   5.201839e+03    11.918 (   209      0)     8.412 (   370      0)
tl-ae prim_advance_exp                   512      512 2.058240e+05   5.200014e+03    11.914 (   209      0)     8.408 (   370      0)
tl-ae U3-5stage_timestep                 512      512 2.058240e+05   2.833115e+03     7.230 (   278      0)     4.173 (   332      0)
caar compute                             512      512 1.029120e+06   9.893510e+02     2.159 (   320      0)     1.723 (   436      0)
caar_bexchV                              512      512 1.029120e+06   1.784538e+03     5.340 (   278      0)     1.973 (   332      0)
tl-ae advance_hypervis_dp                512      512 2.058240e+05   2.362880e+03     5.750 (   182      0)     4.123 (   371      0)
hvf-bhwk                                 512      512 6.174720e+05   1.380873e+03     3.383 (   185      0)     2.386 (   297      0)
hvf-bexch                                512      512 1.234944e+06   1.416348e+03     3.981 (   182      0)     2.161 (   371      0)
tl-s prim_advec_tracers_remap            512      512 2.058240e+05   1.417927e+04    29.471 (   332      0)    25.857 (   209      0)
tl-at prim_advec_tracers_remap_RK2       512      512 2.058240e+05   1.417712e+04    29.467 (   332      0)    25.853 (   209      0)
tl-at precompute_divdp                   512      512 2.058240e+05   3.027069e+01     0.078 (   361      0)     0.048 (   202      0)
tl-at esf-0                              512      512 2.058240e+05   3.990915e+03     9.363 (   370      0)     6.107 (   430      0)
tl-at esf-1                              512      512 2.058240e+05   2.977407e+03     6.474 (   302      0)     5.266 (   276      0)
tl-at esf-2                              512      512 2.058240e+05   6.833755e+03    14.557 (   304      0)    12.493 (   234      0)
tl-at qdp_time_avg                       512      512 2.058240e+05   3.334302e+02     0.726 (   323      0)     0.539 (   270      0)
tl-sc vertical_remap                     512      512 6.860800e+04   1.975605e+03     3.985 (   187      0)     3.751 (   299      0)
Remap Thickness Functor                  512      512 6.860800e+04   1.468548e+01     0.032 (   181      0)     0.024 (   227      0)
Remap Scale States Functor               512      512 6.860800e+04   7.483600e+00     0.018 (   360      0)     0.011 (   270      0)
Remap Compute Grids Functor              512      512 6.860800e+04   7.410432e+01     0.160 (   323      0)     0.127 (   390      0)
Remap Compute Remap Functor              512      512 6.860800e+04   1.861065e+03     3.743 (   188      0)     3.551 (   299      0)
Remap Rescale States Functor             512      512 6.860800e+04   8.636569e+00     0.019 (   291      0)     0.015 (   359      0)
tl-sc Q-from-qdp                         512      512 6.860800e+04   2.446057e+02     0.503 (    64      0)     0.475 (   278      0)
t_prf                                      0        0 0.000000e+00   0.000000e+00     0.000 (     0      0)     0.000 (     0      0)

