LAST_GIT_COMMIT_SHA:STRING=adf77c97ed8425a245449f2582d2441f4b72da1e
10950684

***** GLOBAL STATISTICS (   192 MPI TASKS) *****

$Id: gptl.c,v 1.157 2011-03-28 20:55:18 rosinski Exp $
'count' is cumulative. All other stats are max/min
name                           processes  threads        count      walltotal   wallmax (proc   thrd  )   wallmin (proc   thrd  )
"Total"                              192      192 1.920000e+02   1.077498e+04    56.174 (     5      0)    56.102 (    67      0)
"prim_init1"                         192      192 1.920000e+02   6.487455e+01     0.343 (     0      0)     0.333 (   155      0)
"PartitioningTime"                   192      192 1.920000e+02   3.580925e-01     0.002 (    81      0)     0.002 (     0      0)
"repro_sum_int"                      192      192 8.640000e+03   5.461538e+00     0.035 (    36      0)     0.018 (     0      0)
"prim_init2"                         192      384 3.840000e+02   3.492530e+01     0.101 (    20      0)     0.080 (     0      1)
"prim_printstate"                    192      384 3.840000e+02   1.402015e+01     0.042 (     0      0)     0.035 (   170      0)
"interp_movie_output"                192      192 3.840000e+02   1.040730e-01     0.001 (   174      0)     0.000 (    21      0)
"prim_main_loop"                     192      192 1.920000e+02   1.049876e+04    54.734 (     5      0)    54.662 (    67      0)
"prim_run"                           192      384 1.920000e+04   2.099714e+04    54.733 (     5      1)    54.661 (    67      1)
"ApplyCAMForcing"                    192      384 1.920000e+04   2.361991e+02     0.898 (   127      0)     0.511 (     8      1)
"prim_step_rX"                       192      384 5.760000e+04   1.888368e+04    49.322 (   188      1)    49.083 (    68      0)
"prim_step_dyn"                      192      384 5.760000e+04   4.046470e+03    12.812 (    42      1)     8.754 (   100      0)
"prim_advance_exp"                   192      384 5.760000e+04   4.045478e+03    12.809 (    42      1)     8.752 (   100      0)
"U3-5stage_timestep"                 192      384 5.760000e+04   2.332084e+03     8.134 (    42      1)     4.442 (    68      1)
"compute_and_apply_rhs"              192      384 2.880000e+05   2.306688e+03     8.073 (    42      1)     4.370 (   100      1)
"caar_bexchV"                        192      384 2.880000e+05   1.022659e+03     4.729 (   190      0)     0.786 (    68      1)
"advance_hypervis_dp"                192      384 5.760000e+04   1.711733e+03     4.950 (   159      1)     4.281 (    80      0)
"biwkdp3d_bexchV"                    192      384 1.728000e+05   2.064798e+02     0.875 (   156      0)     0.332 (     0      0)
"ahdp_bexchV2"                       192      384 1.728000e+05   2.158030e+02     0.846 (   152      0)     0.368 (     0      0)
"prim_step_advec"                    192      384 5.760000e+04   1.480323e+04    40.293 (   100      1)    36.272 (    42      0)
"PAT_remap"                          192      384 5.760000e+04   1.480265e+04    40.292 (   100      1)    36.271 (    42      0)
"prim_advec_tracers_remap_rk2"       192      384 5.760000e+04   1.480190e+04    40.290 (   100      1)    36.268 (    42      0)
"precomput_divdp"                    192      384 5.760000e+04   2.182821e+01     0.064 (     7      1)     0.052 (   123      0)
"euler_step_0"                       192      384 5.760000e+04   3.862681e+03    10.584 (   108      1)     9.240 (    42      0)
"bihmix_qminmax"                     192      384 1.728000e+05   6.891466e+03    19.252 (    69      0)    16.347 (     6      1)
"eus_neighbor_minmax1"               192      384 5.760000e+04   8.866899e+02     2.663 (     8      1)     1.730 (     6      0)
"nmm_bexchV"                         192      384 5.760000e+04   4.228746e+02     1.577 (     8      1)     0.758 (     6      0)
"eus_2d_advec"                       192      384 1.728000e+05   7.618009e+03    21.524 (     6      1)    18.967 (    47      0)
"eus_bexchV"                         192      384 1.728000e+05   2.090176e+03     6.620 (     6      0)     3.944 (    47      1)
"euler_step_1"                       192      384 5.760000e+04   2.789529e+03     7.601 (    26      0)     6.967 (   185      1)
"euler_step_2"                       192      384 5.760000e+04   7.862948e+03    21.427 (    99      0)    19.213 (    52      1)
"nmm_bexchS_start"                   192      384 5.760000e+04   5.829520e+00     0.070 (    84      1)     0.002 (    34      1)
"biwksc_bexchV"                      192      384 5.760000e+04   9.118848e+02     3.274 (   121      0)     1.456 (    52      1)
"nmm_bexchS_fini"                    192      384 5.760000e+04   1.817087e+02     0.791 (    79      0)     0.228 (    51      1)
"qdp_tavg"                           192      384 5.760000e+04   2.617814e+02     0.947 (   103      1)     0.416 (   128      1)
"vertical_remap"                     192      384 1.920000e+04   1.677220e+03     4.602 (    52      0)     4.156 (    99      1)
"vertical_remap1_1"                  192      384 3.072000e+05   7.371610e+01     0.207 (    51      0)     0.173 (   109      0)
"remap_Q_ppm"                        192      384 9.216000e+05   1.647573e+03     4.517 (    52      0)     4.083 (    99      1)
"vertical_remap1_2"                  192      384 3.072000e+05   1.031275e+02     0.291 (    51      0)     0.244 (   111      0)
"vertical_remap1_3"                  192      384 3.072000e+05   1.482692e+03     4.061 (     9      0)     3.678 (   124      1)
"prim_run_subcyle_diags"             192      384 1.920000e+04   1.449415e+02     0.594 (   110      0)     0.257 (   188      0)
"t_prf"                                0        0 0.000000e+00   0.000000e+00     0.000 (     0      0)     0.000 (     0      0)

10950684
