LAST_GIT_COMMIT_SHA:STRING=adf77c97ed8425a245449f2582d2441f4b72da1e
10950708

***** GLOBAL STATISTICS (   768 MPI TASKS) *****

$Id: gptl.c,v 1.157 2011-03-28 20:55:18 rosinski Exp $
'count' is cumulative. All other stats are max/min
name                           processes  threads        count      walltotal   wallmax (proc   thrd  )   wallmin (proc   thrd  )
"Total"                              768      768 7.680000e+02   1.442718e+05   187.900 (   108      0)   187.815 (   396      0)
"prim_init1"                         768      768 7.680000e+02   4.939112e+02     0.658 (   257      0)     0.610 (   553      0)
"PartitioningTime"                   768      768 7.680000e+02   9.149113e-01     0.004 (   251      0)     0.001 (   375      0)
"repro_sum_int"                      768      768 3.456000e+04   3.761758e+01     0.070 (    92      0)     0.027 (   607      0)
"prim_init2"                         768     1536 1.536000e+03   1.832738e+02     0.137 (   294      0)     0.096 (   607      1)
"prim_printstate"                    768     1536 1.536000e+03   7.234043e+01     0.055 (     0      0)     0.046 (   296      0)
"interp_movie_output"                768      768 1.536000e+03   5.400078e-01     0.001 (    99      0)     0.000 (    32      0)
"prim_main_loop"                     768      768 7.680000e+02   1.407716e+05   183.342 (   111      0)   183.258 (   396      0)
"prim_run"                           768     1536 2.457600e+05   2.815403e+05   183.340 (   109      0)   183.256 (   396      1)
"ApplyCAMForcing"                    768     1536 2.457600e+05   2.785272e+03     2.698 (   212      0)     1.340 (   438      1)
"prim_step_rX"                       768     1536 7.372800e+05   2.548103e+05   166.971 (   438      0)   164.623 (    65      0)
"prim_step_dyn"                      768     1536 7.372800e+05   7.401275e+04    64.935 (   399      1)    29.660 (   106      1)
"prim_advance_exp"                   768     1536 7.372800e+05   7.400077e+04    64.928 (   399      1)    29.651 (   106      1)
"U3-5stage_timestep"                 768     1536 7.372800e+05   3.894486e+04    42.236 (   582      0)    14.940 (   100      1)
"compute_and_apply_rhs"              768     1536 3.686400e+06   3.866366e+04    42.051 (   582      0)    14.698 (   100      1)
"caar_bexchV"                        768     1536 3.686400e+06   2.314044e+04    32.707 (   581      1)     2.543 (    96      1)
"advance_hypervis_dp"                768     1536 7.372800e+05   3.503570e+04    39.868 (   399      0)    14.520 (    65      1)
"biwkdp3d_bexchV"                    768     1536 2.211840e+06   1.031356e+04    17.341 (   398      0)     1.052 (    64      0)
"ahdp_bexchV2"                       768     1536 2.211840e+06   9.523879e+03    16.568 (   390      1)     1.224 (    64      0)
"prim_step_advec"                    768     1536 7.372800e+05   1.804115e+05   134.857 (   106      1)   101.407 (   444      1)
"PAT_remap"                          768     1536 7.372800e+05   1.804045e+05   134.852 (   106      1)   101.402 (   444      1)
"prim_advec_tracers_remap_rk2"       768     1536 7.372800e+05   1.803951e+05   134.846 (   106      1)   101.396 (   444      1)
"precomput_divdp"                    768     1536 7.372800e+05   2.665364e+02     0.245 (   119      1)     0.145 (   504      0)
"euler_step_0"                       768     1536 7.372800e+05   4.498706e+04    35.699 (   101      1)    23.334 (   432      1)
"bihmix_qminmax"                     768     1536 2.211840e+06   8.150481e+04    61.676 (    91      0)    45.609 (   420      1)
"eus_neighbor_minmax1"               768     1536 7.372800e+05   9.024794e+03    10.947 (   658      1)     3.092 (   465      0)
"nmm_bexchV"                         768     1536 7.372800e+05   4.689691e+03     8.817 (   658      1)     1.075 (   465      0)
"eus_2d_advec"                       768     1536 2.211840e+06   9.569817e+04    71.451 (    22      0)    52.523 (   399      0)
"eus_bexchV"                         768     1536 2.211840e+06   2.461894e+04    23.804 (    63      0)     8.909 (   381      1)
"euler_step_1"                       768     1536 7.372800e+05   3.551707e+04    27.683 (   706      0)    19.351 (   399      0)
"euler_step_2"                       768     1536 7.372800e+05   9.677049e+04    71.094 (    93      1)    55.743 (   444      1)
"nmm_bexchS_start"                   768     1536 7.372800e+05   6.827286e+01     0.596 (   256      1)     0.006 (   413      1)
"biwksc_bexchV"                      768     1536 7.372800e+05   8.852860e+03    10.309 (   588      0)     2.924 (   448      0)
"nmm_bexchS_fini"                    768     1536 7.372800e+05   1.800214e+03     2.750 (    89      0)     0.676 (   424      1)
"qdp_tavg"                           768     1536 7.372800e+05   2.814916e+03     2.738 (   219      1)     1.039 (   439      1)
"vertical_remap"                     768     1536 2.457600e+05   2.182992e+04    15.282 (   307      0)    13.606 (   642      1)
"vertical_remap1_1"                  768     1536 3.932160e+06   9.657554e+02     0.678 (   263      1)     0.569 (   666      0)
"remap_Q_ppm"                        768     1536 1.179648e+07   2.144267e+04    15.042 (   307      0)    13.366 (   642      1)
"vertical_remap1_2"                  768     1536 3.932160e+06   1.354117e+03     0.952 (   266      1)     0.814 (   690      1)
"vertical_remap1_3"                  768     1536 3.932160e+06   1.928055e+04    13.565 (   307      0)    12.036 (   642      1)
"prim_run_subcyle_diags"             768     1536 2.457600e+05   1.566448e+03     1.714 (   238      1)     0.749 (   256      1)
"t_prf"                                0        0 0.000000e+00   0.000000e+00     0.000 (     0      0)     0.000 (     0      0)

10950708
