LAST_GIT_COMMIT_SHA:STRING=4790f40f2fb6acbc051ce4c988681a628c18e83d

***** GLOBAL STATISTICS (   640 MPI TASKS) *****

$Id: gptl.c,v 1.157 2011-03-28 20:55:18 rosinski Exp $
'count' is cumulative. All other stats are max/min
name                               processes  threads        count      walltotal   wallmax (proc   thrd  )   wallmin (proc   thrd  )
Total                                    640      640 6.400000e+02   1.129938e+05   176.790 (   605      0)   176.200 (    56      0)
prim_init1                               640      640 6.400000e+02   1.008919e+03     1.591 (   373      0)     1.479 (   435      0)
repro_sum_int                            640      640 2.880000e+04   3.997952e+01     0.161 (   397      0)     0.025 (   320      0)
prim_init2                               640      640 6.400000e+02   1.620329e+03     2.652 (   638      0)     2.476 (   536      0)
prim_printstate                          640      640 6.400000e+02   1.677212e+02     0.267 (     0      0)     0.261 (   602      0)
interp_movie_output                      640      640 1.280000e+03   2.418845e-01     0.001 (   469      0)     0.000 (   312      0)
prim_main_loop                           640      640 6.400000e+02   1.001780e+05   156.764 (   605      0)   156.175 (    56      0)
prim_run                                 640      640 2.176000e+04   1.001775e+05   156.764 (   624      0)   156.174 (    56      0)
tl-sc prim_run_subcycle_c                640      640 2.176000e+04   1.000152e+05   156.511 (   260      0)   156.036 (   161      0)
tl-sc dp3d-from-ps                       640      640 2.176000e+04   1.229518e+01     0.034 (   583      0)     0.016 (    80      0)
tl-sc prim_step-loop                     640      640 2.176000e+04   9.196021e+04   144.406 (   569      0)   142.285 (   517      0)
tl-s prim_step                           640      640 6.528000e+04   9.195966e+04   144.406 (   569      0)   142.284 (   517      0)
tl-s deep_copy+derived_dp                640      640 6.528000e+04   1.157273e+02     0.352 (   259      0)     0.120 (   197      0)
tl-s prim_advance_exp-loop               640      640 6.528000e+04   2.205865e+04    53.862 (   173      0)    17.808 (   619      0)
tl-ae prim_advance_exp                   640      640 6.528000e+04   2.205786e+04    53.861 (   173      0)    17.807 (   619      0)
tl-ae U3-5stage_timestep                 640      640 6.528000e+04   1.288579e+04    35.408 (   189      0)     9.041 (   621      0)
caar compute                             640      640 3.264000e+05   3.306227e+03     6.412 (   617      0)     4.306 (   191      0)
caar_bexchV                              640      640 3.264000e+05   9.456476e+03    30.373 (   531      0)     2.693 (   621      0)
tl-ae advance_hypervis_dp                640      640 6.528000e+04   9.170629e+03    28.068 (   159      0)     8.613 (   590      0)
hvf-bhwk                                 640      640 1.958400e+05   5.289887e+03    17.715 (   145      0)     5.250 (   550      0)
hvf-bexch                                640      640 3.916800e+05   6.222760e+03    23.882 (   159      0)     3.209 (   597      0)
tl-s prim_advec_tracers_remap            640      640 6.528000e+04   6.978296e+04   125.709 (   619      0)    89.652 (   173      0)
tl-at prim_advec_tracers_remap_RK2       640      640 6.528000e+04   6.978213e+04   125.708 (   619      0)    89.651 (   173      0)
tl-at precompute_divdp                   640      640 6.528000e+04   1.191026e+02     0.410 (   599      0)     0.087 (   475      0)
tl-at esf-0                              640      640 6.528000e+04   2.126825e+04    39.472 (   620      0)    24.779 (   186      0)
tl-at esf-1                              640      640 6.528000e+04   1.400954e+04    28.832 (    22      0)    12.956 (   157      0)
tl-at esf-2                              640      640 6.528000e+04   3.279319e+04    62.196 (   331      0)    38.777 (    28      0)
tl-at qdp_time_avg                       640      640 6.528000e+04   1.587293e+03     4.267 (   274      0)     1.626 (   180      0)
tl-sc vertical_remap                     640      640 2.176000e+04   7.127690e+03    12.517 (   517      0)    10.540 (   144      0)
Remap Thickness Functor                  640      640 2.176000e+04   4.065906e+01     0.081 (   258      0)     0.055 (   191      0)
Remap Scale States Functor               640      640 2.176000e+04   2.658662e+01     0.076 (   389      0)     0.025 (    42      0)
Remap Compute Grids Functor              640      640 2.176000e+04   2.654120e+02     0.518 (    80      0)     0.345 (   213      0)
Remap Compute Remap Functor              640      640 2.176000e+04   6.747823e+03    11.979 (   517      0)    10.011 (   144      0)
Remap Rescale States Functor             640      640 2.176000e+04   2.709312e+01     0.120 (   620      0)     0.034 (   496      0)
tl-sc Q-from-qdp                         640      640 2.176000e+04   9.141440e+02     1.853 (   601      0)     1.339 (   532      0)
t_prf                                      0        0 0.000000e+00   0.000000e+00     0.000 (     0      0)     0.000 (     0      0)

