LAST_GIT_COMMIT_SHA:STRING=adf77c97ed8425a245449f2582d2441f4b72da1e
10950103

***** GLOBAL STATISTICS (   512 MPI TASKS) *****

$Id: gptl.c,v 1.157 2011-03-28 20:55:18 rosinski Exp $
'count' is cumulative. All other stats are max/min
name                           processes  threads        count      walltotal   wallmax (proc   thrd  )   wallmin (proc   thrd  )
"Total"                              512      512 5.120000e+02   2.124552e+04    41.499 (    35      0)    41.491 (   187      0)
"prim_init1"                         512      512 5.120000e+02   7.555473e+01     0.153 (     0      0)     0.146 (   298      0)
"PartitioningTime"                   512      512 5.120000e+02   7.731755e-01     0.002 (   491      0)     0.001 (   113      0)
"repro_sum_int"                      512      512 2.304000e+04   1.978482e+01     0.058 (    88      0)     0.018 (   191      0)
"prim_init2"                         512     1024 1.024000e+03   7.061895e+01     0.085 (   509      0)     0.048 (   191      0)
"prim_printstate"                    512     1024 1.024000e+03   2.788324e+01     0.034 (     0      0)     0.026 (     8      1)
"interp_movie_output"                512      512 1.024000e+03   3.481536e-01     0.001 (   110      0)     0.000 (    44      0)
"prim_main_loop"                     512      512 5.120000e+02   2.093631e+04    40.895 (    35      0)    40.887 (   187      0)
"prim_run"                           512     1024 3.276800e+05   4.186983e+04    40.893 (    35      1)    40.884 (   187      0)
"ApplyCAMForcing"                    512     1024 3.276800e+05   2.601254e+02     0.350 (   365      0)     0.169 (   359      1)
"prim_step_rX"                       512     1024 9.830400e+05   3.797508e+04    37.363 (   294      0)    36.631 (   448      1)
"prim_step_dyn"                      512     1024 9.830400e+05   1.088022e+04    13.371 (   188      1)     8.204 (   268      0)
"prim_advance_exp"                   512     1024 9.830400e+05   1.087079e+04    13.361 (   188      1)     8.196 (   268      0)
"U3-5stage_timestep"                 512     1024 9.830400e+05   6.126629e+03     8.685 (   430      1)     3.936 (   268      0)
"compute_and_apply_rhs"              512     1024 4.915200e+06   6.064953e+03     8.624 (   430      1)     3.874 (   268      0)
"caar_bexchV"                        512     1024 4.915200e+06   4.272532e+03     7.339 (   430      1)     1.445 (   384      0)
"advance_hypervis_dp"                512     1024 9.830400e+05   4.728270e+03     5.873 (   131      0)     4.122 (   321      1)
"biwkdp3d_bexchV"                    512     1024 2.949120e+06   1.461544e+03     2.563 (   131      1)     0.761 (   320      0)
"ahdp_bexchV2"                       512     1024 2.949120e+06   1.429746e+03     2.438 (   128      1)     0.843 (   256      0)
"prim_step_advec"                    512     1024 9.830400e+05   2.704747e+04    29.021 (   268      0)    23.644 (   209      1)
"PAT_remap"                          512     1024 9.830400e+05   2.703997e+04    29.014 (   268      0)    23.636 (   209      1)
"prim_advec_tracers_remap_rk2"       512     1024 9.830400e+05   2.702997e+04    29.005 (   268      0)    23.626 (   209      1)
"precomput_divdp"                    512     1024 9.830400e+05   3.154302e+01     0.046 (    64      0)     0.021 (   455      1)
"euler_step_0"                       512     1024 9.830400e+05   6.650282e+03     8.159 (   268      0)     4.944 (   430      1)
"bihmix_qminmax"                     512     1024 2.949120e+06   1.226240e+04    14.470 (   327      0)    10.399 (   182      1)
"eus_neighbor_minmax1"               512     1024 9.830400e+05   1.570502e+03     2.760 (   268      1)     0.832 (   401      0)
"nmm_bexchV"                         512     1024 9.830400e+05   1.268466e+03     2.535 (   268      1)     0.478 (   339      0)
"eus_2d_advec"                       512     1024 2.949120e+06   1.443650e+04    17.198 (   265      0)    12.383 (   192      1)
"eus_bexchV"                         512     1024 2.949120e+06   6.866042e+03    12.009 (   265      1)     2.498 (   192      0)
"euler_step_1"                       512     1024 9.830400e+05   5.255062e+03     5.996 (    24      0)     4.634 (   241      1)
"euler_step_2"                       512     1024 9.830400e+05   1.486914e+04    15.898 (   385      0)    13.199 (   186      1)
"nmm_bexchS_start"                   512     1024 9.830400e+05   5.120018e+02     1.121 (   448      1)     0.044 (   402      0)
"biwksc_bexchV"                      512     1024 9.830400e+05   2.816893e+03     4.937 (   320      1)     1.166 (   464      0)
"nmm_bexchS_fini"                    512     1024 9.830400e+05   7.896498e+02     1.706 (   192      1)     0.025 (   402      0)
"qdp_tavg"                           512     1024 9.830400e+05   1.872769e+02     0.266 (     0      0)     0.104 (   360      1)
"vertical_remap"                     512     1024 3.276800e+05   2.481329e+03     3.323 (   465      0)     1.591 (   295      1)
"vertical_remap1_1"                  512     1024 4.915200e+05   1.124895e+02     0.151 (   498      0)     0.071 (   360      1)
"remap_Q_ppm"                        512     1024 1.474560e+06   2.436633e+03     3.265 (   465      0)     1.561 (   295      1)
"vertical_remap1_2"                  512     1024 4.915200e+05   1.570526e+02     0.214 (   453      0)     0.098 (   360      1)
"vertical_remap1_3"                  512     1024 4.915200e+05   2.184425e+03     2.950 (   128      0)     1.395 (   411      1)
"prim_run_subcyle_diags"             512     1024 3.276800e+05   9.216932e+01     0.155 (   384      0)     0.049 (   383      1)
"t_prf"                                0        0 0.000000e+00   0.000000e+00     0.000 (     0      0)     0.000 (     0      0)

10950103
