LAST_GIT_COMMIT_SHA:STRING=4790f40f2fb6acbc051ce4c988681a628c18e83d

***** GLOBAL STATISTICS ( 12800 MPI TASKS) *****

$Id: gptl.c,v 1.157 2011-03-28 20:55:18 rosinski Exp $
'count' is cumulative. All other stats are max/min
name                               processes  threads        count      walltotal   wallmax (proc   thrd  )   wallmin (proc   thrd  )
Total                                  12800    12800 1.280000e+04   1.996249e+06   155.994 ( 11395      0)   155.917 (  7813      0)
prim_init1                             12800    12800 1.280000e+04   1.727121e+04     1.387 (   401      0)     1.282 ( 12639      0)
repro_sum_int                          12800    12800 5.760000e+05   7.722005e+03     1.238 (    39      0)     0.211 ( 12677      0)
prim_init2                             12800    12800 1.280000e+04   1.764025e+04     1.933 ( 12032      0)     0.955 ( 12672      0)
prim_printstate                        12800    12800 1.280000e+04   5.320536e+03     0.438 (  3658      0)     0.394 (  1158      0)
interp_movie_output                    12800    12800 2.560000e+04   6.613935e+01     0.012 (  6311      0)     0.000 (  1354      0)
prim_main_loop                         12800    12800 1.280000e+04   1.836968e+06   143.541 ( 11008      0)   143.488 (   985      0)
prim_run                               12800    12800 1.707520e+07   1.836803e+06   143.530 ( 11442      0)   143.474 (  1000      0)
tl-sc prim_run_subcycle_c              12800    12800 1.707520e+07   1.836292e+06   143.489 ( 11422      0)   143.439 (  9814      0)
tl-sc dp3d-from-ps                     12800    12800 1.707520e+07   6.204185e+02     0.067 ( 11200      0)     0.041 (  1346      0)
tl-sc prim_step-loop                   12800    12800 1.707520e+07   1.688044e+06   132.488 (  3943      0)   130.719 (  4622      0)
tl-s prim_step                         12800    12800 5.122560e+07   1.687720e+06   132.466 (  3943      0)   130.689 (  1088      0)
tl-s deep_copy+derived_dp              12800    12800 5.122560e+07   2.465765e+03     0.230 (  8384      0)     0.174 ( 11146      0)
tl-s prim_advance_exp-loop             12800    12800 5.122560e+07   6.515222e+05    60.802 ( 11992      0)    38.678 ( 11392      0)
tl-ae prim_advance_exp                 12800    12800 5.122560e+07   6.511100e+05    60.770 ( 11992      0)    38.637 ( 11392      0)
tl-ae U3-5stage_timestep               12800    12800 5.122560e+07   3.265969e+05    36.986 ( 11351      0)    17.765 ( 11392      0)
caar compute                           12800    12800 2.561280e+08   8.146382e+04     7.659 (  4672      0)     5.757 (  3049      0)
caar_bexchV                            12800    12800 2.561280e+08   2.380302e+05    30.284 ( 11351      0)     9.937 ( 11392      0)
tl-ae advance_hypervis_dp              12800    12800 5.122560e+07   3.237427e+05    32.710 ( 11216      0)    18.627 ( 11368      0)
hvf-bhwk                               12800    12800 1.536768e+08   1.762369e+05    20.095 ( 11334      0)    10.352 ( 11360      0)
hvf-bexch                              12800    12800 3.073536e+08   2.446647e+05    26.773 ( 11216      0)    12.354 ( 11360      0)
tl-s prim_advec_tracers_remap          12800    12800 5.122560e+07   1.032720e+06    92.538 ( 11393      0)    70.998 ( 11992      0)
tl-at prim_advec_tracers_remap_RK2     12800    12800 5.122560e+07   1.032239e+06    92.500 ( 11393      0)    70.962 ( 11992      0)
tl-at precompute_divdp                 12800    12800 5.122560e+07   2.994168e+03     0.313 (  2432      0)     0.195 (  6327      0)
tl-at esf-0                            12800    12800 5.122560e+07   2.782894e+05    27.631 (  3975      0)    17.354 ( 11351      0)
tl-at esf-1                            12800    12800 5.122560e+07   2.048307e+05    19.849 ( 10734      0)    13.418 (  4503      0)
tl-at esf-2                            12800    12800 5.122560e+07   5.248883e+05    51.206 ( 11390      0)    36.160 (  8030      0)
tl-at qdp_time_avg                     12800    12800 5.122560e+07   1.893674e+04     1.728 ( 12790      0)     1.251 (  3579      0)
tl-sc vertical_remap                   12800    12800 1.707520e+07   1.316523e+05    11.409 (  8340      0)     9.700 (  3943      0)
Remap Thickness Functor                12800    12800 1.707520e+07   1.607653e+03     0.158 ( 10880      0)     0.103 (  8744      0)
Remap Scale States Functor             12800    12800 1.707520e+07   8.064984e+02     0.089 (  2310      0)     0.046 (  6592      0)
Remap Compute Grids Functor            12800    12800 1.707520e+07   6.212908e+03     0.569 ( 12160      0)     0.433 (  4827      0)
Remap Compute Remap Functor            12800    12800 1.707520e+07   1.201744e+05    10.482 (  8340      0)     8.896 (  3943      0)
Remap Rescale States Functor           12800    12800 1.707520e+07   8.874909e+02     0.089 (  1856      0)     0.061 (  4860      0)
tl-sc Q-from-qdp                       12800    12800 1.707520e+07   1.553168e+04     1.369 (  5184      0)     1.198 (  4537      0)
t_prf                                      0        0 0.000000e+00   0.000000e+00     0.000 (     0      0)     0.000 (     0      0)

