LAST_GIT_COMMIT_SHA:STRING=adf77c97ed8425a245449f2582d2441f4b72da1e
10950690

***** GLOBAL STATISTICS (   768 MPI TASKS) *****

$Id: gptl.c,v 1.157 2011-03-28 20:55:18 rosinski Exp $
'count' is cumulative. All other stats are max/min
name                           processes  threads        count      walltotal   wallmax (proc   thrd  )   wallmin (proc   thrd  )
"Total"                              768      768 7.680000e+02   4.419167e+04    57.549 (   224      0)    57.533 (   111      0)
"prim_init1"                         768      768 7.680000e+02   1.839221e+02     0.248 (   576      0)     0.235 (   335      0)
"PartitioningTime"                   768      768 7.680000e+02   1.328378e+00     0.002 (   102      0)     0.001 (   448      0)
"repro_sum_int"                      768      768 3.456000e+04   2.901479e+01     0.076 (    67      0)     0.021 (   178      0)
"prim_init2"                         768     1536 1.536000e+03   1.171881e+02     0.112 (   106      1)     0.059 (   178      0)
"prim_printstate"                    768     1536 1.536000e+03   5.266380e+01     0.038 (     0      0)     0.033 (   507      0)
"interp_movie_output"                768      768 1.536000e+03   5.484293e-01     0.001 (   756      0)     0.000 (    13      0)
"prim_main_loop"                     768      768 7.680000e+02   4.315627e+04    56.201 (   224      0)    56.185 (   111      0)
"prim_run"                           768     1536 3.072000e+05   8.630938e+04    56.199 (   224      1)    56.183 (   111      1)
"ApplyCAMForcing"                    768     1536 3.072000e+05   7.704340e+02     0.548 (   704      0)     0.422 (   256      1)
"prim_step_rX"                       768     1536 9.216000e+05   7.829130e+04    51.257 (    68      0)    50.700 (     0      1)
"prim_step_dyn"                      768     1536 9.216000e+05   2.263054e+04    18.205 (   315      1)    11.734 (   253      0)
"prim_advance_exp"                   768     1536 9.216000e+05   2.261752e+04    18.196 (   315      1)    11.725 (   253      0)
"U3-5stage_timestep"                 768     1536 9.216000e+05   1.222018e+04    11.396 (   292      1)     5.845 (   253      0)
"compute_and_apply_rhs"              768     1536 4.608000e+06   1.208257e+04    11.317 (   316      1)     5.746 (   253      1)
"caar_bexchV"                        768     1536 4.608000e+06   7.153709e+03     8.466 (   291      1)     2.237 (   640      0)
"advance_hypervis_dp"                768     1536 9.216000e+05   1.037327e+04     8.278 (   347      1)     5.809 (   226      1)
"biwkdp3d_bexchV"                    768     1536 2.764800e+06   2.792309e+03     2.775 (   350      0)     1.174 (   640      0)
"ahdp_bexchV2"                       768     1536 2.764800e+06   2.699472e+03     2.634 (   475      1)     1.157 (   640      0)
"prim_step_advec"                    768     1536 9.216000e+05   5.554065e+04    39.032 (   253      0)    32.848 (   315      1)
"PAT_remap"                          768     1536 9.216000e+05   5.553231e+04    39.026 (   253      0)    32.843 (   315      1)
"prim_advec_tracers_remap_rk2"       768     1536 9.216000e+05   5.552122e+04    39.019 (   253      0)    32.836 (   315      1)
"precomput_divdp"                    768     1536 9.216000e+05   8.200112e+01     0.061 (   191      0)     0.048 (   341      1)
"euler_step_0"                       768     1536 9.216000e+05   1.372861e+04    10.660 (   226      0)     7.717 (   282      1)
"bihmix_qminmax"                     768     1536 2.764800e+06   2.534444e+04    19.226 (   681      0)    14.807 (   390      0)
"eus_neighbor_minmax1"               768     1536 9.216000e+05   3.001417e+03     3.032 (   680      1)     1.337 (   259      0)
"nmm_bexchV"                         768     1536 9.216000e+05   1.853738e+03     2.232 (   256      1)     0.663 (   260      0)
"eus_2d_advec"                       768     1536 2.764800e+06   2.927385e+04    22.304 (   673      0)    16.929 (   315      1)
"eus_bexchV"                         768     1536 2.764800e+06   8.238500e+03     8.924 (   262      0)     3.595 (   320      0)
"euler_step_1"                       768     1536 9.216000e+05   1.069710e+04     7.752 (   613      0)     6.022 (    67      0)
"euler_step_2"                       768     1536 9.216000e+05   3.027206e+04    21.034 (   673      0)    17.802 (   315      0)
"nmm_bexchS_start"                   768     1536 9.216000e+05   5.107920e+01     0.175 (   448      1)     0.007 (   639      1)
"biwksc_bexchV"                      768     1536 9.216000e+05   3.791389e+03     4.113 (   256      1)     1.532 (   451      0)
"nmm_bexchS_fini"                    768     1536 9.216000e+05   2.795106e+02     0.227 (   565      1)     0.054 (   448      0)
"qdp_tavg"                           768     1536 9.216000e+05   6.992766e+02     0.588 (   230      1)     0.349 (   291      0)
"vertical_remap"                     768     1536 3.072000e+05   6.683312e+03     4.564 (    52      1)     4.134 (    68      0)
"vertical_remap1_1"                  768     1536 1.228800e+06   2.961829e+02     0.210 (     6      1)     0.177 (    64      0)
"remap_Q_ppm"                        768     1536 3.686400e+06   6.566320e+03     4.483 (    52      1)     4.057 (    68      0)
"vertical_remap1_2"                  768     1536 1.228800e+06   4.121184e+02     0.287 (    47      0)     0.248 (    96      0)
"vertical_remap1_3"                  768     1536 1.228800e+06   5.905322e+03     4.031 (    53      1)     3.655 (    91      1)
"prim_run_subcyle_diags"             768     1536 3.072000e+05   4.056877e+02     0.296 (   254      0)     0.208 (   328      1)
"t_prf"                                0        0 0.000000e+00   0.000000e+00     0.000 (     0      0)     0.000 (     0      0)

10950690
