LAST_GIT_COMMIT_SHA:STRING=4790f40f2fb6acbc051ce4c988681a628c18e83d

***** GLOBAL STATISTICS (  9600 MPI TASKS) *****

$Id: gptl.c,v 1.157 2011-03-28 20:55:18 rosinski Exp $
'count' is cumulative. All other stats are max/min
name                               processes  threads        count      walltotal   wallmax (proc   thrd  )   wallmin (proc   thrd  )
Total                                   9600     9600 9.600000e+03   1.327772e+06   138.337 (  2243      0)   138.280 (  6304      0)
prim_init1                              9600     9600 9.600000e+03   1.920315e+04     2.049 (  8229      0)     1.921 (  6979      0)
repro_sum_int                           9600     9600 4.320000e+05   7.861687e+03     1.871 (    29      0)     0.342 (  3073      0)
prim_init2                              9600     9600 9.600000e+03   8.064062e+03     1.525 (    12      0)     0.464 (  1953      0)
prim_printstate                         9600     9600 9.600000e+03   1.000737e+03     0.116 (  3507      0)     0.095 (  5053      0)
interp_movie_output                     9600     9600 1.920000e+04   4.501813e+01     0.012 (  7168      0)     0.000 (  2181      0)
prim_main_loop                          9600     9600 9.600000e+03   1.206835e+06   125.732 (  2128      0)   125.691 (  4918      0)
prim_run                                9600     9600 9.600000e+06   1.206748e+06   125.724 (  2142      0)   125.681 (  4867      0)
tl-sc prim_run_subcycle_c               9600     9600 9.600000e+06   1.206470e+06   125.697 (  2137      0)   125.651 (  3200      0)
tl-sc dp3d-from-ps                      9600     9600 9.600000e+06   3.677485e+02     0.046 (  5760      0)     0.033 (  8898      0)
tl-sc prim_step-loop                    9600     9600 9.600000e+06   1.097744e+06   114.874 (  8291      0)   113.475 (  7109      0)
tl-s prim_step                          9600     9600 2.880000e+07   1.097557e+06   114.857 (  8291      0)   113.454 (  7109      0)
tl-s deep_copy+derived_dp               9600     9600 2.880000e+07   1.694815e+03     0.204 (   256      0)     0.154 (  8434      0)
tl-s prim_advance_exp-loop              9600     9600 2.880000e+07   3.891081e+05    49.699 (  8412      0)    29.774 (  2170      0)
tl-ae prim_advance_exp                  9600     9600 2.880000e+07   3.888790e+05    49.676 (  8412      0)    29.750 (  2170      0)
tl-ae U3-5stage_timestep                9600     9600 2.880000e+07   1.992090e+05    29.888 (  6005      0)    14.092 (  8517      0)
caar compute                            9600     9600 1.440000e+08   4.888792e+04     5.959 (  7104      0)     4.494 (  3640      0)
caar_bexchV                             9600     9600 1.440000e+08   1.457152e+05    24.751 (  6005      0)     8.099 (  8517      0)
tl-ae advance_hypervis_dp               9600     9600 2.880000e+07   1.892062e+05    26.021 (   212      0)    14.940 (  2167      0)
hvf-bhwk                                9600     9600 8.640000e+07   1.028631e+05    15.881 (  8199      0)     8.299 (  2158      0)
hvf-bexch                               9600     9600 1.728000e+08   1.418543e+05    21.184 (   212      0)     9.852 (  2167      0)
tl-s prim_advec_tracers_remap           9600     9600 2.880000e+07   7.061614e+05    84.251 (  2117      0)    64.533 (  8412      0)
tl-at prim_advec_tracers_remap_RK2      9600     9600 2.880000e+07   7.058855e+05    84.222 (  2117      0)    64.506 (  8412      0)
tl-at precompute_divdp                  9600     9600 2.880000e+07   1.800797e+03     0.261 (  2112      0)     0.160 (  7777      0)
tl-at esf-0                             9600     9600 2.880000e+07   1.874018e+05    24.930 (  1086      0)    16.665 (  2208      0)
tl-at esf-1                             9600     9600 2.880000e+07   1.439517e+05    19.116 (  8163      0)    12.431 (  8266      0)
tl-at esf-2                             9600     9600 2.880000e+07   3.565771e+05    45.862 (  8565      0)    32.746 (  1501      0)
tl-at qdp_time_avg                      9600     9600 2.880000e+07   1.478173e+04     1.762 (  7157      0)     1.258 (  4245      0)
tl-sc vertical_remap                    9600     9600 9.600000e+06   9.656919e+04    10.877 (  7109      0)     9.553 (  8291      0)
Remap Thickness Functor                 9600     9600 9.600000e+06   9.425339e+02     0.113 (  4545      0)     0.081 (  8310      0)
Remap Scale States Functor              9600     9600 9.600000e+06   5.064300e+02     0.067 (  8069      0)     0.041 (  5973      0)
Remap Compute Grids Functor             9600     9600 9.600000e+06   3.647305e+03     0.421 (    64      0)     0.332 (  1485      0)
Remap Compute Remap Functor             9600     9600 9.600000e+06   8.985557e+04    10.105 (  7109      0)     8.915 (  8851      0)
Remap Rescale States Functor            9600     9600 9.600000e+06   5.530322e+02     0.071 (  3776      0)     0.053 (  3735      0)
tl-sc Q-from-qdp                        9600     9600 9.600000e+06   1.152876e+04     1.345 (  8512      0)     1.186 (  9276      0)
t_prf                                      0        0 0.000000e+00   0.000000e+00     0.000 (     0      0)     0.000 (     0      0)

