LAST_GIT_COMMIT_SHA:STRING=adf77c97ed8425a245449f2582d2441f4b72da1e
10950814

***** GLOBAL STATISTICS (  9600 MPI TASKS) *****

$Id: gptl.c,v 1.157 2011-03-28 20:55:18 rosinski Exp $
'count' is cumulative. All other stats are max/min
name                           processes  threads        count      walltotal   wallmax (proc   thrd  )   wallmin (proc   thrd  )
"Total"                             9600     9600 9.600000e+03   1.787253e+06   186.232 (    32      0)   186.125 (  6317      0)
"prim_init1"                        9600     9600 9.600000e+03   4.049319e+04     4.312 (  1981      0)     4.094 (  1914      0)
"PartitioningTime"                  9600     9600 9.600000e+03   5.724957e+02     0.081 (  2713      0)     0.022 (   256      0)
"repro_sum_int"                     9600     9600 4.320000e+05   8.405587e+03     1.637 (    12      0)     0.462 (  7175      0)
"prim_init2"                        9600    19200 1.920000e+04   3.155442e+04     2.409 (    35      0)     1.248 (  7229      0)
"prim_printstate"                   9600    19200 1.920000e+04   1.093798e+04     0.621 (  7137      1)     0.529 (  6661      0)
"interp_movie_output"               9600     9600 1.920000e+04   2.911406e+02     0.035 (  8729      0)     0.014 (    56      0)
"prim_main_loop"                    9600     9600 9.600000e+03   1.567048e+06   163.267 (  1088      0)   163.197 (  4975      0)
"prim_run"                          9600    19200 9.600000e+06   3.133720e+06   163.249 (  1088      0)   163.177 (  4974      0)
"ApplyCAMForcing"                   9600    19200 9.600000e+06   2.656644e+04     1.714 (  2863      0)     0.999 (  7552      1)
"prim_step_rX"                      9600    19200 2.880000e+07   2.827557e+06   148.903 (  5220      0)   145.755 (  7424      1)
"prim_step_dyn"                     9600    19200 2.880000e+07   8.321575e+05    56.467 (  5296      1)    31.919 (  2174      0)
"prim_advance_exp"                  9600    19200 2.880000e+07   8.317842e+05    56.448 (  5296      1)    31.900 (  2174      0)
"U3-5stage_timestep"                9600    19200 2.880000e+07   4.219857e+05    34.371 (  5291      1)    15.297 (  2258      0)
"compute_and_apply_rhs"             9600    19200 1.439993e+08   4.177502e+05    34.179 (  5296      1)    15.062 (  2258      0)
"caar_bexchV"                       9600    19200 1.440000e+08   2.509685e+05    27.142 (  5296      1)     4.734 (  3904      0)
"advance_hypervis_dp"               9600    19200 2.880000e+07   4.091546e+05    28.202 (  5215      0)    15.911 (  2155      1)
"biwkdp3d_bexchV"                   9600    19200 8.640000e+07   1.222867e+05    11.457 (  5259      1)     2.606 (  2176      0)
"ahdp_bexchV2"                      9600    19200 8.640000e+07   1.227024e+05    11.111 (  5260      1)     2.792 (  2176      0)
"prim_step_advec"                   9600    19200 2.880000e+07   1.991461e+06   114.889 (  2174      0)    91.410 (  5296      1)
"PAT_remap"                         9600    19200 2.880000e+07   1.991216e+06   114.877 (  2174      0)    91.396 (  5296      1)
"prim_advec_tracers_remap_rk2"      9600    19200 2.880000e+07   1.990892e+06   114.862 (  2174      0)    91.377 (  5296      1)
"precomput_divdp"                   9600    19200 2.880000e+07   2.690994e+03     0.203 (  2240      0)     0.116 (  7360      1)
"euler_step_0"                      9600    19200 2.880000e+07   4.704781e+05    28.922 (  2174      0)    21.123 (  5289      1)
"bihmix_qminmax"                    9600    19200 8.640000e+07   8.812761e+05    53.304 (  2174      0)    40.673 (  5299      1)
"eus_neighbor_minmax1"              9600    19200 2.880000e+07   8.988414e+04     7.010 (  2191      1)     3.138 (  7555      0)
"nmm_bexchV"                        9600    19200 2.880000e+07   6.036879e+04     5.364 (  1171      1)     1.578 (  2312      0)
"eus_2d_advec"                      9600    19200 8.640000e+07   1.080673e+06    67.137 (  2170      0)    48.799 (  5296      1)
"eus_bexchV"                        9600    19200 8.640000e+07   3.050286e+05    27.453 (  2106      1)     7.966 (  7414      0)
"euler_step_1"                      9600    19200 2.880000e+07   3.863958e+05    22.216 (  7760      0)    17.230 (  5296      1)
"euler_step_2"                      9600    19200 2.880000e+07   1.108297e+06    64.835 (  2170      0)    51.093 (  5293      1)
"nmm_bexchS_start"                  9600    19200 2.880000e+07   1.674668e+04     2.284 (   960      1)     0.063 (  2729      0)
"biwksc_bexchV"                     9600    19200 2.880000e+07   1.183282e+05    11.964 (  3809      1)     3.488 (  5299      0)
"nmm_bexchS_fini"                   9600    19200 2.880000e+07   2.513106e+04     3.056 (  6656      1)     0.040 (  2356      0)
"qdp_tavg"                          9600    19200 2.880000e+07   2.173533e+04     1.609 (  2857      0)     0.733 (  3041      1)
"vertical_remap"                    9600    19200 9.600000e+06   2.346602e+05    14.694 (  4257      0)    10.168 (  5186      1)
"vertical_remap1_1"                 9600    19200 4.319926e+07   1.147051e+04   148.026 (   265      0)     0.484 (  5226      1)
"remap_Q_ppm"                       9600    19200 1.296000e+08   2.299183e+05    14.430 (  4257      0)     9.944 (  5186      1)
"vertical_remap1_2"                 9600    19200 4.319929e+07   1.480392e+04   110.006 (   265      1)     0.607 (  5222      1)
"vertical_remap1_3"                 9600    19200 4.319934e+07   2.060081e+05    48.746 (   265      0)     8.920 (  5186      1)
"prim_run_subcyle_diags"            9600    19200 9.600000e+06   8.860398e+03     0.740 (  7797      0)     0.306 (  2803      0)
"t_prf"                                0        0 0.000000e+00   0.000000e+00     0.000 (     0      0)     0.000 (     0      0)
"vertical_remap1_±"                    1        2 6.950000e+02   6.730280e+01    35.688 (   265      1)    31.615 (   265      0)
"vertical_remap1_³"                    1        2 2.740000e+02   0.000000e+00     0.000 (   265      0)     0.000 (   265      1)
10950814
