LAST_GIT_COMMIT_SHA:STRING=adf77c97ed8425a245449f2582d2441f4b72da1e
10950686

***** GLOBAL STATISTICS (   256 MPI TASKS) *****

$Id: gptl.c,v 1.157 2011-03-28 20:55:18 rosinski Exp $
'count' is cumulative. All other stats are max/min
name                           processes  threads        count      walltotal   wallmax (proc   thrd  )   wallmin (proc   thrd  )
"Total"                              256      256 2.560000e+02   1.387686e+04    54.213 (   128      0)    54.193 (   220      0)
"prim_init1"                         256      256 2.560000e+02   7.779044e+01     0.307 (   112      0)     0.301 (   210      0)
"PartitioningTime"                   256      256 2.560000e+02   4.830656e-01     0.003 (   175      0)     0.001 (   232      0)
"repro_sum_int"                      256      256 1.152000e+04   5.807174e+00     0.039 (    31      0)     0.016 (   168      0)
"prim_init2"                         256      512 5.120000e+02   4.020261e+01     0.097 (    25      0)     0.072 (   184      1)
"prim_printstate"                    256      512 5.120000e+02   1.597654e+01     0.038 (     0      0)     0.030 (   183      0)
"interp_movie_output"                256      256 5.120000e+02   1.582582e-01     0.001 (   247      0)     0.000 (     1      0)
"prim_main_loop"                     256      256 2.560000e+02   1.352266e+04    52.830 (   128      0)    52.809 (   220      0)
"prim_run"                           256      512 3.430400e+04   2.704471e+04    52.829 (   128      0)    52.808 (   220      1)
"ApplyCAMForcing"                    256      512 3.430400e+04   2.934176e+02     0.753 (   169      0)     0.473 (   192      1)
"prim_step_rX"                       256      512 1.029120e+05   2.426452e+04    47.604 (   225      1)    47.185 (   158      0)
"prim_step_dyn"                      256      512 1.029120e+05   5.566865e+03    13.314 (   222      1)     9.142 (   144      0)
"prim_advance_exp"                   256      512 1.029120e+05   5.565131e+03    13.310 (   222      1)     9.139 (   144      0)
"U3-5stage_timestep"                 256      512 1.029120e+05   3.116898e+03     8.581 (   222      1)     4.691 (   185      0)
"compute_and_apply_rhs"              256      512 5.145600e+05   3.082201e+03     8.516 (   222      1)     4.616 (   185      0)
"caar_bexchV"                        256      512 5.145600e+05   1.359777e+03     5.503 (   222      1)     0.792 (   144      0)
"advance_hypervis_dp"                256      512 1.029120e+05   2.445253e+03     6.095 (    84      0)     4.432 (   147      1)
"biwkdp3d_bexchV"                    256      512 3.087360e+05   3.801253e+02     1.837 (   227      0)     0.360 (   128      0)
"ahdp_bexchV2"                       256      512 3.087360e+05   3.594116e+02     1.416 (    78      0)     0.418 (   128      0)
"prim_step_advec"                    256      512 1.029120e+05   1.865634e+04    37.989 (   144      0)    34.208 (   222      0)
"PAT_remap"                          256      512 1.029120e+05   1.865532e+04    37.987 (   144      0)    34.206 (   222      0)
"prim_advec_tracers_remap_rk2"       256      512 1.029120e+05   1.865398e+04    37.985 (   144      0)    34.203 (   222      0)
"precomput_divdp"                    256      512 1.029120e+05   2.908372e+01     0.066 (   128      1)     0.051 (   227      1)
"euler_step_0"                       256      512 1.029120e+05   4.760863e+03    10.037 (   144      0)     8.686 (   105      1)
"bihmix_qminmax"                     256      512 3.087360e+05   8.592687e+03    18.125 (     3      0)    15.391 (   126      1)
"eus_neighbor_minmax1"               256      512 1.029120e+05   1.016022e+03     2.662 (     3      1)     1.355 (   126      0)
"nmm_bexchV"                         256      512 1.029120e+05   5.258860e+02     1.701 (     3      1)     0.567 (   126      0)
"eus_2d_advec"                       256      512 3.087360e+05   9.724643e+03    20.646 (   115      1)    17.673 (   220      1)
"eus_bexchV"                         256      512 3.087360e+05   2.317041e+03     6.224 (   115      0)     3.390 (    70      0)
"euler_step_1"                       256      512 1.029120e+05   3.605786e+03     7.428 (   136      0)     6.578 (   220      1)
"euler_step_2"                       256      512 1.029120e+05   9.960931e+03    20.460 (   149      0)    18.213 (   221      1)
"nmm_bexchS_start"                   256      512 1.029120e+05   7.879936e+00     0.067 (   153      1)     0.002 (   207      1)
"biwksc_bexchV"                      256      512 1.029120e+05   9.515690e+02     2.699 (   198      0)     1.320 (    89      1)
"nmm_bexchS_fini"                    256      512 1.029120e+05   1.696776e+02     0.605 (   172      0)     0.210 (   114      1)
"qdp_tavg"                           256      512 1.029120e+05   2.916838e+02     0.751 (   148      1)     0.356 (   242      0)
"vertical_remap"                     256      512 3.430400e+04   2.267937e+03     4.515 (    62      1)     4.291 (   251      1)
"vertical_remap1_1"                  256      512 4.116480e+05   1.008645e+02     0.206 (    34      1)     0.182 (   206      0)
"remap_Q_ppm"                        256      512 1.234944e+06   2.227356e+03     4.430 (    62      0)     4.221 (   251      0)
"vertical_remap1_2"                  256      512 4.116480e+05   1.410128e+02     0.287 (    32      1)     0.256 (   250      1)
"vertical_remap1_3"                  256      512 4.116480e+05   2.002219e+03     3.982 (     2      0)     3.797 (   201      0)
"prim_run_subcyle_diags"             256      512 3.430400e+04   1.590947e+02     0.446 (   144      0)     0.252 (   233      1)
"t_prf"                                0        0 0.000000e+00   0.000000e+00     0.000 (     0      0)     0.000 (     0      0)

10950686
