LAST_GIT_COMMIT_SHA:STRING=4790f40f2fb6acbc051ce4c988681a628c18e83d

***** GLOBAL STATISTICS (  1728 MPI TASKS) *****

$Id: gptl.c,v 1.157 2011-03-28 20:55:18 rosinski Exp $
'count' is cumulative. All other stats are max/min
name                               processes  threads        count      walltotal   wallmax (proc   thrd  )   wallmin (proc   thrd  )
Total                                   1728     1728 1.728000e+03   2.447278e+05   141.696 (   389      0)   141.553 (  1091      0)
prim_init1                              1728     1728 1.728000e+03   2.946346e+03     1.719 (   192      0)     1.626 (   126      0)
repro_sum_int                           1728     1728 7.776000e+04   1.726857e+02     0.256 (  1227      0)     0.032 (   128      0)
prim_init2                              1728     1728 1.728000e+03   1.871167e+03     1.242 (    98      0)     1.011 (   143      0)
prim_printstate                         1728     1728 1.728000e+03   2.236462e+02     0.133 (     0      0)     0.129 (   433      0)
interp_movie_output                     1728     1728 3.456000e+03   1.645155e+01     0.011 (  1573      0)     0.000 (   223      0)
prim_main_loop                          1728     1728 1.728000e+03   2.131472e+05   123.420 (   389      0)   123.277 (  1091      0)
prim_run                                1728     1728 1.555200e+05   2.131452e+05   123.419 (   390      0)   123.275 (  1091      0)
tl-sc prim_run_subcycle_c               1728     1728 1.555200e+05   2.130680e+05   123.376 (   380      0)   123.235 (  1088      0)
tl-sc dp3d-from-ps                      1728     1728 1.555200e+05   2.998956e+01     0.019 (   178      0)     0.016 (   208      0)
tl-sc prim_step-loop                    1728     1728 1.555200e+05   1.917664e+05   111.730 (   237      0)   109.909 (   857      0)
tl-s prim_step                          1728     1728 4.665600e+05   1.917631e+05   111.729 (   237      0)   109.907 (   857      0)
tl-s deep_copy+derived_dp               1728     1728 4.665600e+05   2.294882e+02     0.190 (   336      0)     0.106 (   993      0)
tl-s prim_advance_exp-loop              1728     1728 4.665600e+05   5.483373e+04    43.340 (   643      0)    17.703 (   389      0)
tl-ae prim_advance_exp                  1728     1728 4.665600e+05   5.482921e+04    43.338 (   643      0)    17.700 (   389      0)
tl-ae U3-5stage_timestep                1728     1728 4.665600e+05   2.975575e+04    29.160 (  1089      0)     8.494 (   525      0)
caar compute                            1728     1728 2.332800e+06   8.641807e+03     5.944 (     0      0)     4.261 (   974      0)
caar_bexchV                             1728     1728 2.332800e+06   2.074705e+04    24.466 (  1089      0)     2.941 (   389      0)
tl-ae advance_hypervis_dp               1728     1728 4.665600e+05   2.506403e+04    25.006 (   137      0)     8.570 (  1528      0)
hvf-bhwk                                1728     1728 1.399680e+06   1.434446e+04    14.698 (  1207      0)     5.076 (   486      0)
hvf-bexch                               1728     1728 2.799360e+06   1.722339e+04    20.848 (   137      0)     3.726 (   243      0)
tl-s prim_advec_tracers_remap           1728     1728 4.665600e+05   1.366870e+05    93.746 (   389      0)    67.399 (   722      0)
tl-at prim_advec_tracers_remap_RK2      1728     1728 4.665600e+05   1.366821e+05    93.743 (   389      0)    67.397 (   722      0)
tl-at precompute_divdp                  1728     1728 4.665600e+05   2.163058e+02     0.217 (   388      0)     0.083 (   120      0)
tl-at esf-0                             1728     1728 4.665600e+05   3.583409e+04    27.528 (   380      0)    15.793 (   687      0)
tl-at esf-1                             1728     1728 4.665600e+05   2.782324e+04    21.238 (   882      0)    13.709 (   737      0)
tl-at esf-2                             1728     1728 4.665600e+05   6.966513e+04    48.831 (  1536      0)    31.839 (   643      0)
tl-at qdp_time_avg                      1728     1728 4.665600e+05   3.117331e+03     2.307 (  1632      0)     1.455 (   189      0)
tl-sc vertical_remap                    1728     1728 1.555200e+05   1.894057e+04    11.962 (   857      0)    10.281 (   507      0)
Remap Thickness Functor                 1728     1728 1.555200e+05   1.085072e+02     0.072 (   910      0)     0.054 (  1533      0)
Remap Scale States Functor              1728     1728 1.555200e+05   5.362566e+01     0.043 (  1413      0)     0.025 (   241      0)
Remap Compute Grids Functor             1728     1728 1.555200e+05   6.516292e+02     0.439 (    36      0)     0.332 (   694      0)
Remap Compute Remap Functor             1728     1728 1.555200e+05   1.802206e+04    11.377 (   857      0)     9.802 (   235      0)
Remap Rescale States Functor            1728     1728 1.555200e+05   6.442718e+01     0.042 (   302      0)     0.035 (   616      0)
tl-sc Q-from-qdp                        1728     1728 1.555200e+05   2.326005e+03     1.453 (   178      0)     1.325 (   220      0)
t_prf                                      0        0 0.000000e+00   0.000000e+00     0.000 (     0      0)     0.000 (     0      0)

