LAST_GIT_COMMIT_SHA:STRING=adf77c97ed8425a245449f2582d2441f4b72da1e
10950683

***** GLOBAL STATISTICS (   128 MPI TASKS) *****

$Id: gptl.c,v 1.157 2011-03-28 20:55:18 rosinski Exp $
'count' is cumulative. All other stats are max/min
name                           processes  threads        count      walltotal   wallmax (proc   thrd  )   wallmin (proc   thrd  )
"Total"                              128      128 1.280000e+02   7.764621e+03    60.690 (    31      0)    60.581 (   127      0)
"prim_init1"                         128      128 1.280000e+02   5.213565e+01     0.410 (   117      0)     0.405 (   123      0)
"PartitioningTime"                   128      128 1.280000e+02   2.684035e-01     0.003 (    47      0)     0.002 (    69      0)
"repro_sum_int"                      128      128 5.760000e+03   3.942721e+00     0.049 (    24      0)     0.019 (     0      0)
"prim_init2"                         128      256 2.560000e+02   2.802580e+01     0.128 (    78      1)     0.099 (     0      1)
"prim_printstate"                    128      256 2.560000e+02   1.061124e+01     0.048 (     0      0)     0.041 (    70      0)
"interp_movie_output"                128      128 2.560000e+02   6.402850e-02     0.001 (    98      0)     0.000 (     7      0)
"prim_main_loop"                     128      128 1.280000e+02   7.565775e+03    59.137 (    31      0)    59.027 (   127      0)
"prim_run"                           128      256 8.704000e+03   1.513134e+04    59.136 (    25      1)    59.027 (   127      0)
"ApplyCAMForcing"                    128      256 8.704000e+03   1.452902e+02     0.889 (     6      1)     0.425 (   111      1)
"prim_step_rX"                       128      256 2.611200e+04   1.373538e+04    54.004 (    72      0)    53.303 (     0      1)
"prim_step_dyn"                      128      256 2.611200e+04   3.076962e+03    19.699 (   127      0)     9.167 (    17      0)
"prim_advance_exp"                   128      256 2.611200e+04   3.076540e+03    19.697 (   127      0)     9.165 (    17      0)
"U3-5stage_timestep"                 128      256 2.611200e+04   1.899200e+03    15.071 (   127      1)     4.581 (    24      1)
"compute_and_apply_rhs"              128      256 1.305600e+05   1.882975e+03    15.022 (   127      1)     4.506 (    24      1)
"caar_bexchV"                        128      256 1.305600e+05   1.016686e+03    12.238 (   127      1)     0.733 (     5      0)
"advance_hypervis_dp"                128      256 2.611200e+04   1.176615e+03     4.649 (   105      0)     4.556 (    21      1)
"biwkdp3d_bexchV"                    128      256 7.833600e+04   1.588002e+02     0.868 (   105      1)     0.402 (     0      0)
"ahdp_bexchV2"                       128      256 7.833600e+04   1.715939e+02     0.865 (   103      1)     0.448 (     0      0)
"prim_step_advec"                    128      256 2.611200e+04   1.063672e+04    44.118 (    17      0)    34.158 (   127      1)
"PAT_remap"                          128      256 2.611200e+04   1.063648e+04    44.117 (    17      0)    34.157 (   127      1)
"prim_advec_tracers_remap_rk2"       128      256 2.611200e+04   1.063617e+04    44.116 (    17      0)    34.155 (   127      1)
"precomput_divdp"                    128      256 2.611200e+04   1.390652e+01     0.060 (     0      0)     0.049 (   121      0)
"euler_step_0"                       128      256 2.611200e+04   2.803499e+03    12.407 (    24      0)     7.982 (   117      1)
"bihmix_qminmax"                     128      256 7.833600e+04   4.725646e+03    19.632 (    41      1)    16.010 (   123      1)
"eus_neighbor_minmax1"               128      256 2.611200e+04   6.159045e+02     2.859 (   101      1)     1.610 (   116      0)
"nmm_bexchV"                         128      256 2.611200e+04   2.921254e+02     1.937 (    70      1)     0.645 (   116      0)
"eus_2d_advec"                       128      256 7.833600e+04   5.708809e+03    23.660 (   106      1)    17.680 (   127      0)
"eus_bexchV"                         128      256 7.833600e+04   2.056169e+03    10.334 (   106      0)     4.799 (   127      1)
"euler_step_1"                       128      256 2.611200e+04   2.110031e+03     8.775 (   112      1)     5.965 (   123      1)
"euler_step_2"                       128      256 2.611200e+04   5.523475e+03    22.043 (    17      0)    19.676 (   127      1)
"nmm_bexchS_start"                   128      256 2.611200e+04   3.471267e+00     0.153 (    51      1)     0.001 (     2      1)
"biwksc_bexchV"                      128      256 2.611200e+04   6.561768e+02     3.895 (   110      1)     1.537 (     7      0)
"nmm_bexchS_fini"                    128      256 2.611200e+04   1.174976e+02     0.726 (    34      1)     0.212 (    80      1)
"qdp_tavg"                           128      256 2.611200e+04   1.838852e+02     1.092 (    36      1)     0.328 (    77      1)
"vertical_remap"                     128      256 8.704000e+03   1.115266e+03     4.495 (     7      0)     4.288 (   103      0)
"vertical_remap1_1"                  128      256 2.088960e+05   4.879939e+01     0.199 (     7      1)     0.181 (    25      0)
"remap_Q_ppm"                        128      256 6.266880e+05   1.095622e+03     4.415 (     7      0)     4.211 (   103      0)
"vertical_remap1_2"                  128      256 2.088960e+05   6.869847e+01     0.276 (     1      1)     0.257 (   124      0)
"vertical_remap1_3"                  128      256 2.088960e+05   9.860545e+02     3.973 (     7      0)     3.789 (   103      0)
"prim_run_subcyle_diags"             128      256 8.704000e+03   9.452437e+01     0.567 (    36      1)     0.235 (    72      1)
"t_prf"                                0        0 0.000000e+00   0.000000e+00     0.000 (     0      0)     0.000 (     0      0)

10950683
