LAST_GIT_COMMIT_SHA:STRING=adf77c97ed8425a245449f2582d2441f4b72da1e
10950808

***** GLOBAL STATISTICS (  1600 MPI TASKS) *****

$Id: gptl.c,v 1.157 2011-03-28 20:55:18 rosinski Exp $
'count' is cumulative. All other stats are max/min
name                           processes  threads        count      walltotal   wallmax (proc   thrd  )   wallmin (proc   thrd  )
"Total"                             1600     1600 1.600000e+03   3.232533e+05   202.242 (   361      0)   201.849 (  1593      0)
"prim_init1"                        1600     1600 1.600000e+03   2.685610e+03     1.703 (   769      0)     1.570 (  1499      0)
"PartitioningTime"                  1600     1600 1.600000e+03   4.779925e+00     0.005 (   211      0)     0.002 (   173      0)
"repro_sum_int"                     1600     1600 7.200000e+04   1.639769e+02     0.230 (  1476      0)     0.041 (  1536      0)
"prim_init2"                        1600     3200 3.200000e+03   6.982281e+02     0.344 (  1476      1)     0.156 (  1536      1)
"prim_printstate"                   1600     3200 3.200000e+03   2.508804e+02     0.083 (     0      0)     0.077 (  1382      0)
"interp_movie_output"               1600     1600 3.200000e+03   1.447005e+00     0.001 (   772      0)     0.000 (     1      0)
"prim_main_loop"                    1600     1600 1.600000e+03   2.951951e+05   184.705 (   361      0)   184.313 (  1593      0)
"prim_run"                          1600     3200 2.688000e+05   5.903854e+05   184.704 (   361      1)   184.311 (  1593      1)
"ApplyCAMForcing"                   1600     3200 2.688000e+05   4.811532e+03     2.821 (   321      0)     1.111 (  1248      1)
"prim_step_rX"                      1600     3200 8.064000e+05   5.419224e+05   170.776 (   314      0)   167.750 (   344      1)
"prim_step_dyn"                     1600     3200 8.064000e+05   1.890871e+05    79.849 (  1109      0)    25.817 (   351      0)
"prim_advance_exp"                  1600     3200 8.064000e+05   1.890742e+05    79.845 (  1109      0)    25.813 (   351      0)
"U3-5stage_timestep"                1600     3200 8.064000e+05   9.661026e+04    58.894 (  1266      1)    13.314 (   486      0)
"compute_and_apply_rhs"             1600     3200 4.032000e+06   9.615497e+04    58.773 (  1266      1)    13.175 (   486      0)
"caar_bexchV"                       1600     3200 4.032000e+06   6.887295e+04    51.104 (  1266      1)     2.543 (   351      0)
"advance_hypervis_dp"               1600     3200 8.064000e+05   9.244188e+04    57.648 (  1109      0)    12.367 (   360      0)
"biwkdp3d_bexchV"                   1600     3200 2.419200e+06   3.322462e+04    28.686 (  1109      1)     1.004 (   352      0)
"ahdp_bexchV2"                      1600     3200 2.419200e+06   3.227988e+04    26.650 (   450      1)     1.305 (   352      0)
"prim_step_advec"                   1600     3200 8.064000e+05   3.521675e+05   141.856 (   360      0)    89.311 (  1109      1)
"PAT_remap"                         1600     3200 8.064000e+05   3.521603e+05   141.853 (   360      0)    89.308 (  1109      1)
"prim_advec_tracers_remap_rk2"      1600     3200 8.064000e+05   3.521502e+05   141.850 (   360      0)    89.305 (  1109      1)
"precomput_divdp"                   1600     3200 8.064000e+05   4.761680e+02     0.234 (   344      1)     0.126 (  1461      0)
"euler_step_0"                      1600     3200 8.064000e+05   9.059570e+04    43.992 (  1150      0)    19.762 (   751      0)
"bihmix_qminmax"                    1600     3200 2.419200e+06   1.567225e+05    64.690 (   331      0)    39.910 (  1118      1)
"eus_neighbor_minmax1"              1600     3200 8.064000e+05   2.121724e+04    16.801 (  1345      0)     2.803 (  1116      0)
"nmm_bexchV"                        1600     3200 8.064000e+05   1.324730e+04    15.400 (  1410      0)     1.096 (  1255      0)
"eus_2d_advec"                      1600     3200 2.419200e+06   1.898945e+05    76.400 (   223      0)    46.307 (  1004      1)
"eus_bexchV"                        1600     3200 2.419200e+06   5.933490e+04    37.537 (   272      0)     8.232 (   809      1)
"euler_step_1"                      1600     3200 8.064000e+05   6.662946e+04    31.312 (   558      1)    16.012 (   753      0)
"euler_step_2"                      1600     3200 8.064000e+05   1.894676e+05    75.814 (   912      1)    48.730 (  1395      1)
"nmm_bexchS_start"                  1600     3200 8.064000e+05   1.241787e+02     0.875 (   347      1)     0.003 (   260      1)
"biwksc_bexchV"                     1600     3200 8.064000e+05   2.097898e+04    18.556 (  1023      1)     2.726 (   578      1)
"nmm_bexchS_fini"                   1600     3200 8.064000e+05   3.029988e+03     3.282 (   335      0)     0.537 (     0      0)
"qdp_tavg"                          1600     3200 8.064000e+05   4.939969e+03     3.750 (   381      1)     0.887 (  1249      1)
"vertical_remap"                    1600     3200 2.688000e+05   3.999106e+04    13.437 (   894      1)    11.493 (   295      1)
"vertical_remap1_1"                 1600     3200 7.257600e+06   1.759797e+03     0.608 (   885      1)     0.494 (   256      0)
"remap_Q_ppm"                       1600     3200 2.177280e+07   3.927059e+04    13.188 (   894      1)    11.280 (   295      0)
"vertical_remap1_2"                 1600     3200 7.257600e+06   2.479026e+03     0.850 (   885      1)     0.703 (   258      1)
"vertical_remap1_3"                 1600     3200 7.257600e+06   3.532856e+04    11.850 (   894      1)    10.117 (   295      0)
"prim_run_subcyle_diags"            1600     3200 2.688000e+05   2.752252e+03     1.938 (   359      0)     0.539 (   768      1)
"t_prf"                                0        0 0.000000e+00   0.000000e+00     0.000 (     0      0)     0.000 (     0      0)

10950808
