LAST_GIT_COMMIT_SHA:STRING=4790f40f2fb6acbc051ce4c988681a628c18e83d

***** GLOBAL STATISTICS (  1920 MPI TASKS) *****

$Id: gptl.c,v 1.157 2011-03-28 20:55:18 rosinski Exp $
'count' is cumulative. All other stats are max/min
name                               processes  threads        count      walltotal   wallmax (proc   thrd  )   wallmin (proc   thrd  )
Total                                   1920     1920 1.920000e+03   2.808313e+05   146.356 (  1713      0)   146.176 (   169      0)
prim_init1                              1920     1920 1.920000e+03   3.282492e+03     1.727 (   149      0)     1.631 (  1327      0)
repro_sum_int                           1920     1920 8.640000e+04   2.002162e+02     0.228 (  1164      0)     0.030 (   223      0)
prim_init2                              1920     1920 1.920000e+03   1.940249e+03     1.129 (  1163      0)     0.937 (   194      0)
prim_printstate                         1920     1920 1.920000e+03   2.351881e+02     0.127 (     0      0)     0.121 (  1567      0)
interp_movie_output                     1920     1920 3.840000e+03   8.967614e-01     0.001 (   449      0)     0.000 (   694      0)
prim_main_loop                          1920     1920 1.920000e+03   2.460236e+05   128.228 (  1713      0)   128.046 (   169      0)
prim_run                                1920     1920 1.920000e+05   2.460211e+05   128.227 (  1713      0)   128.044 (   169      0)
tl-sc prim_run_subcycle_c               1920     1920 1.920000e+05   2.459400e+05   128.186 (  1712      0)   128.007 (   168      0)
tl-sc dp3d-from-ps                      1920     1920 1.920000e+05   3.355095e+01     0.020 (   505      0)     0.016 (  1591      0)
tl-sc prim_step-loop                    1920     1920 1.920000e+05   2.220657e+05   116.406 (  1711      0)   114.406 (   866      0)
tl-s prim_step                          1920     1920 5.760000e+05   2.220617e+05   116.404 (  1711      0)   114.404 (   866      0)
tl-s deep_copy+derived_dp               1920     1920 5.760000e+05   2.580714e+02     0.198 (   452      0)     0.107 (  1167      0)
tl-s prim_advance_exp-loop              1920     1920 5.760000e+05   6.714076e+04    48.473 (   168      0)    18.939 (  1712      0)
tl-ae prim_advance_exp                  1920     1920 5.760000e+05   6.713532e+04    48.470 (   168      0)    18.936 (  1712      0)
tl-ae U3-5stage_timestep                1920     1920 5.760000e+05   3.585954e+04    32.456 (   169      0)     9.190 (   987      0)
caar compute                            1920     1920 2.880000e+06   9.656317e+03     6.078 (   448      0)     4.358 (  1051      0)
caar_bexchV                             1920     1920 2.880000e+06   2.579058e+04    27.732 (   169      0)     3.289 (   987      0)
tl-ae advance_hypervis_dp               1920     1920 5.760000e+05   3.126403e+04    23.940 (   695      0)     9.390 (  1717      0)
hvf-bhwk                                1920     1920 1.728000e+06   1.760223e+04    14.741 (   713      0)     5.631 (   595      0)
hvf-bexch                               1920     1920 3.456000e+06   2.252941e+04    19.735 (   700      0)     4.197 (  1719      0)
tl-s prim_advec_tracers_remap           1920     1920 5.760000e+05   1.546475e+05    97.184 (  1712      0)    67.610 (   168      0)
tl-at prim_advec_tracers_remap_RK2      1920     1920 5.760000e+05   1.546415e+05    97.180 (  1712      0)    67.607 (   168      0)
tl-at precompute_divdp                  1920     1920 5.760000e+05   2.357594e+02     0.243 (   547      0)     0.088 (  1539      0)
tl-at esf-0                             1920     1920 5.760000e+05   4.055627e+04    29.054 (  1702      0)    16.072 (   168      0)
tl-at esf-1                             1920     1920 5.760000e+05   3.114446e+04    21.047 (  1700      0)    12.764 (   154      0)
tl-at esf-2                             1920     1920 5.760000e+05   7.915768e+04    50.114 (   992      0)    33.502 (    58      0)
tl-at qdp_time_avg                      1920     1920 5.760000e+05   3.515331e+03     2.454 (   458      0)     1.471 (   160      0)
tl-sc vertical_remap                    1920     1920 1.920000e+05   2.126336e+04    12.298 (   866      0)    10.400 (   165      0)
Remap Thickness Functor                 1920     1920 1.920000e+05   1.226331e+02     0.077 (   456      0)     0.056 (   651      0)
Remap Scale States Functor              1920     1920 1.920000e+05   6.082173e+01     0.047 (   486      0)     0.024 (  1038      0)
Remap Compute Grids Functor             1920     1920 1.920000e+05   7.397665e+02     0.469 (   451      0)     0.341 (  1603      0)
Remap Compute Remap Functor             1920     1920 1.920000e+05   2.023252e+04    11.748 (   866      0)     9.906 (  1711      0)
Remap Rescale States Functor            1920     1920 1.920000e+05   7.172810e+01     0.043 (   506      0)     0.035 (  1125      0)
tl-sc Q-from-qdp                        1920     1920 1.920000e+05   2.571340e+03     1.455 (   506      0)     1.327 (   138      0)
t_prf                                      0        0 0.000000e+00   0.000000e+00     0.000 (     0      0)     0.000 (     0      0)

