LAST_GIT_COMMIT_SHA:STRING=4790f40f2fb6acbc051ce4c988681a628c18e83d

***** GLOBAL STATISTICS (  5760 MPI TASKS) *****

$Id: gptl.c,v 1.157 2011-03-28 20:55:18 rosinski Exp $
'count' is cumulative. All other stats are max/min
name                               processes  threads        count      walltotal   wallmax (proc   thrd  )   wallmin (proc   thrd  )
Total                                   5760     5760 5.760000e+03   8.452090e+05   146.781 (  5135      0)   146.708 (  3346      0)
prim_init1                              5760     5760 5.760000e+03   1.033835e+04     1.819 (     0      0)     1.695 (  3750      0)
repro_sum_int                           5760     5760 2.592000e+05   1.269627e+03     0.643 (  4021      0)     0.039 (  2688      0)
prim_init2                              5760     5760 5.760000e+03   3.858347e+03     1.083 (  2759      0)     0.486 (  4316      0)
prim_printstate                         5760     5760 5.760000e+03   5.389263e+02     0.099 (  2723      0)     0.090 (   856      0)
interp_movie_output                     5760     5760 1.152000e+04   1.027977e+01     0.006 (   100      0)     0.000 (  4603      0)
prim_main_loop                          5760     5760 5.760000e+03   7.403636e+05   128.574 (  5135      0)   128.505 (  3460      0)
prim_run                                5760     5760 1.728000e+06   7.403438e+05   128.572 (  5136      0)   128.501 (  3393      0)
tl-sc prim_run_subcycle_c               5760     5760 1.728000e+06   7.402296e+05   128.553 (  5136      0)   128.479 (  3412      0)
tl-sc dp3d-from-ps                      5760     5760 1.728000e+06   1.327376e+02     0.027 (   128      0)     0.021 (  4146      0)
tl-sc prim_step-loop                    5760     5760 1.728000e+06   6.663161e+05   116.462 (  5011      0)   114.318 (  2822      0)
tl-s prim_step                          5760     5760 5.184000e+06   6.662811e+05   116.456 (  5011      0)   114.313 (  2822      0)
tl-s deep_copy+derived_dp               5760     5760 5.184000e+06   8.407476e+02     0.183 (   179      0)     0.119 (  5110      0)
tl-s prim_advance_exp-loop              5760     5760 5.184000e+06   2.087063e+05    47.613 (  1149      0)    22.133 (  5138      0)
tl-ae prim_advance_exp                  5760     5760 5.184000e+06   2.086589e+05    47.605 (  1149      0)    22.124 (  5138      0)
tl-ae U3-5stage_timestep                5760     5760 5.184000e+06   1.032659e+05    28.136 (  1694      0)    10.765 (  1298      0)
caar compute                            5760     5760 2.592000e+07   3.107580e+04     6.443 (  4736      0)     4.716 (  5211      0)
caar_bexchV                             5760     5760 2.592000e+07   7.053241e+04    22.690 (  1673      0)     4.524 (  1298      0)
tl-ae advance_hypervis_dp               5760     5760 5.184000e+06   1.052939e+05    28.645 (  1150      0)    11.098 (  5140      0)
hvf-bhwk                                5760     5760 1.555200e+07   5.869680e+04    16.827 (  1464      0)     6.501 (   798      0)
hvf-bexch                               5760     5760 3.110400e+07   7.649017e+04    23.840 (  1150      0)     5.425 (  5141      0)
tl-s prim_advec_tracers_remap           5760     5760 5.184000e+06   4.566014e+05    93.766 (  5138      0)    68.455 (  1149      0)
tl-at prim_advec_tracers_remap_RK2      5760     5760 5.184000e+06   4.565473e+05    93.756 (  5138      0)    68.446 (  1149      0)
tl-at precompute_divdp                  5760     5760 5.184000e+06   8.058815e+02     0.206 (  5003      0)     0.111 (  4930      0)
tl-at esf-0                             5760     5760 5.184000e+06   1.154649e+05    26.475 (   804      0)    17.181 (  1434      0)
tl-at esf-1                             5760     5760 5.184000e+06   9.197294e+04    21.736 (   797      0)    13.222 (  1943      0)
tl-at esf-2                             5760     5760 5.184000e+06   2.377359e+05    50.149 (  1735      0)    33.210 (  1155      0)
tl-at qdp_time_avg                      5760     5760 5.184000e+06   1.028508e+04     2.186 (  4761      0)     1.462 (  5119      0)
tl-sc vertical_remap                    5760     5760 1.728000e+06   6.601420e+04    12.842 (  2822      0)    10.702 (   324      0)
Remap Thickness Functor                 5760     5760 1.728000e+06   4.494570e+02     0.089 (  4544      0)     0.067 (  2621      0)
Remap Scale States Functor              5760     5760 1.728000e+06   2.248730e+02     0.051 (  5030      0)     0.030 (  2825      0)
Remap Compute Grids Functor             5760     5760 1.728000e+06   2.404193e+03     0.471 (  3840      0)     0.368 (  2621      0)
Remap Compute Remap Functor             5760     5760 1.728000e+06   6.244619e+04    12.272 (  2822      0)    10.121 (   324      0)
Remap Rescale States Functor            5760     5760 1.728000e+06   2.535350e+02     0.061 (    15      0)     0.041 (  2438      0)
tl-sc Q-from-qdp                        5760     5760 1.728000e+06   7.718319e+03     1.473 (  1344      0)     1.328 (  5061      0)
t_prf                                      0        0 0.000000e+00   0.000000e+00     0.000 (     0      0)     0.000 (     0      0)

