LAST_GIT_COMMIT_SHA:STRING=adf77c97ed8425a245449f2582d2441f4b72da1e
10950696

***** GLOBAL STATISTICS (  6144 MPI TASKS) *****

$Id: gptl.c,v 1.157 2011-03-28 20:55:18 rosinski Exp $
'count' is cumulative. All other stats are max/min
name                           processes  threads        count      walltotal   wallmax (proc   thrd  )   wallmin (proc   thrd  )
"Total"                             6144     6144 6.144000e+03   5.200700e+05    84.657 (   768      0)    84.634 (  2807      0)
"prim_init1"                        6144     6144 6.144000e+03   3.082939e+03     0.509 (  1023      0)     0.492 (  2768      0)
"PartitioningTime"                  6144     6144 6.144000e+03   2.001222e+01     0.006 (  2228      0)     0.000 (     1      0)
"repro_sum_int"                     6144     6144 2.764800e+05   1.321932e+03     0.634 (    29      0)     0.048 (   620      0)
"prim_init2"                        6144     6144 6.144000e+03   1.544285e+03     0.643 (    50      0)     0.101 (  4452      0)
"prim_printstate"                   6144     6144 6.144000e+03   3.096304e+02     0.056 (     0      0)     0.048 (  2029      0)
"interp_movie_output"               6144     6144 1.228800e+04   1.708001e+01     0.006 (  3692      0)     0.001 (  5815      0)
"prim_main_loop"                    6144     6144 6.144000e+03   5.068197e+05    82.497 (  1386      0)    82.481 (  3082      0)
"prim_run"                          6144     6144 9.830400e+06   5.067670e+05    82.489 (  1369      0)    82.473 (  5805      0)
"ApplyCAMForcing"                   6144     6144 9.830400e+06   3.139857e+03     0.565 (  1536      0)     0.462 (  1084      0)
"prim_step_rX"                      6144     6144 2.949120e+07   4.710638e+05    76.843 (  1760      0)    76.093 (  4608      0)
"prim_step_dyn"                     6144     6144 2.949120e+07   1.689969e+05    34.182 (  3958      0)    20.676 (  5312      0)
"prim_advance_exp"                  6144     6144 2.949120e+07   1.687809e+05    34.147 (  3958      0)    20.635 (  5312      0)
"U3-5stage_timestep"                6144     6144 2.949120e+07   9.398826e+04    22.648 (  1759      0)    10.102 (  4544      0)
"compute_and_apply_rhs"             6144     6144 1.474560e+08   9.273518e+04    22.456 (  1759      0)     9.891 (  4544      0)
"caar_bexchV"                       6144     6144 1.474560e+08   6.962128e+04    18.897 (  1759      0)     5.660 (  4544      0)
"advance_hypervis_dp"               6144     6144 2.949120e+07   7.443310e+04    16.564 (  3882      0)     9.908 (  5303      0)
"biwkdp3d_bexchV"                   6144     6144 8.847360e+07   2.613972e+04     7.361 (  3964      0)     2.874 (  5312      0)
"ahdp_bexchV2"                      6144     6144 8.847360e+07   2.578919e+04     7.200 (  6105      0)     2.972 (  3266      0)
"prim_step_advec"                   6144     6144 2.949120e+07   3.012297e+05    55.326 (  5396      0)    42.433 (  2954      0)
"PAT_remap"                         6144     6144 2.949120e+07   3.010648e+05    55.299 (  5396      0)    42.407 (  2954      0)
"prim_advec_tracers_remap_rk2"      6144     6144 2.949120e+07   3.008327e+05    55.260 (  5396      0)    42.370 (  2954      0)
"precomput_divdp"                   6144     6144 2.949120e+07   4.463495e+02     0.083 (  1176      0)     0.068 (  1939      0)
"euler_step_0"                      6144     6144 2.949120e+07   7.598794e+04    15.378 (   576      0)    10.164 (  5258      0)
"bihmix_qminmax"                    6144     6144 8.847360e+07   1.355350e+05    28.265 (   576      0)    19.223 (  1759      0)
"eus_neighbor_minmax1"              6144     6144 2.949120e+07   1.905248e+04     5.405 (  1604      0)     2.186 (  3970      0)
"nmm_bexchV"                        6144     6144 2.949120e+07   1.503379e+04     4.778 (  1604      0)     1.549 (  3970      0)
"eus_2d_advec"                      6144     6144 8.847360e+07   1.593504e+05    32.582 (   450      0)    21.734 (  2954      0)
"eus_bexchV"                        6144     6144 8.847360e+07   6.380052e+04    17.511 (   450      0)     6.539 (  3871      0)
"euler_step_1"                      6144     6144 2.949120e+07   5.695555e+04    10.967 (  1599      0)     7.760 (  1503      0)
"euler_step_2"                      6144     6144 2.949120e+07   1.638475e+05    30.835 (  5314      0)    22.965 (  2955      0)
"nmm_bexchS_start"                  6144     6144 2.949120e+07   1.870783e+03     0.488 (  1600      0)     0.203 (  3874      0)
"biwksc_bexchV"                     6144     6144 2.949120e+07   2.980611e+04     8.919 (  5397      0)     2.817 (  5728      0)
"nmm_bexchS_fini"                   6144     6144 2.949120e+07   6.268498e+02     0.160 (  3157      0)     0.086 (  5422      0)
"qdp_tavg"                          6144     6144 2.949120e+07   2.741772e+03     0.554 (  4611      0)     0.366 (  4605      0)
"vertical_remap"                    6144     6144 9.830400e+06   3.028510e+04     5.407 (  4608      0)     4.792 (  2020      0)
"vertical_remap1_1"                 6144     6144 9.830400e+06   1.472294e+03     0.258 (  3585      0)     0.228 (  4250      0)
"remap_Q_ppm"                       6144     6144 2.949120e+07   2.965278e+04     5.305 (  4608      0)     4.689 (  1499      0)
"vertical_remap1_2"                 6144     6144 9.830400e+06   1.941176e+03     0.342 (   445      0)     0.307 (  5086      0)
"vertical_remap1_3"                 6144     6144 9.830400e+06   2.649532e+04     4.789 (  4608      0)     4.163 (  1499      0)
"prim_run_subcyle_diags"            6144     6144 9.830400e+06   1.272349e+03     0.255 (  4608      0)     0.180 (  5471      0)
"t_prf"                                0        0 0.000000e+00   0.000000e+00     0.000 (     0      0)     0.000 (     0      0)

10950696
