LAST_GIT_COMMIT_SHA:STRING=4790f40f2fb6acbc051ce4c988681a628c18e83d

***** GLOBAL STATISTICS ( 38400 MPI TASKS) *****

$Id: gptl.c,v 1.157 2011-03-28 20:55:18 rosinski Exp $
'count' is cumulative. All other stats are max/min
name                               processes  threads        count      walltotal   wallmax (proc   thrd  )   wallmin (proc   thrd  )
Total                                  38400    38400 3.840000e+04   9.345486e+06   243.461 (    62      0)   243.306 ( 32589      0)
prim_init1                             38400    38400 3.840000e+04   1.505214e+05     4.034 ( 12943      0)     3.757 ( 24323      0)
repro_sum_int                          38400    38400 3.955200e+06   3.639895e+04     5.318 (    54      0)     0.183 ( 31612      0)
prim_init2                             38400    38400 3.840000e+04   1.137208e+05     6.883 ( 35428      0)     2.111 ( 24659      0)
prim_printstate                        38400    38400 7.680000e+04   1.561517e+04     0.491 ( 16424      0)     0.338 ( 38033      0)
interp_movie_output                    38400    38400 7.680000e+04   8.060293e+02     0.043 ( 30101      0)     0.001 ( 36846      0)
prim_main_loop                         38400    38400 3.840000e+04   8.563784e+06   223.057 ( 22805      0)   222.973 ( 34788      0)
prim_run                               38400    38400 1.536000e+08   8.562000e+06   223.021 (  2175      0)   222.924 ( 10880      0)
tl-sc prim_run_subcycle_c              38400    38400 1.536000e+08   8.553247e+06   222.815 ( 22803      0)   222.692 ( 31168      0)
tl-sc dp3d-from-ps                     38400    38400 1.536000e+08   4.577145e+03     0.224 (  4736      0)     0.106 ( 36890      0)
tl-sc prim_step-loop                   38400    38400 1.536000e+08   8.084895e+06   210.913 (  2381      0)   209.381 ( 29120      0)
tl-s prim_step                         38400    38400 4.608000e+08   8.082315e+06   210.849 (  2381      0)   209.297 ( 29120      0)
tl-s deep_copy+derived_dp              38400    38400 4.608000e+08   1.309044e+04     0.508 (  4736      0)     0.314 ( 38349      0)
tl-s prim_advance_exp-loop             38400    38400 4.608000e+08   3.735947e+06   110.618 ( 36533      0)    79.296 ( 22720      0)
tl-ae prim_advance_exp                 38400    38400 4.608000e+08   3.732292e+06   110.524 ( 36533      0)    79.184 ( 22720      0)
tl-ae U3-5stage_timestep               38400    38400 4.608000e+08   1.849797e+06    67.261 ( 37346      0)    36.859 ( 22720      0)
caar compute                           38400    38400 2.304000e+09   2.590395e+05     8.006 (  1280      0)     6.282 ( 25635      0)
caar_bexchV                            38400    38400 2.304000e+09   1.552276e+06    59.690 ( 37346      0)    28.089 ( 22720      0)
tl-ae advance_hypervis_dp              38400    38400 4.608000e+08   1.876433e+06    61.556 ( 36505      0)    40.188 ( 19785      0)
hvf-bhwk                               38400    38400 1.382400e+09   9.739287e+05    33.609 ( 37602      0)    20.912 ( 22837      0)
hvf-bexch                              38400    38400 2.764800e+09   1.577375e+06    53.721 ( 36509      0)    32.539 ( 19785      0)
tl-s prim_advec_tracers_remap          38400    38400 4.608000e+08   4.325259e+06   129.963 ( 22720      0)    99.425 ( 36533      0)
tl-at prim_advec_tracers_remap_RK2     38400    38400 4.608000e+08   4.321352e+06   129.840 ( 22720      0)    99.329 ( 36533      0)
tl-at precompute_divdp                 38400    38400 4.608000e+08   1.775932e+04     0.606 ( 36928      0)     0.372 ( 24840      0)
tl-at esf-0                            38400    38400 4.608000e+08   1.213937e+06    40.689 ( 36542      0)    25.817 ( 37218      0)
tl-at esf-1                            38400    38400 4.608000e+08   8.282300e+05    26.015 ( 36630      0)    17.541 ( 22794      0)
tl-at esf-2                            38400    38400 4.608000e+08   2.183057e+06    69.667 ( 19763      0)    47.374 ( 37576      0)
tl-at qdp_time_avg                     38400    38400 4.608000e+08   5.992015e+04     1.896 (  4736      0)     1.427 ( 37317      0)
tl-sc vertical_remap                   38400    38400 1.536000e+08   4.107722e+05    11.724 ( 25039      0)    10.358 (  2381      0)
Remap Thickness Functor                38400    38400 1.536000e+08   9.804965e+03     0.382 (  4736      0)     0.236 ( 37865      0)
Remap Scale States Functor             38400    38400 1.536000e+08   5.440842e+03     0.165 ( 25088      0)     0.126 ( 37093      0)
Remap Compute Grids Functor            38400    38400 1.536000e+08   1.869785e+04     0.569 ( 37056      0)     0.418 ( 13685      0)
Remap Compute Remap Functor            38400    38400 1.536000e+08   3.499237e+05    10.152 ( 31978      0)     8.804 ( 37106      0)
Remap Rescale States Functor           38400    38400 1.536000e+08   5.766804e+03     0.277 (  4736      0)     0.125 ( 19551      0)
tl-sc Q-from-qdp                       38400    38400 1.536000e+08   4.928648e+04     1.445 ( 16640      0)     1.267 ( 19912      0)
t_prf                                      0        0 0.000000e+00   0.000000e+00     0.000 (     0      0)     0.000 (     0      0)

