LAST_GIT_COMMIT_SHA:STRING=4790f40f2fb6acbc051ce4c988681a628c18e83d

***** GLOBAL STATISTICS (  2048 MPI TASKS) *****

$Id: gptl.c,v 1.157 2011-03-28 20:55:18 rosinski Exp $
'count' is cumulative. All other stats are max/min
name                               processes  threads        count      walltotal   wallmax (proc   thrd  )   wallmin (proc   thrd  )
Total                                   2048     2048 2.048000e+03   2.850316e+05   139.189 (   255      0)   139.166 (  1709      0)
prim_init1                              2048     2048 2.048000e+03   1.475211e+03     0.727 (   768      0)     0.697 (  1415      0)
repro_sum_int                           2048     2048 9.216000e+04   1.349682e+02     0.176 (    16      0)     0.029 (  1954      0)
prim_init2                              2048     2048 2.048000e+03   8.752274e+02     0.539 (    53      0)     0.395 (   843      0)
prim_printstate                         2048     2048 2.048000e+03   1.611907e+02     0.084 (     0      0)     0.078 (  1747      0)
interp_movie_output                     2048     2048 4.096000e+03   9.998698e-01     0.001 (   986      0)     0.000 (   237      0)
prim_main_loop                          2048     2048 2.048000e+03   2.746915e+05   134.139 (  1167      0)   134.117 (  1666      0)
prim_run                                2048     2048 8.744960e+05   2.746835e+05   134.135 (   256      0)   134.114 (  1705      0)
tl-sc prim_run_subcycle_c               2048     2048 8.744960e+05   2.746479e+05   134.120 (  1222      0)   134.094 (  1726      0)
tl-sc dp3d-from-ps                      2048     2048 8.744960e+05   5.471069e+01     0.031 (   896      0)     0.025 (   617      0)
tl-sc prim_step-loop                    2048     2048 8.744960e+05   2.462042e+05   120.624 (  1308      0)   119.475 (   773      0)
tl-s prim_step                          2048     2048 2.623488e+06   2.461866e+05   120.616 (  1308      0)   119.466 (   773      0)
tl-s deep_copy+derived_dp               2048     2048 2.623488e+06   3.649047e+02     0.210 (  1644      0)     0.145 (   626      0)
tl-s prim_advance_exp-loop              2048     2048 2.623488e+06   7.303692e+04    40.346 (   629      0)    27.773 (   282      0)
tl-ae prim_advance_exp                  2048     2048 2.623488e+06   7.301543e+04    40.336 (   629      0)    27.761 (   282      0)
tl-ae U3-5stage_timestep                2048     2048 2.623488e+06   3.755163e+04    23.922 (   438      0)    13.427 (  1957      0)
caar compute                            2048     2048 1.311744e+07   1.253396e+04     7.044 (   256      0)     5.307 (  1305      0)
caar_bexchV                             2048     2048 1.311744e+07   2.428125e+04    17.926 (   438      0)     6.414 (   256      0)
tl-ae advance_hypervis_dp               2048     2048 2.623488e+06   3.541432e+04    22.208 (   482      0)    13.632 (   280      0)
hvf-bhwk                                2048     2048 7.870464e+06   2.007344e+04    14.115 (   480      0)     7.881 (   281      0)
hvf-bexch                               2048     2048 1.574093e+07   2.373142e+04    16.714 (   482      0)     7.417 (   256      0)
tl-s prim_advec_tracers_remap           2048     2048 2.623488e+06   1.727223e+05    92.529 (   277      0)    79.645 (  1262      0)
tl-at prim_advec_tracers_remap_RK2      2048     2048 2.623488e+06   1.726949e+05    92.515 (   277      0)    79.632 (  1262      0)
tl-at precompute_divdp                  2048     2048 2.623488e+06   3.586401e+02     0.246 (   256      0)     0.138 (  1026      0)
tl-at esf-0                             2048     2048 2.623488e+06   4.668212e+04    26.259 (   277      0)    19.505 (   600      0)
tl-at esf-1                             2048     2048 2.623488e+06   3.667030e+04    20.352 (  1648      0)    16.230 (  1687      0)
tl-at esf-2                             2048     2048 2.623488e+06   8.457401e+04    47.155 (   616      0)    38.778 (  1243      0)
tl-at qdp_time_avg                      2048     2048 2.623488e+06   4.266505e+03     2.401 (  1536      0)     1.567 (   626      0)
tl-sc vertical_remap                    2048     2048 8.744960e+05   2.523940e+04    13.047 (   773      0)    11.931 (  1308      0)
Remap Thickness Functor                 2048     2048 8.744960e+05   1.790863e+02     0.098 (  1536      0)     0.074 (   426      0)
Remap Scale States Functor              2048     2048 8.744960e+05   9.148282e+01     0.056 (   775      0)     0.036 (   626      0)
Remap Compute Grids Functor             2048     2048 8.744960e+05   9.325575e+02     0.505 (   372      0)     0.394 (   426      0)
Remap Compute Remap Functor             2048     2048 8.744960e+05   2.383869e+04    12.298 (   773      0)    11.307 (   504      0)
Remap Rescale States Functor            2048     2048 8.744960e+05   1.060824e+02     0.060 (   896      0)     0.049 (   580      0)
tl-sc Q-from-qdp                        2048     2048 8.744960e+05   3.125611e+03     1.700 (   896      0)     1.514 (   111      0)
t_prf                                      0        0 0.000000e+00   0.000000e+00     0.000 (     0      0)     0.000 (     0      0)

