LAST_GIT_COMMIT_SHA:STRING=adf77c97ed8425a245449f2582d2441f4b72da1e
10950790

***** GLOBAL STATISTICS (  9600 MPI TASKS) *****

$Id: gptl.c,v 1.157 2011-03-28 20:55:18 rosinski Exp $
'count' is cumulative. All other stats are max/min
name                           processes  threads        count      walltotal   wallmax (proc   thrd  )   wallmin (proc   thrd  )
"Total"                             9600     9600 9.600000e+03   1.587817e+06   165.462 (    63      0)   165.347 (  6803      0)
"prim_init1"                        9600     9600 9.600000e+03   2.763071e+04     2.998 (  1227      0)     2.733 (  6837      0)
"PartitioningTime"                  9600     9600 9.600000e+03   3.557313e+01     0.012 (  5195      0)     0.001 (  7240      0)
"repro_sum_int"                     9600     9600 4.320000e+05   7.611059e+03     1.801 (    18      0)     0.306 (   766      0)
"prim_init2"                        9600    19200 1.920000e+04   2.884019e+04     2.487 (     9      1)     1.075 (  5926      0)
"prim_printstate"                   9600    19200 1.920000e+04   7.492172e+03     0.422 (  4770      1)     0.362 (  7159      0)
"interp_movie_output"               9600     9600 1.920000e+04   5.715078e+01     0.020 (  5319      0)     0.002 (     2      0)
"prim_main_loop"                    9600     9600 9.600000e+03   1.452833e+06   151.348 (  2538      0)   151.322 (  5319      0)
"prim_run"                          9600    19200 1.920000e+07   2.905461e+06   151.338 (  2538      1)   151.313 (  9303      1)
"ApplyCAMForcing"                   9600    19200 1.920000e+07   2.372674e+04     1.384 (  6336      0)     1.023 (  8832      1)
"prim_step_rX"                      9600    19200 5.760000e+07   2.650350e+06   139.063 (  1474      1)   136.605 (  4352      1)
"prim_step_dyn"                     9600    19200 5.760000e+07   8.648647e+05    58.527 (  1503      1)    34.670 (  8570      1)
"prim_advance_exp"                  9600    19200 5.760000e+07   8.641582e+05    58.491 (  1503      1)    34.632 (  8570      1)
"U3-5stage_timestep"                9600    19200 5.760000e+07   4.582001e+05    37.062 (  4256      1)    16.671 (  2149      0)
"compute_and_apply_rhs"             9600    19200 2.880000e+08   4.529553e+05    36.822 (  4256      1)    16.359 (  2149      0)
"caar_bexchV"                       9600    19200 2.880000e+08   2.982119e+05    29.461 (  4256      1)     7.538 (  7808      0)
"advance_hypervis_dp"               9600    19200 5.760000e+07   4.047133e+05    27.775 (  3563      1)    17.077 (  8564      0)
"biwkdp3d_bexchV"                   9600    19200 1.728000e+08   1.268795e+05    11.904 (  3563      0)     4.362 (  8570      0)
"ahdp_bexchV2"                      9600    19200 1.728000e+08   1.262536e+05    11.860 (  3643      1)     4.420 (  8545      0)
"prim_step_advec"                   9600    19200 5.760000e+07   1.781355e+06   102.563 (  8570      0)    80.266 (  1503      1)
"PAT_remap"                         9600    19200 5.760000e+07   1.780846e+06   102.536 (  8570      1)    80.240 (  1503      0)
"prim_advec_tracers_remap_rk2"      9600    19200 5.760000e+07   1.780160e+06   102.498 (  8570      0)    80.205 (  1503      0)
"precomput_divdp"                   9600    19200 5.760000e+07   2.530718e+03     0.157 (  6076      1)     0.123 (  3663      1)
"euler_step_0"                      9600    19200 5.760000e+07   4.317840e+05    26.505 (  7537      1)    18.910 (  2208      0)
"bihmix_qminmax"                    9600    19200 1.728000e+08   8.060481e+05    49.844 (  2581      1)    36.339 (  8889      1)
"eus_neighbor_minmax1"              9600    19200 5.760000e+07   9.476610e+04     8.095 (  8275      0)     3.523 (  2327      0)
"nmm_bexchV"                        9600    19200 5.760000e+07   6.687672e+04     6.680 (  8236      1)     2.112 (  2530      0)
"eus_2d_advec"                      9600    19200 1.728000e+08   9.431284e+05    59.242 (  8568      1)    41.244 (  1142      0)
"eus_bexchV"                        9600    19200 1.728000e+08   2.975193e+05    26.335 (  2930      0)     9.753 (  5023      1)
"euler_step_1"                      9600    19200 5.760000e+07   3.449874e+05    20.755 (  8008      1)    14.793 (  8309      0)
"euler_step_2"                      9600    19200 5.760000e+07   9.772666e+05    57.803 (  8569      0)    43.246 (  1501      0)
"nmm_bexchS_start"                  9600    19200 5.760000e+07   3.065074e+03     0.572 (  8768      1)     0.034 (  1066      1)
"biwksc_bexchV"                     9600    19200 5.760000e+07   1.337853e+05    12.748 (  2474      1)     4.212 (  1141      0)
"nmm_bexchS_fini"                   9600    19200 5.760000e+07   7.110428e+03     1.543 (  9020      0)     0.103 (  8768      0)
"qdp_tavg"                          9600    19200 5.760000e+07   2.113708e+04     1.391 (  3651      0)     0.814 (  8832      1)
"vertical_remap"                    9600    19200 1.920000e+07   2.131673e+05    12.377 (  4032      0)    10.196 (  3618      1)
"vertical_remap1_1"                 9600    19200 3.840000e+07   9.977476e+03     0.586 (  8513      0)     0.448 (  3647      1)
"remap_Q_ppm"                       9600    19200 1.152000e+08   2.089855e+05    12.150 (  4032      0)     9.998 (  3618      0)
"vertical_remap1_2"                 9600    19200 3.840000e+07   1.314112e+04     0.748 (  4481      0)     0.602 (  3646      1)
"vertical_remap1_3"                 9600    19200 3.840000e+07   1.875802e+05    10.985 (  4032      0)     9.000 (  3618      0)
"prim_run_subcyle_diags"            9600    19200 1.920000e+07   1.242147e+04     0.705 (  8364      0)     0.473 (  8832      1)
"t_prf"                                0        0 0.000000e+00   0.000000e+00     0.000 (     0      0)     0.000 (     0      0)

10950790
