LAST_GIT_COMMIT_SHA:STRING=4790f40f2fb6acbc051ce4c988681a628c18e83d

***** GLOBAL STATISTICS (   384 MPI TASKS) *****

$Id: gptl.c,v 1.157 2011-03-28 20:55:18 rosinski Exp $
'count' is cumulative. All other stats are max/min
name                               processes  threads        count      walltotal   wallmax (proc   thrd  )   wallmin (proc   thrd  )
Total                                    384      384 3.840000e+02   5.377005e+04   140.105 (   316      0)   139.948 (    77      0)
prim_init1                               384      384 3.840000e+02   2.226875e+02     0.586 (   128      0)     0.562 (   252      0)
repro_sum_int                            384      384 1.728000e+04   1.867919e+01     0.086 (     8      0)     0.018 (   320      0)
prim_init2                               384      384 3.840000e+02   4.862322e+02     1.304 (   233      0)     1.233 (   328      0)
prim_printstate                          384      384 3.840000e+02   5.318386e+01     0.144 (     0      0)     0.138 (   103      0)
interp_movie_output                      384      384 7.680000e+02   1.678739e-01     0.001 (   353      0)     0.000 (   264      0)
prim_main_loop                           384      384 3.840000e+02   5.159009e+04   134.429 (   316      0)   134.272 (    77      0)
prim_run                                 384      384 3.072000e+04   5.158964e+04   134.427 (   316      0)   134.271 (    77      0)
tl-sc prim_run_subcycle_c                384      384 3.072000e+04   5.156252e+04   134.324 (   261      0)   134.221 (     6      0)
tl-sc dp3d-from-ps                       384      384 3.072000e+04   7.832466e+00     0.030 (   344      0)     0.018 (   119      0)
tl-sc prim_step-loop                     384      384 3.072000e+04   4.630566e+04   120.972 (   250      0)   119.992 (    78      0)
tl-s prim_step                           384      384 9.216000e+04   4.630496e+04   120.971 (   250      0)   119.990 (    78      0)
tl-s deep_copy+derived_dp                384      384 9.216000e+04   7.122481e+01     0.348 (   311      0)     0.116 (    26      0)
tl-s prim_advance_exp-loop               384      384 9.216000e+04   1.196127e+04    44.691 (    77      0)    20.742 (   261      0)
tl-ae prim_advance_exp                   384      384 9.216000e+04   1.196035e+04    44.689 (    77      0)    20.739 (   261      0)
tl-ae U3-5stage_timestep                 384      384 9.216000e+04   7.174548e+03    31.091 (    76      0)    10.755 (   260      0)
caar compute                             384      384 4.608000e+05   2.316256e+03     7.096 (   339      0)     4.930 (    15      0)
caar_bexchV                              384      384 4.608000e+05   4.767874e+03    25.870 (    76      0)     3.683 (   260      0)
tl-ae advance_hypervis_dp                384      384 9.216000e+04   4.783836e+03    23.021 (   149      0)     9.749 (   289      0)
hvf-bhwk                                 384      384 2.764800e+05   2.884332e+03    13.908 (   149      0)     5.984 (   314      0)
hvf-bexch                                384      384 5.529600e+05   2.727695e+03    18.172 (   149      0)     3.773 (   324      0)
tl-s prim_advec_tracers_remap            384      384 9.216000e+04   3.426980e+04    99.780 (   261      0)    75.265 (    77      0)
tl-at prim_advec_tracers_remap_RK2       384      384 9.216000e+04   3.426875e+04    99.777 (   261      0)    75.263 (    77      0)
tl-at precompute_divdp                   384      384 9.216000e+04   6.456882e+01     0.306 (   256      0)     0.104 (   159      0)
tl-at esf-0                              384      384 9.216000e+04   9.627167e+03    31.266 (   315      0)    20.228 (    33      0)
tl-at esf-1                              384      384 9.216000e+04   7.327404e+03    22.681 (   311      0)    15.541 (    96      0)
tl-at esf-2                              384      384 9.216000e+04   1.630285e+04    49.788 (    99      0)    35.521 (   215      0)
tl-at qdp_time_avg                       384      384 9.216000e+04   9.411468e+02     3.916 (   290      0)     1.661 (    26      0)
tl-sc vertical_remap                     384      384 3.072000e+04   4.653215e+03    12.713 (    78      0)    11.797 (   250      0)
Remap Thickness Functor                  384      384 3.072000e+04   2.771645e+01     0.089 (   341      0)     0.062 (   187      0)
Remap Scale States Functor               384      384 3.072000e+04   1.487482e+01     0.079 (   346      0)     0.028 (    26      0)
Remap Compute Grids Functor              384      384 3.072000e+04   1.652593e+02     0.507 (   346      0)     0.381 (   187      0)
Remap Compute Remap Functor              384      384 3.072000e+04   4.419548e+03    12.078 (    78      0)    11.247 (   250      0)
Remap Rescale States Functor             384      384 3.072000e+04   1.663073e+01     0.085 (   379      0)     0.039 (   298      0)
tl-sc Q-from-qdp                         384      384 3.072000e+04   5.947529e+02     1.728 (   320      0)     1.496 (    25      0)
t_prf                                      0        0 0.000000e+00   0.000000e+00     0.000 (     0      0)     0.000 (     0      0)

