LAST_GIT_COMMIT_SHA:STRING=4790f40f2fb6acbc051ce4c988681a628c18e83d

***** GLOBAL STATISTICS (  1536 MPI TASKS) *****

$Id: gptl.c,v 1.157 2011-03-28 20:55:18 rosinski Exp $
'count' is cumulative. All other stats are max/min
name                               processes  threads        count      walltotal   wallmax (proc   thrd  )   wallmin (proc   thrd  )
Total                                   1536     1536 1.536000e+03   8.034733e+04    52.318 (   128      0)    52.302 (  1481      0)
prim_init1                              1536     1536 1.536000e+03   5.115640e+02     0.340 (     0      0)     0.328 (   420      0)
repro_sum_int                           1536     1536 6.912000e+04   1.324992e+02     0.258 (    31      0)     0.026 (   214      0)
prim_init2                              1536     1536 1.536000e+03   3.978980e+02     0.425 (    44      0)     0.203 (   235      0)
prim_printstate                         1536     1536 1.536000e+03   8.231649e+01     0.058 (     0      0)     0.053 (   421      0)
interp_movie_output                     1536     1536 3.072000e+03   7.515752e-01     0.001 (   829      0)     0.000 (   198      0)
prim_main_loop                          1536     1536 1.536000e+03   7.739132e+04    50.394 (   128      0)    50.378 (  1511      0)
prim_run                                1536     1536 6.144000e+05   7.738592e+04    50.390 (   128      0)    50.374 (  1508      0)
tl-sc prim_run_subcycle_c               1536     1536 6.144000e+05   7.736947e+04    50.380 (   213      0)    50.363 (  1417      0)
tl-sc dp3d-from-ps                      1536     1536 6.144000e+05   2.221015e+01     0.017 (   128      0)     0.013 (  1278      0)
tl-sc prim_step-loop                    1536     1536 6.144000e+05   7.050302e+04    46.075 (   323      0)    45.583 (   632      0)
tl-s prim_step                          1536     1536 1.843200e+06   7.049112e+04    46.068 (   119      0)    45.575 (   632      0)
tl-s deep_copy+derived_dp               1536     1536 1.843200e+06   1.073671e+02     0.081 (  1024      0)     0.062 (   119      0)
tl-s prim_advance_exp-loop              1536     1536 1.843200e+06   2.574635e+04    20.392 (    95      0)    13.582 (   128      0)
tl-ae prim_advance_exp                  1536     1536 1.843200e+06   2.573276e+04    20.383 (    95      0)    13.571 (   128      0)
tl-ae U3-5stage_timestep                1536     1536 1.843200e+06   1.326763e+04    13.210 (    95      0)     6.208 (  1280      0)
caar compute                            1536     1536 9.216000e+06   3.098319e+03     2.318 (  1280      0)     1.795 (   119      0)
caar_bexchV                             1536     1536 9.216000e+06   9.878662e+03    11.179 (    95      0)     3.665 (  1280      0)
tl-ae advance_hypervis_dp               1536     1536 1.843200e+06   1.243613e+04    10.179 (   748      0)     6.632 (   631      0)
hvf-bhwk                                1536     1536 5.529600e+06   6.769054e+03     6.195 (   744      0)     3.651 (   630      0)
hvf-bexch                               1536     1536 1.105920e+07   9.425086e+03     8.228 (   749      0)     4.686 (   128      0)
tl-s prim_advec_tracers_remap           1536     1536 1.843200e+06   4.459998e+04    32.042 (   128      0)    25.512 (    95      0)
tl-at prim_advec_tracers_remap_RK2      1536     1536 1.843200e+06   4.458230e+04    32.028 (   128      0)    25.501 (    95      0)
tl-at precompute_divdp                  1536     1536 1.843200e+06   1.142877e+02     0.099 (   128      0)     0.065 (  1441      0)
tl-at esf-0                             1536     1536 1.843200e+06   1.177057e+04     9.026 (  1088      0)     6.764 (    98      0)
tl-at esf-1                             1536     1536 1.843200e+06   9.086636e+03     6.719 (  1090      0)     5.013 (    96      0)
tl-at esf-2                             1536     1536 1.843200e+06   2.258407e+04    16.751 (   215      0)    12.899 (    95      0)
tl-at qdp_time_avg                      1536     1536 1.843200e+06   9.400136e+02     0.700 (   164      0)     0.505 (   447      0)
tl-sc vertical_remap                    1536     1536 6.144000e+05   6.092047e+03     4.278 (   632      0)     3.797 (   119      0)
Remap Thickness Functor                 1536     1536 6.144000e+05   5.649732e+01     0.042 (  1152      0)     0.032 (   333      0)
Remap Scale States Functor              1536     1536 6.144000e+05   3.029612e+01     0.023 (  1281      0)     0.015 (   127      0)
Remap Compute Grids Functor             1536     1536 6.144000e+05   2.290066e+02     0.169 (     0      0)     0.133 (   126      0)
Remap Compute Remap Functor             1536     1536 6.144000e+05   5.685908e+03     4.007 (   605      0)     3.549 (   119      0)
Remap Rescale States Functor            1536     1536 6.144000e+05   3.548749e+01     0.027 (   128      0)     0.021 (   495      0)
tl-sc Q-from-qdp                        1536     1536 6.144000e+05   7.358793e+02     0.531 (   128      0)     0.475 (    94      0)
t_prf                                      0        0 0.000000e+00   0.000000e+00     0.000 (     0      0)     0.000 (     0      0)

