LAST_GIT_COMMIT_SHA:STRING=adf77c97ed8425a245449f2582d2441f4b72da1e
10950729

***** GLOBAL STATISTICS (   512 MPI TASKS) *****

$Id: gptl.c,v 1.157 2011-03-28 20:55:18 rosinski Exp $
'count' is cumulative. All other stats are max/min
name                           processes  threads        count      walltotal   wallmax (proc   thrd  )   wallmin (proc   thrd  )
"Total"                              512      512 5.120000e+02   8.727706e+04   170.544 (   362      0)   170.324 (   489      0)
"prim_init1"                         512      512 5.120000e+02   5.119243e+02     1.008 (   481      0)     0.971 (    15      0)
"PartitioningTime"                   512      512 5.120000e+02   7.176132e-01     0.003 (   324      0)     0.001 (   210      0)
"repro_sum_int"                      512      512 2.304000e+04   2.469047e+01     0.067 (   263      0)     0.030 (   253      0)
"prim_init2"                         512     1024 1.024000e+03   1.885830e+02     0.202 (   263      1)     0.166 (   192      1)
"prim_printstate"                    512     1024 1.024000e+03   7.157403e+01     0.076 (     0      0)     0.069 (   372      1)
"interp_movie_output"                512      512 1.024000e+03   4.168301e-01     0.001 (   420      0)     0.000 (    42      0)
"prim_main_loop"                     512      512 5.120000e+02   8.231414e+04   160.850 (   362      0)   160.631 (   489      0)
"prim_run"                           512     1024 5.529600e+04   1.646270e+05   160.849 (   362      0)   160.630 (   489      0)
"ApplyCAMForcing"                    512     1024 5.529600e+04   1.579170e+03     2.621 (   256      0)     1.017 (   507      1)
"prim_step_rX"                       512     1024 1.658880e+05   1.500398e+05   148.143 (   497      0)   145.398 (   129      1)
"prim_step_dyn"                      512     1024 1.658880e+05   3.515766e+04    54.712 (   489      1)    22.382 (   363      0)
"prim_advance_exp"                   512     1024 1.658880e+05   3.515496e+04    54.709 (   489      1)    22.380 (   363      0)
"U3-5stage_timestep"                 512     1024 1.658880e+05   2.156763e+04    42.396 (   489      1)    11.178 (   159      0)
"compute_and_apply_rhs"              512     1024 8.294400e+05   2.142998e+04    42.285 (   489      1)    11.019 (   363      0)
"caar_bexchV"                        512     1024 8.294400e+05   1.302627e+04    35.362 (   489      1)     1.630 (   159      0)
"advance_hypervis_dp"                512     1024 1.658880e+05   1.358278e+04    21.542 (    76      0)    10.994 (   333      1)
"biwkdp3d_bexchV"                    512     1024 4.976640e+05   2.860897e+03    10.675 (    76      1)     0.775 (   320      0)
"ahdp_bexchV2"                       512     1024 4.976640e+05   2.637959e+03     8.443 (    74      1)     1.140 (   265      0)
"prim_step_advec"                    512     1024 1.658880e+05   1.146349e+05   123.217 (   363      0)    92.947 (   489      1)
"PAT_remap"                          512     1024 1.658880e+05   1.146333e+05   123.216 (   363      0)    92.946 (   489      1)
"prim_advec_tracers_remap_rk2"       512     1024 1.658880e+05   1.146311e+05   123.214 (   363      0)    92.943 (   489      1)
"precomput_divdp"                    512     1024 1.658880e+05   1.641858e+02     0.229 (   313      0)     0.119 (   462      1)
"euler_step_0"                       512     1024 1.658880e+05   3.114113e+04    35.993 (   363      0)    24.090 (   509      1)
"bihmix_qminmax"                     512     1024 4.976640e+05   5.231631e+04    56.976 (   258      0)    43.624 (   469      1)
"eus_neighbor_minmax1"               512     1024 1.658880e+05   7.058385e+03     8.661 (     8      1)     4.327 (   509      0)
"nmm_bexchV"                         512     1024 1.658880e+05   3.196070e+03     4.585 (   475      1)     1.595 (   505      0)
"eus_2d_advec"                       512     1024 4.976640e+05   5.980433e+04    66.679 (   322      0)    46.527 (   489      1)
"eus_bexchV"                         512     1024 4.976640e+05   1.980151e+04    31.338 (   507      1)     9.577 (    20      0)
"euler_step_1"                       512     1024 1.658880e+05   2.139285e+04    25.086 (   507      0)    15.060 (   491      0)
"euler_step_2"                       512     1024 1.658880e+05   5.960548e+04    62.140 (   286      1)    48.933 (   222      0)
"nmm_bexchS_start"                   512     1024 1.658880e+05   1.707706e+02     1.233 (   382      1)     0.008 (   346      0)
"biwksc_bexchV"                      512     1024 1.658880e+05   7.050642e+03    12.835 (   509      1)     3.581 (   222      0)
"nmm_bexchS_fini"                    512     1024 1.658880e+05   1.486102e+03     3.373 (   274      1)     0.336 (   444      0)
"qdp_tavg"                           512     1024 1.658880e+05   2.317724e+03     4.030 (   342      1)     0.899 (   506      1)
"vertical_remap"                     512     1024 5.529600e+04   1.145665e+04    12.245 (   172      0)    10.420 (   494      1)
"vertical_remap1_1"                  512     1024 2.073600e+06   4.935893e+02     0.526 (    40      0)     0.434 (   272      1)
"remap_Q_ppm"                        512     1024 6.220800e+06   1.125541e+04    12.026 (   172      0)    10.231 (   494      1)
"vertical_remap1_2"                  512     1024 2.073600e+06   7.007686e+02     0.742 (    50      0)     0.626 (   503      1)
"vertical_remap1_3"                  512     1024 2.073600e+06   1.014116e+04    10.865 (   172      0)     9.199 (   494      1)
"prim_run_subcyle_diags"             512     1024 5.529600e+04   8.869645e+02     1.579 (   260      0)     0.405 (   508      1)
"t_prf"                                0        0 0.000000e+00   0.000000e+00     0.000 (     0      0)     0.000 (     0      0)

10950729
