LAST_GIT_COMMIT_SHA:STRING=4790f40f2fb6acbc051ce4c988681a628c18e83d

***** GLOBAL STATISTICS ( 24576 MPI TASKS) *****

$Id: gptl.c,v 1.157 2011-03-28 20:55:18 rosinski Exp $
'count' is cumulative. All other stats are max/min
name                               processes  threads        count      walltotal   wallmax (proc   thrd  )   wallmin (proc   thrd  )
Total                                  24576    24576 2.457600e+04   7.270583e+06   295.885 (  3072      0)   295.807 (  1993      0)
prim_init1                             24576    24576 2.457600e+04   4.501393e+04     1.906 ( 20583      0)     1.749 (  6951      0)
repro_sum_int                          24576    24576 2.531328e+06   2.693006e+04     3.258 (    28      0)     0.124 ( 21462      0)
prim_init2                             24576    24576 2.457600e+04   5.216385e+04     4.056 (    63      0)     1.110 (   549      0)
prim_printstate                        24576    24576 4.915200e+04   5.794460e+03     0.312 (  4497      0)     0.184 (  2104      0)
interp_movie_output                    24576    24576 4.915200e+04   1.979881e+02     0.033 ( 17472      0)     0.000 ( 16966      0)
prim_main_loop                         24576    24576 2.457600e+04   7.006855e+06   285.131 ( 17064      0)   285.079 (   567      0)
prim_run                               24576    24576 1.258291e+08   7.005784e+06   285.095 ( 17023      0)   285.031 (   512      0)
tl-sc prim_run_subcycle_c              24576    24576 1.258291e+08   6.999174e+06   284.843 (  3139      0)   284.752 ( 11008      0)
tl-sc dp3d-from-ps                     24576    24576 1.258291e+08   3.129651e+03     0.156 (  3840      0)     0.109 ( 15062      0)
tl-sc prim_step-loop                   24576    24576 1.258291e+08   6.630902e+06   270.255 (  1357      0)   268.240 (  1638      0)
tl-s prim_step                         24576    24576 3.774874e+08   6.628718e+06   270.171 (  1357      0)   268.139 (  1638      0)
tl-s deep_copy+derived_dp              24576    24576 3.774874e+08   1.068751e+04     0.520 ( 21376      0)     0.405 ( 14450      0)
tl-s prim_advance_exp-loop             24576    24576 3.774874e+08   3.046836e+06   141.780 (  1500      0)   100.990 (  1024      0)
tl-ae prim_advance_exp                 24576    24576 3.774874e+08   3.044132e+06   141.675 (  1500      0)   100.857 (  1024      0)
tl-ae U3-5stage_timestep               24576    24576 3.774874e+08   1.510382e+06    84.277 (  2019      0)    46.737 ( 21248      0)
caar compute                           24576    24576 1.887437e+09   2.085426e+05    10.085 (  5120      0)     7.947 ( 22541      0)
caar_bexchV                            24576    24576 1.887437e+09   1.270624e+06    74.831 (  2019      0)    35.642 ( 21248      0)
tl-ae advance_hypervis_dp              24576    24576 3.774874e+08   1.528840e+06    76.428 (  2182      0)    51.533 ( 14687      0)
hvf-bhwk                               24576    24576 1.132462e+09   7.928708e+05    42.307 (  2182      0)    26.522 ( 21215      0)
hvf-bexch                              24576    24576 2.264924e+09   1.288972e+06    66.852 (  2183      0)    41.831 ( 14687      0)
tl-s prim_advec_tracers_remap          24576    24576 3.774874e+08   3.564879e+06   166.955 (  1024      0)   127.578 (  1500      0)
tl-at prim_advec_tracers_remap_RK2     24576    24576 3.774874e+08   3.561663e+06   166.804 (  1024      0)   127.452 (  1500      0)
tl-at precompute_divdp                 24576    24576 3.774874e+08   1.345508e+04     0.728 (  5120      0)     0.477 (  2209      0)
tl-at esf-0                            24576    24576 3.774874e+08   9.966963e+05    50.283 (  1024      0)    32.930 (  1058      0)
tl-at esf-1                            24576    24576 3.774874e+08   6.818970e+05    33.515 (   853      0)    22.532 ( 14794      0)
tl-at esf-2                            24576    24576 3.774874e+08   1.805366e+06    87.023 (  1031      0)    63.041 (  1316      0)
tl-at qdp_time_avg                     24576    24576 3.774874e+08   4.891596e+04     2.245 ( 17152      0)     1.830 (  1979      0)
tl-sc vertical_remap                   24576    24576 1.258291e+08   3.217962e+05    14.581 (  1638      0)    12.669 (  1357      0)
Remap Thickness Functor                24576    24576 1.258291e+08   6.511288e+03     0.330 (   960      0)     0.217 ( 23891      0)
Remap Scale States Functor             24576    24576 1.258291e+08   3.724706e+03     0.201 ( 10304      0)     0.126 ( 14319      0)
Remap Compute Grids Functor            24576    24576 1.258291e+08   1.344347e+04     0.627 (   384      0)     0.508 ( 23891      0)
Remap Compute Remap Functor            24576    24576 1.258291e+08   2.838289e+05    12.955 (  1638      0)    11.213 ( 14413      0)
Remap Rescale States Functor           24576    24576 1.258291e+08   4.407655e+03     0.217 ( 13760      0)     0.163 (  2691      0)
tl-sc Q-from-qdp                       24576    24576 1.258291e+08   4.030171e+04     1.830 ( 14144      0)     1.621 ( 24372      0)
t_prf                                      0        0 0.000000e+00   0.000000e+00     0.000 (     0      0)     0.000 (     0      0)

