LAST_GIT_COMMIT_SHA:STRING=4790f40f2fb6acbc051ce4c988681a628c18e83d

***** GLOBAL STATISTICS (  4096 MPI TASKS) *****

$Id: gptl.c,v 1.157 2011-03-28 20:55:18 rosinski Exp $
'count' is cumulative. All other stats are max/min
name                               processes  threads        count      walltotal   wallmax (proc   thrd  )   wallmin (proc   thrd  )
Total                                   4096     4096 4.096000e+03   6.544477e+05   159.800 (   512      0)   159.763 (  2722      0)
prim_init1                              4096     4096 4.096000e+03   3.315730e+03     0.816 (   345      0)     0.784 (   690      0)
repro_sum_int                           4096     4096 1.843200e+05   5.722255e+02     0.320 (  3307      0)     0.033 (  3746      0)
prim_init2                              4096     4096 4.096000e+03   1.715971e+03     0.593 (  3322      0)     0.317 (  2625      0)
prim_printstate                         4096     4096 4.096000e+03   2.934577e+02     0.076 (     0      0)     0.069 (   438      0)
interp_movie_output                     4096     4096 8.192000e+03   3.827994e+00     0.003 (  2113      0)     0.000 (  2325      0)
prim_main_loop                          4096     4096 4.096000e+03   6.319528e+05   154.304 (   511      0)   154.273 (  2085      0)
prim_run                                4096     4096 3.497984e+06   6.319236e+05   154.296 (   511      0)   154.265 (  2051      0)
tl-sc prim_run_subcycle_c               4096     4096 3.497984e+06   6.318418e+05   154.277 (   854      0)   154.242 (  2576      0)
tl-sc dp3d-from-ps                      4096     4096 3.497984e+06   1.476610e+02     0.043 (   896      0)     0.032 (  1627      0)
tl-sc prim_step-loop                    4096     4096 3.497984e+06   5.737929e+05   140.581 (  3928      0)   139.014 (     0      0)
tl-s prim_step                          4096     4096 1.049395e+07   5.737260e+05   140.566 (  3928      0)   138.994 (     0      0)
tl-s deep_copy+derived_dp               4096     4096 1.049395e+07   8.180632e+02     0.247 (    36      0)     0.168 (  3912      0)
tl-s prim_advance_exp-loop              4096     4096 1.049395e+07   2.056693e+05    60.614 (  1128      0)    36.602 (   513      0)
tl-ae prim_advance_exp                  4096     4096 1.049395e+07   2.055895e+05    60.595 (  1128      0)    36.582 (   513      0)
tl-ae U3-5stage_timestep                4096     4096 1.049395e+07   1.027227e+05    36.982 (   884      0)    16.732 (   448      0)
caar compute                            4096     4096 5.246976e+07   2.533357e+04     7.496 (     0      0)     5.436 (  1815      0)
caar_bexchV                             4096     4096 5.246976e+07   7.538954e+04    30.672 (   875      0)     9.146 (   448      0)
tl-ae advance_hypervis_dp               4096     4096 1.049395e+07   1.026843e+05    34.871 (   948      0)    17.630 (  3176      0)
hvf-bhwk                                4096     4096 3.148186e+07   5.597306e+04    23.871 (   943      0)     9.876 (  3174      0)
hvf-bexch                               4096     4096 6.296371e+07   7.837592e+04    29.185 (   948      0)    11.429 (   832      0)
tl-s prim_advec_tracers_remap           4096     4096 1.049395e+07   3.670144e+05   103.104 (   513      0)    79.246 (  1128      0)
tl-at prim_advec_tracers_remap_RK2      4096     4096 1.049395e+07   3.669109e+05   103.079 (   513      0)    79.220 (  1128      0)
tl-at precompute_divdp                  4096     4096 1.049395e+07   8.249088e+02     0.272 (   576      0)     0.160 (   953      0)
tl-at esf-0                             4096     4096 1.049395e+07   9.733480e+04    32.165 (  3240      0)    19.975 (  3147      0)
tl-at esf-1                             4096     4096 1.049395e+07   7.563926e+04    24.576 (  3161      0)    15.498 (  1843      0)
tl-at esf-2                             4096     4096 1.049395e+07   1.845089e+05    55.854 (   854      0)    39.790 (  1132      0)
tl-at qdp_time_avg                      4096     4096 1.049395e+07   8.086729e+03     2.309 (  3464      0)     1.535 (   843      0)
tl-sc vertical_remap                    4096     4096 3.497984e+06   5.152304e+04    13.600 (     0      0)    12.086 (  3928      0)
Remap Thickness Functor                 4096     4096 3.497984e+06   4.145069e+02     0.117 (   537      0)     0.087 (  2331      0)
Remap Scale States Functor              4096     4096 3.497984e+06   2.167287e+02     0.068 (  3454      0)     0.042 (   503      0)
Remap Compute Grids Functor             4096     4096 3.497984e+06   1.899836e+03     0.525 (  3486      0)     0.411 (   355      0)
Remap Compute Remap Functor             4096     4096 3.497984e+06   4.843585e+04    12.767 (     0      0)    11.395 (   307      0)
Remap Rescale States Functor            4096     4096 3.497984e+06   2.543000e+02     0.075 (  1984      0)     0.057 (   375      0)
tl-sc Q-from-qdp                        4096     4096 3.497984e+06   6.285095e+03     1.714 (  1984      0)     1.519 (   626      0)
t_prf                                      0        0 0.000000e+00   0.000000e+00     0.000 (     0      0)     0.000 (     0      0)

