LAST_GIT_COMMIT_SHA:STRING=4790f40f2fb6acbc051ce4c988681a628c18e83d

***** GLOBAL STATISTICS ( 28800 MPI TASKS) *****

$Id: gptl.c,v 1.157 2011-03-28 20:55:18 rosinski Exp $
'count' is cumulative. All other stats are max/min
name                               processes  threads        count      walltotal   wallmax (proc   thrd  )   wallmin (proc   thrd  )
Total                                  28800    28800 2.880000e+04   6.064982e+06   210.670 (  8269      0)   210.507 ( 18096      0)
prim_init1                             28800    28800 2.880000e+04   1.914108e+05     6.760 (    40      0)     6.472 ( 24183      0)
repro_sum_int                          28800    28800 1.296000e+06   4.325136e+04     4.223 (    17      0)     0.443 (   243      0)
prim_init2                             28800    28800 2.880000e+04   7.373986e+04     4.424 (    44      0)     1.706 ( 20261      0)
prim_printstate                        28800    28800 2.880000e+04   5.536931e+03     0.237 (  7420      0)     0.152 ( 17608      0)
interp_movie_output                    28800    28800 5.760000e+04   4.456342e+02     0.023 (  6912      0)     0.012 (  2863      0)
prim_main_loop                         28800    28800 2.880000e+04   5.261542e+06   182.752 ( 25665      0)   182.632 ( 16682      0)
prim_run                               28800    28800 4.320000e+07   5.260773e+06   182.727 ( 25725      0)   182.603 ( 16638      0)
tl-sc prim_run_subcycle_c              28800    28800 4.320000e+07   5.258501e+06   182.632 (  8774      0)   182.547 ( 16704      0)
tl-sc dp3d-from-ps                     28800    28800 4.320000e+07   1.733211e+03     0.071 ( 11136      0)     0.053 ( 18162      0)
tl-sc prim_step-loop                   28800    28800 4.320000e+07   4.864450e+06   169.825 ( 26429      0)   167.499 ( 14272      0)
tl-s prim_step                         28800    28800 1.296000e+08   4.863633e+06   169.798 ( 26429      0)   167.464 ( 14272      0)
tl-s deep_copy+derived_dp              28800    28800 1.296000e+08   6.151758e+03     0.251 ( 24192      0)     0.196 ( 26406      0)
tl-s prim_advance_exp-loop             28800    28800 1.296000e+08   2.003782e+06    82.027 ( 22951      0)    57.723 (  4934      0)
tl-ae prim_advance_exp                 28800    28800 1.296000e+08   2.002649e+06    81.992 ( 22951      0)    57.682 (  4934      0)
tl-ae U3-5stage_timestep               28800    28800 1.296000e+08   9.750190e+05    46.419 (  5655      0)    25.303 (  8753      0)
caar compute                           28800    28800 6.480000e+08   2.032697e+05     8.279 (  2048      0)     6.414 ( 13877      0)
caar_bexchV                            28800    28800 6.480000e+08   7.536343e+05    39.163 (  5655      0)    17.067 (  2048      0)
tl-ae advance_hypervis_dp              28800    28800 1.296000e+08   1.025704e+06    45.784 (  7317      0)    27.984 (  8720      0)
hvf-bhwk                               28800    28800 3.888000e+08   5.492379e+05    26.438 (  5714      0)    15.108 (  8767      0)
hvf-bexch                              28800    28800 7.776000e+08   8.239817e+05    38.988 (  5492      0)    20.864 (  8720      0)
tl-s prim_advec_tracers_remap          28800    28800 1.296000e+08   2.851108e+06   110.611 (  4934      0)    87.026 ( 22951      0)
tl-at prim_advec_tracers_remap_RK2     28800    28800 1.296000e+08   2.849912e+06   110.569 (  4934      0)    86.986 ( 22951      0)
tl-at precompute_divdp                 28800    28800 1.296000e+08   8.071643e+03     0.361 ( 23296      0)     0.220 ( 25234      0)
tl-at esf-0                            28800    28800 1.296000e+08   7.519742e+05    33.159 (  5731      0)    21.892 (  4782      0)
tl-at esf-1                            28800    28800 1.296000e+08   5.377857e+05    22.538 (  5935      0)    16.315 (  6126      0)
tl-at esf-2                            28800    28800 1.296000e+08   1.499368e+06    61.485 (  8523      0)    42.792 (  5689      0)
tl-at qdp_time_avg                     28800    28800 1.296000e+08   4.701599e+04     1.888 ( 11794      0)     1.413 (  2595      0)
tl-sc vertical_remap                   28800    28800 4.320000e+07   3.519557e+05    13.516 ( 23348      0)    11.323 ( 18092      0)
Remap Thickness Functor                28800    28800 4.320000e+07   5.275758e+03     0.253 ( 11648      0)     0.121 (  9187      0)
Remap Scale States Functor             28800    28800 4.320000e+07   2.599987e+03     0.129 ( 26619      0)     0.057 (  7295      0)
Remap Compute Grids Functor            28800    28800 4.320000e+07   1.674844e+04     0.660 ( 24704      0)     0.539 ( 11586      0)
Remap Compute Remap Functor            28800    28800 4.320000e+07   3.140926e+05    12.158 ( 23348      0)    10.074 ( 27765      0)
Remap Rescale States Functor           28800    28800 4.320000e+07   2.580774e+03     0.114 (  1536      0)     0.079 ( 23758      0)
tl-sc Q-from-qdp                       28800    28800 4.320000e+07   3.924671e+04     1.503 ( 17856      0)     1.348 (  5739      0)
t_prf                                      0        0 0.000000e+00   0.000000e+00     0.000 (     0      0)     0.000 (     0      0)

