LAST_GIT_COMMIT_SHA:STRING=adf77c97ed8425a245449f2582d2441f4b72da1e
10950784

***** GLOBAL STATISTICS (  1920 MPI TASKS) *****

$Id: gptl.c,v 1.157 2011-03-28 20:55:18 rosinski Exp $
'count' is cumulative. All other stats are max/min
name                           processes  threads        count      walltotal   wallmax (proc   thrd  )   wallmin (proc   thrd  )
"Total"                             1920     1920 1.920000e+03   2.893585e+05   150.751 (  1344      0)   150.667 (   748      0)
"prim_init1"                        1920     1920 1.920000e+03   1.744606e+03     0.931 (     0      0)     0.881 (   306      0)
"PartitioningTime"                  1920     1920 1.920000e+03   2.669848e+00     0.003 (  1166      0)     0.001 (  1187      0)
"repro_sum_int"                     1920     1920 8.640000e+04   1.733631e+02     0.299 (  1496      0)     0.034 (   806      0)
"prim_init2"                        1920     3840 3.840000e+03   6.075792e+02     0.369 (  1334      1)     0.102 (   806      0)
"prim_printstate"                   1920     3840 3.840000e+03   2.045238e+02     0.058 (     0      0)     0.052 (   112      0)
"interp_movie_output"               1920     1920 3.840000e+03   1.788261e+00     0.002 (  1511      0)     0.000 (  1198      0)
"prim_main_loop"                    1920     1920 1.920000e+03   2.707296e+05   141.049 (  1344      0)   140.964 (   748      0)
"prim_run"                          1920     3840 7.680000e+05   5.414500e+05   141.046 (  1344      1)   140.962 (   748      1)
"ApplyCAMForcing"                   1920     3840 7.680000e+05   5.153994e+03     2.028 (  1361      0)     1.050 (  1288      1)
"prim_step_rX"                      1920     3840 2.304000e+06   4.903399e+05   128.365 (  1672      0)   126.755 (  1152      1)
"prim_step_dyn"                     1920     3840 2.304000e+06   1.472409e+05    48.814 (  1893      0)    23.081 (  1391      0)
"prim_advance_exp"                  1920     3840 2.304000e+06   1.472048e+05    48.805 (  1893      0)    23.072 (  1391      0)
"U3-5stage_timestep"                1920     3840 2.304000e+06   7.423725e+04    31.111 (  1894      1)    11.177 (  1656      1)
"compute_and_apply_rhs"             1920     3840 1.152000e+07   7.363490e+04    30.991 (  1894      1)    10.996 (  1656      1)
"caar_bexchV"                       1920     3840 1.152000e+07   4.367299e+04    24.194 (  1894      1)     1.987 (  1390      0)
"advance_hypervis_dp"               1920     3840 2.304000e+06   7.290701e+04    29.287 (    60      1)    11.343 (  1391      1)
"biwkdp3d_bexchV"                   1920     3840 6.912000e+06   2.212904e+04    11.724 (   197      0)     1.088 (  1399      1)
"ahdp_bexchV2"                      1920     3840 6.912000e+06   2.154234e+04    11.638 (    59      0)     1.216 (  1399      1)
"prim_step_advec"                   1920     3840 2.304000e+06   3.423665e+05   103.624 (  1391      0)    79.268 (  1893      1)
"PAT_remap"                         1920     3840 2.304000e+06   3.423452e+05   103.618 (  1391      0)    79.263 (  1893      1)
"prim_advec_tracers_remap_rk2"      1920     3840 2.304000e+06   3.423166e+05   103.611 (  1391      0)    79.255 (  1893      1)
"precomput_divdp"                   1920     3840 2.304000e+06   4.924673e+02     0.168 (  1344      0)     0.114 (  1663      0)
"euler_step_0"                      1920     3840 2.304000e+06   8.488427e+04    30.116 (  1391      0)    17.399 (  1717      1)
"bihmix_qminmax"                    1920     3840 6.912000e+06   1.554004e+05    50.093 (  1390      0)    35.883 (  1692      1)
"eus_neighbor_minmax1"              1920     3840 2.304000e+06   1.795376e+04     9.710 (  1330      1)     2.722 (  1717      0)
"nmm_bexchV"                        1920     3840 2.304000e+06   1.101019e+04     7.407 (  1409      1)     0.967 (  1627      0)
"eus_2d_advec"                      1920     3840 6.912000e+06   1.811323e+05    55.469 (  1217      1)    39.836 (  1882      1)
"eus_bexchV"                        1920     3840 6.912000e+06   4.701878e+04    21.492 (  1296      0)     6.793 (   978      1)
"euler_step_1"                      1920     3840 2.304000e+06   6.725305e+04    21.928 (   561      1)    14.193 (  1879      1)
"euler_step_2"                      1920     3840 2.304000e+06   1.846114e+05    54.491 (   559      1)    43.245 (  1690      1)
"nmm_bexchS_start"                  1920     3840 2.304000e+06   1.547941e+02     0.505 (  1664      1)     0.007 (  1675      1)
"biwksc_bexchV"                     1920     3840 2.304000e+06   1.761962e+04     9.176 (   559      0)     2.588 (  1568      1)
"nmm_bexchS_fini"                   1920     3840 2.304000e+06   2.633643e+03     2.910 (  1348      0)     0.217 (   960      0)
"qdp_tavg"                          1920     3840 2.304000e+06   4.959751e+03     2.058 (  1405      0)     0.815 (  1289      1)
"vertical_remap"                    1920     3840 7.680000e+05   4.216390e+04    11.839 (  1177      1)    10.549 (  1858      1)
"vertical_remap1_1"                 1920     3840 7.680000e+06   1.874094e+03     0.541 (  1226      1)     0.443 (    64      0)
"remap_Q_ppm"                       1920     3840 2.304000e+07   4.141053e+04    11.638 (  1177      1)    10.363 (  1858      0)
"vertical_remap1_2"                 1920     3840 7.680000e+06   2.619590e+03     0.746 (  1219      0)     0.631 (  1869      0)
"vertical_remap1_3"                 1920     3840 7.680000e+06   3.722667e+04    10.472 (  1177      1)     9.321 (  1898      0)
"prim_run_subcyle_diags"            1920     3840 7.680000e+05   2.815852e+03     1.277 (  1391      0)     0.573 (  1678      0)
"t_prf"                                0        0 0.000000e+00   0.000000e+00     0.000 (     0      0)     0.000 (     0      0)

10950784
