LAST_GIT_COMMIT_SHA:STRING=4790f40f2fb6acbc051ce4c988681a628c18e83d

***** GLOBAL STATISTICS (   128 MPI TASKS) *****

$Id: gptl.c,v 1.157 2011-03-28 20:55:18 rosinski Exp $
'count' is cumulative. All other stats are max/min
name                               processes  threads        count      walltotal   wallmax (proc   thrd  )   wallmin (proc   thrd  )
Total                                    128      128 1.280000e+02   5.537948e+03    43.298 (     0      0)    43.212 (   123      0)
prim_init1                               128      128 1.280000e+02   3.820703e+01     0.313 (     0      0)     0.294 (    83      0)
repro_sum_int                            128      128 5.760000e+03   3.241209e+00     0.030 (    81      0)     0.013 (     0      0)
prim_init2                               128      128 1.280000e+02   1.226372e+02     0.972 (    53      0)     0.947 (    69      0)
prim_printstate                          128      128 1.280000e+02   1.281444e+01     0.104 (     0      0)     0.099 (   106      0)
interp_movie_output                      128      128 2.560000e+02   3.196192e-02     0.000 (   115      0)     0.000 (     2      0)
prim_main_loop                           128      128 1.280000e+02   5.247721e+03    41.028 (     0      0)    40.947 (   123      0)
prim_run                                 128      128 4.352000e+03   5.247638e+03    41.027 (     0      0)    40.946 (   123      0)
tl-sc prim_run_subcycle_c                128      128 4.352000e+03   5.241982e+03    40.968 (     3      0)    40.915 (   123      0)
tl-sc dp3d-from-ps                       128      128 4.352000e+03   8.412302e-01     0.007 (     0      0)     0.006 (    72      0)
tl-sc prim_step-loop                     128      128 4.352000e+03   4.688706e+03    36.716 (   111      0)    36.501 (   127      0)
tl-s prim_step                           128      128 1.305600e+04   4.688607e+03    36.715 (   111      0)    36.500 (   127      0)
tl-s deep_copy+derived_dp                128      128 1.305600e+04   7.046164e+00     0.081 (    60      0)     0.038 (    72      0)
tl-s prim_advance_exp-loop               128      128 1.305600e+04   1.016984e+03    11.613 (   127      0)     6.440 (    25      0)
tl-ae prim_advance_exp                   128      128 1.305600e+04   1.016860e+03    11.612 (   127      0)     6.439 (    25      0)
tl-ae U3-5stage_timestep                 128      128 1.305600e+04   6.045982e+02     8.312 (   127      0)     3.253 (    17      0)
caar compute                             128      128 6.528000e+04   2.535053e+02     2.181 (    28      0)     1.664 (   123      0)
caar_bexchV                              128      128 6.528000e+04   3.405503e+02     6.561 (   123      0)     1.072 (     3      0)
tl-ae advance_hypervis_dp                128      128 1.305600e+04   4.119843e+02     3.511 (    65      0)     3.101 (    23      0)
hvf-bhwk                                 128      128 3.916800e+04   2.504645e+02     2.121 (    65      0)     1.904 (   100      0)
hvf-bexch                                128      128 7.833600e+04   1.874164e+02     1.889 (    65      0)     1.277 (    23      0)
tl-s prim_advec_tracers_remap            128      128 1.305600e+04   3.664161e+03    30.158 (    17      0)    24.842 (   127      0)
tl-at prim_advec_tracers_remap_RK2       128      128 1.305600e+04   3.664011e+03    30.156 (    17      0)    24.841 (   127      0)
tl-at precompute_divdp                   128      128 1.305600e+04   6.687050e+00     0.075 (     3      0)     0.041 (   125      0)
tl-at esf-0                              128      128 1.305600e+04   9.856302e+02     8.613 (     0      0)     6.158 (   125      0)
tl-at esf-1                              128      128 1.305600e+04   7.898770e+02     6.644 (    39      0)     4.739 (   123      0)
tl-at esf-2                              128      128 1.305600e+04   1.780837e+03    14.984 (   124      0)    13.225 (   127      0)
tl-at qdp_time_avg                       128      128 1.305600e+04   1.001752e+02     1.083 (     7      0)     0.523 (    72      0)
tl-sc vertical_remap                     128      128 4.352000e+03   4.903877e+02     3.929 (    45      0)     3.747 (   111      0)
Remap Thickness Functor                  128      128 4.352000e+03   3.106685e+00     0.028 (     1      0)     0.020 (    72      0)
Remap Scale States Functor               128      128 4.352000e+03   1.496262e+00     0.017 (    62      0)     0.009 (    76      0)
Remap Compute Grids Functor              128      128 4.352000e+03   1.747908e+01     0.158 (     7      0)     0.119 (    72      0)
Remap Compute Remap Functor              128      128 4.352000e+03   4.639881e+02     3.727 (   127      0)     3.568 (   111      0)
Remap Rescale States Functor             128      128 4.352000e+03   1.785942e+00     0.015 (   126      0)     0.013 (    80      0)
tl-sc Q-from-qdp                         128      128 4.352000e+03   6.190099e+01     0.494 (     0      0)     0.480 (   123      0)
t_prf                                      0        0 0.000000e+00   0.000000e+00     0.000 (     0      0)     0.000 (     0      0)

