LAST_GIT_COMMIT_SHA:STRING=adf77c97ed8425a245449f2582d2441f4b72da1e
10950785

***** GLOBAL STATISTICS (  2560 MPI TASKS) *****

$Id: gptl.c,v 1.157 2011-03-28 20:55:18 rosinski Exp $
'count' is cumulative. All other stats are max/min
name                           processes  threads        count      walltotal   wallmax (proc   thrd  )   wallmin (proc   thrd  )
"Total"                             2560     2560 2.560000e+03   3.750925e+05   146.542 (   704      0)   146.493 (  2416      0)
"prim_init1"                        2560     2560 2.560000e+03   2.272142e+03     0.897 (   196      0)     0.859 (   115      0)
"PartitioningTime"                  2560     2560 2.560000e+03   3.256606e+00     0.004 (   581      0)     0.001 (   197      0)
"repro_sum_int"                     2560     2560 1.152000e+05   3.140429e+02     0.299 (   114      0)     0.036 (   705      0)
"prim_init2"                        2560     5120 5.120000e+03   9.266217e+02     0.358 (  1131      0)     0.096 (   742      1)
"prim_printstate"                   2560     5120 5.120000e+03   2.777287e+02     0.059 (     0      0)     0.053 (  2303      0)
"interp_movie_output"               2560     2560 5.120000e+03   3.739535e+00     0.003 (   915      0)     0.001 (    18      0)
"prim_main_loop"                    2560     2560 2.560000e+03   3.506986e+05   137.012 (   704      0)   136.965 (  2416      0)
"prim_run"                          2560     5120 1.367040e+06   7.013813e+05   137.009 (   704      1)   136.962 (  2416      0)
"ApplyCAMForcing"                   2560     5120 1.367040e+06   6.352711e+03     1.507 (   256      0)     1.012 (  2134      1)
"prim_step_rX"                      2560     5120 4.101120e+06   6.310006e+05   124.021 (   499      0)   122.354 (   256      1)
"prim_step_dyn"                     2560     5120 4.101120e+06   1.691478e+05    40.714 (  2202      1)    25.522 (   278      0)
"prim_advance_exp"                  2560     5120 4.101120e+06   1.690911e+05    40.701 (  2202      1)    25.512 (   278      0)
"U3-5stage_timestep"                2560     5120 4.101120e+06   8.909129e+04    25.659 (   236      1)    12.303 (  2054      0)
"compute_and_apply_rhs"             2560     5120 2.050560e+07   8.828111e+04    25.509 (   236      1)    12.131 (  2054      0)
"caar_bexchV"                       2560     5120 2.050560e+07   4.811865e+04    18.810 (   236      1)     3.061 (   704      0)
"advance_hypervis_dp"               2560     5120 4.101120e+06   7.990287e+04    20.325 (  1372      0)    12.507 (   274      1)
"biwkdp3d_bexchV"                   2560     5120 1.230336e+07   2.021267e+04     8.198 (  2239      1)     1.665 (   704      0)
"ahdp_bexchV2"                      2560     5120 1.230336e+07   1.991689e+04     7.262 (  2193      1)     1.686 (   704      0)
"prim_step_advec"                   2560     5120 4.101120e+06   4.609409e+05    97.343 (  2054      0)    82.561 (  2202      1)
"PAT_remap"                         2560     5120 4.101120e+06   4.609049e+05    97.337 (  2054      0)    82.553 (  2202      1)
"prim_advec_tracers_remap_rk2"      2560     5120 4.101120e+06   4.608568e+05    97.329 (  2054      0)    82.542 (  2202      1)
"precomput_divdp"                   2560     5120 4.101120e+06   6.664216e+02     0.169 (   704      0)     0.109 (     0      1)
"euler_step_0"                      2560     5120 4.101120e+06   1.129377e+05    26.243 (  2055      0)    18.831 (  2480      1)
"bihmix_qminmax"                    2560     5120 1.230336e+07   2.090549e+05    47.233 (  2128      0)    36.852 (   509      1)
"eus_neighbor_minmax1"              2560     5120 4.101120e+06   2.196940e+04     7.099 (  2006      1)     2.801 (  2261      0)
"nmm_bexchV"                        2560     5120 4.101120e+06   1.358766e+04     5.351 (  2006      1)     1.257 (  2261      0)
"eus_2d_advec"                      2560     5120 1.230336e+07   2.448659e+05    55.239 (   388      0)    42.944 (  1486      1)
"eus_bexchV"                        2560     5120 1.230336e+07   6.691477e+04    23.299 (   673      1)     7.654 (  2407      0)
"euler_step_1"                      2560     5120 4.101120e+06   9.032062e+04    19.035 (  2049      0)    16.104 (  2187      1)
"euler_step_2"                      2560     5120 4.101120e+06   2.510507e+05    53.229 (    76      1)    44.647 (  1349      1)
"nmm_bexchS_start"                  2560     5120 4.101120e+06   2.546836e+03     1.671 (  1728      1)     0.035 (  1623      0)
"biwksc_bexchV"                     2560     5120 4.101120e+06   2.856941e+04    10.319 (  2264      1)     2.965 (  1889      0)
"nmm_bexchS_fini"                   2560     5120 4.101120e+06   3.765412e+03     1.804 (  1408      1)     0.021 (   666      0)
"qdp_tavg"                          2560     5120 4.101120e+06   5.685020e+03     1.493 (   273      0)     0.763 (   235      1)
"vertical_remap"                    2560     5120 1.367040e+06   5.571098e+04    12.130 (   269      0)     9.771 (   458      1)
"vertical_remap1_1"                 2560     5120 1.025280e+07   2.426704e+03     0.531 (   257      0)     0.422 (   511      1)
"remap_Q_ppm"                       2560     5120 3.075840e+07   5.475324e+04    11.927 (   269      0)     9.600 (   458      1)
"vertical_remap1_2"                 2560     5120 1.025280e+07   3.452870e+03     0.764 (   269      0)     0.593 (   458      1)
"vertical_remap1_3"                 2560     5120 1.025280e+07   4.925535e+04    10.719 (   269      0)     8.649 (   487      1)
"prim_run_subcyle_diags"            2560     5120 1.367040e+06   2.358458e+03     0.661 (   309      0)     0.333 (   242      1)
"t_prf"                                0        0 0.000000e+00   0.000000e+00     0.000 (     0      0)     0.000 (     0      0)

10950785
