LAST_GIT_COMMIT_SHA:STRING=4790f40f2fb6acbc051ce4c988681a628c18e83d

***** GLOBAL STATISTICS (  2048 MPI TASKS) *****

$Id: gptl.c,v 1.157 2011-03-28 20:55:18 rosinski Exp $
'count' is cumulative. All other stats are max/min
name                               processes  threads        count      walltotal   wallmax (proc   thrd  )   wallmin (proc   thrd  )
Total                                   2048     2048 2.048000e+03   1.226194e+05    59.881 (   755      0)    59.869 (   891      0)
prim_init1                              2048     2048 2.048000e+03   6.682029e+02     0.336 (     0      0)     0.321 (   257      0)
repro_sum_int                           2048     2048 9.216000e+04   1.974497e+02     0.244 (  1212      0)     0.030 (   571      0)
prim_init2                              2048     2048 2.048000e+03   5.079421e+02     0.391 (  1164      0)     0.184 (   534      0)
prim_printstate                         2048     2048 2.048000e+03   1.155837e+02     0.062 (     0      0)     0.055 (  1595      0)
interp_movie_output                     2048     2048 4.096000e+03   1.108772e+00     0.001 (   130      0)     0.000 (  1155      0)
prim_main_loop                          2048     2048 2.048000e+03   1.186208e+05    57.928 (   755      0)    57.915 (    34      0)
prim_run                                2048     2048 1.093632e+06   1.186113e+05    57.924 (   722      0)    57.910 (    49      0)
tl-sc prim_run_subcycle_c               2048     2048 1.093632e+06   1.185866e+05    57.910 (   675      0)    57.897 (    17      0)
tl-sc dp3d-from-ps                      2048     2048 1.093632e+06   3.508956e+01     0.020 (  1600      0)     0.016 (   125      0)
tl-sc prim_step-loop                    2048     2048 1.093632e+06   1.092982e+05    53.515 (  1755      0)    53.057 (   897      0)
tl-s prim_step                          2048     2048 3.280896e+06   1.092782e+05    53.505 (  1755      0)    53.048 (   897      0)
tl-s deep_copy+derived_dp               2048     2048 3.280896e+06   1.570779e+02     0.088 (  1344      0)     0.070 (   678      0)
tl-s prim_advance_exp-loop              2048     2048 3.280896e+06   4.136791e+04    24.303 (   692      0)    16.517 (  1792      0)
tl-ae prim_advance_exp                  2048     2048 3.280896e+06   4.134428e+04    24.292 (   692      0)    16.503 (  1792      0)
tl-ae U3-5stage_timestep                2048     2048 3.280896e+06   2.154165e+04    14.131 (   689      0)     7.605 (   256      0)
caar compute                            2048     2048 1.640448e+07   5.182585e+03     2.958 (  1600      0)     2.317 (  1040      0)
caar_bexchV                             2048     2048 1.640448e+07   1.591399e+04    11.493 (   689      0)     4.495 (   256      0)
tl-ae advance_hypervis_dp               2048     2048 3.280896e+06   1.975373e+04    11.551 (   852      0)     8.311 (  1803      0)
hvf-bhwk                                2048     2048 9.842688e+06   1.083701e+04     6.396 (   738      0)     4.543 (  1802      0)
hvf-bexch                               2048     2048 1.968538e+07   1.467594e+04     9.024 (   852      0)     5.791 (   384      0)
tl-s prim_advec_tracers_remap           2048     2048 3.280896e+06   6.769173e+04    36.627 (   426      0)    29.016 (   692      0)
tl-at prim_advec_tracers_remap_RK2      2048     2048 3.280896e+06   6.766113e+04    36.612 (   426      0)    29.002 (   692      0)
tl-at precompute_divdp                  2048     2048 3.280896e+06   1.888334e+02     0.126 (   640      0)     0.081 (  1469      0)
tl-at esf-0                             2048     2048 3.280896e+06   1.842835e+04    11.266 (   391      0)     7.308 (   465      0)
tl-at esf-1                             2048     2048 3.280896e+06   1.337538e+04     7.511 (   231      0)     5.729 (   689      0)
tl-at esf-2                             2048     2048 3.280896e+06   3.431694e+04    18.868 (   425      0)    14.447 (   689      0)
tl-at qdp_time_avg                      2048     2048 3.280896e+06   1.203865e+03     0.669 (  1490      0)     0.501 (  1422      0)
tl-sc vertical_remap                    2048     2048 1.093632e+06   8.235261e+03     4.326 (   897      0)     3.878 (  1026      0)
Remap Thickness Functor                 2048     2048 1.093632e+06   9.346999e+01     0.052 (   960      0)     0.041 (  1939      0)
Remap Scale States Functor              2048     2048 1.093632e+06   4.639625e+01     0.027 (   960      0)     0.019 (  1052      0)
Remap Compute Grids Functor             2048     2048 1.093632e+06   3.852904e+02     0.209 (  1472      0)     0.174 (  1768      0)
Remap Compute Remap Functor             2048     2048 1.093632e+06   7.567931e+03     3.987 (   897      0)     3.573 (  1033      0)
Remap Rescale States Functor            2048     2048 1.093632e+06   5.720670e+01     0.033 (  1536      0)     0.026 (  1493      0)
tl-sc Q-from-qdp                        2048     2048 1.093632e+06   9.900298e+02     0.531 (   576      0)     0.480 (  1937      0)
t_prf                                      0        0 0.000000e+00   0.000000e+00     0.000 (     0      0)     0.000 (     0      0)

