LAST_GIT_COMMIT_SHA:STRING=adf77c97ed8425a245449f2582d2441f4b72da1e
10950815

***** GLOBAL STATISTICS ( 17280 MPI TASKS) *****

$Id: gptl.c,v 1.157 2011-03-28 20:55:18 rosinski Exp $
'count' is cumulative. All other stats are max/min
name                           processes  threads        count      walltotal   wallmax (proc   thrd  )   wallmin (proc   thrd  )
"Total"                            17280    17280 1.728000e+04   3.658285e+06   211.826 (     0      0)   211.596 (  3918      0)
"prim_init1"                       17280    17280 1.728000e+04   1.023471e+05     5.985 (  1278      0)     5.800 (  5713      0)
"PartitioningTime"                 17280    17280 1.728000e+04   1.149642e+03     0.078 ( 15972      0)     0.003 (     1      0)
"repro_sum_int"                    17280    17280 7.776000e+05   1.163851e+04     3.240 (    12      0)     0.374 (  5388      0)
"prim_init2"                       17280    34560 3.456000e+04   4.119656e+04     3.780 (    31      1)     0.937 ( 16573      0)
"prim_printstate"                  17280    34560 3.456000e+04   9.570219e+03     0.296 ( 12858      0)     0.256 (  6839      0)
"interp_movie_output"              17280    17280 3.456000e+04   4.694497e+02     0.033 (  2158      0)     0.014 (    21      0)
"prim_main_loop"                   17280    17280 1.728000e+04   3.213355e+06   186.057 (  9121      0)   185.848 (  2167      0)
"prim_run"                         17280    34560 3.110400e+07   6.425974e+06   186.036 (  9121      0)   185.828 (  2167      1)
"ApplyCAMForcing"                  17280    34560 3.110400e+07   4.363406e+04     1.725 ( 11840      0)     0.855 (   448      1)
"prim_step_rX"                     17280    34560 9.331200e+07   5.875432e+06   171.753 (  6469      0)   167.323 (  5440      1)
"prim_step_dyn"                    17280    34560 9.331200e+07   1.992783e+06    71.160 ( 16625      1)    39.238 (  8844      0)
"prim_advance_exp"                 17280    34560 9.331200e+07   1.991793e+06    71.130 ( 16625      1)    39.214 (  8844      0)
"U3-5stage_timestep"               17280    34560 9.331200e+07   9.856336e+05    43.093 ( 16794      1)    18.543 ( 17225      0)
"compute_and_apply_rhs"            17280    34560 4.665600e+08   9.773588e+05    42.861 ( 16794      1)    18.305 ( 17225      0)
"caar_bexchV"                      17280    34560 4.665600e+08   6.880134e+05    36.289 ( 16794      1)     7.484 (     0      0)
"advance_hypervis_dp"              17280    34560 9.331200e+07   1.004377e+06    39.193 ( 14919      1)    19.368 (  8879      1)
"biwkdp3d_bexchV"                  17280    34560 2.799360e+08   3.545282e+05    18.185 ( 10839      1)     3.773 (  8832      0)
"ahdp_bexchV2"                     17280    34560 2.799360e+08   3.583691e+05    17.888 ( 14894      1)     4.351 (  8960      0)
"prim_step_advec"                  17280    34560 9.331200e+07   3.875767e+06   129.802 (  8844      0)    98.844 (  6423      1)
"PAT_remap"                        17280    34560 9.331200e+07   3.875036e+06   129.782 (  8844      0)    98.820 (  6423      1)
"prim_advec_tracers_remap_rk2"     17280    34560 9.331200e+07   3.874037e+06   129.758 (  8844      0)    98.786 (  6423      1)
"precomput_divdp"                  17280    34560 9.331200e+07   4.625406e+03     0.199 (  8832      0)     0.102 (  6417      1)
"euler_step_0"                     17280    34560 9.331200e+07   9.341154e+05    35.206 (  8972      0)    22.098 ( 16794      1)
"bihmix_qminmax"                   17280    34560 2.799360e+08   1.723010e+06    61.958 (  8704      0)    44.225 ( 16608      1)
"eus_neighbor_minmax1"             17280    34560 9.331200e+07   2.130934e+05    11.903 (  9185      1)     3.755 ( 16811      0)
"nmm_bexchV"                       17280    34560 9.331200e+07   1.673262e+05    10.795 (  9194      1)     2.163 ( 16793      0)
"eus_2d_advec"                     17280    34560 2.799360e+08   2.103430e+06    78.227 (  8863      0)    51.500 (  6425      1)
"eus_bexchV"                       17280    34560 2.799360e+08   8.101311e+05    44.691 (  9366      1)     9.379 (  4970      0)
"euler_step_1"                     17280    34560 9.331200e+07   7.382291e+05    26.654 (  9251      0)    18.061 ( 11251      1)
"euler_step_2"                     17280    34560 9.331200e+07   2.162425e+06    72.450 (  8825      0)    53.653 ( 14881      1)
"nmm_bexchS_start"                 17280    34560 9.331200e+07   5.280030e+04     3.612 (  8384      1)     0.115 ( 11624      0)
"biwksc_bexchV"                    17280    34560 9.331200e+07   3.179837e+05    18.486 (  8715      1)     4.311 (  9888      0)
"nmm_bexchS_fini"                  17280    34560 9.331200e+07   7.496159e+04     5.295 (  6208      1)     0.069 (  5992      0)
"qdp_tavg"                         17280    34560 9.331200e+07   3.095532e+04     1.202 ( 10624      0)     0.607 ( 16454      1)
"vertical_remap"                   17280    34560 3.110400e+07   3.976695e+05    15.068 (     0      0)     9.064 (  6483      1)
"vertical_remap1_1"                17280    34560 7.776000e+07   1.902258e+04     0.735 (  1613      0)     0.404 ( 13696      1)
"remap_Q_ppm"                      17280    34560 2.332800e+08   3.900574e+05    14.825 (     0      0)     8.877 (  6483      1)
"vertical_remap1_2"                17280    34560 7.776000e+07   2.574550e+04     1.025 (  1613      0)     0.553 ( 11112      1)
"vertical_remap1_3"                17280    34560 7.776000e+07   3.483827e+05    13.368 (     0      0)     7.963 (  6483      1)
"prim_run_subcyle_diags"           17280    34560 3.110400e+07   1.354691e+04     0.695 ( 10766      0)     0.273 (  6527      1)
"t_prf"                                0        0 0.000000e+00   0.000000e+00     0.000 (     0      0)     0.000 (     0      0)

10950815
