LAST_GIT_COMMIT_SHA:STRING=adf77c97ed8425a245449f2582d2441f4b72da1e
10950091

***** GLOBAL STATISTICS (   128 MPI TASKS) *****

$Id: gptl.c,v 1.157 2011-03-28 20:55:18 rosinski Exp $
'count' is cumulative. All other stats are max/min
name                           processes  threads        count      walltotal   wallmax (proc   thrd  )   wallmin (proc   thrd  )
"Total"                              128      128 1.280000e+02   5.009334e+03    39.137 (     0      0)    39.133 (   125      0)
"prim_init1"                         128      128 1.280000e+02   1.542099e+01     0.121 (    21      0)     0.120 (   104      0)
"PartitioningTime"                   128      128 1.280000e+02   1.727583e-01     0.002 (    37      0)     0.001 (     0      0)
"repro_sum_int"                      128      128 5.760000e+03   1.934352e+00     0.018 (    25      0)     0.012 (     0      0)
"prim_init2"                         128      256 2.560000e+02   1.103521e+01     0.045 (    50      0)     0.039 (     0      1)
"prim_printstate"                    128      256 2.560000e+02   4.968907e+00     0.024 (     0      0)     0.019 (    22      0)
"interp_movie_output"                128      128 2.560000e+02   6.975555e-02     0.001 (    74      0)     0.000 (    55      0)
"prim_main_loop"                     128      128 1.280000e+02   4.965083e+03    38.792 (     0      0)    38.787 (   125      0)
"prim_run"                           128      256 8.550400e+04   9.929413e+03    38.789 (     0      1)    38.784 (   125      1)
"ApplyCAMForcing"                    128      256 8.550400e+04   6.952403e+01     0.363 (    34      0)     0.183 (    49      1)
"prim_step_rX"                       128      256 2.565120e+05   8.897032e+03    34.968 (   118      0)    34.449 (     0      1)
"prim_step_dyn"                      128      256 2.565120e+05   2.430990e+03    11.179 (   125      1)     8.363 (     0      0)
"prim_advance_exp"                   128      256 2.565120e+05   2.428526e+03    11.168 (   125      1)     8.352 (     0      0)
"U3-5stage_timestep"                 128      256 2.565120e+05   1.330112e+03     6.791 (   125      1)     4.118 (    59      0)
"compute_and_apply_rhs"              128      256 1.282560e+06   1.313817e+03     6.730 (   125      1)     4.053 (    59      0)
"caar_bexchV"                        128      256 1.282560e+06   8.391427e+02     5.445 (   125      1)     1.379 (     0      0)
"advance_hypervis_dp"                128      256 2.565120e+05   1.094248e+03     4.395 (    33      0)     4.119 (     1      1)
"biwkdp3d_bexchV"                    128      256 7.695360e+05   3.056160e+02     1.535 (   109      1)     0.709 (     0      0)
"ahdp_bexchV2"                       128      256 7.695360e+05   3.086491e+02     1.561 (   124      1)     0.738 (     0      0)
"prim_step_advec"                    128      256 2.565120e+05   6.453255e+03    26.406 (     0      0)    23.450 (   125      1)
"PAT_remap"                          128      256 2.565120e+05   6.451228e+03    26.398 (     0      0)    23.442 (   125      1)
"prim_advec_tracers_remap_rk2"       128      256 2.565120e+05   6.448608e+03    26.389 (     0      0)    23.431 (   125      1)
"precomput_divdp"                    128      256 2.565120e+05   8.224746e+00     0.044 (    64      0)     0.022 (   104      1)
"euler_step_0"                       128      256 2.565120e+05   1.536175e+03     6.803 (    59      0)     5.230 (    81      1)
"bihmix_qminmax"                     128      256 7.695360e+05   2.937655e+03    12.430 (    58      0)    10.827 (   125      1)
"eus_neighbor_minmax1"               128      256 2.565120e+05   3.229705e+02     1.754 (    68      1)     0.858 (    73      0)
"nmm_bexchV"                         128      256 2.565120e+05   2.406319e+02     1.538 (    78      1)     0.505 (    73      0)
"eus_2d_advec"                       128      256 7.695360e+05   3.420535e+03    14.567 (     1      0)    12.258 (   126      1)
"eus_bexchV"                         128      256 7.695360e+05   1.424812e+03     8.947 (    60      1)     2.468 (    23      0)
"euler_step_1"                       128      256 2.565120e+05   1.286871e+03     5.364 (    46      0)     4.450 (   123      0)
"euler_step_2"                       128      256 2.565120e+05   3.555424e+03    14.308 (     9      1)    13.267 (    49      0)
"nmm_bexchS_start"                   128      256 2.565120e+05   1.306623e+02     1.012 (   113      1)     0.048 (    66      0)
"biwksc_bexchV"                      128      256 2.565120e+05   5.557595e+02     3.372 (    72      1)     1.055 (    49      0)
"nmm_bexchS_fini"                    128      256 2.565120e+05   2.054649e+02     1.669 (     0      1)     0.028 (    82      0)
"qdp_tavg"                           128      256 2.565120e+05   5.208088e+01     0.277 (    30      0)     0.129 (    73      1)
"vertical_remap"                     128      256 8.550400e+04   6.591195e+02     3.378 (     0      0)     1.783 (   124      1)
"vertical_remap1_1"                  128      256 1.282560e+05   2.987937e+01     0.156 (    50      0)     0.080 (   105      1)
"remap_Q_ppm"                        128      256 3.847680e+05   6.472851e+02     3.323 (     0      0)     1.748 (   124      1)
"vertical_remap1_2"                  128      256 1.282560e+05   4.161539e+01     0.219 (    52      0)     0.107 (    86      1)
"vertical_remap1_3"                  128      256 1.282560e+05   5.803778e+02     2.986 (     0      0)     1.568 (    53      1)
"prim_run_subcyle_diags"             128      256 8.550400e+04   2.507161e+01     0.155 (    68      0)     0.051 (    72      1)
"t_prf"                                0        0 0.000000e+00   0.000000e+00     0.000 (     0      0)     0.000 (     0      0)

10950091
