LAST_GIT_COMMIT_SHA:STRING=adf77c97ed8425a245449f2582d2441f4b72da1e
10950732

***** GLOBAL STATISTICS (   768 MPI TASKS) *****

$Id: gptl.c,v 1.157 2011-03-28 20:55:18 rosinski Exp $
'count' is cumulative. All other stats are max/min
name                           processes  threads        count      walltotal   wallmax (proc   thrd  )   wallmin (proc   thrd  )
"Total"                              768      768 7.680000e+02   1.163115e+05   151.500 (   293      0)   151.390 (   415      0)
"prim_init1"                         768      768 7.680000e+02   6.822023e+02     0.910 (     0      0)     0.856 (   320      0)
"PartitioningTime"                   768      768 7.680000e+02   1.055759e+00     0.003 (   172      0)     0.001 (   328      0)
"repro_sum_int"                      768      768 3.456000e+04   4.107822e+01     0.075 (   700      0)     0.029 (   249      0)
"prim_init2"                         768     1536 1.536000e+03   2.304880e+02     0.170 (   700      0)     0.124 (   252      0)
"prim_printstate"                    768     1536 1.536000e+03   9.213367e+01     0.066 (     0      0)     0.059 (   154      1)
"interp_movie_output"                768      768 1.536000e+03   5.554464e-01     0.001 (   756      0)     0.000 (    44      0)
"prim_main_loop"                     768      768 7.680000e+02   1.090873e+05   142.094 (   293      0)   141.983 (   415      0)
"prim_run"                           768     1536 1.228800e+05   2.181723e+05   142.093 (   293      1)   141.982 (   415      0)
"ApplyCAMForcing"                    768     1536 1.228800e+05   2.311016e+03     2.007 (   275      1)     1.024 (   244      0)
"prim_step_rX"                       768     1536 3.686400e+05   1.969083e+05   129.598 (   399      0)   127.648 (   722      0)
"prim_step_dyn"                      768     1536 3.686400e+05   4.911011e+04    45.534 (   415      0)    24.080 (   164      1)
"prim_advance_exp"                   768     1536 3.686400e+05   4.910369e+04    45.531 (   415      0)    24.076 (   164      1)
"U3-5stage_timestep"                 768     1536 3.686400e+05   2.726551e+04    32.160 (   220      0)    11.168 (   454      1)
"compute_and_apply_rhs"              768     1536 1.843200e+06   2.705204e+04    32.015 (   220      0)    11.011 (   454      1)
"caar_bexchV"                        768     1536 1.843200e+06   1.464380e+04    24.794 (   219      1)     2.249 (   454      1)
"advance_hypervis_dp"                768     1536 3.686400e+05   2.182736e+04    18.422 (   213      0)    11.317 (   139      1)
"biwkdp3d_bexchV"                    768     1536 1.105920e+06   4.974548e+03     6.925 (    70      1)     1.144 (   139      0)
"ahdp_bexchV2"                       768     1536 1.105920e+06   4.713066e+03     6.433 (   639      1)     1.166 (   128      0)
"prim_step_advec"                    768     1536 3.686400e+05   1.474718e+05   103.466 (   164      1)    83.868 (   415      0)
"PAT_remap"                          768     1536 3.686400e+05   1.474682e+05   103.464 (   164      1)    83.866 (   415      0)
"prim_advec_tracers_remap_rk2"       768     1536 3.686400e+05   1.474632e+05   103.461 (   164      1)    83.863 (   415      0)
"precomput_divdp"                    768     1536 3.686400e+05   2.237539e+02     0.171 (   448      1)     0.117 (   208      0)
"euler_step_0"                       768     1536 3.686400e+05   3.798408e+04    28.189 (   164      1)    20.755 (   210      1)
"bihmix_qminmax"                     768     1536 1.105920e+06   6.703449e+04    49.533 (   480      0)    38.897 (   421      1)
"eus_neighbor_minmax1"               768     1536 3.686400e+05   7.892398e+03     7.424 (   480      1)     3.736 (    16      0)
"nmm_bexchV"                         768     1536 3.686400e+05   3.755758e+03     4.240 (   478      1)     1.478 (    20      0)
"eus_2d_advec"                       768     1536 1.105920e+06   7.760441e+04    54.889 (   227      1)    43.480 (   415      0)
"eus_bexchV"                         768     1536 1.105920e+06   2.099659e+04    22.168 (   227      0)     9.448 (    34      1)
"euler_step_1"                       768     1536 3.686400e+05   2.835285e+04    20.248 (   554      1)    15.343 (   220      1)
"euler_step_2"                       768     1536 3.686400e+05   7.833987e+04    54.209 (   453      0)    45.759 (   415      0)
"nmm_bexchS_start"                   768     1536 3.686400e+05   5.341195e+01     0.256 (   458      1)     0.003 (   247      1)
"biwksc_bexchV"                      768     1536 3.686400e+05   7.652538e+03     8.884 (   247      1)     3.245 (   526      1)
"nmm_bexchS_fini"                    768     1536 3.686400e+05   1.682697e+03     2.427 (   460      0)     0.504 (   421      1)
"qdp_tavg"                           768     1536 3.686400e+05   2.541868e+03     2.659 (   187      0)     0.844 (   245      1)
"vertical_remap"                     768     1536 1.228800e+05   1.705291e+04    11.878 (   682      0)    10.445 (   399      1)
"vertical_remap1_1"                  768     1536 3.072000e+06   7.512296e+02     0.526 (   382      0)     0.440 (   408      0)
"remap_Q_ppm"                        768     1536 9.216000e+06   1.674805e+04    11.679 (   682      0)    10.251 (   399      1)
"vertical_remap1_2"                  768     1536 3.072000e+06   1.055674e+03     0.750 (   682      0)     0.631 (   408      1)
"vertical_remap1_3"                  768     1536 3.072000e+06   1.506567e+04    10.484 (   682      0)     9.226 (   399      1)
"prim_run_subcyle_diags"             768     1536 1.228800e+05   1.411503e+03     1.428 (   301      1)     0.566 (   682      1)
"t_prf"                                0        0 0.000000e+00   0.000000e+00     0.000 (     0      0)     0.000 (     0      0)

10950732
