LAST_GIT_COMMIT_SHA:STRING=adf77c97ed8425a245449f2582d2441f4b72da1e
10950088

***** GLOBAL STATISTICS (    64 MPI TASKS) *****

$Id: gptl.c,v 1.157 2011-03-28 20:55:18 rosinski Exp $
'count' is cumulative. All other stats are max/min
name                           processes  threads        count      walltotal   wallmax (proc   thrd  )   wallmin (proc   thrd  )
"Total"                               64       64 6.400000e+01   1.977606e+03    30.900 (    48      0)    30.900 (     3      0)
"prim_init1"                          64       64 6.400000e+01   8.396940e+00     0.133 (     0      0)     0.131 (    42      0)
"PartitioningTime"                    64       64 6.400000e+01   8.269429e-02     0.002 (    35      0)     0.001 (    37      0)
"repro_sum_int"                       64       64 2.880000e+03   6.648638e-01     0.012 (    17      0)     0.010 (     1      0)
"prim_init2"                          64      128 1.280000e+02   5.577634e+00     0.047 (     0      0)     0.038 (     1      1)
"prim_printstate"                     64      128 1.280000e+02   1.820700e+00     0.020 (     0      0)     0.013 (     1      0)
"interp_movie_output"                 64       64 1.280000e+02   2.435970e-02     0.001 (    52      0)     0.000 (    28      0)
"prim_main_loop"                      64       64 6.400000e+01   1.953249e+03    30.520 (    28      0)    30.519 (    63      0)
"prim_run"                            64      128 2.137600e+04   3.906243e+03    30.518 (    29      1)    30.517 (    24      0)
"ApplyCAMForcing"                     64      128 2.137600e+04   4.524904e+01     0.408 (     3      1)     0.323 (    49      0)
"prim_step_rX"                        64      128 6.412800e+04   3.491332e+03    27.305 (    10      0)    27.256 (    45      1)
"prim_step_dyn"                       64      128 6.412800e+04   7.356232e+02     6.010 (     3      0)     5.647 (    46      1)
"prim_advance_exp"                    64      128 6.412800e+04   7.348048e+02     6.002 (     3      0)     5.641 (    46      1)
"U3-5stage_timestep"                  64      128 6.412800e+04   3.764395e+02     3.203 (     3      0)     2.842 (    46      1)
"compute_and_apply_rhs"               64      128 3.206400e+05   3.664125e+02     3.127 (     3      0)     2.763 (    46      1)
"caar_bexchV"                         64      128 3.206400e+05   8.716576e+01     0.911 (     3      0)     0.599 (    12      1)
"advance_hypervis_dp"                 64      128 6.412800e+04   3.568199e+02     2.791 (    24      0)     2.785 (    42      1)
"biwkdp3d_bexchV"                     64      128 1.923840e+05   4.676826e+01     0.393 (    50      0)     0.340 (    59      1)
"ahdp_bexchV2"                        64      128 1.923840e+05   4.866600e+01     0.402 (    50      0)     0.364 (    59      1)
"prim_step_advec"                     64      128 6.412800e+04   2.748720e+03    21.570 (    49      0)    21.217 (     3      1)
"PAT_remap"                           64      128 6.412800e+04   2.748146e+03    21.566 (    49      0)    21.213 (     3      1)
"prim_advec_tracers_remap_rk2"        64      128 6.412800e+04   2.747430e+03    21.561 (    49      0)    21.206 (     3      1)
"precomput_divdp"                     64      128 6.412800e+04   4.105081e+00     0.033 (    54      1)     0.031 (    52      0)
"euler_step_0"                        64      128 6.412800e+04   6.914506e+02     5.444 (    49      0)     5.306 (     3      1)
"bihmix_qminmax"                      64      128 1.923840e+05   1.276904e+03    10.056 (    40      1)     9.842 (    24      0)
"eus_neighbor_minmax1"                64      128 6.412800e+04   1.514918e+02     1.219 (    48      1)     1.143 (     3      0)
"nmm_bexchV"                          64      128 6.412800e+04   7.131000e+01     0.590 (    56      1)     0.529 (    30      1)
"eus_2d_advec"                        64      128 1.923840e+05   1.406799e+03    11.108 (    11      0)    10.812 (     6      1)
"eus_bexchV"                          64      128 1.923840e+05   3.592817e+02     2.998 (    23      1)     2.595 (     3      1)
"euler_step_1"                        64      128 6.412800e+04   5.323230e+02     4.178 (    42      0)     4.087 (     3      0)
"euler_step_2"                        64      128 6.412800e+04   1.465602e+03    11.556 (    26      1)    11.324 (    39      1)
"nmm_bexchS_start"                    64      128 6.412800e+04   2.678404e+00     0.066 (    10      1)     0.006 (    31      1)
"biwksc_bexchV"                       64      128 6.412800e+04   1.470024e+02     1.217 (    52      1)     1.061 (    25      0)
"nmm_bexchS_fini"                     64      128 6.412800e+04   2.578024e+01     0.232 (    25      1)     0.145 (     3      1)
"qdp_tavg"                            64      128 6.412800e+04   5.119869e+01     0.420 (    46      1)     0.362 (    26      0)
"vertical_remap"                      64      128 2.137600e+04   3.299243e+02     2.596 (    45      0)     2.563 (    41      1)
"vertical_remap1_1"                   64      128 6.412800e+04   1.468778e+01     0.123 (    27      1)     0.110 (    11      0)
"remap_Q_ppm"                         64      128 1.923840e+05   3.243413e+02     2.551 (    45      0)     2.520 (    41      1)
"vertical_remap1_2"                   64      128 6.412800e+04   1.973525e+01     0.158 (    39      1)     0.152 (    10      0)
"vertical_remap1_3"                   64      128 6.412800e+04   2.920713e+02     2.296 (    26      1)     2.271 (    41      1)
"prim_run_subcyle_diags"              64      128 2.137600e+04   2.448816e+01     0.218 (    12      0)     0.158 (     3      1)
"t_prf"                                0        0 0.000000e+00   0.000000e+00     0.000 (     0      0)     0.000 (     0      0)

10950088
