LAST_GIT_COMMIT_SHA:STRING=adf77c97ed8425a245449f2582d2441f4b72da1e
10950709

***** GLOBAL STATISTICS (  1024 MPI TASKS) *****

$Id: gptl.c,v 1.157 2011-03-28 20:55:18 rosinski Exp $
'count' is cumulative. All other stats are max/min
name                           processes  threads        count      walltotal   wallmax (proc   thrd  )   wallmin (proc   thrd  )
"Total"                             1024     1024 1.024000e+03   1.873917e+05   183.035 (   903      0)   182.971 (    22      0)
"prim_init1"                        1024     1024 1.024000e+03   6.274528e+02     0.625 (   960      0)     0.581 (   452      0)
"PartitioningTime"                  1024     1024 1.024000e+03   1.047311e+00     0.005 (   686      0)     0.001 (   635      0)
"repro_sum_int"                     1024     1024 4.608000e+04   7.528058e+01     0.147 (   202      0)     0.027 (  1009      0)
"prim_init2"                        1024     2048 2.048000e+03   2.924938e+02     0.215 (   202      0)     0.100 (   425      0)
"prim_printstate"                   1024     2048 2.048000e+03   9.109389e+01     0.050 (     0      0)     0.043 (   216      0)
"interp_movie_output"               1024     1024 2.048000e+03   8.406563e-01     0.001 (   697      0)     0.000 (     1      0)
"prim_main_loop"                    1024     1024 1.024000e+03   1.827008e+05   178.453 (   903      0)   178.390 (    22      0)
"prim_run"                          1024     2048 4.382720e+05   3.653964e+05   178.450 (   902      0)   178.387 (    22      0)
"ApplyCAMForcing"                   1024     2048 4.382720e+05   3.693583e+03     2.411 (   958      0)     1.366 (   349      1)
"prim_step_rX"                      1024     2048 1.314816e+06   3.298048e+05   162.072 (   351      0)   160.064 (    64      1)
"prim_step_dyn"                     1024     2048 1.314816e+06   9.127371e+04    54.940 (   648      1)    30.435 (   935      0)
"prim_advance_exp"                  1024     2048 1.314816e+06   9.125236e+04    54.930 (   648      1)    30.424 (   935      0)
"U3-5stage_timestep"                1024     2048 1.314816e+06   4.685018e+04    38.051 (   363      1)    15.344 (   935      0)
"compute_and_apply_rhs"             1024     2048 6.574080e+06   4.644255e+04    37.874 (   363      1)    15.101 (   935      0)
"caar_bexchV"                       1024     2048 6.574080e+06   2.540013e+04    28.713 (   363      1)     3.096 (   935      0)
"advance_hypervis_dp"               1024     2048 1.314816e+06   4.436586e+04    31.163 (   422      0)    15.015 (   918      1)
"biwkdp3d_bexchV"                   1024     2048 3.944448e+06   1.220942e+04    13.649 (   427      0)     1.713 (   899      1)
"ahdp_bexchV2"                      1024     2048 3.944448e+06   1.187218e+04    13.451 (   416      0)     1.879 (   943      1)
"prim_step_advec"                   1024     2048 1.314816e+06   2.380052e+05   129.543 (   935      0)   106.445 (   648      1)
"PAT_remap"                         1024     2048 1.314816e+06   2.379929e+05   129.537 (   935      0)   106.439 (   648      1)
"prim_advec_tracers_remap_rk2"      1024     2048 1.314816e+06   2.379763e+05   129.530 (   935      0)   106.431 (   648      1)
"precomput_divdp"                   1024     2048 1.314816e+06   3.511500e+02     0.236 (     0      0)     0.150 (   409      1)
"euler_step_0"                      1024     2048 1.314816e+06   5.957686e+04    35.124 (   161      0)    23.534 (   755      1)
"bihmix_qminmax"                    1024     2048 3.944448e+06   1.072166e+05    60.053 (   920      1)    47.503 (   493      0)
"eus_neighbor_minmax1"              1024     2048 1.314816e+06   1.189429e+04    10.216 (   440      1)     3.657 (   755      0)
"nmm_bexchV"                        1024     2048 1.314816e+06   6.551984e+03     8.180 (   440      1)     1.406 (   674      0)
"eus_2d_advec"                      1024     2048 3.944448e+06   1.264854e+05    69.022 (   884      0)    53.945 (   372      1)
"eus_bexchV"                        1024     2048 3.944448e+06   3.100091e+04    24.265 (   336      0)     9.772 (   487      1)
"euler_step_1"                      1024     2048 1.314816e+06   4.671914e+04    27.675 (   163      0)    20.061 (   375      0)
"euler_step_2"                      1024     2048 1.314816e+06   1.275304e+05    68.983 (   935      0)    56.598 (   364      0)
"nmm_bexchS_start"                  1024     2048 1.314816e+06   9.185334e+01     0.476 (   832      1)     0.008 (   206      1)
"biwksc_bexchV"                     1024     2048 1.314816e+06   1.128170e+04    10.794 (   351      0)     3.577 (   186      1)
"nmm_bexchS_fini"                   1024     2048 1.314816e+06   2.029377e+03     2.357 (   949      0)     0.478 (   448      0)
"qdp_tavg"                          1024     2048 1.314816e+06   3.730937e+03     3.001 (   411      0)     1.052 (   497      0)
"vertical_remap"                    1024     2048 4.382720e+05   2.912334e+04    14.778 (    65      1)    13.611 (   329      0)
"vertical_remap1_1"                 1024     2048 5.259264e+06   1.291961e+03     0.680 (    65      1)     0.572 (   334      0)
"remap_Q_ppm"                       1024     2048 1.577779e+07   2.860983e+04    14.503 (    65      1)    13.374 (   329      0)
"vertical_remap1_2"                 1024     2048 5.259264e+06   1.808489e+03     0.945 (    65      1)     0.808 (   347      1)
"vertical_remap1_3"                 1024     2048 5.259264e+06   2.571786e+04    13.019 (   144      1)    12.043 (   369      1)
"prim_run_subcyle_diags"            1024     2048 4.382720e+05   2.040566e+03     1.654 (   903      0)     0.756 (   454      1)
"t_prf"                                0        0 0.000000e+00   0.000000e+00     0.000 (     0      0)     0.000 (     0      0)

10950709
