LAST_GIT_COMMIT_SHA:STRING=adf77c97ed8425a245449f2582d2441f4b72da1e
10950717

***** GLOBAL STATISTICS (  8192 MPI TASKS) *****

$Id: gptl.c,v 1.157 2011-03-28 20:55:18 rosinski Exp $
'count' is cumulative. All other stats are max/min
name                           processes  threads        count      walltotal   wallmax (proc   thrd  )   wallmin (proc   thrd  )
"Total"                             8192     8192 8.192000e+03   1.940636e+06   236.914 (  2678      0)   236.868 (  5945      0)
"prim_init1"                        8192     8192 8.192000e+03   9.156299e+03     1.150 (  4307      0)     1.070 (  4629      0)
"PartitioningTime"                  8192     8192 8.192000e+03   9.935452e+00     0.011 (  5673      0)     0.001 (  7782      0)
"repro_sum_int"                     8192     8192 3.686400e+05   4.485117e+03     1.353 (    18      0)     0.162 (  4607      0)
"prim_init2"                        8192    16384 1.638400e+04   8.678831e+03     1.333 (    30      1)     0.146 (  4554      1)
"prim_printstate"                   8192    16384 1.638400e+04   1.178802e+03     0.078 (   482      1)     0.067 (  1964      1)
"interp_movie_output"               8192     8192 1.638400e+04   4.841757e+01     0.013 (  5695      0)     0.000 (  6227      0)
"prim_main_loop"                    8192     8192 8.192000e+03   1.889182e+06   230.634 (  7032      0)   230.596 (   565      0)
"prim_run"                          8192    16384 2.796749e+07   3.778128e+06   230.616 (  2408      1)   230.581 (   551      0)
"ApplyCAMForcing"                   8192    16384 2.796749e+07   2.193182e+04     1.969 (  7104      0)     0.877 (  2048      1)
"prim_step_rX"                      8192    16384 8.390246e+07   3.444814e+06   213.182 (  1233      0)   207.131 (  4352      1)
"prim_step_dyn"                     8192    16384 8.390246e+07   1.152002e+06    88.322 (   977      1)    51.356 (  1699      0)
"prim_advance_exp"                  8192    16384 8.390246e+07   1.151204e+06    88.268 (   977      1)    51.310 (  1699      0)
"U3-5stage_timestep"                8192    16384 8.390246e+07   5.902515e+05    57.440 (  1000      1)    23.681 (   256      0)
"compute_and_apply_rhs"             8192    16384 4.195123e+08   5.850330e+05    57.139 (  1000      1)    23.289 (   256      0)
"caar_bexchV"                       8192    16384 4.195123e+08   4.335923e+05    50.734 (  1000      1)     9.631 (   256      0)
"advance_hypervis_dp"               8192    16384 8.390246e+07   5.595780e+05    48.625 (   734      0)    25.255 (  7160      1)
"biwkdp3d_bexchV"                   8192    16384 2.517074e+08   2.011749e+05    25.616 (   737      1)     6.165 (  1024      0)
"ahdp_bexchV2"                      8192    16384 2.517074e+08   2.024898e+05    24.950 (   733      1)     6.291 (  1664      0)
"prim_step_advec"                   8192    16384 8.390246e+07   2.288800e+06   158.624 (  1699      0)   121.763 (   977      1)
"PAT_remap"                         8192    16384 8.390246e+07   2.288153e+06   158.584 (  1699      0)   121.723 (   977      1)
"prim_advec_tracers_remap_rk2"      8192    16384 8.390246e+07   2.287288e+06   158.536 (  1699      0)   121.664 (   977      1)
"precomput_divdp"                   8192    16384 8.390246e+07   2.597661e+03     0.240 (  7104      0)     0.109 (  1282      1)
"euler_step_0"                      8192    16384 8.390246e+07   5.542278e+05    45.174 (  1152      0)    27.449 (  6830      1)
"bihmix_qminmax"                    8192    16384 2.517074e+08   1.040826e+06    78.576 (  7045      0)    55.552 (   985      1)
"eus_neighbor_minmax1"              8192    16384 8.390246e+07   1.312218e+05    17.554 (   702      1)     4.999 (  6958      0)
"nmm_bexchV"                        8192    16384 8.390246e+07   1.070348e+05    16.546 (   702      1)     3.075 (  6872      0)
"eus_2d_advec"                      8192    16384 2.517074e+08   1.218328e+06    94.597 (  1026      0)    63.751 (   977      1)
"eus_bexchV"                        8192    16384 2.517074e+08   5.721660e+05    67.468 (  1026      1)    13.047 (   960      0)
"euler_step_1"                      8192    16384 8.390246e+07   4.435020e+05    35.645 (  1134      1)    24.299 (  7894      0)
"euler_step_2"                      8192    16384 8.390246e+07   1.268027e+06    90.751 (  1026      1)    66.847 (  1454      1)
"nmm_bexchS_start"                  8192    16384 8.390246e+07   4.398556e+04     6.085 (  5760      1)     0.243 (  6461      0)
"biwksc_bexchV"                     8192    16384 8.390246e+07   2.376611e+05    26.884 (  6883      1)     6.089 (   986      0)
"nmm_bexchS_fini"                   8192    16384 8.390246e+07   6.772322e+04     9.435 (  4032      1)     0.139 (  5966      0)
"qdp_tavg"                          8192    16384 8.390246e+07   1.576321e+04     1.407 (  4864      0)     0.577 (  1005      1)
"vertical_remap"                    8192    16384 2.796749e+07   2.129732e+05    18.675 (  4352      0)     8.379 (  2024      1)
"vertical_remap1_1"                 8192    16384 4.195123e+07   9.708632e+03     0.835 (  7105      0)     0.386 (  1070      1)
"remap_Q_ppm"                       8192    16384 1.258537e+08   2.090973e+05    18.368 (  4352      0)     8.214 (  2024      1)
"vertical_remap1_2"                 8192    16384 4.195123e+07   1.357180e+04     1.165 (  3776      0)     0.532 (  2024      1)
"vertical_remap1_3"                 8192    16384 4.195123e+07   1.873354e+05    16.553 (  4352      0)     7.355 (  2024      1)
"prim_run_subcyle_diags"            8192    16384 2.796749e+07   7.774001e+03     0.852 (  8128      0)     0.266 (  1057      1)
"t_prf"                                0        0 0.000000e+00   0.000000e+00     0.000 (     0      0)     0.000 (     0      0)

10950717
