LAST_GIT_COMMIT_SHA:STRING=4790f40f2fb6acbc051ce4c988681a628c18e83d

***** GLOBAL STATISTICS (  1024 MPI TASKS) *****

$Id: gptl.c,v 1.157 2011-03-28 20:55:18 rosinski Exp $
'count' is cumulative. All other stats are max/min
name                               processes  threads        count      walltotal   wallmax (proc   thrd  )   wallmin (proc   thrd  )
Total                                   1024     1024 1.024000e+03   1.367867e+05   133.604 (   896      0)   133.567 (   732      0)
prim_init1                              1024     1024 1.024000e+03   7.898585e+02     0.782 (     0      0)     0.748 (   119      0)
repro_sum_int                           1024     1024 4.608000e+04   7.987978e+01     0.190 (    35      0)     0.028 (   685      0)
prim_init2                              1024     1024 1.024000e+03   6.152402e+02     0.696 (    35      0)     0.563 (   237      0)
prim_printstate                         1024     1024 1.024000e+03   8.529432e+01     0.089 (     0      0)     0.082 (   478      0)
interp_movie_output                     1024     1024 2.048000e+03   4.777782e-01     0.001 (    45      0)     0.000 (   801      0)
prim_main_loop                          1024     1024 1.024000e+03   1.314738e+05   128.417 (   896      0)   128.378 (   750      0)
prim_run                                1024     1024 2.191360e+05   1.314716e+05   128.414 (   896      0)   128.376 (   749      0)
tl-sc prim_run_subcycle_c               1024     1024 2.191360e+05   1.314472e+05   128.387 (   901      0)   128.350 (   749      0)
tl-sc dp3d-from-ps                      1024     1024 2.191360e+05   2.258152e+01     0.026 (   512      0)     0.021 (   642      0)
tl-sc prim_step-loop                    1024     1024 2.191360e+05   1.173378e+05   114.903 (   879      0)   114.132 (    68      0)
tl-s prim_step                          1024     1024 6.574080e+05   1.173333e+05   114.899 (   879      0)   114.127 (    68      0)
tl-s deep_copy+derived_dp               1024     1024 6.574080e+05   1.706251e+02     0.214 (   930      0)     0.130 (   351      0)
tl-s prim_advance_exp-loop              1024     1024 6.574080e+05   3.239993e+04    40.194 (   378      0)    22.981 (   941      0)
tl-ae prim_advance_exp                  1024     1024 6.574080e+05   3.239412e+04    40.189 (   378      0)    22.976 (   941      0)
tl-ae U3-5stage_timestep                1024     1024 6.574080e+05   1.679879e+04    25.503 (   378      0)    11.390 (   938      0)
caar compute                            1024     1024 3.287040e+06   6.183937e+03     7.047 (   896      0)     5.017 (   329      0)
caar_bexchV                             1024     1024 3.287040e+06   1.032074e+04    19.896 (   378      0)     4.325 (   896      0)
tl-ae advance_hypervis_dp               1024     1024 6.574080e+05   1.558219e+04    21.520 (   420      0)    11.422 (   942      0)
hvf-bhwk                                1024     1024 1.972224e+06   8.988635e+03    12.590 (   829      0)     6.855 (  1001      0)
hvf-bexch                               1024     1024 3.944448e+06   9.945577e+03    16.455 (   420      0)     5.278 (   943      0)
tl-s prim_advec_tracers_remap           1024     1024 6.574080e+05   8.474580e+04    91.630 (   941      0)    74.025 (   372      0)
tl-at prim_advec_tracers_remap_RK2      1024     1024 6.574080e+05   8.473847e+04    91.622 (   941      0)    74.017 (   372      0)
tl-at precompute_divdp                  1024     1024 6.574080e+05   1.594147e+02     0.222 (   298      0)     0.112 (   454      0)
tl-at esf-0                             1024     1024 6.574080e+05   2.307390e+04    27.188 (   941      0)    19.518 (   755      0)
tl-at esf-1                             1024     1024 6.574080e+05   1.812622e+04    19.856 (   158      0)    15.341 (   345      0)
tl-at esf-2                             1024     1024 6.574080e+05   4.113234e+04    45.588 (   894      0)    36.323 (   378      0)
tl-at qdp_time_avg                      1024     1024 6.574080e+05   2.208907e+03     2.586 (   949      0)     1.694 (   668      0)
tl-sc vertical_remap                    1024     1024 2.191360e+05   1.250872e+04    12.680 (   371      0)    11.913 (   597      0)
Remap Thickness Functor                 1024     1024 2.191360e+05   8.324640e+01     0.090 (   932      0)     0.068 (   338      0)
Remap Scale States Functor              1024     1024 2.191360e+05   4.213742e+01     0.052 (   444      0)     0.031 (   668      0)
Remap Compute Grids Functor             1024     1024 2.191360e+05   4.668177e+02     0.530 (   923      0)     0.384 (   668      0)
Remap Compute Remap Functor             1024     1024 2.191360e+05   1.183767e+04    12.036 (   371      0)    11.311 (   597      0)
Remap Rescale States Functor            1024     1024 2.191360e+05   4.773652e+01     0.054 (   512      0)     0.043 (   457      0)
tl-sc Q-from-qdp                        1024     1024 2.191360e+05   1.571797e+03     1.719 (   512      0)     1.517 (   381      0)
t_prf                                      0        0 0.000000e+00   0.000000e+00     0.000 (     0      0)     0.000 (     0      0)

