LAST_GIT_COMMIT_SHA:STRING=4790f40f2fb6acbc051ce4c988681a628c18e83d

***** GLOBAL STATISTICS (   128 MPI TASKS) *****

$Id: gptl.c,v 1.157 2011-03-28 20:55:18 rosinski Exp $
'count' is cumulative. All other stats are max/min
name                               processes  threads        count      walltotal   wallmax (proc   thrd  )   wallmin (proc   thrd  )
Total                                    128      128 1.280000e+02   3.142432e+03    24.553 (     0      0)    24.549 (    82      0)
prim_init1                               128      128 1.280000e+02   2.463907e+01     0.193 (   108      0)     0.192 (    14      0)
repro_sum_int                            128      128 5.760000e+03   2.992743e+00     0.045 (    23      0)     0.013 (    99      0)
prim_init2                               128      128 1.280000e+02   4.010949e+01     0.324 (    57      0)     0.307 (    64      0)
prim_printstate                          128      128 1.280000e+02   6.139613e+00     0.052 (     0      0)     0.048 (    53      0)
interp_movie_output                      128      128 2.560000e+02   4.284573e-02     0.000 (    11      0)     0.000 (    59      0)
prim_main_loop                           128      128 1.280000e+02   3.033882e+03    23.704 (     0      0)    23.701 (    82      0)
prim_run                                 128      128 1.024000e+04   3.033751e+03    23.703 (     0      0)    23.700 (    89      0)
tl-sc prim_run_subcycle_c                128      128 1.024000e+04   3.032036e+03    23.690 (     0      0)    23.686 (   126      0)
tl-sc dp3d-from-ps                       128      128 1.024000e+04   7.187636e-01     0.006 (     0      0)     0.005 (    40      0)
tl-sc prim_step-loop                     128      128 1.024000e+04   2.699243e+03    21.133 (    76      0)    21.017 (   126      0)
tl-s prim_step                           128      128 3.072000e+04   2.699009e+03    21.131 (    76      0)    21.015 (   126      0)
tl-s deep_copy+derived_dp                128      128 3.072000e+04   4.609891e+00     0.042 (    48      0)     0.032 (   127      0)
tl-s prim_advance_exp-loop               128      128 3.072000e+04   6.487289e+02     5.681 (   126      0)     4.636 (    17      0)
tl-ae prim_advance_exp                   128      128 3.072000e+04   6.484347e+02     5.679 (   126      0)     4.634 (    17      0)
tl-ae U3-5stage_timestep                 128      128 3.072000e+04   3.400309e+02     3.307 (   126      0)     2.238 (    17      0)
caar compute                             128      128 1.536000e+05   1.587547e+02     1.340 (     0      0)     1.125 (    81      0)
caar_bexchV                              128      128 1.536000e+05   1.720142e+02     2.067 (   126      0)     0.926 (    17      0)
tl-ae advance_hypervis_dp                128      128 3.072000e+04   3.077728e+02     2.526 (   125      0)     2.299 (    32      0)
hvf-bhwk                                 128      128 9.216000e+04   1.827522e+02     1.559 (   125      0)     1.363 (    89      0)
hvf-bexch                                128      128 1.843200e+05   1.600019e+02     1.402 (   125      0)     1.123 (    14      0)
tl-s prim_advec_tracers_remap            128      128 3.072000e+04   2.044781e+03    16.442 (    17      0)    15.293 (   126      0)
tl-at prim_advec_tracers_remap_RK2       128      128 3.072000e+04   2.044441e+03    16.440 (    17      0)    15.290 (   126      0)
tl-at precompute_divdp                   128      128 3.072000e+04   4.833673e+00     0.047 (     0      0)     0.033 (   114      0)
tl-at esf-0                              128      128 3.072000e+04   5.640265e+02     4.715 (    64      0)     4.221 (   127      0)
tl-at esf-1                              128      128 3.072000e+04   4.319128e+02     3.543 (     0      0)     3.187 (   123      0)
tl-at esf-2                              128      128 3.072000e+04   9.850398e+02     8.156 (    17      0)     7.312 (   126      0)
tl-at qdp_time_avg                       128      128 3.072000e+04   5.681114e+01     0.512 (     7      0)     0.398 (    72      0)
tl-sc vertical_remap                     128      128 1.024000e+04   2.952186e+02     2.376 (   126      0)     2.261 (    76      0)
Remap Thickness Functor                  128      128 1.024000e+04   2.437877e+00     0.020 (    65      0)     0.017 (    72      0)
Remap Scale States Functor               128      128 1.024000e+04   1.250993e+00     0.013 (    47      0)     0.008 (     0      0)
Remap Compute Grids Functor              128      128 1.024000e+04   1.173451e+01     0.097 (    47      0)     0.085 (    72      0)
Remap Compute Remap Functor              128      128 1.024000e+04   2.762600e+02     2.220 (   126      0)     2.122 (    76      0)
Remap Rescale States Functor             128      128 1.024000e+04   1.274327e+00     0.011 (    10      0)     0.009 (   107      0)
tl-sc Q-from-qdp                         128      128 1.024000e+04   3.656065e+01     0.295 (     0      0)     0.284 (   126      0)
t_prf                                      0        0 0.000000e+00   0.000000e+00     0.000 (     0      0)     0.000 (     0      0)

