LAST_GIT_COMMIT_SHA:STRING=4790f40f2fb6acbc051ce4c988681a628c18e83d

***** GLOBAL STATISTICS (   320 MPI TASKS) *****

$Id: gptl.c,v 1.157 2011-03-28 20:55:18 rosinski Exp $
'count' is cumulative. All other stats are max/min
name                               processes  threads        count      walltotal   wallmax (proc   thrd  )   wallmin (proc   thrd  )
Total                                    320      320 3.200000e+02   4.347994e+04   136.002 (    64      0)   135.642 (   309      0)
prim_init1                               320      320 3.200000e+02   2.573285e+02     0.813 (     0      0)     0.769 (   256      0)
repro_sum_int                            320      320 1.440000e+04   1.787530e+01     0.091 (   279      0)     0.017 (   192      0)
prim_init2                               320      320 3.200000e+02   7.253303e+02     2.307 (   275      0)     2.216 (   210      0)
prim_printstate                          320      320 3.200000e+02   7.348668e+01     0.235 (     0      0)     0.229 (   204      0)
interp_movie_output                      320      320 6.400000e+02   1.028883e-01     0.001 (   164      0)     0.000 (    23      0)
prim_main_loop                           320      320 3.200000e+02   3.974062e+04   124.316 (    64      0)   123.957 (   309      0)
prim_run                                 320      320 1.088000e+04   3.974039e+04   124.315 (    64      0)   123.956 (   309      0)
tl-sc prim_run_subcycle_c                320      320 1.088000e+04   3.967633e+04   124.089 (    62      0)   123.831 (   309      0)
tl-sc dp3d-from-ps                       320      320 1.088000e+04   5.430636e+00     0.031 (     5      0)     0.014 (   115      0)
tl-sc prim_step-loop                     320      320 1.088000e+04   3.612319e+04   113.231 (    96      0)   111.854 (   174      0)
tl-s prim_step                           320      320 3.264000e+04   3.612293e+04   113.230 (    96      0)   111.853 (   174      0)
tl-s deep_copy+derived_dp                320      320 3.264000e+04   5.775247e+01     0.367 (    14      0)     0.114 (   285      0)
tl-s prim_advance_exp-loop               320      320 3.264000e+04   8.062785e+03    38.706 (   174      0)    15.849 (    61      0)
tl-ae prim_advance_exp                   320      320 3.264000e+04   8.062382e+03    38.704 (   174      0)    15.848 (    61      0)
tl-ae U3-5stage_timestep                 320      320 3.264000e+04   5.300896e+03    29.052 (   174      0)     7.821 (    61      0)
caar compute                             320      320 1.632000e+05   1.481969e+03     5.572 (    22      0)     3.914 (   204      0)
caar_bexchV                              320      320 1.632000e+05   3.762378e+03    24.429 (   308      0)     2.562 (    63      0)
tl-ae advance_hypervis_dp                320      320 3.264000e+04   2.760755e+03    18.644 (   311      0)     7.380 (    12      0)
hvf-bhwk                                 320      320 9.792000e+04   1.686322e+03    12.370 (   215      0)     4.482 (   184      0)
hvf-bexch                                320      320 1.958400e+05   1.408365e+03    14.785 (   311      0)     2.930 (   127      0)
tl-s prim_advec_tracers_remap            320      320 3.264000e+04   2.800124e+04    97.081 (    61      0)    72.982 (   174      0)
tl-at prim_advec_tracers_remap_RK2       320      320 3.264000e+04   2.800084e+04    97.079 (    61      0)    72.981 (   174      0)
tl-at precompute_divdp                   320      320 3.264000e+04   5.480157e+01     0.286 (   134      0)     0.092 (   165      0)
tl-at esf-0                              320      320 3.264000e+04   9.275461e+03    33.585 (    45      0)    23.655 (   149      0)
tl-at esf-1                              320      320 3.264000e+04   5.326528e+03    19.376 (   244      0)    13.714 (   210      0)
tl-at esf-2                              320      320 3.264000e+04   1.252837e+04    44.368 (    90      0)    31.186 (   162      0)
tl-at qdp_time_avg                       320      320 3.264000e+04   8.134413e+02     4.623 (    25      0)     1.375 (   285      0)
tl-sc vertical_remap                     320      320 1.088000e+04   3.155592e+03    10.781 (   174      0)     9.566 (   267      0)
Remap Thickness Functor                  320      320 1.088000e+04   1.838747e+01     0.086 (    26      0)     0.048 (   285      0)
Remap Scale States Functor               320      320 1.088000e+04   1.297664e+01     0.088 (    26      0)     0.024 (   130      0)
Remap Compute Grids Functor              320      320 1.088000e+04   1.160532e+02     0.482 (    22      0)     0.297 (   285      0)
Remap Compute Remap Functor              320      320 1.088000e+04   2.988246e+03    10.264 (   174      0)     9.108 (    96      0)
Remap Rescale States Functor             320      320 1.088000e+04   1.073776e+01     0.040 (    65      0)     0.031 (   212      0)
tl-sc Q-from-qdp                         320      320 1.088000e+04   3.917104e+02     1.353 (    61      0)     1.198 (   210      0)
t_prf                                      0        0 0.000000e+00   0.000000e+00     0.000 (     0      0)     0.000 (     0      0)

