LAST_GIT_COMMIT_SHA:STRING=4790f40f2fb6acbc051ce4c988681a628c18e83d

***** GLOBAL STATISTICS (  1536 MPI TASKS) *****

$Id: gptl.c,v 1.157 2011-03-28 20:55:18 rosinski Exp $
'count' is cumulative. All other stats are max/min
name                               processes  threads        count      walltotal   wallmax (proc   thrd  )   wallmin (proc   thrd  )
Total                                   1536     1536 1.536000e+03   1.729158e+05   112.609 (   901      0)   112.541 (   416      0)
prim_init1                              1536     1536 1.536000e+03   1.426611e+03     0.935 (  1024      0)     0.887 (  1493      0)
repro_sum_int                           1536     1536 6.912000e+04   1.054816e+02     0.160 (  1500      0)     0.022 (   531      0)
prim_init2                              1536     1536 1.536000e+03   9.523217e+02     0.719 (  1473      0)     0.573 (   540      0)
prim_printstate                         1536     1536 1.536000e+03   1.212551e+02     0.084 (     0      0)     0.078 (  1150      0)
interp_movie_output                     1536     1536 3.072000e+03   5.969677e-01     0.001 (   967      0)     0.000 (   356      0)
prim_main_loop                          1536     1536 1.536000e+03   1.575804e+05   102.624 (   901      0)   102.558 (   417      0)
prim_run                                1536     1536 2.457600e+05   1.575777e+05   102.622 (   901      0)   102.556 (   416      0)
tl-sc prim_run_subcycle_c               1536     1536 2.457600e+05   1.575412e+05   102.600 (   903      0)   102.531 (   410      0)
tl-sc dp3d-from-ps                      1536     1536 2.457600e+05   2.687970e+01     0.021 (   256      0)     0.016 (   974      0)
tl-sc prim_step-loop                    1536     1536 2.457600e+05   1.410144e+05    92.177 (   398      0)    91.013 (    54      0)
tl-s prim_step                          1536     1536 7.372800e+05   1.410091e+05    92.174 (   398      0)    91.010 (    54      0)
tl-s deep_copy+derived_dp               1536     1536 7.372800e+05   2.004998e+02     0.177 (   931      0)     0.101 (   391      0)
tl-s prim_advance_exp-loop              1536     1536 7.372800e+05   3.958613e+04    31.443 (   652      0)    18.440 (   903      0)
tl-ae prim_advance_exp                  1536     1536 7.372800e+05   3.957921e+04    31.439 (   652      0)    18.435 (   903      0)
tl-ae U3-5stage_timestep                1536     1536 7.372800e+05   2.065797e+04    20.179 (   409      0)     9.117 (   903      0)
caar compute                            1536     1536 3.686400e+06   7.440570e+03     5.955 (   256      0)     4.102 (   493      0)
caar_bexchV                             1536     1536 3.686400e+06   1.287287e+04    15.327 (   409      0)     3.385 (   903      0)
tl-ae advance_hypervis_dp               1536     1536 7.372800e+05   1.890620e+04    16.655 (   560      0)     8.974 (   908      0)
hvf-bhwk                                1536     1536 2.211840e+06   1.093854e+04    10.676 (  1526      0)     5.355 (   447      0)
hvf-bexch                               1536     1536 4.423680e+06   1.216232e+04    12.478 (   647      0)     4.151 (   918      0)
tl-s prim_advec_tracers_remap           1536     1536 7.372800e+05   1.012028e+05    73.221 (   903      0)    60.160 (   652      0)
tl-at prim_advec_tracers_remap_RK2      1536     1536 7.372800e+05   1.011948e+05    73.216 (   903      0)    60.155 (   652      0)
tl-at precompute_divdp                  1536     1536 7.372800e+05   1.891745e+02     0.188 (   897      0)     0.096 (   754      0)
tl-at esf-0                             1536     1536 7.372800e+05   2.773148e+04    21.932 (   901      0)    14.832 (   696      0)
tl-at esf-1                             1536     1536 7.372800e+05   2.153998e+04    15.921 (   882      0)    12.197 (   651      0)
tl-at esf-2                             1536     1536 7.372800e+05   4.906258e+04    36.519 (   905      0)    29.592 (  1244      0)
tl-at qdp_time_avg                      1536     1536 7.372800e+05   2.629736e+03     1.968 (   284      0)     1.328 (   391      0)
tl-sc vertical_remap                    1536     1536 2.457600e+05   1.462932e+04    10.364 (    54      0)     9.161 (   398      0)
Remap Thickness Functor                 1536     1536 2.457600e+05   9.883841e+01     0.076 (   319      0)     0.054 (   389      0)
Remap Scale States Functor              1536     1536 2.457600e+05   4.852281e+01     0.040 (   284      0)     0.024 (   391      0)
Remap Compute Grids Functor             1536     1536 2.457600e+05   5.637792e+02     0.433 (   279      0)     0.314 (   456      0)
Remap Compute Remap Functor             1536     1536 2.457600e+05   1.382647e+04     9.824 (    54      0)     8.701 (   398      0)
Remap Rescale States Functor            1536     1536 2.457600e+05   5.543993e+01     0.040 (   864      0)     0.034 (  1003      0)
tl-sc Q-from-qdp                        1536     1536 2.457600e+05   1.863360e+03     1.345 (   256      0)     1.185 (   416      0)
t_prf                                      0        0 0.000000e+00   0.000000e+00     0.000 (     0      0)     0.000 (     0      0)

