LAST_GIT_COMMIT_SHA:STRING=adf77c97ed8425a245449f2582d2441f4b72da1e
10950738

***** GLOBAL STATISTICS (  1536 MPI TASKS) *****

$Id: gptl.c,v 1.157 2011-03-28 20:55:18 rosinski Exp $
'count' is cumulative. All other stats are max/min
name                           processes  threads        count      walltotal   wallmax (proc   thrd  )   wallmin (proc   thrd  )
"Total"                             1536     1536 1.536000e+03   2.236997e+05   145.735 (   260      0)   145.599 (  1260      0)
"prim_init1"                        1536     1536 1.536000e+03   1.277887e+03     0.851 (   324      0)     0.774 (   658      0)
"PartitioningTime"                  1536     1536 1.536000e+03   2.266716e+00     0.004 (   927      0)     0.001 (    14      0)
"repro_sum_int"                     1536     1536 6.912000e+04   2.098433e+02     0.242 (    14      0)     0.038 (  1023      0)
"prim_init2"                        1536     3072 3.072000e+03   6.076400e+02     0.311 (    15      0)     0.097 (  1023      1)
"prim_printstate"                   1536     3072 3.072000e+03   1.600445e+02     0.059 (     0      0)     0.051 (  1104      0)
"interp_movie_output"               1536     1536 3.072000e+03   1.402078e+00     0.002 (   476      0)     0.000 (    49      0)
"prim_main_loop"                    1536     1536 1.536000e+03   2.092367e+05   136.317 (   260      0)   136.182 (  1260      0)
"prim_run"                          1536     3072 4.915200e+05   4.184670e+05   136.315 (   260      1)   136.180 (  1260      0)
"ApplyCAMForcing"                   1536     3072 4.915200e+05   4.104044e+03     1.697 (    49      0)     1.029 (  1337      1)
"prim_step_rX"                      1536     3072 1.474560e+06   3.761748e+05   123.235 (  1333      0)   121.480 (   291      1)
"prim_step_dyn"                     1536     3072 1.474560e+06   9.815655e+04    40.972 (   438      1)    23.717 (    16      0)
"prim_advance_exp"                  1536     3072 1.474560e+06   9.813486e+04    40.964 (   438      1)    23.711 (    16      0)
"U3-5stage_timestep"                1536     3072 1.474560e+06   5.181876e+04    26.500 (   409      1)    11.286 (  1388      0)
"compute_and_apply_rhs"             1536     3072 7.372800e+06   5.138447e+04    26.349 (   409      1)    11.128 (  1388      0)
"caar_bexchV"                       1536     3072 7.372800e+06   2.710926e+04    19.273 (   476      1)     1.974 (   256      0)
"advance_hypervis_dp"               1536     3072 1.474560e+06   4.627957e+04    22.639 (  1243      0)    11.373 (    41      1)
"biwkdp3d_bexchV"                   1536     3072 4.423680e+06   1.137653e+04     9.280 (  1240      1)     1.171 (    64      0)
"ahdp_bexchV2"                      1536     3072 4.423680e+06   1.103948e+04     8.767 (  1244      1)     1.192 (    64      0)
"prim_step_advec"                   1536     3072 1.474560e+06   2.774552e+05    98.125 (    16      0)    81.709 (   438      1)
"PAT_remap"                         1536     3072 1.474560e+06   2.774418e+05    98.121 (    16      0)    81.704 (   438      1)
"prim_advec_tracers_remap_rk2"      1536     3072 1.474560e+06   2.774238e+05    98.117 (    16      0)    81.698 (   438      1)
"precomput_divdp"                   1536     3072 1.474560e+06   4.149537e+02     0.180 (    64      0)     0.111 (  1263      1)
"euler_step_0"                      1536     3072 1.474560e+06   6.892946e+04    26.406 (     6      0)    18.682 (  1308      1)
"bihmix_qminmax"                    1536     3072 4.423680e+06   1.250129e+05    47.996 (     4      0)    36.829 (   708      1)
"eus_neighbor_minmax1"              1536     3072 1.474560e+06   1.310411e+04     7.243 (     4      1)     2.462 (  1281      0)
"nmm_bexchV"                        1536     3072 1.474560e+06   7.297470e+03     5.186 (   135      1)     1.017 (   806      0)
"eus_2d_advec"                      1536     3072 4.423680e+06   1.479053e+05    55.599 (   257      0)    42.587 (   411      1)
"eus_bexchV"                        1536     3072 4.423680e+06   3.705892e+04    20.547 (   240      1)     6.504 (   832      0)
"euler_step_1"                      1536     3072 1.474560e+06   5.454949e+04    20.963 (  1310      1)    16.073 (   421      1)
"euler_step_2"                      1536     3072 1.474560e+06   1.495877e+05    52.985 (   875      1)    44.339 (   438      1)
"nmm_bexchS_start"                  1536     3072 1.474560e+06   1.008061e+03     1.102 (   768      1)     0.023 (   817      0)
"biwksc_bexchV"                     1536     3072 1.474560e+06   1.458029e+04     9.731 (  1333      1)     2.670 (  1182      0)
"nmm_bexchS_fini"                   1536     3072 1.474560e+06   1.456652e+03     1.550 (   223      1)     0.013 (   588      0)
"qdp_tavg"                          1536     3072 1.474560e+06   3.865545e+03     1.946 (   947      0)     0.786 (   394      1)
"vertical_remap"                    1536     3072 4.915200e+05   3.405216e+04    12.226 (   303      0)    10.256 (  1327      1)
"vertical_remap1_1"                 1536     3072 6.144000e+06   1.471376e+03     0.532 (   310      0)     0.430 (  1317      1)
"remap_Q_ppm"                       1536     3072 1.843200e+07   3.347123e+04    12.021 (   303      0)    10.078 (  1327      1)
"vertical_remap1_2"                 1536     3072 6.144000e+06   2.096020e+03     0.772 (   303      0)     0.613 (  1311      1)
"vertical_remap1_3"                 1536     3072 6.144000e+06   3.013645e+04    10.803 (   303      0)     9.078 (  1294      1)
"prim_run_subcyle_diags"            1536     3072 4.915200e+05   1.553949e+03     0.829 (    31      0)     0.355 (   449      1)
"t_prf"                                0        0 0.000000e+00   0.000000e+00     0.000 (     0      0)     0.000 (     0      0)

10950738
