LAST_GIT_COMMIT_SHA:STRING=adf77c97ed8425a245449f2582d2441f4b72da1e
10950687

***** GLOBAL STATISTICS (   384 MPI TASKS) *****

$Id: gptl.c,v 1.157 2011-03-28 20:55:18 rosinski Exp $
'count' is cumulative. All other stats are max/min
name                           processes  threads        count      walltotal   wallmax (proc   thrd  )   wallmin (proc   thrd  )
"Total"                              384      384 3.840000e+02   2.076707e+04    54.088 (     0      0)    54.071 (   369      0)
"prim_init1"                         384      384 3.840000e+02   1.047180e+02     0.276 (   240      0)     0.268 (    10      0)
"PartitioningTime"                   384      384 3.840000e+02   6.985025e-01     0.003 (   373      0)     0.001 (   197      0)
"repro_sum_int"                      384      384 1.728000e+04   1.910400e+01     0.199 (     3      0)     0.020 (     0      0)
"prim_init2"                         384      768 7.680000e+02   7.166790e+01     0.243 (     3      0)     0.064 (     0      1)
"prim_printstate"                    384      768 7.680000e+02   2.551857e+01     0.039 (     0      0)     0.032 (   111      1)
"interp_movie_output"                384      384 7.680000e+02   2.473919e-01     0.001 (   357      0)     0.000 (    40      0)
"prim_main_loop"                     384      384 3.840000e+02   2.017751e+04    52.552 (   148      0)    52.536 (   369      0)
"prim_run"                           384      768 7.680000e+04   4.035398e+04    52.551 (   148      1)    52.534 (   369      0)
"ApplyCAMForcing"                    384      768 7.680000e+04   4.232755e+02     0.620 (   118      1)     0.482 (   341      0)
"prim_step_rX"                       384      768 2.304000e+05   3.625516e+04    47.395 (   372      0)    47.020 (   128      1)
"prim_step_dyn"                      384      768 2.304000e+05   8.313873e+03    13.746 (   351      0)     9.312 (   143      1)
"prim_advance_exp"                   384      768 2.304000e+05   8.310076e+03    13.741 (   351      0)     9.308 (   143      1)
"U3-5stage_timestep"                 384      768 2.304000e+05   4.648787e+03     8.957 (   351      0)     4.767 (   148      1)
"compute_and_apply_rhs"              384      768 1.152000e+06   4.589991e+03     8.886 (   351      0)     4.684 (   148      1)
"caar_bexchV"                        384      768 1.152000e+06   1.982754e+03     5.839 (   351      0)     1.002 (   148      1)
"advance_hypervis_dp"                384      768 2.304000e+05   3.654701e+03     5.265 (   252      1)     4.497 (   145      0)
"biwkdp3d_bexchV"                    384      768 6.912000e+05   5.504772e+02     1.204 (   370      0)     0.445 (   128      0)
"ahdp_bexchV2"                       384      768 6.912000e+05   5.350100e+02     1.062 (   382      0)     0.480 (   128      0)
"prim_step_advec"                    384      768 2.304000e+05   2.787851e+04    37.758 (   122      0)    33.556 (   351      0)
"PAT_remap"                          384      768 2.304000e+05   2.787630e+04    37.755 (   122      0)    33.553 (   351      0)
"prim_advec_tracers_remap_rk2"       384      768 2.304000e+05   2.787335e+04    37.751 (   122      0)    33.550 (   351      1)
"precomput_divdp"                    384      768 2.304000e+05   4.362325e+01     0.062 (   342      0)     0.053 (   236      0)
"euler_step_0"                       384      768 2.304000e+05   7.131278e+03    10.122 (    90      0)     8.495 (   375      1)
"bihmix_qminmax"                     384      768 6.912000e+05   1.276331e+04    18.197 (   303      0)    15.184 (   344      1)
"eus_neighbor_minmax1"               384      768 2.304000e+05   1.544181e+03     2.746 (    90      1)     1.433 (   343      0)
"nmm_bexchV"                         384      768 2.304000e+05   8.311948e+02     1.871 (    90      1)     0.626 (    50      0)
"eus_2d_advec"                       384      768 6.912000e+05   1.461336e+04    21.040 (   302      0)    17.315 (   330      1)
"eus_bexchV"                         384      768 6.912000e+05   3.553900e+03     6.375 (   302      0)     3.362 (    31      1)
"euler_step_1"                       384      768 2.304000e+05   5.383882e+03     7.536 (   310      0)     6.384 (   330      0)
"euler_step_2"                       384      768 2.304000e+05   1.488415e+04    20.120 (    51      0)    17.856 (   348      0)
"nmm_bexchS_start"                   384      768 2.304000e+05   1.411117e+01     0.080 (   256      1)     0.004 (   101      1)
"biwksc_bexchV"                      384      768 2.304000e+05   1.466667e+03     2.954 (   208      0)     1.325 (   198      1)
"nmm_bexchS_fini"                    384      768 2.304000e+05   2.003162e+02     0.348 (    93      0)     0.209 (   343      1)
"qdp_tavg"                           384      768 2.304000e+05   4.182427e+02     0.725 (   118      0)     0.388 (   361      0)
"vertical_remap"                     384      768 7.680000e+04   3.371912e+03     4.553 (   181      1)     4.268 (   326      1)
"vertical_remap1_1"                  384      768 6.144000e+05   1.507751e+02     0.211 (   138      0)     0.185 (   364      0)
"remap_Q_ppm"                        384      768 1.843200e+06   3.312733e+03     4.469 (   181      1)     4.195 (   326      1)
"vertical_remap1_2"                  384      768 6.144000e+05   2.099339e+02     0.291 (   138      0)     0.260 (   354      0)
"vertical_remap1_3"                  384      768 6.144000e+05   2.975961e+03     4.008 (   181      1)     3.776 (   326      1)
"prim_run_subcyle_diags"             384      768 7.680000e+04   2.220106e+02     0.359 (   122      0)     0.246 (   223      1)
"t_prf"                                0        0 0.000000e+00   0.000000e+00     0.000 (     0      0)     0.000 (     0      0)

10950687
