LAST_GIT_COMMIT_SHA:STRING=4790f40f2fb6acbc051ce4c988681a628c18e83d

***** GLOBAL STATISTICS (  1536 MPI TASKS) *****

$Id: gptl.c,v 1.157 2011-03-28 20:55:18 rosinski Exp $
'count' is cumulative. All other stats are max/min
name                               processes  threads        count      walltotal   wallmax (proc   thrd  )   wallmin (proc   thrd  )
Total                                   1536     1536 1.536000e+03   2.044555e+05   133.127 (   448      0)   133.093 (    31      0)
prim_init1                              1536     1536 1.536000e+03   1.103764e+03     0.726 (   951      0)     0.689 (   494      0)
repro_sum_int                           1536     1536 6.912000e+04   7.962728e+01     0.126 (    11      0)     0.023 (  1065      0)
prim_init2                              1536     1536 1.536000e+03   7.515690e+02     0.568 (     2      0)     0.465 (   512      0)
prim_printstate                         1536     1536 1.536000e+03   1.135378e+02     0.081 (     0      0)     0.073 (  1352      0)
interp_movie_output                     1536     1536 3.072000e+03   6.605828e-01     0.001 (    23      0)     0.000 (   755      0)
prim_main_loop                          1536     1536 1.536000e+03   1.967376e+05   128.102 (  1344      0)   128.067 (    31      0)
prim_run                                1536     1536 4.915200e+05   1.967329e+05   128.099 (  1344      0)   128.064 (    36      0)
tl-sc prim_run_subcycle_c               1536     1536 4.915200e+05   1.967037e+05   128.081 (  1347      0)   128.043 (    34      0)
tl-sc dp3d-from-ps                      1536     1536 4.915200e+05   3.729264e+01     0.029 (   576      0)     0.023 (  1451      0)
tl-sc prim_step-loop                    1536     1536 4.915200e+05   1.755850e+05   114.664 (  1411      0)   113.791 (   632      0)
tl-s prim_step                          1536     1536 1.474560e+06   1.755745e+05   114.658 (  1411      0)   113.784 (   632      0)
tl-s deep_copy+derived_dp               1536     1536 1.474560e+06   2.675348e+02     0.209 (   459      0)     0.141 (  1215      0)
tl-s prim_advance_exp-loop              1536     1536 1.474560e+06   4.863772e+04    37.968 (  1443      0)    26.341 (  1001      0)
tl-ae prim_advance_exp                  1536     1536 1.474560e+06   4.862501e+04    37.960 (  1443      0)    26.332 (  1001      0)
tl-ae U3-5stage_timestep                1536     1536 1.474560e+06   2.580774e+04    23.700 (  1443      0)    12.789 (  1002      0)
caar compute                            1536     1536 7.372800e+06   9.520906e+03     7.273 (  1216      0)     5.303 (  1335      0)
caar_bexchV                             1536     1536 7.372800e+06   1.578109e+04    17.752 (  1443      0)     5.553 (     0      0)
tl-ae advance_hypervis_dp               1536     1536 1.474560e+06   2.278800e+04    18.542 (    86      0)    12.948 (   987      0)
hvf-bhwk                                1536     1536 4.423680e+06   1.323159e+04    11.738 (   773      0)     7.545 (   996      0)
hvf-bexch                               1536     1536 8.847360e+06   1.397518e+04    12.902 (   765      0)     6.881 (   192      0)
tl-s prim_advec_tracers_remap           1536     1536 1.474560e+06   1.266320e+05    87.926 (  1001      0)    76.232 (  1443      0)
tl-at prim_advec_tracers_remap_RK2      1536     1536 1.474560e+06   1.266157e+05    87.916 (  1001      0)    76.222 (  1443      0)
tl-at precompute_divdp                  1536     1536 1.474560e+06   2.655520e+02     0.234 (   320      0)     0.139 (   540      0)
tl-at esf-0                             1536     1536 1.474560e+06   3.441542e+04    26.128 (   960      0)    19.675 (  1207      0)
tl-at esf-1                             1536     1536 1.474560e+06   2.699413e+04    19.320 (  1079      0)    15.309 (  1184      0)
tl-at esf-2                             1536     1536 1.474560e+06   6.158639e+04    43.806 (   189      0)    37.649 (  1509      0)
tl-at qdp_time_avg                      1536     1536 1.474560e+06   3.269960e+03     2.400 (  1244      0)     1.725 (  1212      0)
tl-sc vertical_remap                    1536     1536 4.915200e+05   1.873586e+04    12.720 (   632      0)    11.858 (  1411      0)
Remap Thickness Functor                 1536     1536 4.915200e+05   1.300578e+02     0.094 (  1228      0)     0.072 (  1408      0)
Remap Scale States Functor              1536     1536 4.915200e+05   6.603041e+01     0.053 (   499      0)     0.035 (  1215      0)
Remap Compute Grids Functor             1536     1536 4.915200e+05   6.971727e+02     0.496 (  1375      0)     0.392 (  1411      0)
Remap Compute Remap Functor             1536     1536 4.915200e+05   1.770730e+04    12.002 (   632      0)    11.266 (   383      0)
Remap Rescale States Functor            1536     1536 4.915200e+05   7.557461e+01     0.055 (   896      0)     0.046 (    81      0)
tl-sc Q-from-qdp                        1536     1536 4.915200e+05   2.331520e+03     1.684 (   896      0)     1.505 (  1205      0)
t_prf                                      0        0 0.000000e+00   0.000000e+00     0.000 (     0      0)     0.000 (     0      0)

