LAST_GIT_COMMIT_SHA:STRING=4790f40f2fb6acbc051ce4c988681a628c18e83d

***** GLOBAL STATISTICS (   384 MPI TASKS) *****

$Id: gptl.c,v 1.157 2011-03-28 20:55:18 rosinski Exp $
'count' is cumulative. All other stats are max/min
name                               processes  threads        count      walltotal   wallmax (proc   thrd  )   wallmin (proc   thrd  )
Total                                    384      384 3.840000e+02   4.711042e+04   122.772 (   228      0)   122.502 (   142      0)
prim_init1                               384      384 3.840000e+02   3.106818e+02     0.817 (     0      0)     0.768 (   181      0)
repro_sum_int                            384      384 1.728000e+04   1.974281e+01     0.108 (   137      0)     0.022 (   320      0)
prim_init2                               384      384 3.840000e+02   7.322394e+02     1.971 (   141      0)     1.858 (    79      0)
prim_printstate                          384      384 3.840000e+02   7.842688e+01     0.211 (     0      0)     0.204 (   216      0)
interp_movie_output                      384      384 7.680000e+02   1.538069e-01     0.001 (   362      0)     0.000 (   258      0)
prim_main_loop                           384      384 3.840000e+02   4.279198e+04   111.525 (   228      0)   111.256 (   142      0)
prim_run                                 384      384 1.536000e+04   4.279164e+04   111.524 (   228      0)   111.255 (   142      0)
tl-sc prim_run_subcycle_c                384      384 1.536000e+04   4.273180e+04   111.348 (   228      0)   111.177 (   149      0)
tl-sc dp3d-from-ps                       384      384 1.536000e+04   5.701241e+00     0.020 (   255      0)     0.014 (    84      0)
tl-sc prim_step-loop                     384      384 1.536000e+04   3.865903e+04   100.979 (    22      0)    99.877 (   149      0)
tl-s prim_step                           384      384 4.608000e+04   3.865867e+04   100.979 (    22      0)    99.876 (   149      0)
tl-s deep_copy+derived_dp                384      384 4.608000e+04   5.577935e+01     0.255 (   250      0)     0.102 (   191      0)
tl-s prim_advance_exp-loop               384      384 4.608000e+04   8.731450e+03    35.556 (   149      0)    16.222 (   228      0)
tl-ae prim_advance_exp                   384      384 4.608000e+04   8.730808e+03    35.555 (   149      0)    16.221 (   228      0)
tl-ae U3-5stage_timestep                 384      384 4.608000e+04   4.988172e+03    26.288 (   140      0)     8.369 (   228      0)
caar compute                             384      384 2.304000e+05   1.762841e+03     5.388 (   196      0)     3.817 (   143      0)
caar_bexchV                              384      384 2.304000e+05   3.156934e+03    22.028 (   140      0)     2.899 (   228      0)
tl-ae advance_hypervis_dp                384      384 4.608000e+04   3.741627e+03    14.757 (    80      0)     7.651 (   249      0)
hvf-bhwk                                 384      384 1.382400e+05   2.227381e+03     9.069 (   148      0)     4.548 (   222      0)
hvf-bexch                                384      384 2.764800e+05   2.165145e+03    11.005 (    80      0)     3.127 (   227      0)
tl-s prim_advec_tracers_remap            384      384 4.608000e+04   2.986974e+04    84.397 (   228      0)    64.210 (   149      0)
tl-at prim_advec_tracers_remap_RK2       384      384 4.608000e+04   2.986921e+04    84.395 (   228      0)    64.209 (   149      0)
tl-at precompute_divdp                   384      384 4.608000e+04   5.311310e+01     0.228 (   229      0)     0.075 (   113      0)
tl-at esf-0                              384      384 4.608000e+04   9.195099e+03    27.096 (   219      0)    17.774 (   185      0)
tl-at esf-1                              384      384 4.608000e+04   5.968822e+03    18.567 (    22      0)    11.868 (   139      0)
tl-at esf-2                              384      384 4.608000e+04   1.384749e+04    42.441 (    14      0)    30.537 (   149      0)
tl-at qdp_time_avg                       384      384 4.608000e+04   8.017040e+02     3.483 (   215      0)     1.386 (    89      0)
tl-sc vertical_remap                     384      384 1.536000e+04   3.605522e+03    10.105 (   149      0)     9.151 (    22      0)
Remap Thickness Functor                  384      384 1.536000e+04   2.122228e+01     0.068 (   241      0)     0.048 (   191      0)
Remap Scale States Functor               384      384 1.536000e+04   1.317421e+01     0.060 (   345      0)     0.023 (   170      0)
Remap Compute Grids Functor              384      384 1.536000e+04   1.372103e+02     0.450 (     6      0)     0.295 (    22      0)
Remap Compute Remap Functor              384      384 1.536000e+04   3.410966e+03     9.646 (   149      0)     8.715 (    26      0)
Remap Rescale States Functor             384      384 1.536000e+04   1.284417e+01     0.058 (   228      0)     0.030 (   241      0)
tl-sc Q-from-qdp                         384      384 1.536000e+04   4.610012e+02     1.302 (   222      0)     1.177 (   143      0)
t_prf                                      0        0 0.000000e+00   0.000000e+00     0.000 (     0      0)     0.000 (     0      0)

