LAST_GIT_COMMIT_SHA:STRING=4790f40f2fb6acbc051ce4c988681a628c18e83d

***** GLOBAL STATISTICS (  1536 MPI TASKS) *****

$Id: gptl.c,v 1.157 2011-03-28 20:55:18 rosinski Exp $
'count' is cumulative. All other stats are max/min
name                               processes  threads        count      walltotal   wallmax (proc   thrd  )   wallmin (proc   thrd  )
Total                                   1536     1536 1.536000e+03   7.473192e+04    48.658 (   460      0)    48.651 (   953      0)
prim_init1                              1536     1536 1.536000e+03   3.478560e+02     0.230 (    59      0)     0.224 (  1353      0)
repro_sum_int                           1536     1536 6.912000e+04   1.128679e+02     0.208 (    32      0)     0.022 (   961      0)
prim_init2                              1536     1536 1.536000e+03   2.753157e+02     0.309 (    46      0)     0.130 (   961      0)
prim_printstate                         1536     1536 1.536000e+03   5.934828e+01     0.043 (     0      0)     0.038 (   813      0)
interp_movie_output                     1536     1536 3.072000e+03   6.369433e-01     0.001 (  1475      0)     0.000 (  1284      0)
prim_main_loop                          1536     1536 1.536000e+03   7.312358e+04    47.610 (   450      0)    47.604 (  1092      0)
prim_run                                1536     1536 1.474560e+06   7.311139e+04    47.602 (   483      0)    47.595 (  1089      0)
tl-sc prim_run_subcycle_c               1536     1536 1.474560e+06   7.308651e+04    47.587 (   451      0)    47.579 (    81      0)
tl-sc dp3d-from-ps                      1536     1536 1.474560e+06   3.430543e+01     0.027 (   640      0)     0.021 (  1340      0)
tl-sc prim_step-loop                    1536     1536 1.474560e+06   6.880957e+04    44.862 (   375      0)    44.603 (  1408      0)
tl-s prim_step                          1536     1536 4.423680e+06   6.878317e+04    44.846 (   375      0)    44.582 (  1408      0)
tl-s deep_copy+derived_dp               1536     1536 4.423680e+06   1.268126e+02     0.096 (  1216      0)     0.079 (  1101      0)
tl-s prim_advance_exp-loop              1536     1536 4.423680e+06   2.969572e+04    22.511 (  1309      0)    15.832 (   640      0)
tl-ae prim_advance_exp                  1536     1536 4.423680e+06   2.966543e+04    22.492 (  1309      0)    15.809 (   640      0)
tl-ae U3-5stage_timestep                1536     1536 4.423680e+06   1.526126e+04    13.109 (   675      0)     7.453 (   192      0)
caar compute                            1536     1536 2.211840e+07   2.451307e+03     1.882 (    64      0)     1.498 (    50      0)
caar_bexchV                             1536     1536 2.211840e+07   1.244563e+04    11.326 (   675      0)     5.338 (   640      0)
tl-ae advance_hypervis_dp               1536     1536 4.423680e+06   1.434676e+04    11.825 (  1515      0)     8.187 (   650      0)
hvf-bhwk                                1536     1536 1.327104e+07   7.540898e+03     6.550 (  1515      0)     4.265 (   650      0)
hvf-bexch                               1536     1536 2.654208e+07   1.152932e+04     9.966 (  1515      0)     6.182 (   640      0)
tl-s prim_advec_tracers_remap           1536     1536 4.423680e+06   3.888782e+04    28.599 (   640      0)    22.151 (  1309      0)
tl-at prim_advec_tracers_remap_RK2      1536     1536 4.423680e+06   3.884990e+04    28.570 (   640      0)    22.128 (  1309      0)
tl-at precompute_divdp                  1536     1536 4.423680e+06   1.557648e+02     0.136 (   448      0)     0.092 (  1139      0)
tl-at esf-0                             1536     1536 4.423680e+06   1.060127e+04     8.684 (   640      0)     5.761 (   669      0)
tl-at esf-1                             1536     1536 4.423680e+06   7.533948e+03     5.757 (   640      0)     4.043 (  1333      0)
tl-at esf-2                             1536     1536 4.423680e+06   1.980039e+04    14.667 (   652      0)    11.242 (  1309      0)
tl-at qdp_time_avg                      1536     1536 4.423680e+06   5.784323e+02     0.422 (   256      0)     0.348 (   165      0)
tl-sc vertical_remap                    1536     1536 1.474560e+06   3.733096e+03     2.606 (  1223      0)     2.368 (   909      0)
Remap Thickness Functor                 1536     1536 1.474560e+06   7.082181e+01     0.051 (  1409      0)     0.042 (   639      0)
Remap Scale States Functor              1536     1536 1.474560e+06   4.087955e+01     0.031 (  1409      0)     0.024 (   959      0)
Remap Compute Grids Functor             1536     1536 1.474560e+06   1.549150e+02     0.115 (  1409      0)     0.095 (   277      0)
Remap Compute Remap Functor             1536     1536 1.474560e+06   3.324594e+03     2.340 (  1223      0)     2.112 (   354      0)
Remap Rescale States Functor            1536     1536 1.474560e+06   5.193215e+01     0.040 (   640      0)     0.031 (   963      0)
tl-sc Q-from-qdp                        1536     1536 1.474560e+06   4.734067e+02     0.340 (  1088      0)     0.304 (   478      0)
t_prf                                      0        0 0.000000e+00   0.000000e+00     0.000 (     0      0)     0.000 (     0      0)

