LAST_GIT_COMMIT_SHA:STRING=4790f40f2fb6acbc051ce4c988681a628c18e83d

***** GLOBAL STATISTICS (   256 MPI TASKS) *****

$Id: gptl.c,v 1.157 2011-03-28 20:55:18 rosinski Exp $
'count' is cumulative. All other stats are max/min
name                               processes  threads        count      walltotal   wallmax (proc   thrd  )   wallmin (proc   thrd  )
Total                                    256      256 2.560000e+02   3.713041e+04   145.131 (     0      0)   144.898 (   126      0)
prim_init1                               256      256 2.560000e+02   1.577852e+02     0.623 (    64      0)     0.597 (   141      0)
repro_sum_int                            256      256 1.152000e+04   1.108363e+01     0.060 (    92      0)     0.016 (   192      0)
prim_init2                               256      256 2.560000e+02   4.612453e+02     1.828 (    16      0)     1.779 (   246      0)
prim_printstate                          256      256 2.560000e+02   4.723978e+01     0.190 (     0      0)     0.184 (    78      0)
interp_movie_output                      256      256 5.120000e+02   1.151159e-01     0.001 (    30      0)     0.000 (    99      0)
prim_main_loop                           256      256 2.560000e+02   3.551923e+04   138.838 (     0      0)   138.604 (   126      0)
prim_run                                 256      256 1.382400e+04   3.551897e+04   138.837 (     0      0)   138.603 (   126      0)
tl-sc prim_run_subcycle_c                256      256 1.382400e+04   3.548295e+04   138.670 (     7      0)   138.529 (   169      0)
tl-sc dp3d-from-ps                       256      256 1.382400e+04   4.894067e+00     0.026 (    56      0)     0.018 (    39      0)
tl-sc prim_step-loop                     256      256 1.382400e+04   3.193428e+04   125.156 (   153      0)   124.147 (   122      0)
tl-s prim_step                           256      256 4.147200e+04   3.193395e+04   125.155 (   153      0)   124.146 (   122      0)
tl-s deep_copy+derived_dp                256      256 4.147200e+04   4.668446e+01     0.311 (    28      0)     0.131 (   151      0)
tl-s prim_advance_exp-loop               256      256 4.147200e+04   7.654768e+03    42.522 (   169      0)    19.796 (     7      0)
tl-ae prim_advance_exp                   256      256 4.147200e+04   7.654286e+03    42.521 (   169      0)    19.794 (     7      0)
tl-ae U3-5stage_timestep                 256      256 4.147200e+04   4.822654e+03    31.681 (   161      0)    10.250 (     7      0)
caar compute                             256      256 2.073600e+05   1.517309e+03     6.844 (    14      0)     4.978 (   208      0)
caar_bexchV                              256      256 2.073600e+05   3.247789e+03    26.075 (   161      0)     3.464 (     7      0)
tl-ae advance_hypervis_dp                256      256 4.147200e+04   2.830731e+03    19.259 (   244      0)     9.438 (    22      0)
hvf-bhwk                                 256      256 1.244160e+05   1.729585e+03    12.397 (   170      0)     5.646 (    32      0)
hvf-bexch                                256      256 2.488320e+05   1.470572e+03    14.443 (   254      0)     3.760 (    34      0)
tl-s prim_advec_tracers_remap            256      256 4.147200e+04   2.423121e+04   104.887 (     7      0)    81.550 (   169      0)
tl-at prim_advec_tracers_remap_RK2       256      256 4.147200e+04   2.423072e+04   104.885 (     7      0)    81.548 (   169      0)
tl-at precompute_divdp                   256      256 4.147200e+04   4.663076e+01     0.263 (     8      0)     0.119 (   254      0)
tl-at esf-0                              256      256 4.147200e+04   7.313373e+03    33.403 (    39      0)    21.026 (   150      0)
tl-at esf-1                              256      256 4.147200e+04   4.702154e+03    22.795 (   149      0)    15.230 (   119      0)
tl-at esf-2                              256      256 4.147200e+04   1.151006e+04    49.343 (   150      0)    39.135 (   169      0)
tl-at qdp_time_avg                       256      256 4.147200e+04   6.558326e+02     4.437 (    38      0)     1.688 (   195      0)
tl-sc vertical_remap                     256      256 1.382400e+04   3.140498e+03    12.852 (   122      0)    11.932 (   153      0)
Remap Thickness Functor                  256      256 1.382400e+04   1.867467e+01     0.090 (     3      0)     0.062 (   195      0)
Remap Scale States Functor               256      256 1.382400e+04   1.153734e+01     0.087 (    62      0)     0.028 (   195      0)
Remap Compute Grids Functor              256      256 1.382400e+04   1.201540e+02     0.627 (    62      0)     0.381 (   145      0)
Remap Compute Remap Functor              256      256 1.382400e+04   2.971761e+03    12.211 (   122      0)    11.374 (   113      0)
Remap Rescale States Functor             256      256 1.382400e+04   1.092574e+01     0.085 (     7      0)     0.039 (   125      0)
tl-sc Q-from-qdp                         256      256 1.382400e+04   4.027914e+02     1.750 (    10      0)     1.520 (   181      0)
t_prf                                      0        0 0.000000e+00   0.000000e+00     0.000 (     0      0)     0.000 (     0      0)

