LAST_GIT_COMMIT_SHA:STRING=adf77c97ed8425a245449f2582d2441f4b72da1e
10950706

***** GLOBAL STATISTICS (   512 MPI TASKS) *****

$Id: gptl.c,v 1.157 2011-03-28 20:55:18 rosinski Exp $
'count' is cumulative. All other stats are max/min
name                           processes  threads        count      walltotal   wallmax (proc   thrd  )   wallmin (proc   thrd  )
"Total"                              512      512 5.120000e+02   9.551310e+04   186.602 (   293      0)   186.492 (   159      0)
"prim_init1"                         512      512 5.120000e+02   3.484495e+02     0.688 (   128      0)     0.664 (   299      0)
"PartitioningTime"                   512      512 5.120000e+02   5.316119e-01     0.003 (   138      0)     0.001 (    50      0)
"repro_sum_int"                      512      512 2.304000e+04   2.384083e+01     0.068 (   485      0)     0.028 (   255      0)
"prim_init2"                         512     1024 1.024000e+03   1.401974e+02     0.159 (    97      0)     0.117 (   252      1)
"prim_printstate"                    512     1024 1.024000e+03   5.660984e+01     0.063 (     0      0)     0.054 (    21      0)
"interp_movie_output"                512      512 1.024000e+03   4.611635e-01     0.001 (   265      0)     0.000 (    10      0)
"prim_main_loop"                     512      512 5.120000e+02   9.316121e+04   182.008 (   293      0)   181.899 (   159      0)
"prim_run"                           512     1024 1.095680e+05   1.863207e+05   182.007 (   293      0)   181.898 (   160      1)
"ApplyCAMForcing"                    512     1024 1.095680e+05   1.853757e+03     2.869 (   277      1)     1.342 (   483      0)
"prim_step_rX"                       512     1024 3.287040e+05   1.686017e+05   165.648 (   492      0)   163.782 (   292      0)
"prim_step_dyn"                      512     1024 3.287040e+05   4.506189e+04    58.323 (   173      0)    29.220 (   293      1)
"prim_advance_exp"                   512     1024 3.287040e+05   4.505637e+04    58.318 (   173      0)    29.215 (   293      1)
"U3-5stage_timestep"                 512     1024 3.287040e+05   2.548953e+04    40.115 (    41      0)    14.587 (   293      1)
"compute_and_apply_rhs"              512     1024 1.643520e+06   2.531408e+04    39.961 (    41      0)    14.373 (   293      1)
"caar_bexchV"                        512     1024 1.643520e+06   1.509637e+04    30.916 (    14      0)     2.834 (   293      1)
"advance_hypervis_dp"                512     1024 3.287040e+05   1.955751e+04    33.193 (   105      0)    14.524 (   334      0)
"biwkdp3d_bexchV"                    512     1024 9.861120e+05   4.900861e+03    15.192 (   104      1)     1.484 (   263      0)
"ahdp_bexchV2"                       512     1024 9.861120e+05   4.412846e+03    14.174 (    83      1)     1.680 (   334      0)
"prim_step_advec"                    512     1024 3.287040e+05   1.232822e+05   134.360 (   293      0)   106.601 (   173      0)
"PAT_remap"                          512     1024 3.287040e+05   1.232790e+05   134.357 (   293      0)   106.598 (   173      0)
"prim_advec_tracers_remap_rk2"       512     1024 3.287040e+05   1.232748e+05   134.353 (   293      0)   106.594 (   173      0)
"precomput_divdp"                    512     1024 3.287040e+05   1.873199e+02     0.262 (   227      0)     0.147 (   158      0)
"euler_step_0"                       512     1024 3.287040e+05   3.162302e+04    35.558 (   293      0)    25.164 (   180      0)
"bihmix_qminmax"                     512     1024 9.861120e+05   5.641831e+04    62.590 (   316      0)    47.886 (    73      1)
"eus_neighbor_minmax1"               512     1024 3.287040e+05   6.765336e+03     8.932 (   466      1)     3.558 (    73      0)
"nmm_bexchV"                         512     1024 3.287040e+05   3.163897e+03     5.472 (     1      1)     1.491 (    75      0)
"eus_2d_advec"                       512     1024 9.861120e+05   6.467803e+04    70.508 (   377      1)    53.990 (   455      0)
"eus_bexchV"                         512     1024 9.861120e+05   1.744692e+04    25.441 (   505      1)     9.058 (   455      1)
"euler_step_1"                       512     1024 3.287040e+05   2.367835e+04    25.886 (   505      0)    20.090 (   155      1)
"euler_step_2"                       512     1024 3.287040e+05   6.582727e+04    71.129 (   303      0)    56.019 (   171      1)
"nmm_bexchS_start"                   512     1024 3.287040e+05   4.502097e+01     0.556 (   192      1)     0.004 (   168      1)
"biwksc_bexchV"                      512     1024 3.287040e+05   6.282104e+03    11.645 (    19      0)     3.187 (   193      1)
"nmm_bexchS_fini"                    512     1024 3.287040e+05   1.498306e+03     3.266 (   283      0)     0.616 (   128      0)
"qdp_tavg"                           512     1024 3.287040e+05   1.941061e+03     3.375 (   304      0)     1.089 (   493      1)
"vertical_remap"                     512     1024 1.095680e+05   1.436754e+04    14.622 (   446      0)    13.579 (   461      0)
"vertical_remap1_1"                  512     1024 2.629632e+06   6.347874e+02     0.660 (   348      1)     0.570 (   149      1)
"remap_Q_ppm"                        512     1024 7.888896e+06   1.411176e+04    14.348 (   446      1)    13.346 (   461      0)
"vertical_remap1_2"                  512     1024 2.629632e+06   8.918210e+02     0.926 (   348      1)     0.819 (   149      1)
"vertical_remap1_3"                  512     1024 2.629632e+06   1.268982e+04    12.914 (   227      0)    12.014 (   487      1)
"prim_run_subcyle_diags"             512     1024 1.095680e+05   1.114228e+03     2.002 (   293      1)     0.700 (   155      1)
"t_prf"                                0        0 0.000000e+00   0.000000e+00     0.000 (     0      0)     0.000 (     0      0)

10950706
