LAST_GIT_COMMIT_SHA:STRING=4790f40f2fb6acbc051ce4c988681a628c18e83d

***** GLOBAL STATISTICS (   512 MPI TASKS) *****

$Id: gptl.c,v 1.157 2011-03-28 20:55:18 rosinski Exp $
'count' is cumulative. All other stats are max/min
name                               processes  threads        count      walltotal   wallmax (proc   thrd  )   wallmin (proc   thrd  )
Total                                    512      512 5.120000e+02   6.733710e+04   131.559 (   298      0)   131.481 (   158      0)
prim_init1                               512      512 5.120000e+02   2.908586e+02     0.575 (   376      0)     0.545 (   150      0)
repro_sum_int                            512      512 2.304000e+04   1.911824e+01     0.065 (    24      0)     0.021 (   478      0)
prim_init2                               512      512 5.120000e+02   4.948808e+02     0.987 (    61      0)     0.945 (   426      0)
prim_printstate                          512      512 5.120000e+02   5.767609e+01     0.119 (     0      0)     0.112 (   378      0)
interp_movie_output                      512      512 1.024000e+03   2.156999e-01     0.001 (   238      0)     0.000 (    48      0)
prim_main_loop                           512      512 5.120000e+02   6.461179e+04   126.236 (   298      0)   126.159 (   158      0)
prim_run                                 512      512 5.478400e+04   6.461109e+04   126.235 (   298      0)   126.157 (   158      0)
tl-sc prim_run_subcycle_c                512      512 5.478400e+04   6.458853e+04   126.181 (   298      0)   126.116 (   158      0)
tl-sc dp3d-from-ps                       512      512 5.478400e+04   1.009708e+01     0.023 (   320      0)     0.018 (   471      0)
tl-sc prim_step-loop                     512      512 5.478400e+04   5.758494e+04   112.764 (   486      0)   112.015 (    61      0)
tl-s prim_step                           512      512 1.643520e+05   5.758372e+04   112.762 (   486      0)   112.012 (    61      0)
tl-s deep_copy+derived_dp                512      512 1.643520e+05   8.075257e+01     0.218 (   380      0)     0.121 (    19      0)
tl-s prim_advance_exp-loop               512      512 1.643520e+05   1.489312e+04    36.948 (   173      0)    20.824 (   298      0)
tl-ae prim_advance_exp                   512      512 1.643520e+05   1.489152e+04    36.945 (   173      0)    20.821 (   298      0)
tl-ae U3-5stage_timestep                 512      512 1.643520e+05   8.223894e+03    23.241 (    12      0)    10.546 (   298      0)
caar compute                             512      512 8.217600e+05   3.015496e+03     6.922 (   376      0)     4.980 (   221      0)
caar_bexchV                              512      512 8.217600e+05   5.082884e+03    17.646 (    12      0)     3.860 (   298      0)
tl-ae advance_hypervis_dp                512      512 1.643520e+05   6.664146e+03    20.811 (    84      0)    10.120 (   331      0)
hvf-bhwk                                 512      512 4.930560e+05   3.963941e+03    12.269 (    86      0)     6.114 (   273      0)
hvf-bexch                                512      512 9.861120e+05   3.926691e+03    15.831 (    84      0)     4.134 (   328      0)
tl-s prim_advec_tracers_remap            512      512 1.643520e+05   4.260519e+04    91.603 (   298      0)    75.357 (   173      0)
tl-at prim_advec_tracers_remap_RK2       512      512 1.643520e+05   4.260330e+04    91.599 (   298      0)    75.353 (   173      0)
tl-at precompute_divdp                   512      512 1.643520e+05   7.880166e+01     0.224 (   492      0)     0.104 (   100      0)
tl-at esf-0                              512      512 1.643520e+05   1.181190e+04    27.979 (   298      0)    18.316 (   138      0)
tl-at esf-1                              512      512 1.643520e+05   9.056874e+03    19.488 (   366      0)    15.671 (   132      0)
tl-at esf-2                              512      512 1.643520e+05   2.052623e+04    44.151 (    24      0)    35.906 (   171      0)
tl-at qdp_time_avg                       512      512 1.643520e+05   1.119553e+03     2.824 (   271      0)     1.700 (   135      0)
tl-sc vertical_remap                     512      512 5.478400e+04   6.207775e+03    12.575 (    61      0)    11.855 (   486      0)
Remap Thickness Functor                  512      512 5.478400e+04   3.846763e+01     0.089 (   342      0)     0.064 (   484      0)
Remap Scale States Functor               512      512 5.478400e+04   1.900854e+01     0.056 (   295      0)     0.027 (   136      0)
Remap Compute Grids Functor              512      512 5.478400e+04   2.286644e+02     0.546 (   341      0)     0.381 (   490      0)
Remap Compute Remap Functor              512      512 5.478400e+04   5.887530e+03    11.942 (    61      0)    11.292 (   331      0)
Remap Rescale States Functor             512      512 5.478400e+04   2.177274e+01     0.048 (   326      0)     0.040 (   341      0)
tl-sc Q-from-qdp                         512      512 5.478400e+04   7.839397e+02     1.689 (   326      0)     1.514 (   456      0)
t_prf                                      0        0 0.000000e+00   0.000000e+00     0.000 (     0      0)     0.000 (     0      0)

