LAST_GIT_COMMIT_SHA:STRING=4790f40f2fb6acbc051ce4c988681a628c18e83d

***** GLOBAL STATISTICS (  1600 MPI TASKS) *****

$Id: gptl.c,v 1.157 2011-03-28 20:55:18 rosinski Exp $
'count' is cumulative. All other stats are max/min
name                               processes  threads        count      walltotal   wallmax (proc   thrd  )   wallmin (proc   thrd  )
Total                                   1600     1600 1.600000e+03   1.783535e+05   111.504 (   448      0)   111.445 (   971      0)
prim_init1                              1600     1600 1.600000e+03   1.408241e+03     0.891 (  1248      0)     0.830 (   805      0)
repro_sum_int                           1600     1600 7.200000e+04   1.143495e+02     0.147 (    32      0)     0.028 (  1383      0)
prim_init2                              1600     1600 1.600000e+03   1.020035e+03     0.712 (    26      0)     0.596 (  1383      0)
prim_printstate                         1600     1600 1.600000e+03   1.411306e+02     0.112 (     0      0)     0.087 (   811      0)
interp_movie_output                     1600     1600 3.200000e+03   7.004139e-01     0.001 (   833      0)     0.000 (  1114      0)
prim_main_loop                          1600     1600 1.600000e+03   1.625419e+05   101.620 (   448      0)   101.563 (   971      0)
prim_run                                1600     1600 2.672000e+05   1.625389e+05   101.618 (   497      0)   101.561 (  1004      0)
tl-sc prim_run_subcycle_c               1600     1600 2.672000e+05   1.625006e+05   101.595 (   487      0)   101.535 (   970      0)
tl-sc dp3d-from-ps                      1600     1600 2.672000e+05   2.768452e+01     0.021 (   384      0)     0.016 (   860      0)
tl-sc prim_step-loop                    1600     1600 2.672000e+05   1.451906e+05    91.084 (  1415      0)    89.911 (   562      0)
tl-s prim_step                          1600     1600 8.016000e+05   1.451849e+05    91.080 (  1415      0)    89.907 (   562      0)
tl-s deep_copy+derived_dp               1600     1600 8.016000e+05   2.064823e+02     0.168 (   566      0)     0.101 (  1247      0)
tl-s prim_advance_exp-loop              1600     1600 8.016000e+05   4.139437e+04    31.129 (  1226      0)    20.068 (   488      0)
tl-ae prim_advance_exp                  1600     1600 8.016000e+05   4.138741e+04    31.125 (  1226      0)    20.063 (   488      0)
tl-ae U3-5stage_timestep                1600     1600 8.016000e+05   2.151664e+04    19.248 (  1228      0)     9.565 (   954      0)
caar compute                            1600     1600 4.008000e+06   7.513473e+03     5.774 (   384      0)     3.936 (  1237      0)
caar_bexchV                             1600     1600 4.008000e+06   1.364612e+04    14.855 (  1228      0)     4.278 (   488      0)
tl-ae advance_hypervis_dp               1600     1600 8.016000e+05   1.985493e+04    17.467 (  1185      0)     9.743 (   459      0)
hvf-bhwk                                1600     1600 2.404800e+06   1.137756e+04     9.663 (  1214      0)     5.659 (   930      0)
hvf-bexch                               1600     1600 4.809600e+06   1.302442e+04    13.549 (  1185      0)     4.952 (   448      0)
tl-s prim_advec_tracers_remap           1600     1600 8.016000e+05   1.035632e+05    70.629 (   947      0)    59.230 (  1226      0)
tl-at prim_advec_tracers_remap_RK2      1600     1600 8.016000e+05   1.035545e+05    70.623 (   947      0)    59.225 (  1226      0)
tl-at precompute_divdp                  1600     1600 8.016000e+05   1.937645e+02     0.208 (   955      0)     0.091 (   249      0)
tl-at esf-0                             1600     1600 8.016000e+05   2.815804e+04    21.183 (   920      0)    15.109 (  1044      0)
tl-at esf-1                             1600     1600 8.016000e+05   2.206363e+04    16.321 (  1142      0)    12.296 (  1236      0)
tl-at esf-2                             1600     1600 8.016000e+05   5.044004e+04    35.943 (   483      0)    28.954 (  1226      0)
tl-at qdp_time_avg                      1600     1600 8.016000e+05   2.653722e+03     1.978 (   404      0)     1.328 (  1247      0)
tl-sc vertical_remap                    1600     1600 2.672000e+05   1.535601e+04    10.386 (   562      0)     9.284 (   998      0)
Remap Thickness Functor                 1600     1600 2.672000e+05   1.007893e+02     0.074 (   401      0)     0.053 (  1253      0)
Remap Scale States Functor              1600     1600 2.672000e+05   5.208298e+01     0.041 (   510      0)     0.025 (  1247      0)
Remap Compute Grids Functor             1600     1600 2.672000e+05   5.603611e+02     0.405 (   415      0)     0.302 (  1251      0)
Remap Compute Remap Functor             1600     1600 2.672000e+05   1.454274e+04     9.838 (   562      0)     8.828 (   966      0)
Remap Rescale States Functor            1600     1600 2.672000e+05   5.773693e+01     0.043 (   512      0)     0.034 (   261      0)
tl-sc Q-from-qdp                        1600     1600 2.672000e+05   1.918477e+03     1.403 (   512      0)     1.184 (   252      0)
t_prf                                      0        0 0.000000e+00   0.000000e+00     0.000 (     0      0)     0.000 (     0      0)

