LAST_GIT_COMMIT_SHA:STRING=4790f40f2fb6acbc051ce4c988681a628c18e83d

***** GLOBAL STATISTICS (  6400 MPI TASKS) *****

$Id: gptl.c,v 1.157 2011-03-28 20:55:18 rosinski Exp $
'count' is cumulative. All other stats are max/min
name                               processes  threads        count      walltotal   wallmax (proc   thrd  )   wallmin (proc   thrd  )
Total                                   6400     6400 6.400000e+03   8.181153e+05   127.860 (  6208      0)   127.811 (   921      0)
prim_init1                              6400     6400 6.400000e+03   6.691906e+03     1.070 (   106      0)     0.988 (  4603      0)
repro_sum_int                           6400     6400 2.880000e+05   1.595677e+03     0.674 (   235      0)     0.039 (  2627      0)
prim_init2                              6400     6400 6.400000e+03   4.043031e+03     1.056 (   296      0)     0.425 (  5605      0)
prim_printstate                         6400     6400 6.400000e+03   5.062449e+02     0.085 (     0      0)     0.074 (  6008      0)
interp_movie_output                     6400     6400 1.280000e+04   1.460348e+01     0.006 (  4627      0)     0.000 (   755      0)
prim_main_loop                          6400     6400 6.400000e+03   7.496596e+05   117.158 (  6205      0)   117.117 (  1059      0)
prim_run                                6400     6400 4.268800e+06   7.496207e+05   117.151 (  6208      0)   117.111 (  1034      0)
tl-sc prim_run_subcycle_c               6400     6400 4.268800e+06   7.494985e+05   117.133 (  3336      0)   117.090 (  1045      0)
tl-sc dp3d-from-ps                      6400     6400 4.268800e+06   1.936114e+02     0.036 (  5568      0)     0.027 (  6022      0)
tl-sc prim_step-loop                    6400     6400 4.268800e+06   6.778818e+05   106.425 (   378      0)   105.070 (  4800      0)
tl-s prim_step                          6400     6400 1.280640e+07   6.777983e+05   106.412 (   378      0)   105.056 (  4800      0)
tl-s deep_copy+derived_dp               6400     6400 1.280640e+07   1.005741e+03     0.185 (   428      0)     0.132 (   383      0)
tl-s prim_advance_exp-loop              6400     6400 1.280640e+07   2.291826e+05    42.789 (  6109      0)    26.344 (  6208      0)
tl-ae prim_advance_exp                  6400     6400 1.280640e+07   2.290760e+05    42.773 (  6109      0)    26.324 (  6208      0)
tl-ae U3-5stage_timestep                6400     6400 1.280640e+07   1.158769e+05    25.482 (  5669      0)    12.301 (  6208      0)
caar compute                            6400     6400 6.403200e+07   3.122913e+04     5.794 (  2752      0)     4.311 (  6141      0)
caar_bexchV                             6400     6400 6.403200e+07   8.216432e+04    20.494 (  5669      0)     6.519 (  6208      0)
tl-ae advance_hypervis_dp               6400     6400 1.280640e+07   1.129764e+05    23.327 (  5978      0)    13.121 (  6227      0)
hvf-bhwk                                6400     6400 3.841920e+07   6.208817e+04    14.181 (  6011      0)     7.353 (  6220      0)
hvf-bexch                               6400     6400 7.683840e+07   8.304676e+04    18.893 (  5978      0)     8.020 (  6144      0)
tl-s prim_advec_tracers_remap           6400     6400 1.280640e+07   4.473245e+05    79.376 (  6208      0)    62.762 (  6109      0)
tl-at prim_advec_tracers_remap_RK2      6400     6400 1.280640e+07   4.471984e+05    79.353 (  6208      0)    62.743 (  6109      0)
tl-at precompute_divdp                  6400     6400 1.280640e+07   1.018454e+03     0.217 (  4224      0)     0.130 (  2024      0)
tl-at esf-0                             6400     6400 1.280640e+07   1.181833e+05    22.517 (  3264      0)    15.527 (  6236      0)
tl-at esf-1                             6400     6400 1.280640e+07   9.310375e+04    16.769 (  5989      0)    12.093 (   362      0)
tl-at esf-2                             6400     6400 1.280640e+07   2.242750e+05    43.424 (  6217      0)    31.846 (  1058      0)
tl-at qdp_time_avg                      6400     6400 1.280640e+07   9.976664e+03     1.782 (  2772      0)     1.231 (   344      0)
tl-sc vertical_remap                    6400     6400 4.268800e+06   6.360474e+04    10.722 (  4766      0)     9.443 (   378      0)
Remap Thickness Functor                 6400     6400 4.268800e+06   5.288487e+02     0.095 (  2798      0)     0.069 (    25      0)
Remap Scale States Functor              6400     6400 4.268800e+06   2.799474e+02     0.057 (   414      0)     0.035 (   379      0)
Remap Compute Grids Functor             6400     6400 4.268800e+06   2.356677e+03     0.415 (  2790      0)     0.323 (   379      0)
Remap Compute Remap Functor             6400     6400 4.268800e+06   5.967899e+04    10.066 (  4444      0)     8.897 (   378      0)
Remap Rescale States Functor            6400     6400 4.268800e+06   3.128975e+02     0.081 (  2299      0)     0.045 (  6022      0)
tl-sc Q-from-qdp                        6400     6400 4.268800e+06   7.700659e+03     1.359 (   704      0)     1.188 (  5955      0)
t_prf                                      0        0 0.000000e+00   0.000000e+00     0.000 (     0      0)     0.000 (     0      0)

