LAST_GIT_COMMIT_SHA:STRING=adf77c97ed8425a245449f2582d2441f4b72da1e
10950797

***** GLOBAL STATISTICS ( 38400 MPI TASKS) *****

$Id: gptl.c,v 1.157 2011-03-28 20:55:18 rosinski Exp $
'count' is cumulative. All other stats are max/min
name                           processes  threads        count      walltotal   wallmax (proc   thrd  )   wallmin (proc   thrd  )
"Total"                            38400    38400 3.840000e+04   9.635104e+06   251.065 (     0      0)   250.819 ( 23995      0)
"prim_init1"                       38400    38400 3.840000e+04   2.913737e+05     7.909 (  8497      0)     7.262 ( 32153      0)
"PartitioningTime"                 38400    38400 3.840000e+04   3.091558e+03     0.121 (  7149      0)     0.030 ( 17484      0)
"repro_sum_int"                    38400    38400 1.728000e+06   8.379844e+04     6.518 (    36      0)     0.994 ( 29017      0)
"prim_init2"                       38400    38400 3.840000e+04   9.774099e+04     6.903 (    16      0)     1.396 ( 12417      0)
"prim_printstate"                  38400    38400 3.840000e+04   1.360567e+04     0.391 ( 11083      0)     0.327 ( 38231      0)
"interp_movie_output"              38400    38400 7.680000e+04   1.193660e+03     0.041 (  3027      0)     0.015 (     3      0)
"prim_main_loop"                   38400    38400 3.840000e+04   8.695035e+06   226.450 (  6851      0)   226.412 ( 23481      0)
"prim_run"                         38400    38400 1.536000e+08   8.693779e+06   226.419 (  6270      0)   226.379 ( 23424      0)
"ApplyCAMForcing"                  38400    38400 1.536000e+08   5.055729e+04     1.463 ( 24128      0)     1.170 (  5342      0)
"prim_step_rX"                     38400    38400 4.608000e+08   8.132261e+06   212.260 ( 17838      0)   210.231 ( 34112      0)
"prim_step_dyn"                    38400    38400 4.608000e+08   3.203126e+06    99.711 ( 22306      0)    67.573 ( 22720      0)
"prim_advance_exp"                 38400    38400 4.608000e+08   3.199658e+06    99.622 ( 22306      0)    67.471 ( 22720      0)
"U3-5stage_timestep"               38400    38400 4.608000e+08   1.698687e+06    64.177 ( 23926      0)    30.379 ( 34174      0)
"compute_and_apply_rhs"            38400    38400 2.304000e+09   1.678858e+06    63.685 ( 23926      0)    29.839 ( 34174      0)
"caar_bexchV"                      38400    38400 2.304000e+09   1.316256e+06    54.667 ( 23926      0)    19.602 ( 27456      0)
"advance_hypervis_dp"              38400    38400 4.608000e+08   1.495309e+06    51.478 ( 30843      0)    32.842 (  2274      0)
"biwkdp3d_bexchV"                  38400    38400 1.382400e+09   5.729550e+05    22.913 ( 23255      0)    11.610 ( 36096      0)
"ahdp_bexchV2"                     38400    38400 1.382400e+09   5.702785e+05    22.794 ( 30843      0)    11.768 ( 20398      0)
"prim_step_advec"                  38400    38400 4.608000e+08   4.916310e+06   143.333 (  2068      0)   111.699 ( 22306      0)
"PAT_remap"                        38400    38400 4.608000e+08   4.913684e+06   143.264 (  2068      0)   111.632 ( 22306      0)
"prim_advec_tracers_remap_rk2"     38400    38400 4.608000e+08   4.909993e+06   143.167 (  2068      0)   111.539 ( 22306      0)
"precomput_divdp"                  38400    38400 4.608000e+08   7.123915e+03     0.212 ( 18148      0)     0.171 ( 30685      0)
"euler_step_0"                     38400    38400 4.608000e+08   1.280250e+06    41.048 ( 30734      0)    28.145 (  8649      0)
"bihmix_qminmax"                   38400    38400 1.382400e+09   2.200119e+06    69.770 ( 22528      0)    50.305 ( 22307      0)
"eus_neighbor_minmax1"             38400    38400 4.608000e+08   3.438518e+05    14.293 ( 23281      0)     6.678 ( 22747      0)
"nmm_bexchV"                       38400    38400 4.608000e+08   2.811854e+05    12.733 ( 23281      0)     5.080 ( 31884      0)
"eus_2d_advec"                     38400    38400 1.382400e+09   2.617088e+06    83.880 (  2071      0)    58.000 ( 22306      0)
"eus_bexchV"                       38400    38400 1.382400e+09   1.119414e+06    44.139 ( 22887      0)    19.457 ( 22306      0)
"euler_step_1"                     38400    38400 4.608000e+08   9.344495e+05    29.137 ( 34304      0)    20.525 ( 24778      0)
"euler_step_2"                     38400    38400 4.608000e+08   2.632732e+06    78.401 (  2280      0)    59.058 ( 33757      0)
"nmm_bexchS_start"                 38400    38400 4.608000e+08   2.970860e+04     1.365 ( 11776      0)     0.522 ( 32906      0)
"biwksc_bexchV"                    38400    38400 4.608000e+08   4.994369e+05    21.596 ( 13759      0)     8.027 ( 26229      0)
"nmm_bexchS_fini"                  38400    38400 4.608000e+08   9.811284e+03     0.524 ( 10602      0)     0.219 ( 20312      0)
"qdp_tavg"                         38400    38400 4.608000e+08   4.214543e+04     1.402 ( 34883      0)     0.919 (  5693      0)
"vertical_remap"                   38400    38400 1.536000e+08   4.735289e+05    13.658 ( 34112      0)    11.953 ( 17838      0)
"vertical_remap1_1"                38400    38400 1.536000e+08   2.437093e+04     0.702 (  4993      0)     0.576 ( 25765      0)
"remap_Q_ppm"                      38400    38400 4.608000e+08   4.625658e+05    13.373 ( 34112      0)    11.681 ( 17838      0)
"vertical_remap1_2"                38400    38400 1.536000e+08   3.032781e+04     0.870 ( 22436      0)     0.767 ( 30070      0)
"vertical_remap1_3"                38400    38400 1.536000e+08   4.123612e+05    12.070 ( 34112      0)    10.353 ( 17838      0)
"prim_run_subcyle_diags"           38400    38400 1.536000e+08   1.978466e+04     0.619 ( 16384      0)     0.439 ( 35373      0)
"t_prf"                                0        0 0.000000e+00   0.000000e+00     0.000 (     0      0)     0.000 (     0      0)

10950797
