LAST_GIT_COMMIT_SHA:STRING=4790f40f2fb6acbc051ce4c988681a628c18e83d

***** GLOBAL STATISTICS (  1600 MPI TASKS) *****

$Id: gptl.c,v 1.157 2011-03-28 20:55:18 rosinski Exp $
'count' is cumulative. All other stats are max/min
name                               processes  threads        count      walltotal   wallmax (proc   thrd  )   wallmin (proc   thrd  )
Total                                   1600     1600 1.600000e+03   2.525329e+05   158.251 (   327      0)   156.775 (  1580      0)
prim_init1                              1600     1600 1.600000e+03   3.012693e+03     1.901 (  1536      0)     1.790 (   236      0)
repro_sum_int                           1600     1600 7.200000e+04   1.508650e+02     0.293 (   772      0)     0.031 (   128      0)
prim_init2                              1600     1600 1.600000e+03   1.852521e+03     1.359 (   218      0)     1.092 (   959      0)
prim_printstate                         1600     1600 1.600000e+03   2.173339e+02     0.139 (     0      0)     0.135 (   979      0)
interp_movie_output                     1600     1600 3.200000e+03   7.936580e-01     0.001 (   295      0)     0.000 (   388      0)
prim_main_loop                          1600     1600 1.600000e+03   2.227528e+05   139.638 (   365      0)   138.162 (  1548      0)
prim_run                                1600     1600 1.344000e+05   2.227509e+05   139.637 (   327      0)   138.161 (  1580      0)
tl-sc prim_run_subcycle_c               1600     1600 1.344000e+05   2.198062e+05   137.525 (   361      0)   137.245 (  1542      0)
tl-sc dp3d-from-ps                      1600     1600 1.344000e+05   2.743110e+01     0.019 (   361      0)     0.016 (  1270      0)
tl-sc prim_step-loop                    1600     1600 1.344000e+05   1.998453e+05   125.707 (   309      0)   123.483 (   898      0)
tl-s prim_step                          1600     1600 4.032000e+05   1.998425e+05   125.705 (   309      0)   123.481 (   898      0)
tl-s deep_copy+derived_dp               1600     1600 4.032000e+05   2.079817e+02     0.203 (   596      0)     0.104 (  1247      0)
tl-s prim_advance_exp-loop              1600     1600 4.032000e+05   6.886227e+04    59.935 (  1273      0)    17.749 (   360      0)
tl-ae prim_advance_exp                  1600     1600 4.032000e+05   6.885845e+04    59.932 (  1273      0)    17.746 (   360      0)
tl-ae U3-5stage_timestep                1600     1600 4.032000e+05   3.546385e+04    39.734 (  1114      0)     8.764 (   361      0)
caar compute                            1600     1600 2.016000e+06   7.852194e+03     5.754 (   370      0)     4.250 (  1275      0)
caar_bexchV                             1600     1600 2.016000e+06   2.728022e+04    35.066 (  1114      0)     2.840 (   361      0)
tl-ae advance_hypervis_dp               1600     1600 4.032000e+05   3.338636e+04    38.566 (   697      0)     8.711 (   210      0)
hvf-bhwk                                1600     1600 1.209600e+06   1.836690e+04    25.662 (   697      0)     5.220 (   204      0)
hvf-bexch                               1600     1600 2.419200e+06   2.633085e+04    34.059 (   697      0)     3.443 (   365      0)
tl-s prim_advec_tracers_remap           1600     1600 4.032000e+05   1.307616e+05   107.692 (   360      0)    64.467 (  1273      0)
tl-at prim_advec_tracers_remap_RK2      1600     1600 4.032000e+05   1.307576e+05   107.689 (   360      0)    64.464 (  1273      0)
tl-at precompute_divdp                  1600     1600 4.032000e+05   1.894786e+02     0.287 (   352      0)     0.081 (  1047      0)
tl-at esf-0                             1600     1600 4.032000e+05   3.415957e+04    34.965 (   352      0)    15.242 (   659      0)
tl-at esf-1                             1600     1600 4.032000e+05   2.597417e+04    24.584 (   950      0)    12.107 (  1003      0)
tl-at esf-2                             1600     1600 4.032000e+05   6.766970e+04    57.026 (   275      0)    31.177 (  1272      0)
tl-at qdp_time_avg                      1600     1600 4.032000e+05   2.742962e+03     2.257 (   337      0)     1.416 (  1285      0)
tl-sc vertical_remap                    1600     1600 1.344000e+05   1.778645e+04    12.429 (   898      0)    10.339 (  1396      0)
Remap Thickness Functor                 1600     1600 1.344000e+05   9.770755e+01     0.071 (   133      0)     0.055 (   515      0)
Remap Scale States Functor              1600     1600 1.344000e+05   4.862281e+01     0.046 (   375      0)     0.024 (  1246      0)
Remap Compute Grids Functor             1600     1600 1.344000e+05   5.923093e+02     0.442 (   145      0)     0.328 (   646      0)
Remap Compute Remap Functor             1600     1600 1.344000e+05   1.695773e+04    11.874 (   898      0)     9.848 (  1396      0)
Remap Rescale States Functor            1600     1600 1.344000e+05   6.085821e+01     0.043 (   768      0)     0.036 (  1267      0)
tl-sc Q-from-qdp                        1600     1600 1.344000e+05   2.142733e+03     1.436 (   768      0)     1.321 (  1258      0)
t_prf                                      0        0 0.000000e+00   0.000000e+00     0.000 (     0      0)     0.000 (     0      0)

