LAST_GIT_COMMIT_SHA:STRING=adf77c97ed8425a245449f2582d2441f4b72da1e
10950695

***** GLOBAL STATISTICS (  3072 MPI TASKS) *****

$Id: gptl.c,v 1.157 2011-03-28 20:55:18 rosinski Exp $
'count' is cumulative. All other stats are max/min
name                           processes  threads        count      walltotal   wallmax (proc   thrd  )   wallmin (proc   thrd  )
"Total"                             3072     3072 3.072000e+03   2.146845e+05    69.891 (   128      0)    69.876 (  2551      0)
"prim_init1"                        3072     3072 3.072000e+03   9.042495e+02     0.303 (     0      0)     0.283 (  2520      0)
"PartitioningTime"                  3072     3072 3.072000e+03   7.478444e+00     0.005 (   539      0)     0.001 (   896      0)
"repro_sum_int"                     3072     3072 1.382400e+05   3.336419e+02     0.247 (  2491      0)     0.038 (  1523      0)
"prim_init2"                        3072     6144 6.144000e+03   9.680773e+02     0.297 (  2497      0)     0.089 (  1519      1)
"prim_printstate"                   3072     6144 6.144000e+03   3.307201e+02     0.060 (     0      0)     0.053 (  1769      0)
"interp_movie_output"               3072     3072 6.144000e+03   4.105542e+00     0.003 (  1501      0)     0.001 (     0      0)
"prim_main_loop"                    3072     3072 3.072000e+03   2.097220e+05    68.275 (  2176      0)    68.263 (   840      0)
"prim_run"                          3072     6144 4.915200e+06   4.194065e+05    68.269 (  2182      0)    68.257 (   704      0)
"ApplyCAMForcing"                   3072     6144 4.915200e+06   2.813484e+03     0.524 (   192      0)     0.392 (   637      0)
"prim_step_rX"                      3072     6144 1.474560e+07   3.880973e+05    63.512 (   604      0)    62.518 (  2688      1)
"prim_step_dyn"                     3072     6144 1.474560e+07   1.409214e+05    27.641 (  3003      0)    18.326 (  2688      0)
"prim_advance_exp"                  3072     6144 1.474560e+07   1.407678e+05    27.615 (  3003      0)    18.301 (  2688      0)
"U3-5stage_timestep"                3072     6144 1.474560e+07   7.516727e+04    16.897 (   616      0)     8.361 (  1280      0)
"compute_and_apply_rhs"             3072     6144 7.372800e+07   7.421644e+04    16.749 (   616      0)     8.198 (  1280      0)
"caar_bexchV"                       3072     6144 7.372800e+07   5.450381e+04    13.791 (   616      1)     4.700 (  1280      0)
"advance_hypervis_dp"               3072     6144 1.474560e+07   6.533508e+04    14.181 (  2340      1)     8.764 (  1268      0)
"biwkdp3d_bexchV"                   3072     6144 4.423680e+07   2.312721e+04     5.910 (  2340      0)     2.747 (  1163      1)
"ahdp_bexchV2"                      3072     6144 4.423680e+07   2.287631e+04     5.336 (  2344      0)     2.765 (  1268      1)
"prim_step_advec"                   3072     6144 1.474560e+07   2.465679e+05    44.166 (  2694      1)    35.492 (  3003      1)
"PAT_remap"                         3072     6144 1.474560e+07   2.464433e+05    44.146 (  2694      1)    35.473 (  3003      1)
"prim_advec_tracers_remap_rk2"      3072     6144 1.474560e+07   2.462781e+05    44.120 (  2694      1)    35.446 (  3003      1)
"precomput_divdp"                   3072     6144 1.474560e+07   3.380316e+02     0.059 (  2688      0)     0.051 (    74      0)
"euler_step_0"                      3072     6144 1.474560e+07   6.189026e+04    11.745 (  1965      1)     8.301 (  1175      0)
"bihmix_qminmax"                    3072     6144 4.423680e+07   1.113380e+05    21.833 (  2698      0)    15.964 (  2242      1)
"eus_neighbor_minmax1"              3072     6144 1.474560e+07   1.587795e+04     3.631 (   307      1)     1.872 (  1211      0)
"nmm_bexchV"                        3072     6144 1.474560e+07   1.233855e+04     3.060 (  2461      1)     1.300 (   880      0)
"eus_2d_advec"                      3072     6144 4.423680e+07   1.303237e+05    25.805 (  2694      1)    18.321 (  3003      0)
"eus_bexchV"                        3072     6144 4.423680e+07   5.297997e+04    13.393 (  2659      0)     5.710 (  2335      1)
"euler_step_1"                      3072     6144 1.474560e+07   4.695725e+04     8.626 (  2693      1)     6.589 (  2266      0)
"euler_step_2"                      3072     6144 1.474560e+07   1.340109e+05    24.537 (   902      1)    18.889 (  2268      0)
"nmm_bexchS_start"                  3072     6144 1.474560e+07   7.730379e+02     0.370 (  2176      0)     0.025 (  2559      1)
"biwksc_bexchV"                     3072     6144 1.474560e+07   2.517624e+04     6.941 (  2658      1)     2.435 (  2364      0)
"nmm_bexchS_fini"                   3072     6144 1.474560e+07   5.860564e+02     0.364 (     0      1)     0.069 (  1536      0)
"qdp_tavg"                          3072     6144 1.474560e+07   2.498063e+03     0.532 (  1479      0)     0.321 (   163      1)
"vertical_remap"                    3072     6144 4.915200e+06   2.622640e+04     4.882 (   896      0)     3.996 (   604      1)
"vertical_remap1_1"                 3072     6144 4.915200e+06   1.198534e+03     0.225 (  1281      1)     0.177 (   604      1)
"remap_Q_ppm"                       3072     6144 1.474560e+07   2.573271e+04     4.799 (   896      0)     3.923 (   604      1)
"vertical_remap1_2"                 3072     6144 4.915200e+06   1.606808e+03     0.293 (  1013      0)     0.240 (  2267      1)
"vertical_remap1_3"                 3072     6144 4.915200e+06   2.312457e+04     4.341 (   896      0)     3.535 (   604      1)
"prim_run_subcyle_diags"            3072     6144 4.915200e+06   1.378045e+03     0.266 (  1479      1)     0.158 (  1891      0)
"t_prf"                                0        0 0.000000e+00   0.000000e+00     0.000 (     0      0)     0.000 (     0      0)

10950695
