LAST_GIT_COMMIT_SHA:STRING=4790f40f2fb6acbc051ce4c988681a628c18e83d

***** GLOBAL STATISTICS (   512 MPI TASKS) *****

$Id: gptl.c,v 1.157 2011-03-28 20:55:18 rosinski Exp $
'count' is cumulative. All other stats are max/min
name                               processes  threads        count      walltotal   wallmax (proc   thrd  )   wallmin (proc   thrd  )
Total                                    512      512 5.120000e+02   6.186078e+04   120.889 (   358      0)   120.737 (   446      0)
prim_init1                               512      512 5.120000e+02   3.973172e+02     0.784 (   350      0)     0.737 (     1      0)
repro_sum_int                            512      512 2.304000e+04   2.798810e+01     0.127 (    21      0)     0.022 (   488      0)
prim_init2                               512      512 5.120000e+02   7.463304e+02     1.530 (     7      0)     1.425 (   115      0)
prim_printstate                          512      512 5.120000e+02   8.169312e+01     0.164 (     0      0)     0.159 (   403      0)
interp_movie_output                      512      512 1.024000e+03   1.632664e-01     0.001 (   248      0)     0.000 (   416      0)
prim_main_loop                           512      512 5.120000e+02   5.638573e+04   110.196 (   358      0)   110.043 (   446      0)
prim_run                                 512      512 2.764800e+04   5.638526e+04   110.195 (   358      0)   110.042 (   446      0)
tl-sc prim_run_subcycle_c                512      512 2.764800e+04   5.633215e+04   110.087 (   356      0)   109.970 (   489      0)
tl-sc dp3d-from-ps                       512      512 2.764800e+04   8.244077e+00     0.022 (   339      0)     0.014 (   475      0)
tl-sc prim_step-loop                     512      512 2.764800e+04   5.072176e+04    99.400 (   313      0)    98.073 (   443      0)
tl-s prim_step                           512      512 8.294400e+04   5.072113e+04    99.399 (   313      0)    98.072 (   443      0)
tl-s deep_copy+derived_dp                512      512 8.294400e+04   7.268827e+01     0.236 (   335      0)     0.097 (   506      0)
tl-s prim_advance_exp-loop               512      512 8.294400e+04   1.255770e+04    33.489 (   473      0)    15.837 (   374      0)
tl-ae prim_advance_exp                   512      512 8.294400e+04   1.255681e+04    33.487 (   473      0)    15.835 (   374      0)
tl-ae U3-5stage_timestep                 512      512 8.294400e+04   7.106233e+03    24.296 (   441      0)     8.062 (   356      0)
caar compute                             512      512 4.147200e+05   2.423122e+03     5.681 (   181      0)     3.958 (   491      0)
caar_bexchV                              512      512 4.147200e+05   4.588864e+03    19.980 (   441      0)     2.588 (   356      0)
tl-ae advance_hypervis_dp                512      512 8.294400e+04   5.448772e+03    16.892 (   180      0)     7.511 (   342      0)
hvf-bhwk                                 512      512 2.488320e+05   3.239268e+03    11.103 (   180      0)     4.589 (   362      0)
hvf-bexch                                512      512 4.976640e+05   3.319644e+03    13.082 (   247      0)     2.968 (   342      0)
tl-s prim_advec_tracers_remap            512      512 8.294400e+04   3.808816e+04    83.224 (   347      0)    65.239 (   473      0)
tl-at prim_advec_tracers_remap_RK2       512      512 8.294400e+04   3.808720e+04    83.222 (   347      0)    65.237 (   473      0)
tl-at precompute_divdp                   512      512 8.294400e+04   6.989523e+01     0.210 (    36      0)     0.075 (   199      0)
tl-at esf-0                              512      512 8.294400e+04   1.125115e+04    25.574 (   356      0)    16.926 (   235      0)
tl-at esf-1                              512      512 8.294400e+04   7.946853e+03    17.963 (   362      0)    13.202 (   480      0)
tl-at esf-2                              512      512 8.294400e+04   1.781021e+04    39.517 (   415      0)    29.513 (   441      0)
tl-at qdp_time_avg                       512      512 8.294400e+04   1.003875e+03     2.996 (   335      0)     1.383 (   507      0)
tl-sc vertical_remap                     512      512 2.764800e+04   4.964407e+03    10.713 (   443      0)     9.424 (   505      0)
Remap Thickness Functor                  512      512 2.764800e+04   2.962083e+01     0.067 (   190      0)     0.049 (   506      0)
Remap Scale States Functor               512      512 2.764800e+04   1.592242e+01     0.049 (   190      0)     0.023 (   506      0)
Remap Compute Grids Functor              512      512 2.764800e+04   1.843651e+02     0.447 (    96      0)     0.302 (   207      0)
Remap Compute Remap Functor              512      512 2.764800e+04   4.704803e+03    10.210 (   443      0)     8.955 (   122      0)
Remap Rescale States Functor             512      512 2.764800e+04   1.754409e+01     0.050 (   227      0)     0.031 (   333      0)
tl-sc Q-from-qdp                         512      512 2.764800e+04   6.367847e+02     1.450 (   128      0)     1.188 (   438      0)
t_prf                                      0        0 0.000000e+00   0.000000e+00     0.000 (     0      0)     0.000 (     0      0)

