LAST_GIT_COMMIT_SHA:STRING=4790f40f2fb6acbc051ce4c988681a628c18e83d

***** GLOBAL STATISTICS (   384 MPI TASKS) *****

$Id: gptl.c,v 1.157 2011-03-28 20:55:18 rosinski Exp $
'count' is cumulative. All other stats are max/min
name                               processes  threads        count      walltotal   wallmax (proc   thrd  )   wallmin (proc   thrd  )
Total                                    384      384 3.840000e+02   1.127439e+04    29.363 (   232      0)    29.359 (   116      0)
prim_init1                               384      384 3.840000e+02   8.834487e+01     0.234 (     0      0)     0.228 (   294      0)
repro_sum_int                            384      384 1.728000e+04   1.211088e+01     0.051 (    32      0)     0.017 (   185      0)
prim_init2                               384      384 3.840000e+02   7.846243e+01     0.213 (    85      0)     0.191 (   181      0)
prim_printstate                          384      384 3.840000e+02   1.247177e+01     0.038 (     0      0)     0.032 (   289      0)
interp_movie_output                      384      384 7.680000e+02   2.000041e-01     0.001 (     0      0)     0.000 (   298      0)
prim_main_loop                           384      384 3.840000e+02   1.096100e+04    28.546 (   232      0)    28.543 (    33      0)
prim_run                                 384      384 9.216000e+04   1.096010e+04    28.544 (   232      0)    28.541 (     4      0)
tl-sc prim_run_subcycle_c                384      384 9.216000e+04   1.095625e+04    28.535 (   197      0)    28.529 (   158      0)
tl-sc dp3d-from-ps                       384      384 9.216000e+04   3.575161e+00     0.010 (   192      0)     0.009 (    77      0)
tl-sc prim_step-loop                     384      384 9.216000e+04   9.929355e+03    25.922 (     3      0)    25.761 (   111      0)
tl-s prim_step                           384      384 2.764800e+05   9.927545e+03    25.918 (     3      0)    25.756 (   111      0)
tl-s deep_copy+derived_dp                384      384 2.764800e+05   1.631525e+01     0.048 (   256      0)     0.038 (   183      0)
tl-s prim_advance_exp-loop               384      384 2.764800e+05   3.113855e+03     9.458 (    32      0)     6.960 (   218      0)
tl-ae prim_advance_exp                   384      384 2.764800e+05   3.111647e+03     9.452 (    32      0)     6.953 (   218      0)
tl-ae U3-5stage_timestep                 384      384 2.764800e+05   1.674461e+03     5.838 (    32      0)     3.393 (   197      0)
caar compute                             384      384 1.382400e+06   4.761165e+02     1.421 (   192      0)     1.111 (    29      0)
caar_bexchV                              384      384 1.382400e+06   1.153889e+03     4.589 (    32      0)     1.884 (   192      0)
tl-ae advance_hypervis_dp                384      384 2.764800e+05   1.432840e+03     4.250 (    42      0)     3.368 (   240      0)
hvf-bhwk                                 384      384 8.294400e+05   8.035809e+02     2.455 (   334      0)     1.888 (   241      0)
hvf-bexch                                384      384 1.658880e+06   9.701218e+02     3.060 (    42      0)     2.122 (   240      0)
tl-s prim_advec_tracers_remap            384      384 2.764800e+05   6.791696e+03    18.828 (   218      0)    16.351 (    32      0)
tl-at prim_advec_tracers_remap_RK2       384      384 2.764800e+05   6.789133e+03    18.821 (   218      0)    16.344 (    32      0)
tl-at precompute_divdp                   384      384 2.764800e+05   1.798464e+01     0.061 (     0      0)     0.039 (    95      0)
tl-at esf-0                              384      384 2.764800e+05   1.851121e+03     5.795 (   208      0)     3.962 (   329      0)
tl-at esf-1                              384      384 2.764800e+05   1.391162e+03     4.135 (   264      0)     2.964 (    31      0)
tl-at esf-2                              384      384 2.764800e+05   3.374441e+03     9.797 (   245      0)     8.146 (   357      0)
tl-at qdp_time_avg                       384      384 2.764800e+05   1.416579e+02     0.407 (   244      0)     0.321 (    14      0)
tl-sc vertical_remap                     384      384 9.216000e+04   9.106964e+02     2.468 (   111      0)     2.309 (     3      0)
Remap Thickness Functor                  384      384 9.216000e+04   8.969310e+00     0.026 (     5      0)     0.021 (   191      0)
Remap Scale States Functor               384      384 9.216000e+04   4.737947e+00     0.015 (    87      0)     0.010 (    12      0)
Remap Compute Grids Functor              384      384 9.216000e+04   3.454253e+01     0.097 (   240      0)     0.082 (    13      0)
Remap Compute Remap Functor              384      384 9.216000e+04   8.445416e+02     2.296 (   111      0)     2.144 (    22      0)
Remap Rescale States Functor             384      384 9.216000e+04   5.713289e+00     0.016 (   342      0)     0.013 (   230      0)
tl-sc Q-from-qdp                         384      384 9.216000e+04   1.101386e+02     0.307 (     0      0)     0.285 (   158      0)
t_prf                                      0        0 0.000000e+00   0.000000e+00     0.000 (     0      0)     0.000 (     0      0)

