LAST_GIT_COMMIT_SHA:STRING=4790f40f2fb6acbc051ce4c988681a628c18e83d

***** GLOBAL STATISTICS (   960 MPI TASKS) *****

$Id: gptl.c,v 1.157 2011-03-28 20:55:18 rosinski Exp $
'count' is cumulative. All other stats are max/min
name                               processes  threads        count      walltotal   wallmax (proc   thrd  )   wallmin (proc   thrd  )
Total                                    960      960 9.600000e+02   1.364912e+05   142.278 (   216      0)   142.035 (   346      0)
prim_init1                               960      960 9.600000e+02   1.596966e+03     1.680 (     0      0)     1.581 (   680      0)
repro_sum_int                            960      960 4.320000e+04   5.531363e+01     0.142 (   648      0)     0.024 (   233      0)
prim_init2                               960      960 9.600000e+02   1.649092e+03     1.806 (   641      0)     1.673 (   719      0)
prim_printstate                          960      960 9.600000e+02   1.806773e+02     0.193 (     0      0)     0.188 (   822      0)
interp_movie_output                      960      960 1.920000e+03   3.849161e-01     0.001 (   776      0)     0.000 (   700      0)
prim_main_loop                           960      960 9.600000e+02   1.182401e+05   123.265 (   216      0)   123.024 (   346      0)
prim_run                                 960      960 4.800000e+04   1.182392e+05   123.265 (   216      0)   123.023 (   346      0)
tl-sc prim_run_subcycle_c                960      960 4.800000e+04   1.181318e+05   123.161 (   111      0)   122.952 (   343      0)
tl-sc dp3d-from-ps                       960      960 4.800000e+04   1.584721e+01     0.018 (   576      0)     0.015 (   164      0)
tl-sc prim_step-loop                     960      960 4.800000e+04   1.062940e+05   111.386 (   131      0)   109.607 (   528      0)
tl-s prim_step                           960      960 1.440000e+05   1.062930e+05   111.385 (   131      0)   109.605 (   528      0)
tl-s deep_copy+derived_dp                960      960 1.440000e+05   1.242895e+02     0.178 (   255      0)     0.105 (   127      0)
tl-s prim_advance_exp-loop               960      960 1.440000e+05   2.733028e+04    41.790 (   344      0)    16.965 (   131      0)
tl-ae prim_advance_exp                   960      960 1.440000e+05   2.732861e+04    41.789 (   344      0)    16.963 (   131      0)
tl-ae U3-5stage_timestep                 960      960 1.440000e+05   1.560206e+04    28.080 (   516      0)     8.475 (   217      0)
caar compute                             960      960 7.200000e+05   4.856213e+03     5.787 (   652      0)     4.382 (   353      0)
caar_bexchV                              960      960 7.200000e+05   1.055885e+04    22.986 (   516      0)     2.887 (   132      0)
tl-ae advance_hypervis_dp                960      960 1.440000e+05   1.172349e+04    20.290 (   474      0)     7.820 (   203      0)
hvf-bhwk                                 960      960 4.320000e+05   6.865012e+03    12.444 (   474      0)     4.770 (   203      0)
hvf-bexch                                960      960 8.640000e+05   7.318236e+03    16.098 (   474      0)     3.215 (   128      0)
tl-s prim_advec_tracers_remap            960      960 1.440000e+05   7.883403e+04    94.292 (   131      0)    68.787 (   344      0)
tl-at prim_advec_tracers_remap_RK2       960      960 1.440000e+05   7.883240e+04    94.290 (   131      0)    68.786 (   344      0)
tl-at precompute_divdp                   960      960 1.440000e+05   1.244491e+02     0.230 (   578      0)     0.084 (   337      0)
tl-at esf-0                              960      960 1.440000e+05   2.243178e+04    30.217 (   210      0)    16.966 (   364      0)
tl-at esf-1                              960      960 1.440000e+05   1.520170e+04    20.397 (   133      0)    13.183 (   363      0)
tl-at esf-2                              960      960 1.440000e+05   3.929979e+04    49.084 (   129      0)    33.035 (   357      0)
tl-at qdp_time_avg                       960      960 1.440000e+05   1.766034e+03     2.279 (   233      0)     1.501 (   572      0)
tl-sc vertical_remap                     960      960 4.800000e+04   1.053292e+04    12.041 (   528      0)    10.398 (   933      0)
Remap Thickness Functor                  960      960 4.800000e+04   5.973532e+01     0.075 (   684      0)     0.055 (   212      0)
Remap Scale States Functor               960      960 4.800000e+04   2.989641e+01     0.043 (   684      0)     0.022 (   130      0)
Remap Compute Grids Functor              960      960 4.800000e+04   3.867069e+02     0.504 (   680      0)     0.335 (   385      0)
Remap Compute Remap Functor              960      960 4.800000e+04   9.996663e+03    11.455 (   528      0)     9.891 (   933      0)
Remap Rescale States Functor             960      960 4.800000e+04   3.500162e+01     0.042 (   434      0)     0.034 (   143      0)
tl-sc Q-from-qdp                         960      960 4.800000e+04   1.287416e+03     1.438 (   576      0)     1.325 (   569      0)
t_prf                                      0        0 0.000000e+00   0.000000e+00     0.000 (     0      0)     0.000 (     0      0)

