LAST_GIT_COMMIT_SHA:STRING=adf77c97ed8425a245449f2582d2441f4b72da1e
10950816

***** GLOBAL STATISTICS ( 28800 MPI TASKS) *****

$Id: gptl.c,v 1.157 2011-03-28 20:55:18 rosinski Exp $
'count' is cumulative. All other stats are max/min
name                           processes  threads        count      walltotal   wallmax (proc   thrd  )   wallmin (proc   thrd  )
"Total"                            28800    28800 2.880000e+04   6.936217e+06   240.931 (   200      0)   240.774 ( 27130      0)
"prim_init1"                       28800    28800 2.880000e+04   1.537811e+05     5.559 (   203      0)     5.046 ( 11059      0)
"PartitioningTime"                 28800    28800 2.880000e+04   1.852412e+03     0.275 ( 18351      0)     0.002 ( 10368      0)
"repro_sum_int"                    28800    28800 1.296000e+06   4.105617e+04     3.115 (    17      0)     0.535 (  3194      0)
"prim_init2"                       28800    57600 5.760000e+04   1.145736e+05     3.677 (     0      0)     1.134 (  9335      1)
"prim_printstate"                  28800    57600 5.760000e+04   3.333868e+04     0.615 ( 27402      0)     0.527 (  2340      1)
"interp_movie_output"              28800    28800 5.760000e+04   5.156952e+02     0.049 ( 11904      0)     0.002 (  9270      0)
"prim_main_loop"                   28800    28800 2.880000e+04   6.213565e+06   215.785 (  8141      0)   215.717 ( 15535      0)
"prim_run"                         28800    57600 8.640000e+07   1.242606e+07   215.774 (  8177      1)   215.695 ( 17497      0)
"ApplyCAMForcing"                  28800    57600 8.640000e+07   6.873069e+04     1.739 (  2048      0)     0.751 ( 25728      1)
"prim_step_rX"                     28800    57600 2.592000e+08   1.147549e+07   201.126 ( 10095      0)   195.140 ( 25152      1)
"prim_step_dyn"                    28800    57600 2.592000e+08   4.192671e+06    87.339 ( 25496      1)    55.168 (  6236      0)
"prim_advance_exp"                 28800    57600 2.592000e+08   4.190194e+06    87.293 ( 25496      1)    55.128 (  6236      0)
"U3-5stage_timestep"               28800    57600 2.592000e+08   2.111349e+06    55.638 ( 25512      1)    25.154 ( 16512      0)
"compute_and_apply_rhs"            28800    57600 1.296000e+09   2.095003e+06    55.363 ( 25512      1)    24.803 ( 16512      0)
"caar_bexchV"                      28800    57600 1.296000e+09   1.626450e+06    49.816 ( 25512      1)    12.864 ( 16512      0)
"advance_hypervis_dp"              28800    57600 2.592000e+08   2.074559e+06    48.451 ( 25357      0)    27.589 ( 27161      1)
"biwkdp3d_bexchV"                  28800    57600 7.776000e+08   7.940895e+05    24.146 ( 25501      1)     8.080 (  4928      0)
"ahdp_bexchV2"                     28800    57600 7.776000e+08   7.983472e+05    23.801 ( 25357      1)     8.442 ( 27161      0)
"prim_step_advec"                  28800    57600 2.592000e+08   7.270480e+06   142.744 (  6236      0)   112.134 ( 25496      1)
"PAT_remap"                        28800    57600 2.592000e+08   7.268495e+06   142.711 (  6236      0)   112.098 ( 25496      1)
"prim_advec_tracers_remap_rk2"     28800    57600 2.592000e+08   7.265835e+06   142.671 (  6236      0)   112.049 ( 25496      1)
"precomput_divdp"                  28800    57600 2.592000e+08   8.020982e+03     0.208 (  8704      0)     0.096 ( 21448      1)
"euler_step_0"                     28800    57600 2.592000e+08   1.786223e+06    38.236 (  6220      0)    25.753 (   465      1)
"bihmix_qminmax"                   28800    57600 7.776000e+08   3.222858e+06    68.685 (  6220      0)    49.297 (  8209      1)
"eus_neighbor_minmax1"             28800    57600 2.592000e+08   4.521471e+05    12.922 ( 24819      1)     5.204 ( 12350      0)
"nmm_bexchV"                       28800    57600 2.592000e+08   3.781615e+05    12.097 ( 24819      1)     3.557 (  8167      0)
"eus_2d_advec"                     28800    57600 7.776000e+08   3.956453e+06    85.142 (  4854      0)    59.401 ( 24663      1)
"eus_bexchV"                       28800    57600 7.776000e+08   1.899856e+06    59.248 (  4873      1)    14.241 ( 19712      0)
"euler_step_1"                     28800    57600 2.592000e+08   1.373733e+06    27.794 (  5137      0)    21.017 ( 25496      0)
"euler_step_2"                     28800    57600 2.592000e+08   4.039692e+06    79.876 (  6491      1)    61.058 ( 15249      0)
"nmm_bexchS_start"                 28800    57600 2.592000e+08   1.383221e+05     5.926 ( 18880      1)     0.220 (  8701      0)
"biwksc_bexchV"                    28800    57600 2.592000e+08   7.462251e+05    24.450 (  5831      1)     6.296 ( 18896      0)
"nmm_bexchS_fini"                  28800    57600 2.592000e+08   1.965288e+05    11.076 ( 25276      1)     0.118 (  4845      0)
"qdp_tavg"                         28800    57600 2.592000e+08   4.848755e+04     1.260 ( 21248      0)     0.505 ( 25896      1)
"vertical_remap"                   28800    57600 8.640000e+07   6.186048e+05    16.367 ( 25152      0)     7.500 (  5009      1)
"vertical_remap1_1"                28800    57600 1.296000e+08   3.103375e+04     0.771 ( 18880      0)     0.347 ( 27409      1)
"remap_Q_ppm"                      28800    57600 3.888000e+08   6.056711e+05    16.075 ( 25152      0)     7.338 (  4888      1)
"vertical_remap1_2"                28800    57600 1.296000e+08   4.156522e+04     1.035 ( 18880      0)     0.467 (  5009      1)
"vertical_remap1_3"                28800    57600 1.296000e+08   5.382857e+05    14.443 ( 25152      0)     6.568 (  5009      1)
"prim_run_subcyle_diags"           28800    57600 8.640000e+07   2.144740e+04     0.735 ( 16512      0)     0.234 ( 17536      1)
"t_prf"                                0        0 0.000000e+00   0.000000e+00     0.000 (     0      0)     0.000 (     0      0)

10950816
