LAST_GIT_COMMIT_SHA:STRING=4790f40f2fb6acbc051ce4c988681a628c18e83d

***** GLOBAL STATISTICS (   256 MPI TASKS) *****

$Id: gptl.c,v 1.157 2011-03-28 20:55:18 rosinski Exp $
'count' is cumulative. All other stats are max/min
name                               processes  threads        count      walltotal   wallmax (proc   thrd  )   wallmin (proc   thrd  )
Total                                    256      256 2.560000e+02   3.611143e+04   141.151 (    76      0)   140.852 (    20      0)
prim_init1                               256      256 2.560000e+02   2.202913e+02     0.868 (   250      0)     0.840 (    64      0)
repro_sum_int                            256      256 1.152000e+04   9.827938e+00     0.057 (    33      0)     0.018 (     0      0)
prim_init2                               256      256 2.560000e+02   7.141826e+02     2.842 (    27      0)     2.726 (   191      0)
prim_printstate                          256      256 2.560000e+02   6.997814e+01     0.280 (     0      0)     0.273 (   246      0)
interp_movie_output                      256      256 5.120000e+02   1.133652e-01     0.001 (    60      0)     0.000 (   102      0)
prim_main_loop                           256      256 2.560000e+02   3.293245e+04   128.733 (    76      0)   128.434 (    20      0)
prim_run                                 256      256 6.912000e+03   3.293223e+04   128.732 (    76      0)   128.433 (    20      0)
tl-sc prim_run_subcycle_c                256      256 6.912000e+03   3.284841e+04   128.406 (    76      0)   128.187 (   161      0)
tl-sc dp3d-from-ps                       256      256 6.912000e+03   4.777419e+00     0.028 (   221      0)     0.015 (   252      0)
tl-sc prim_step-loop                     256      256 6.912000e+03   2.998941e+04   117.558 (   147      0)   116.545 (    66      0)
tl-s prim_step                           256      256 2.073600e+04   2.998919e+04   117.557 (   147      0)   116.544 (    66      0)
tl-s deep_copy+derived_dp                256      256 2.073600e+04   5.906119e+01     0.342 (   106      0)     0.121 (   176      0)
tl-s prim_advance_exp-loop               256      256 2.073600e+04   5.629603e+03    31.498 (   161      0)    16.073 (    78      0)
tl-ae prim_advance_exp                   256      256 2.073600e+04   5.629324e+03    31.497 (   161      0)    16.072 (    78      0)
tl-ae U3-5stage_timestep                 256      256 2.073600e+04   3.508796e+03    21.823 (   161      0)     8.158 (    85      0)
caar compute                             256      256 1.036800e+05   1.275504e+03     5.773 (   107      0)     4.096 (   185      0)
caar_bexchV                              256      256 1.036800e+05   2.187611e+03    17.279 (   161      0)     2.599 (    85      0)
tl-ae advance_hypervis_dp                256      256 2.073600e+04   2.120037e+03    11.895 (   170      0)     7.634 (    69      0)
hvf-bhwk                                 256      256 6.220800e+04   1.300965e+03     8.308 (   170      0)     4.536 (    83      0)
hvf-bexch                                256      256 1.244160e+05   9.772213e+02     7.778 (   170      0)     2.910 (   207      0)
tl-s prim_advec_tracers_remap            256      256 2.073600e+04   2.429970e+04   100.774 (    78      0)    85.006 (   161      0)
tl-at prim_advec_tracers_remap_RK2       256      256 2.073600e+04   2.429942e+04   100.773 (    78      0)    85.005 (   161      0)
tl-at precompute_divdp                   256      256 2.073600e+04   4.963199e+01     0.306 (   176      0)     0.117 (   161      0)
tl-at esf-0                              256      256 2.073600e+04   8.055418e+03    34.694 (    48      0)    28.501 (   148      0)
tl-at esf-1                              256      256 2.073600e+04   4.701285e+03    21.889 (   147      0)    15.408 (   161      0)
tl-at esf-2                              256      256 2.073600e+04   1.058855e+04    44.195 (   220      0)    37.588 (   170      0)
tl-at qdp_time_avg                       256      256 2.073600e+04   9.028125e+02     5.162 (    98      0)     1.632 (   178      0)
tl-sc vertical_remap                     256      256 6.912000e+03   2.510662e+03    10.395 (   255      0)     9.443 (   147      0)
Remap Thickness Functor                  256      256 6.912000e+03   1.770294e+01     0.096 (    78      0)     0.051 (   143      0)
Remap Scale States Functor               256      256 6.912000e+03   1.582442e+01     0.113 (   119      0)     0.026 (   143      0)
Remap Compute Grids Functor              256      256 6.912000e+03   1.140087e+02     0.651 (   119      0)     0.324 (   206      0)
Remap Compute Remap Functor              256      256 6.912000e+03   2.342337e+03     9.735 (   196      0)     8.938 (   152      0)
Remap Rescale States Functor             256      256 6.912000e+03   1.121575e+01     0.099 (    80      0)     0.031 (   252      0)
tl-sc Q-from-qdp                         256      256 6.912000e+03   3.432719e+02     1.481 (    98      0)     1.191 (     8      0)
t_prf                                      0        0 0.000000e+00   0.000000e+00     0.000 (     0      0)     0.000 (     0      0)

