LAST_GIT_COMMIT_SHA:STRING=4790f40f2fb6acbc051ce4c988681a628c18e83d

***** GLOBAL STATISTICS (   256 MPI TASKS) *****

$Id: gptl.c,v 1.157 2011-03-28 20:55:18 rosinski Exp $
'count' is cumulative. All other stats are max/min
name                               processes  threads        count      walltotal   wallmax (proc   thrd  )   wallmin (proc   thrd  )
Total                                    256      256 2.560000e+02   1.040573e+04    40.653 (   128      0)    40.643 (    26      0)
prim_init1                               256      256 2.560000e+02   7.180708e+01     0.286 (     0      0)     0.278 (   133      0)
repro_sum_int                            256      256 1.152000e+04   8.357919e+00     0.042 (     6      0)     0.013 (     0      0)
prim_init2                               256      256 2.560000e+02   1.420043e+02     0.564 (    64      0)     0.541 (     0      0)
prim_printstate                          256      256 2.560000e+02   1.644254e+01     0.069 (     0      0)     0.064 (   150      0)
interp_movie_output                      256      256 5.120000e+02   8.077145e-02     0.000 (   137      0)     0.000 (   176      0)
prim_main_loop                           256      256 2.560000e+02   9.935884e+03    38.818 (   128      0)    38.809 (    30      0)
prim_run                                 256      256 1.715200e+04   9.935637e+03    38.817 (   128      0)    38.808 (    40      0)
tl-sc prim_run_subcycle_c                256      256 1.715200e+04   9.930376e+03    38.796 (   224      0)    38.784 (   161      0)
tl-sc dp3d-from-ps                       256      256 1.715200e+04   1.867494e+00     0.008 (   182      0)     0.007 (     6      0)
tl-sc prim_step-loop                     256      256 1.715200e+04   8.818478e+03    34.572 (    65      0)    34.316 (   194      0)
tl-s prim_step                           256      256 5.145600e+04   8.818078e+03    34.570 (    65      0)    34.314 (   194      0)
tl-s deep_copy+derived_dp                256      256 5.145600e+04   1.365692e+01     0.066 (   218      0)     0.045 (   221      0)
tl-s prim_advance_exp-loop               256      256 5.145600e+04   2.063747e+03     9.214 (   251      0)     7.225 (    74      0)
tl-ae prim_advance_exp                   256      256 5.145600e+04   2.063251e+03     9.212 (   251      0)     7.223 (    74      0)
tl-ae U3-5stage_timestep                 256      256 5.145600e+04   1.126641e+03     5.651 (   251      0)     3.588 (    74      0)
caar compute                             256      256 2.572800e+05   5.186459e+02     2.245 (    64      0)     1.753 (   234      0)
caar_bexchV                              256      256 2.572800e+05   5.831835e+02     3.709 (   251      0)     1.259 (    64      0)
tl-ae advance_hypervis_dp                256      256 5.145600e+04   9.355195e+02     3.888 (   171      0)     3.538 (   232      0)
hvf-bhwk                                 256      256 1.543680e+05   5.651799e+02     2.447 (   170      0)     2.090 (   218      0)
hvf-bexch                                256      256 3.087360e+05   4.544821e+02     2.058 (   171      0)     1.508 (    64      0)
tl-s prim_advec_tracers_remap            256      256 5.145600e+04   6.739154e+03    27.283 (    74      0)    25.116 (   251      0)
tl-at prim_advec_tracers_remap_RK2       256      256 5.145600e+04   6.738586e+03    27.281 (    74      0)    25.114 (   251      0)
tl-at precompute_divdp                   256      256 5.145600e+04   1.391500e+01     0.075 (   223      0)     0.045 (   254      0)
tl-at esf-0                              256      256 5.145600e+04   1.894180e+03     8.397 (    80      0)     6.252 (    92      0)
tl-at esf-1                              256      256 5.145600e+04   1.435959e+03     6.243 (    53      0)     5.108 (   249      0)
tl-at esf-2                              256      256 5.145600e+04   3.214262e+03    13.620 (    22      0)    11.858 (    87      0)
tl-at qdp_time_avg                       256      256 5.145600e+04   1.772583e+02     0.749 (   134      0)     0.605 (   223      0)
tl-sc vertical_remap                     256      256 1.715200e+04   9.872368e+02     3.987 (   194      0)     3.736 (    65      0)
Remap Thickness Functor                  256      256 1.715200e+04   6.946874e+00     0.030 (   162      0)     0.024 (    74      0)
Remap Scale States Functor               256      256 1.715200e+04   3.530901e+00     0.017 (    33      0)     0.011 (    74      0)
Remap Compute Grids Functor              256      256 1.715200e+04   3.736172e+01     0.159 (    33      0)     0.125 (   224      0)
Remap Compute Remap Functor              256      256 1.715200e+04   9.309590e+02     3.768 (   194      0)     3.536 (    65      0)
Remap Rescale States Functor             256      256 1.715200e+04   3.838650e+00     0.019 (    39      0)     0.014 (   123      0)
tl-sc Q-from-qdp                         256      256 1.715200e+04   1.222892e+02     0.493 (    64      0)     0.475 (   254      0)
t_prf                                      0        0 0.000000e+00   0.000000e+00     0.000 (     0      0)     0.000 (     0      0)

