LAST_GIT_COMMIT_SHA:STRING=4790f40f2fb6acbc051ce4c988681a628c18e83d

***** GLOBAL STATISTICS (  9600 MPI TASKS) *****

$Id: gptl.c,v 1.157 2011-03-28 20:55:18 rosinski Exp $
'count' is cumulative. All other stats are max/min
name                               processes  threads        count      walltotal   wallmax (proc   thrd  )   wallmin (proc   thrd  )
Total                                   9600     9600 9.600000e+03   1.465459e+06   152.693 (  2262      0)   152.609 (  5212      0)
prim_init1                              9600     9600 9.600000e+03   2.128552e+04     2.246 (     0      0)     2.092 (  9380      0)
repro_sum_int                           9600     9600 4.320000e+05   3.547727e+03     0.796 (  5232      0)     0.067 (   701      0)
prim_init2                              9600     9600 9.600000e+03   8.193591e+03     1.279 (   233      0)     0.544 (  3068      0)
prim_printstate                         9600     9600 9.600000e+03   1.181206e+03     0.134 (  8320      0)     0.114 (  7763      0)
interp_movie_output                     9600     9600 1.920000e+04   5.604656e+01     0.022 (  1275      0)     0.000 (  9095      0)
prim_main_loop                          9600     9600 9.600000e+03   1.275788e+06   132.931 (  7424      0)   132.858 (  9050      0)
prim_run                                9600     9600 4.800000e+06   1.275711e+06   132.922 (  7424      0)   132.844 (  9053      0)
tl-sc prim_run_subcycle_c               9600     9600 4.800000e+06   1.275441e+06   132.896 (  2263      0)   132.813 (  9055      0)
tl-sc dp3d-from-ps                      9600     9600 4.800000e+06   3.226357e+02     0.041 (  2624      0)     0.025 (  8231      0)
tl-sc prim_step-loop                    9600     9600 4.800000e+06   1.150238e+06   120.590 (  1914      0)   118.641 (  3793      0)
tl-s prim_step                          9600     9600 1.440000e+07   1.150140e+06   120.581 (  1914      0)   118.631 (  3793      0)
tl-s deep_copy+derived_dp               9600     9600 1.440000e+07   1.549074e+03     0.199 (  1291      0)     0.134 (  8338      0)
tl-s prim_advance_exp-loop              9600     9600 1.440000e+07   3.741461e+05    51.019 (  8323      0)    27.264 (  1320      0)
tl-ae prim_advance_exp                  9600     9600 1.440000e+07   3.739957e+05    51.004 (  8323      0)    27.246 (  1320      0)
tl-ae U3-5stage_timestep                9600     9600 1.440000e+07   1.849257e+05    29.412 (  8380      0)    13.160 (  1321      0)
caar compute                            9600     9600 7.200000e+07   5.484625e+04     7.021 (  7424      0)     4.974 (  3450      0)
caar_bexchV                             9600     9600 7.200000e+07   1.266060e+05    23.914 (  8380      0)     6.682 (  2840      0)
tl-ae advance_hypervis_dp               9600     9600 1.440000e+07   1.888033e+05    29.040 (  8305      0)    13.502 (  1334      0)
hvf-bhwk                                9600     9600 4.320000e+07   1.046952e+05    17.672 (  8311      0)     7.837 (  1333      0)
hvf-bexch                               9600     9600 8.640000e+07   1.367468e+05    23.826 (  8305      0)     7.514 (  1282      0)
tl-s prim_advec_tracers_remap           9600     9600 1.440000e+07   7.740823e+05    92.403 (  1320      0)    68.964 (  8323      0)
tl-at prim_advec_tracers_remap_RK2      9600     9600 1.440000e+07   7.739341e+05    92.387 (  1320      0)    68.950 (  8323      0)
tl-at precompute_divdp                  9600     9600 1.440000e+07   1.670999e+03     0.246 (  2176      0)     0.132 (  7199      0)
tl-at esf-0                             9600     9600 1.440000e+07   1.940281e+05    24.343 (  2168      0)    17.760 (  8341      0)
tl-at esf-1                             9600     9600 1.440000e+07   1.542374e+05    19.678 (  2163      0)    13.550 (  8363      0)
tl-at esf-2                             9600     9600 1.440000e+07   4.060426e+05    49.790 (  1290      0)    34.590 (  1821      0)
tl-at qdp_time_avg                      9600     9600 1.440000e+07   1.721547e+04     2.130 (  7424      0)     1.390 (  2041      0)
tl-sc vertical_remap                    9600     9600 4.800000e+06   1.118408e+05    12.835 (  3793      0)    10.883 (  1914      0)
Remap Thickness Functor                 9600     9600 4.800000e+06   1.061680e+03     0.131 (  2112      0)     0.092 (  1911      0)
Remap Scale States Functor              9600     9600 4.800000e+06   5.359145e+02     0.071 (  2415      0)     0.041 (  9168      0)
Remap Compute Grids Functor             9600     9600 4.800000e+06   4.403794e+03     0.520 (  7484      0)     0.398 (  7265      0)
Remap Compute Remap Functor             9600     9600 4.800000e+06   1.040012e+05    12.009 (  3793      0)    10.119 (  1914      0)
Remap Rescale States Functor            9600     9600 4.800000e+06   5.367598e+02     0.074 (  1472      0)     0.046 (   360      0)
tl-sc Q-from-qdp                        9600     9600 4.800000e+06   1.290767e+04     1.495 (  8704      0)     1.331 (  7583      0)
t_prf                                      0        0 0.000000e+00   0.000000e+00     0.000 (     0      0)     0.000 (     0      0)

