LAST_GIT_COMMIT_SHA:STRING=4790f40f2fb6acbc051ce4c988681a628c18e83d

***** GLOBAL STATISTICS (   128 MPI TASKS) *****

$Id: gptl.c,v 1.157 2011-03-28 20:55:18 rosinski Exp $
'count' is cumulative. All other stats are max/min
name                               processes  threads        count      walltotal   wallmax (proc   thrd  )   wallmin (proc   thrd  )
Total                                    128      128 1.280000e+02   3.932162e+03    30.720 (     0      0)    30.720 (    93      0)
prim_init1                               128      128 1.280000e+02   2.064891e+01     0.162 (    26      0)     0.160 (    65      0)
repro_sum_int                            128      128 5.760000e+03   2.449247e+00     0.035 (    52      0)     0.010 (     0      0)
prim_init2                               128      128 1.280000e+02   1.992583e+01     0.164 (    56      0)     0.149 (     0      0)
prim_printstate                          128      128 1.280000e+02   3.098321e+00     0.030 (     0      0)     0.024 (    97      0)
interp_movie_output                      128      128 2.560000e+02   5.311203e-02     0.001 (    21      0)     0.000 (   107      0)
prim_main_loop                           128      128 1.280000e+02   3.871626e+03    30.247 (   107      0)    30.247 (    32      0)
prim_run                                 128      128 4.275200e+04   3.871241e+03    30.245 (   113      0)    30.244 (    43      0)
tl-sc prim_run_subcycle_c                128      128 4.275200e+04   3.869910e+03    30.235 (     4      0)    30.232 (   126      0)
tl-sc dp3d-from-ps                       128      128 4.275200e+04   1.413235e+00     0.012 (     0      0)     0.010 (    19      0)
tl-sc prim_step-loop                     128      128 4.275200e+04   3.504503e+03    27.461 (    75      0)    27.228 (    39      0)
tl-s prim_step                           128      128 1.282560e+05   3.503652e+03    27.454 (    75      0)    27.222 (    39      0)
tl-s deep_copy+derived_dp                128      128 1.282560e+05   6.431975e+00     0.055 (     0      0)     0.047 (    73      0)
tl-s prim_advance_exp-loop               128      128 1.282560e+05   1.137846e+03    10.139 (   126      0)     7.765 (    37      0)
tl-ae prim_advance_exp                   128      128 1.282560e+05   1.136895e+03    10.132 (   126      0)     7.757 (    37      0)
tl-ae U3-5stage_timestep                 128      128 1.282560e+05   6.048253e+02     5.864 (   126      0)     3.788 (    37      0)
caar compute                             128      128 6.412800e+05   2.093054e+02     1.822 (     0      0)     1.525 (    81      0)
caar_bexchV                              128      128 6.412800e+05   3.772664e+02     4.157 (   126      0)     1.964 (    37      0)
tl-ae advance_hypervis_dp                128      128 1.282560e+05   5.301109e+02     4.325 (    88      0)     3.954 (    37      0)
hvf-bhwk                                 128      128 3.847680e+05   3.036556e+02     2.560 (   123      0)     2.255 (    37      0)
hvf-bexch                                128      128 7.695360e+05   3.294494e+02     2.790 (   127      0)     2.327 (     0      0)
tl-s prim_advec_tracers_remap            128      128 1.282560e+05   2.356868e+03    19.578 (    37      0)    17.129 (   126      0)
tl-at prim_advec_tracers_remap_RK2       128      128 1.282560e+05   2.355663e+03    19.568 (    37      0)    17.120 (   126      0)
tl-at precompute_divdp                   128      128 1.282560e+05   7.788322e+00     0.084 (    64      0)     0.052 (    24      0)
tl-at esf-0                              128      128 1.282560e+05   6.202959e+02     5.455 (    37      0)     4.342 (    85      0)
tl-at esf-1                              128      128 1.282560e+05   4.894125e+02     4.303 (   112      0)     3.290 (   126      0)
tl-at esf-2                              128      128 1.282560e+05   1.180680e+03     9.671 (   110      0)     8.746 (   125      0)
tl-at qdp_time_avg                       128      128 1.282560e+05   5.152553e+01     0.444 (    39      0)     0.344 (    76      0)
tl-sc vertical_remap                     128      128 4.275200e+04   3.241319e+02     2.681 (    39      0)     2.452 (    75      0)
Remap Thickness Functor                  128      128 4.275200e+04   3.924187e+00     0.034 (    62      0)     0.028 (    88      0)
Remap Scale States Functor               128      128 4.275200e+04   1.938811e+00     0.018 (   106      0)     0.013 (     0      0)
Remap Compute Grids Functor              128      128 4.275200e+04   1.564854e+01     0.132 (    62      0)     0.115 (    75      0)
Remap Compute Remap Functor              128      128 4.275200e+04   2.965262e+02     2.455 (    58      0)     2.251 (    75      0)
Remap Rescale States Functor             128      128 4.275200e+04   2.212344e+00     0.019 (     0      0)     0.016 (    86      0)
tl-sc Q-from-qdp                         128      128 4.275200e+04   3.872162e+01     0.326 (     0      0)     0.300 (    49      0)
t_prf                                      0        0 0.000000e+00   0.000000e+00     0.000 (     0      0)     0.000 (     0      0)

