LAST_GIT_COMMIT_SHA:STRING=adf77c97ed8425a245449f2582d2441f4b72da1e
10950811

***** GLOBAL STATISTICS (  2880 MPI TASKS) *****

$Id: gptl.c,v 1.157 2011-03-28 20:55:18 rosinski Exp $
'count' is cumulative. All other stats are max/min
name                           processes  threads        count      walltotal   wallmax (proc   thrd  )   wallmin (proc   thrd  )
"Total"                             2880     2880 2.880000e+03   5.075210e+05   176.268 (  2732      0)   176.171 (   461      0)
"prim_init1"                        2880     2880 2.880000e+03   4.904009e+03     1.730 (  1793      0)     1.565 (   895      0)
"PartitioningTime"                  2880     2880 2.880000e+03   8.258588e+00     0.005 (  1203      0)     0.002 (  1338      0)
"repro_sum_int"                     2880     2880 1.296000e+05   2.838216e+02     0.262 (  2530      0)     0.042 (  2816      0)
"prim_init2"                        2880     5760 5.760000e+03   1.037175e+03     0.344 (  2339      0)     0.124 (     0      1)
"prim_printstate"                   2880     5760 5.760000e+03   3.710965e+02     0.071 (     0      0)     0.063 (  2475      1)
"interp_movie_output"               2880     2880 5.760000e+03   3.421778e+00     0.002 (  1073      0)     0.000 (    11      0)
"prim_main_loop"                    2880     2880 2.880000e+03   4.575225e+05   158.908 (  2732      0)   158.809 (   461      0)
"prim_run"                          2880     5760 8.640000e+05   9.150330e+05   158.906 (  2732      0)   158.807 (   461      0)
"ApplyCAMForcing"                   2880     5760 8.640000e+05   9.141625e+03     2.198 (  2696      0)     1.245 (  1459      1)
"prim_step_rX"                      2880     5760 2.592000e+06   8.276581e+05   144.429 (  1433      1)   142.057 (  1807      1)
"prim_step_dyn"                     2880     5760 2.592000e+06   2.264893e+05    49.936 (    94      1)    26.555 (  2732      0)
"prim_advance_exp"                  2880     5760 2.592000e+06   2.264466e+05    49.929 (    94      1)    26.548 (  2732      0)
"U3-5stage_timestep"                2880     5760 2.592000e+06   1.150549e+05    30.306 (  1449      1)    13.391 (  2733      0)
"compute_and_apply_rhs"             2880     5760 1.296000e+07   1.141019e+05    30.156 (  1449      0)    13.194 (  2733      0)
"caar_bexchV"                       2880     5760 1.296000e+07   6.235387e+04    22.068 (  1449      1)     2.689 (  2733      0)
"advance_hypervis_dp"               2880     5760 2.592000e+06   1.113204e+05    27.284 (  2527      0)    12.840 (  2739      1)
"biwkdp3d_bexchV"                   2880     5760 7.776000e+06   3.088091e+04    11.716 (  2514      0)     1.363 (  2737      0)
"ahdp_bexchV2"                      2880     5760 7.776000e+06   3.049495e+04    11.515 (  2502      1)     1.530 (  2739      0)
"prim_step_advec"                   2880     5760 2.592000e+06   5.998790e+05   116.210 (  2732      0)    94.035 (    94      1)
"PAT_remap"                         2880     5760 2.592000e+06   5.998543e+05   116.206 (  2732      0)    94.031 (    94      1)
"prim_advec_tracers_remap_rk2"      2880     5760 2.592000e+06   5.998211e+05   116.200 (  2732      0)    94.025 (    94      1)
"precomput_divdp"                   2880     5760 2.592000e+06   8.682208e+02     0.194 (  1776      1)     0.129 (  2851      0)
"euler_step_0"                      2880     5760 2.592000e+06   1.473775e+05    30.760 (  2729      0)    21.766 (    91      1)
"bihmix_qminmax"                    2880     5760 7.776000e+06   2.652190e+05    52.453 (  2735      1)    41.327 (   104      1)
"eus_neighbor_minmax1"              2880     5760 2.592000e+06   2.885588e+04     8.096 (  2454      1)     3.126 (  1339      0)
"nmm_bexchV"                        2880     5760 2.592000e+06   1.603078e+04     6.254 (  2573      1)     1.299 (  1011      0)
"eus_2d_advec"                      2880     5760 7.776000e+06   3.242776e+05    64.746 (  2569      1)    49.794 (  1538      0)
"eus_bexchV"                        2880     5760 7.776000e+06   7.558120e+04    21.059 (  2686      1)     7.779 (  1600      0)
"euler_step_1"                      2880     5760 2.592000e+06   1.155384e+05    23.816 (  2371      0)    18.150 (  1539      0)
"euler_step_2"                      2880     5760 2.592000e+06   3.268336e+05    63.031 (  2554      0)    51.464 (  1035      0)
"nmm_bexchS_start"                  2880     5760 2.592000e+06   2.037930e+02     0.560 (  2560      1)     0.006 (  1067      1)
"biwksc_bexchV"                     2880     5760 2.592000e+06   2.823256e+04     8.883 (  1437      0)     2.964 (  1600      0)
"nmm_bexchS_fini"                   2880     5760 2.592000e+06   4.749870e+03     1.791 (  2723      0)     0.482 (  2432      0)
"qdp_tavg"                          2880     5760 2.592000e+06   9.065685e+03     2.337 (  1242      0)     0.965 (   103      1)
"vertical_remap"                    2880     5760 8.640000e+05   7.150581e+04    14.237 (  1807      0)    11.929 (  1074      0)
"vertical_remap1_1"                 2880     5760 1.296000e+07   3.184467e+03     0.688 (  1807      0)     0.504 (  1066      0)
"remap_Q_ppm"                       2880     5760 3.888000e+07   7.023537e+04    14.011 (  1807      0)    11.725 (  1074      0)
"vertical_remap1_2"                 2880     5760 1.296000e+07   4.465729e+03     0.974 (  1807      0)     0.718 (  1074      1)
"vertical_remap1_3"                 2880     5760 1.296000e+07   6.310128e+04    12.443 (  1807      0)    10.567 (  2577      0)
"prim_run_subcyle_diags"            2880     5760 8.640000e+05   5.028090e+03     1.410 (  2739      0)     0.683 (  1468      0)
"t_prf"                                0        0 0.000000e+00   0.000000e+00     0.000 (     0      0)     0.000 (     0      0)

10950811
