LAST_GIT_COMMIT_SHA:STRING=adf77c97ed8425a245449f2582d2441f4b72da1e
10950714

***** GLOBAL STATISTICS (  4096 MPI TASKS) *****

$Id: gptl.c,v 1.157 2011-03-28 20:55:18 rosinski Exp $
'count' is cumulative. All other stats are max/min
name                           processes  threads        count      walltotal   wallmax (proc   thrd  )   wallmin (proc   thrd  )
"Total"                             4096     4096 4.096000e+03   7.736797e+05   188.905 (   512      0)   188.872 (  2182      0)
"prim_init1"                        4096     4096 4.096000e+03   3.021050e+03     0.746 (  2156      0)     0.712 (  1464      0)
"PartitioningTime"                  4096     4096 4.096000e+03   5.302965e+00     0.003 (  2068      0)     0.001 (  3840      0)
"repro_sum_int"                     4096     4096 1.843200e+05   6.053792e+02     0.282 (   970      0)     0.044 (   315      0)
"prim_init2"                        4096     8192 8.192000e+03   1.666118e+03     0.338 (  1698      1)     0.100 (   935      0)
"prim_printstate"                   4096     8192 8.192000e+03   4.769223e+02     0.068 (     0      0)     0.056 (  2751      0)
"interp_movie_output"               4096     4096 8.192000e+03   1.009368e+01     0.005 (   865      0)     0.000 (    13      0)
"prim_main_loop"                    4096     4096 4.096000e+03   7.538682e+05   184.065 (   512      0)   184.034 (  2182      0)
"prim_run"                          4096     8192 6.995968e+06   1.507676e+06   184.058 (   814      1)   184.027 (  1954      0)
"ApplyCAMForcing"                   4096     8192 6.995968e+06   1.299015e+04     1.769 (  1536      0)     1.328 (   896      1)
"prim_step_rX"                      4096     8192 2.098790e+07   1.369175e+06   168.026 (  2908      1)   165.706 (   512      1)
"prim_step_dyn"                     4096     8192 2.098790e+07   4.260191e+05    65.783 (   294      1)    38.642 (   512      0)
"prim_advance_exp"                  4096     8192 2.098790e+07   4.257475e+05    65.751 (   294      1)    38.608 (   512      0)
"U3-5stage_timestep"                4096     8192 2.098790e+07   2.208735e+05    41.353 (  3322      1)    18.072 (   512      0)
"compute_and_apply_rhs"             4096     8192 1.049395e+08   2.184305e+05    41.088 (  3322      1)    17.774 (   512      0)
"caar_bexchV"                       4096     8192 1.049395e+08   1.352861e+05    31.751 (  3322      1)     6.241 (   512      0)
"advance_hypervis_dp"               4096     8192 2.098790e+07   2.043724e+05    32.651 (  1544      1)    19.028 (   520      0)
"biwkdp3d_bexchV"                   4096     8192 6.296371e+07   6.160440e+04    14.205 (  1602      0)     3.811 (   512      0)
"ahdp_bexchV2"                      4096     8192 6.296371e+07   6.093696e+04    13.917 (  1600      1)     4.241 (   518      1)
"prim_step_advec"                   4096     8192 2.098790e+07   9.410608e+05   127.307 (   513      0)   101.571 (   294      1)
"PAT_remap"                         4096     8192 2.098790e+07   9.408728e+05   127.283 (   513      0)   101.548 (   294      1)
"prim_advec_tracers_remap_rk2"      4096     8192 2.098790e+07   9.406213e+05   127.252 (   513      0)   101.515 (   294      1)
"precomput_divdp"                   4096     8192 2.098790e+07   1.356071e+03     0.203 (   512      0)     0.152 (  1152      1)
"euler_step_0"                      4096     8192 2.098790e+07   2.269026e+05    34.207 (  3153      0)    23.339 (  1119      1)
"bihmix_qminmax"                    4096     8192 6.296371e+07   4.274414e+05    62.341 (  3115      1)    46.680 (  2917      1)
"eus_neighbor_minmax1"              4096     8192 2.098790e+07   4.747963e+04    10.432 (  1688      1)     4.042 (   365      0)
"nmm_bexchV"                        4096     8192 2.098790e+07   3.151694e+04     8.571 (  1681      1)     2.134 (   670      0)
"eus_2d_advec"                      4096     8192 6.296371e+07   4.974038e+05    74.150 (   513      0)    51.835 (   294      1)
"eus_bexchV"                        4096     8192 6.296371e+07   1.396359e+05    30.392 (   854      0)    10.487 (  1856      0)
"euler_step_1"                      4096     8192 2.098790e+07   1.830037e+05    27.046 (  1694      0)    18.579 (   294      1)
"euler_step_2"                      4096     8192 2.098790e+07   5.166860e+05    72.278 (   513      0)    56.267 (  2567      1)
"nmm_bexchS_start"                  4096     8192 2.098790e+07   1.143565e+03     0.801 (  2752      1)     0.031 (   900      1)
"biwksc_bexchV"                     4096     8192 2.098790e+07   6.161164e+04    15.567 (   707      1)     4.337 (  2860      0)
"nmm_bexchS_fini"                   4096     8192 2.098790e+07   4.156705e+03     0.973 (     0      1)     0.089 (   960      0)
"qdp_tavg"                          4096     8192 2.098790e+07   1.178036e+04     1.920 (  1540      1)     1.077 (   695      0)
"vertical_remap"                    4096     8192 6.995968e+06   1.158796e+05    15.415 (   512      0)    13.438 (  2908      1)
"vertical_remap1_1"                 4096     8192 2.098790e+07   5.213595e+03     0.711 (    16      1)     0.576 (  1792      0)
"remap_Q_ppm"                       4096     8192 6.296371e+07   1.138069e+05    15.177 (   512      0)    13.183 (  2908      1)
"vertical_remap1_2"                 4096     8192 2.098790e+07   7.202249e+03     0.978 (    20      1)     0.811 (  2555      1)
"vertical_remap1_3"                 4096     8192 2.098790e+07   1.022363e+05    13.701 (   512      0)    11.839 (  2908      1)
"prim_run_subcyle_diags"            4096     8192 6.995968e+06   6.797886e+03     0.954 (  3341      0)     0.573 (   320      1)
"t_prf"                                0        0 0.000000e+00   0.000000e+00     0.000 (     0      0)     0.000 (     0      0)

10950714
