
***** GLOBAL STATISTICS (  1536 MPI TASKS) *****

$Id: gptl.c,v 1.157 2011-03-28 20:55:18 rosinski Exp $
'count' is cumulative. All other stats are max/min
name                           processes  threads        count      walltotal   wallmax (proc   thrd  )   wallmin (proc   thrd  )
"Total"                             1536     1536 1.536000e+03   7.889331e+04    51.369 (   448      0)    51.358 (  1454      0)
"prim_init1"                        1536     1536 1.536000e+03   3.639342e+02     0.241 (   509      0)     0.233 (  1272      0)
"PartitioningTime"                  1536     1536 1.536000e+03   4.493651e+00     0.005 (  1119      0)     0.002 (   246      0)
"repro_sum_int"                     1536     1536 6.912000e+04   1.592980e+02     0.174 (     5      0)     0.034 (   322      0)
"prim_init2"                        1536     1536 1.536000e+03   2.209852e+02     0.218 (    23      0)     0.075 (   367      0)
"prim_printstate"                   1536     1536 1.536000e+03   6.552334e+01     0.050 (     0      0)     0.042 (   243      0)
"interp_movie_output"               1536     1536 3.072000e+03   3.972494e+00     0.005 (  1133      0)     0.000 (   242      0)
"prim_main_loop"                    1536     1536 1.536000e+03   7.764694e+04    50.557 (   192      0)    50.547 (   717      0)
"prim_run"                          1536     1536 1.474560e+06   7.763813e+04    50.551 (   193      0)    50.541 (   799      0)
"ApplyCAMForcing"                   1536     1536 1.474560e+06   4.913062e+02     0.365 (  1408      0)     0.279 (   180      0)
"prim_step_rX"                      1536     1536 4.423680e+06   7.122753e+04    46.488 (   181      0)    45.855 (   640      0)
"prim_step_dyn"                     1536     1536 4.423680e+06   2.553338e+04    20.785 (   226      0)    12.090 (   384      0)
"prim_advance_exp"                  1536     1536 4.423680e+06   2.549731e+04    20.759 (   226      0)    12.063 (   384      0)
"U3-5stage_timestep"                1536     1536 4.423680e+06   1.433124e+04    14.252 (   226      0)     5.943 (  1216      0)
"compute_and_apply_rhs"             1536     1536 2.211840e+07   1.415197e+04    14.136 (   226      0)     5.816 (  1216      0)
"caar_bexchV"                       1536     1536 2.211840e+07   1.081214e+04    12.033 (   226      0)     3.245 (  1216      0)
"advance_hypervis_dp"               1536     1536 4.423680e+06   1.111087e+04    10.102 (   662      0)     5.909 (   385      0)
"biwkdp3d_bexchV"                   1536     1536 1.327104e+07   3.848550e+03     4.574 (  1302      0)     1.651 (   384      0)
"ahdp_bexchV2"                      1536     1536 1.327104e+07   3.770721e+03     4.450 (  1514      0)     1.737 (   384      0)
"prim_step_advec"                   1536     1536 4.423680e+06   4.557011e+04    33.790 (   382      0)    25.580 (   226      0)
"PAT_remap"                         1536     1536 4.423680e+06   4.554605e+04    33.774 (   382      0)    25.564 (   226      0)
"prim_advec_tracers_remap_rk2"      1536     1536 4.423680e+06   4.551115e+04    33.751 (   382      0)    25.542 (   226      0)
"precomput_divdp"                   1536     1536 4.423680e+06   7.153164e+01     0.052 (   384      0)     0.043 (    94      0)
"euler_step_0"                      1536     1536 4.423680e+06   1.150848e+04     9.296 (   753      0)     6.008 (   157      0)
"bihmix_qminmax"                    1536     1536 1.327104e+07   2.051418e+04    17.122 (   384      0)    11.614 (  1308      0)
"eus_neighbor_minmax1"              1536     1536 4.423680e+06   2.841793e+03     3.252 (  1486      0)     1.242 (   164      0)
"nmm_bexchV"                        1536     1536 4.423680e+06   2.230818e+03     2.880 (  1486      0)     0.862 (  1248      0)
"eus_2d_advec"                      1536     1536 1.327104e+07   2.414363e+04    19.961 (   386      0)    13.067 (  1309      0)
"eus_bexchV"                        1536     1536 1.327104e+07   9.669882e+03    10.780 (   386      0)     3.725 (   226      0)
"euler_step_1"                      1536     1536 4.423680e+06   8.645187e+03     6.501 (   767      0)     4.646 (    96      0)
"euler_step_2"                      1536     1536 4.423680e+06   2.474998e+04    18.663 (   386      0)    13.803 (  1441      0)
"nmm_bexchS_start"                  1536     1536 4.423680e+06   2.715101e+02     0.305 (   320      0)     0.113 (   796      0)
"biwksc_bexchV"                     1536     1536 4.423680e+06   4.486142e+03     5.414 (   298      0)     1.593 (    10      0)
"nmm_bexchS_fini"                   1536     1536 4.423680e+06   8.773314e+01     0.083 (   832      0)     0.048 (   509      0)
"qdp_tavg"                          1536     1536 4.423680e+06   4.117400e+02     0.335 (  1347      0)     0.215 (   189      0)
"vertical_remap"                    1536     1536 1.474560e+06   5.611870e+03     4.130 (   640      0)     3.550 (  1527      0)
"vertical_remap1_1"                 1536     1536 1.474560e+06   2.622912e+02     0.191 (     0      0)     0.157 (  1357      0)
"remap_Q_ppm"                       1536     1536 4.423680e+06   5.518674e+03     4.065 (   640      0)     3.491 (  1527      0)
"vertical_remap1_2"                 1536     1536 1.474560e+06   3.445090e+02     0.251 (    64      0)     0.216 (  1357      0)
"vertical_remap1_3"                 1536     1536 1.474560e+06   4.948194e+03     3.674 (   192      0)     3.124 (   936      0)
"prim_run_subcyle_diags"            1536     1536 1.474560e+06   1.661498e+02     0.142 (   213      0)     0.087 (  1106      0)
"t_prf"                                0        0 0.000000e+00   0.000000e+00     0.000 (     0      0)     0.000 (     0      0)

