LAST_GIT_COMMIT_SHA:STRING=4790f40f2fb6acbc051ce4c988681a628c18e83d
11090282

***** GLOBAL STATISTICS ( 86400 MPI TASKS) *****

$Id: gptl.c,v 1.157 2011-03-28 20:55:18 rosinski Exp $
'count' is cumulative. All other stats are max/min
name                               processes  threads        count      walltotal   wallmax (proc   thrd  )   wallmin (proc   thrd  )
Total                                  86400    86400 8.640000e+04   1.836229e+07   213.197 (    53      0)   212.071 ( 19316      0)
prim_init1                             86400    86400 8.640000e+04   9.607067e+05    11.770 (   446      0)    10.727 ( 65504      0)
repro_sum_int                          86400    86400 3.888000e+06   2.077704e+05     6.439 (    11      0)     0.412 ( 76862      0)
prim_init2                             86400    86400 8.640000e+04   8.208226e+05    13.402 ( 12599      0)     7.149 (  1970      0)
prim_printstate                        86400    86400 8.640000e+04   6.440677e+04     0.949 ( 69449      0)     0.606 (   885      0)
interp_movie_output                    86400    86400 1.728000e+05   4.548522e+03     0.176 ( 13463      0)     0.019 ( 68429      0)
prim_main_loop                         86400    86400 8.640000e+04   1.475857e+07   171.043 (  5455      0)   170.434 ( 12284      0)
prim_run                               86400    86400 3.888000e+08   1.475269e+07   170.985 (  5451      0)   170.360 ( 12272      0)
tl-sc prim_run_subcycle_c              86400    86400 3.888000e+08   1.471468e+07   170.433 ( 57160      0)   170.150 (  9856      0)
tl-sc dp3d-from-ps                     86400    86400 3.888000e+08   1.417616e+04     0.194 ( 50688      0)     0.147 (  9285      0)
tl-sc prim_step-loop                   86400    86400 3.888000e+08   1.380519e+07   160.667 ( 82648      0)   158.934 ( 37536      0)
tl-s prim_step                         86400    86400 1.166400e+09   1.379943e+07   160.606 ( 82648      0)   158.860 ( 37536      0)
tl-s deep_copy+derived_dp              86400    86400 1.166400e+09   2.527964e+04     0.346 ( 57824      0)     0.267 ( 12671      0)
tl-s prim_advance_exp-loop             86400    86400 1.166400e+09   5.799120e+06    77.033 ( 79533      0)    56.315 ( 62624      0)
tl-ae prim_advance_exp                 86400    86400 1.166400e+09   5.788858e+06    76.916 ( 79533      0)    56.183 ( 62624      0)
tl-ae U3-5stage_timestep               86400    86400 1.166400e+09   2.910216e+06    44.073 ( 25611      0)    26.514 ( 29248      0)
caar compute                           86400    86400 5.832000e+09   4.853633e+05     6.564 ( 38112      0)     5.230 ( 32402      0)
caar_bexchV                            86400    86400 5.832000e+09   2.352386e+06    37.826 ( 25611      0)    19.375 ( 29248      0)
tl-ae advance_hypervis_dp              86400    86400 1.166400e+09   2.866535e+06    39.251 ( 59649      0)    28.569 ( 62625      0)
hvf-bhwk                               86400    86400 3.499200e+09   1.505215e+06    20.849 ( 60017      0)    15.032 ( 29300      0)
hvf-bexch                              86400    86400 6.998400e+09   2.287519e+06    32.745 ( 59661      0)    21.507 ( 62624      0)
tl-s prim_advec_tracers_remap          86400    86400 1.166400e+09   7.955648e+06   102.256 ( 62624      0)    82.635 ( 79533      0)
tl-at prim_advec_tracers_remap_RK2     86400    86400 1.166400e+09   7.947151e+06   102.140 ( 62624      0)    82.540 ( 79533      0)
tl-at precompute_divdp                 86400    86400 1.166400e+09   3.860900e+04     0.831 ( 12672      0)     0.306 (  2567      0)
tl-at esf-0                            86400    86400 1.166400e+09   2.193915e+06    31.579 ( 62624      0)    20.520 ( 23218      0)
tl-at esf-1                            86400    86400 1.166400e+09   1.460980e+06    19.251 ( 49410      0)    14.801 ( 23216      0)
tl-at esf-2                            86400    86400 1.166400e+09   4.106279e+06    53.530 (  9928      0)    40.901 (  2400      0)
tl-at qdp_time_avg                     86400    86400 1.166400e+09   1.070517e+05     1.391 ( 19808      0)     1.184 ( 23509      0)
tl-sc vertical_remap                   86400    86400 3.888000e+08   8.129077e+05    10.157 ( 37536      0)     8.523 ( 82648      0)
Remap Thickness Functor                86400    86400 3.888000e+08   2.901798e+04     0.509 ( 52176      0)     0.262 ( 12664      0)
Remap Scale States Functor             86400    86400 3.888000e+08   1.633470e+04     0.330 ( 76512      0)     0.144 ( 48255      0)
Remap Compute Grids Functor            86400    86400 3.888000e+08   4.432479e+04     0.654 ( 12179      0)     0.428 ( 67968      0)
Remap Compute Remap Functor            86400    86400 3.888000e+08   6.254544e+05     7.954 ( 66624      0)     6.551 ( 45303      0)
Remap Rescale States Functor           86400    86400 3.888000e+08   1.188635e+04     0.246 ( 33376      0)     0.102 ( 33100      0)
tl-sc Q-from-qdp                       86400    86400 3.888000e+08   7.496799e+04     0.968 (     0      0)     0.841 ( 19591      0)
t_prf                                      0        0 0.000000e+00   0.000000e+00     0.000 (     0      0)     0.000 (     0      0)

