LAST_GIT_COMMIT_SHA:STRING=4790f40f2fb6acbc051ce4c988681a628c18e83d
11090352

***** GLOBAL STATISTICS ( 86400 MPI TASKS) *****

$Id: gptl.c,v 1.157 2011-03-28 20:55:18 rosinski Exp $
'count' is cumulative. All other stats are max/min
name                               processes  threads        count      walltotal   wallmax (proc   thrd  )   wallmin (proc   thrd  )
Total                                  86400    86400 8.640000e+04   2.093017e+07   242.807 (  6963      0)   241.834 ( 47043      0)
prim_init1                             86400    86400 8.640000e+04   8.946184e+05    10.896 (  1644      0)     9.924 ( 45738      0)
repro_sum_int                          86400    86400 3.888000e+06   3.255680e+05    22.655 (    30      0)     0.410 ( 83975      0)
prim_init2                             86400    86400 8.640000e+04   8.989376e+05    29.332 (    26      0)     6.840 ( 62724      0)
prim_printstate                        86400    86400 8.640000e+04   6.327919e+04     0.881 ( 65845      0)     0.618 ( 77924      0)
interp_movie_output                    86400    86400 1.728000e+05   3.350311e+03     0.082 ( 53895      0)     0.017 ( 23196      0)
prim_main_loop                         86400    86400 8.640000e+04   1.602167e+07   185.614 ( 28480      0)   185.189 ( 47442      0)
prim_run                               86400    86400 3.888000e+08   1.601581e+07   185.545 ( 28493      0)   185.118 ( 46761      0)
tl-sc prim_run_subcycle_c              86400    86400 3.888000e+08   1.598344e+07   185.084 ( 23197      0)   184.921 ( 46368      0)
tl-sc dp3d-from-ps                     86400    86400 3.888000e+08   1.355186e+04     0.177 ( 28736      0)     0.134 ( 23192      0)
tl-sc prim_step-loop                   86400    86400 3.888000e+08   1.508210e+07   175.279 ( 10685      0)   173.625 ( 34112      0)
tl-s prim_step                         86400    86400 1.166400e+09   1.507634e+07   175.217 ( 10685      0)   173.553 ( 34112      0)
tl-s deep_copy+derived_dp              86400    86400 1.166400e+09   2.519973e+04     0.342 ( 83552      0)     0.266 ( 51391      0)
tl-s prim_advance_exp-loop             86400    86400 1.166400e+09   6.783052e+06    88.889 ( 25661      0)    66.428 ( 20096      0)
tl-ae prim_advance_exp                 86400    86400 1.166400e+09   6.772994e+06    88.779 ( 25661      0)    66.302 ( 20096      0)
tl-ae U3-5stage_timestep               86400    86400 1.166400e+09   3.339156e+06    51.049 ( 25608      0)    29.632 ( 60320      0)
caar compute                           86400    86400 5.832000e+09   4.834326e+05     6.578 ( 16864      0)     5.235 ( 35954      0)
caar_bexchV                            86400    86400 5.832000e+09   2.784233e+06    44.872 ( 25608      0)    22.560 ( 60320      0)
tl-ae advance_hypervis_dp              86400    86400 1.166400e+09   3.421738e+06    49.642 ( 23506      0)    33.550 ( 77685      0)
hvf-bhwk                               86400    86400 3.499200e+09   1.784868e+06    26.744 ( 23507      0)    17.530 (  5112      0)
hvf-bexch                              86400    86400 6.998400e+09   2.847731e+06    43.126 ( 23506      0)    26.362 ( 77664      0)
tl-s prim_advec_tracers_remap          86400    86400 1.166400e+09   8.248936e+06   107.918 (  5103      0)    85.500 ( 25661      0)
tl-at prim_advec_tracers_remap_RK2     86400    86400 1.166400e+09   8.240415e+06   107.813 (  5103      0)    85.404 ( 25661      0)
tl-at precompute_divdp                 86400    86400 1.166400e+09   3.585955e+04     0.634 ( 30944      0)     0.304 ( 60935      0)
tl-at esf-0                            86400    86400 1.166400e+09   2.302332e+06    33.414 (    64      0)    21.734 ( 48564      0)
tl-at esf-1                            86400    86400 1.166400e+09   1.516571e+06    20.651 ( 49405      0)    15.186 ( 72565      0)
tl-at esf-2                            86400    86400 1.166400e+09   4.238497e+06    57.158 (  5111      0)    42.020 ( 30880      0)
tl-at qdp_time_avg                     86400    86400 1.166400e+09   1.068244e+05     1.386 ( 76544      0)     1.186 ( 25574      0)
tl-sc vertical_remap                   86400    86400 3.888000e+08   8.054152e+05    10.133 ( 37440      0)     8.616 ( 10685      0)
Remap Thickness Functor                86400    86400 3.888000e+08   2.780019e+04     0.482 ( 37834      0)     0.253 ( 41489      0)
Remap Scale States Functor             86400    86400 3.888000e+08   1.596839e+04     0.285 ( 25098      0)     0.140 ( 47999      0)
Remap Compute Grids Functor            86400    86400 3.888000e+08   4.352637e+04     0.625 (  8480      0)     0.426 ( 72293      0)
Remap Compute Remap Functor            86400    86400 3.888000e+08   6.258213e+05     8.001 ( 41408      0)     6.627 ( 25447      0)
Remap Rescale States Functor           86400    86400 3.888000e+08   1.166068e+04     0.204 ( 51840      0)     0.103 ( 11208      0)
tl-sc Q-from-qdp                       86400    86400 3.888000e+08   7.495737e+04     0.970 (     0      0)     0.841 ( 29112      0)
t_prf                                      0        0 0.000000e+00   0.000000e+00     0.000 (     0      0)     0.000 (     0      0)

