LAST_GIT_COMMIT_SHA:STRING=adf77c97ed8425a245449f2582d2441f4b72da1e
10940562

***** GLOBAL STATISTICS (  1024 MPI TASKS) *****

$Id: gptl.c,v 1.157 2011-03-28 20:55:18 rosinski Exp $
'count' is cumulative. All other stats are max/min
name                           processes  threads        count      walltotal   wallmax (proc   thrd  )   wallmin (proc   thrd  )
"Total"                             1024     1024 1.024000e+03   3.309934e+05   323.256 (   426      0)   323.211 (   773      0)
"prim_init1"                        1024     1024 1.024000e+03   2.602653e+02     0.256 (   597      0)     0.249 (   940      0)
"PartitioningTime"                  1024     1024 1.024000e+03   2.293200e+00     0.003 (   911      0)     0.001 (   950      0)
"repro_sum_int"                     1024     1024 4.608000e+04   4.670338e+01     0.110 (   197      0)     0.009 (   372      0)
"prim_init2"                        1024     1024 1.024000e+03   1.022703e+02     0.164 (   197      0)     0.063 (   360      0)
"prim_printstate"                   1024     1024 1.024000e+03   1.887450e+01     0.023 (     0      0)     0.018 (   195      0)
"interp_movie_output"               1024     1024 2.048000e+03   3.612669e-01     0.001 (   918      0)     0.000 (   381      0)
"prim_main_loop"                    1024     1024 1.024000e+03   3.292932e+05   321.595 (   426      0)   321.551 (   773      0)
"prim_run"                          1024     1024 4.372480e+05   3.292921e+05   321.594 (   426      0)   321.550 (   773      0)
"ApplyCAMForcing"                   1024     1024 4.372480e+05   4.043153e+03     5.316 (   437      0)     2.531 (   603      0)
"prim_step_rX"                      1024     1024 1.311744e+06   3.029064e+05   298.041 (   603      0)   294.306 (   959      0)
"prim_step_dyn"                     1024     1024 1.311744e+06   5.714272e+04    73.950 (   308      0)    43.428 (   416      0)
"prim_advance_exp"                  1024     1024 1.311744e+06   5.713492e+04    73.941 (   308      0)    43.420 (   416      0)
"U3-5stage_timestep"                1024     1024 1.311744e+06   3.001415e+04    46.144 (   308      0)    19.418 (   187      0)
"compute_and_apply_rhs"             1024     1024 6.558720e+06   2.961747e+04    45.848 (   308      0)    19.032 (   187      0)
"caar_bexchV"                       1024     1024 6.558720e+06   1.694802e+04    34.276 (   308      0)     4.946 (   426      0)
"advance_hypervis_dp"               1024     1024 1.311744e+06   2.711131e+04    33.808 (    80      0)    20.732 (   446      0)
"biwkdp3d_bexchV"                   1024     1024 3.935232e+06   7.465780e+03    14.923 (    30      0)     2.113 (   416      0)
"ahdp_bexchV2"                      1024     1024 3.935232e+06   7.707664e+03    15.376 (   926      0)     2.768 (   416      0)
"prim_step_advec"                   1024     1024 1.311744e+06   2.449310e+05   250.279 (   416      0)   223.165 (   308      0)
"PAT_remap"                         1024     1024 1.311744e+06   2.449267e+05   250.275 (   416      0)   223.161 (   308      0)
"prim_advec_tracers_remap_rk2"      1024     1024 1.311744e+06   2.449204e+05   250.269 (   416      0)   223.153 (   308      0)
"precomput_divdp"                   1024     1024 1.311744e+06   5.599563e+02     0.761 (   429      0)     0.236 (    70      0)
"euler_step_0"                      1024     1024 1.311744e+06   6.748189e+04    74.268 (   416      0)    59.143 (   308      0)
"bihmix_qminmax"                    1024     1024 3.935232e+06   1.164662e+05   128.070 (   537      0)   100.624 (    37      0)
"eus_neighbor_minmax1"              1024     1024 1.311744e+06   1.833151e+04    26.112 (    71      0)    12.872 (   460      0)
"nmm_bexchV"                        1024     1024 1.311744e+06   9.307899e+03    18.717 (    71      0)     4.329 (   460      0)
"eus_2d_advec"                      1024     1024 3.935232e+06   1.206346e+05   133.284 (   372      0)   105.199 (   219      0)
"eus_bexchV"                        1024     1024 3.935232e+06   3.486095e+04    51.092 (   372      0)    23.956 (   138      0)
"euler_step_1"                      1024     1024 1.311744e+06   4.825047e+04    51.904 (   363      0)    43.797 (   409      0)
"euler_step_2"                      1024     1024 1.311744e+06   1.214259e+05   127.032 (   537      0)   108.270 (   916      0)
"nmm_bexchS_start"                  1024     1024 1.311744e+06   8.652421e+01     0.121 (   906      0)     0.050 (   982      0)
"biwksc_bexchV"                     1024     1024 1.311744e+06   1.346824e+04    23.191 (   654      0)     6.954 (   254      0)
"nmm_bexchS_fini"                   1024     1024 1.311744e+06   4.353065e+03     5.203 (   430      0)     3.266 (   296      0)
"qdp_tavg"                          1024     1024 1.311744e+06   7.176171e+03     9.068 (   438      0)     4.416 (   369      0)
"vertical_remap"                    1024     1024 4.372480e+05   1.554383e+04    15.791 (   988      0)    14.960 (   161      0)
"vertical_remap1_1"                 1024     1024 1.049395e+07   8.722974e+02     0.869 (   987      0)     0.841 (   245      0)
"remap_Q_ppm"                       1024     1024 3.148186e+07   1.528911e+04    15.461 (   988      0)    14.726 (   161      0)
"vertical_remap1_2"                 1024     1024 1.049395e+07   1.161590e+03     1.148 (    57      0)     1.126 (   741      0)
"vertical_remap1_3"                 1024     1024 1.049395e+07   1.328587e+04    13.488 (   988      0)    12.783 (   161      0)
"prim_run_subcyle_diags"            1024     1024 4.372480e+05   5.865046e+03     7.709 (   370      0)     4.630 (   916      0)
"t_prf"                                0        0 0.000000e+00   0.000000e+00     0.000 (     0      0)     0.000 (     0      0)

10940562
