LAST_GIT_COMMIT_SHA:STRING=4790f40f2fb6acbc051ce4c988681a628c18e83d

***** GLOBAL STATISTICS (   128 MPI TASKS) *****

$Id: gptl.c,v 1.157 2011-03-28 20:55:18 rosinski Exp $
'count' is cumulative. All other stats are max/min
name                               processes  threads        count      walltotal   wallmax (proc   thrd  )   wallmin (proc   thrd  )
Total                                    128      128 1.280000e+02   7.081702e+03    55.327 (    96      0)    55.323 (    19      0)
prim_init1                               128      128 1.280000e+02   3.112376e+01     0.243 (    27      0)     0.243 (    44      0)
repro_sum_int                            128      128 5.760000e+03   1.030637e+00     0.015 (    16      0)     0.004 (    94      0)
prim_init2                               128      128 1.280000e+02   7.886283e+00     0.068 (    16      0)     0.057 (    94      0)
prim_printstate                          128      128 1.280000e+02   6.681335e-01     0.007 (     0      0)     0.005 (    16      0)
interp_movie_output                      128      128 2.560000e+02   1.900220e-02     0.000 (     7      0)     0.000 (    72      0)
prim_main_loop                           128      128 1.280000e+02   7.036506e+03    54.974 (    32      0)    54.970 (    19      0)
prim_run                                 128      128 8.537600e+04   7.036357e+03    54.973 (   112      0)    54.968 (    19      0)
tl-sc prim_run_subcycle_c                128      128 8.537600e+04   7.035668e+03    54.968 (    32      0)    54.964 (    85      0)
tl-sc dp3d-from-ps                       128      128 8.537600e+04   6.924932e-01     0.007 (    96      0)     0.005 (    53      0)
tl-sc prim_step-loop                     128      128 8.537600e+04   6.589127e+03    51.556 (   101      0)    51.289 (   126      0)
tl-s prim_step                           128      128 2.561280e+05   6.588554e+03    51.553 (   101      0)    51.283 (   126      0)
tl-s deep_copy+derived_dp                128      128 2.561280e+05   1.623105e+01     0.184 (    80      0)     0.082 (   111      0)
tl-s prim_advance_exp-loop               128      128 2.561280e+05   9.067078e+02     8.920 (    85      0)     5.364 (    32      0)
tl-ae prim_advance_exp                   128      128 2.561280e+05   9.062455e+02     8.916 (    85      0)     5.360 (    32      0)
tl-ae U3-5stage_timestep                 128      128 2.561280e+05   5.538713e+02     6.194 (    85      0)     2.639 (    32      0)
caar compute                             128      128 1.280640e+06   1.869699e+02     1.644 (   126      0)     1.360 (   113      0)
caar_bexchV                              128      128 1.280640e+06   3.588262e+02     4.561 (    85      0)     1.128 (    32      0)
tl-ae advance_hypervis_dp                128      128 2.561280e+05   3.516727e+02     2.986 (    92      0)     2.702 (    24      0)
hvf-bhwk                                 128      128 7.683840e+05   2.198192e+02     1.939 (    92      0)     1.673 (   117      0)
hvf-bexch                                128      128 1.536768e+06   1.808892e+02     1.658 (    92      0)     1.333 (    32      0)
tl-s prim_advec_tracers_remap            128      128 2.561280e+05   5.664470e+03    46.043 (    32      0)    42.226 (    85      0)
tl-at prim_advec_tracers_remap_RK2       128      128 2.561280e+05   5.663749e+03    46.037 (    32      0)    42.219 (    85      0)
tl-at precompute_divdp                   128      128 2.561280e+05   9.459432e+00     0.124 (    37      0)     0.046 (    80      0)
tl-at esf-0                              128      128 2.561280e+05   1.792685e+03    16.178 (    32      0)    11.079 (    81      0)
tl-at esf-1                              128      128 2.561280e+05   1.147201e+03    11.019 (    81      0)     8.114 (    93      0)
tl-at esf-2                              128      128 2.561280e+05   2.589331e+03    21.899 (    82      0)    19.028 (    13      0)
tl-at qdp_time_avg                       128      128 2.561280e+05   1.209319e+02     1.134 (   126      0)     0.805 (    24      0)
tl-sc vertical_remap                     128      128 8.537600e+04   3.867573e+02     3.216 (   126      0)     2.936 (    24      0)
Remap Thickness Functor                  128      128 8.537600e+04   4.016364e+00     0.046 (   126      0)     0.024 (    24      0)
Remap Scale States Functor               128      128 8.537600e+04   2.126255e+00     0.028 (   126      0)     0.010 (   112      0)
Remap Compute Grids Functor              128      128 8.537600e+04   1.903659e+01     0.232 (   126      0)     0.111 (   113      0)
Remap Compute Remap Functor              128      128 8.537600e+04   3.578919e+02     2.913 (    51      0)     2.761 (   101      0)
Remap Rescale States Functor             128      128 8.537600e+04   2.697079e+00     0.022 (    31      0)     0.021 (   124      0)
tl-sc Q-from-qdp                         128      128 8.537600e+04   5.851973e+01     0.485 (    32      0)     0.448 (   125      0)
t_prf                                      0        0 0.000000e+00   0.000000e+00     0.000 (     0      0)     0.000 (     0      0)

