LAST_GIT_COMMIT_SHA:STRING=adf77c97ed8425a245449f2582d2441f4b72da1e
10940549

***** GLOBAL STATISTICS (  1536 MPI TASKS) *****

$Id: gptl.c,v 1.157 2011-03-28 20:55:18 rosinski Exp $
'count' is cumulative. All other stats are max/min
name                           processes  threads        count      walltotal   wallmax (proc   thrd  )   wallmin (proc   thrd  )
"Total"                             1536     1536 1.536000e+03   1.456820e+05    94.849 (    20      0)    94.840 (  1234      0)
"prim_init1"                        1536     1536 1.536000e+03   2.798658e+02     0.185 (   415      0)     0.177 (  1450      0)
"PartitioningTime"                  1536     1536 1.536000e+03   2.943971e+00     0.003 (   948      0)     0.001 (   188      0)
"repro_sum_int"                     1536     1536 6.912000e+04   8.957877e+01     0.164 (  1345      0)     0.009 (   993      0)
"prim_init2"                        1536     1536 1.536000e+03   1.307623e+02     0.192 (  1345      0)     0.035 (   993      0)
"prim_printstate"                   1536     1536 1.536000e+03   1.784069e+01     0.015 (     0      0)     0.011 (  1223      0)
"interp_movie_output"               1536     1536 3.072000e+03   1.070540e+00     0.002 (   170      0)     0.000 (   694      0)
"prim_main_loop"                    1536     1536 1.536000e+03   1.445266e+05    94.097 (   640      0)    94.088 (   174      0)
"prim_run"                          1536     1536 1.228800e+06   1.445241e+05    94.095 (   646      0)    94.086 (   351      0)
"ApplyCAMForcing"                   1536     1536 1.228800e+06   1.187830e+03     0.921 (   644      0)     0.640 (  1395      0)
"prim_step_rX"                      1536     1536 3.686400e+06   1.335641e+05    87.221 (   242      0)    86.410 (   640      0)
"prim_step_dyn"                     1536     1536 3.686400e+06   2.335199e+04    20.150 (   401      0)    10.989 (   662      0)
"prim_advance_exp"                  1536     1536 3.686400e+06   2.334151e+04    20.144 (   401      0)    10.983 (   662      0)
"U3-5stage_timestep"                1536     1536 3.686400e+06   1.422716e+04    13.685 (   907      0)     5.679 (   662      0)
"compute_and_apply_rhs"             1536     1536 1.843200e+07   1.415480e+04    13.638 (   907      0)     5.628 (   662      0)
"caar_bexchV"                       1536     1536 1.843200e+07   9.586638e+03    10.581 (   907      0)     2.582 (   640      0)
"advance_hypervis_dp"               1536     1536 3.686400e+06   9.102714e+03     7.423 (   370      0)     4.668 (   522      0)
"biwkdp3d_bexchV"                   1536     1536 1.105920e+07   2.460041e+03     2.734 (   365      0)     0.928 (   656      0)
"ahdp_bexchV2"                      1536     1536 1.105920e+07   2.389028e+03     2.747 (  1201      0)     0.925 (   544      0)
"prim_step_advec"                   1536     1536 3.686400e+06   1.099305e+05    75.386 (   662      0)    66.856 (   401      0)
"PAT_remap"                         1536     1536 3.686400e+06   1.099225e+05    75.381 (   662      0)    66.851 (   401      0)
"prim_advec_tracers_remap_rk2"      1536     1536 3.686400e+06   1.099118e+05    75.375 (   662      0)    66.844 (   401      0)
"precomput_divdp"                   1536     1536 3.686400e+06   2.639367e+02     0.265 (   447      0)     0.114 (   480      0)
"euler_step_0"                      1536     1536 3.686400e+06   3.250749e+04    24.774 (   533      0)    17.368 (   402      0)
"bihmix_qminmax"                    1536     1536 1.105920e+07   5.097163e+04    37.709 (   662      0)    28.633 (  1213      0)
"eus_neighbor_minmax1"              1536     1536 3.686400e+06   8.970040e+03     8.594 (   665      0)     3.229 (   445      0)
"nmm_bexchV"                        1536     1536 3.686400e+06   5.941592e+03     6.337 (   665      0)     1.585 (   445      0)
"eus_2d_advec"                      1536     1536 1.105920e+07   5.641479e+04    42.487 (   663      0)    32.473 (   928      0)
"eus_bexchV"                        1536     1536 1.105920e+07   2.477778e+04    22.114 (   536      0)    11.700 (   368      0)
"euler_step_1"                      1536     1536 3.686400e+06   2.134523e+04    15.131 (  1373      0)    12.509 (   399      0)
"euler_step_2"                      1536     1536 3.686400e+06   5.361111e+04    37.531 (   642      0)    33.005 (   928      0)
"nmm_bexchS_start"                  1536     1536 3.686400e+06   2.175335e+02     0.184 (   730      0)     0.097 (   391      0)
"biwksc_bexchV"                     1536     1536 3.686400e+06   1.099244e+04     9.046 (   869      0)     5.061 (   408      0)
"nmm_bexchS_fini"                   1536     1536 3.686400e+06   7.313417e+02     0.572 (   641      0)     0.368 (   882      0)
"qdp_tavg"                          1536     1536 3.686400e+06   2.140197e+03     1.560 (   648      0)     1.310 (   725      0)
"vertical_remap"                    1536     1536 1.228800e+06   7.283997e+03     4.924 (   610      0)     4.653 (   549      0)
"vertical_remap1_1"                 1536     1536 4.915200e+06   4.210979e+02     0.288 (   670      0)     0.268 (   725      0)
"remap_Q_ppm"                       1536     1536 1.474560e+07   7.156905e+03     4.829 (   610      0)     4.576 (   549      0)
"vertical_remap1_2"                 1536     1536 4.915200e+06   5.489622e+02     0.368 (   610      0)     0.353 (   229      0)
"vertical_remap1_3"                 1536     1536 4.915200e+06   6.202478e+03     4.185 (   610      0)     3.964 (   549      0)
"prim_run_subcyle_diags"            1536     1536 1.228800e+06   2.107308e+03     1.680 (   640      0)     1.163 (   242      0)
"t_prf"                                0        0 0.000000e+00   0.000000e+00     0.000 (     0      0)     0.000 (     0      0)

10940549
