LAST_GIT_COMMIT_SHA:STRING=adf77c97ed8425a245449f2582d2441f4b72da1e
10940571

***** GLOBAL STATISTICS (    96 MPI TASKS) *****

$Id: gptl.c,v 1.157 2011-03-28 20:55:18 rosinski Exp $
'count' is cumulative. All other stats are max/min
name                           processes  threads        count      walltotal   wallmax (proc   thrd  )   wallmin (proc   thrd  )
"Total"                               96       96 9.600000e+01   2.421282e+04   252.274 (     2      0)   252.133 (    47      0)
"prim_init1"                          96       96 9.600000e+01   7.428028e+01     0.775 (    95      0)     0.771 (    54      0)
"PartitioningTime"                    96       96 9.600000e+01   2.742240e-01     0.004 (    81      0)     0.002 (    21      0)
"repro_sum_int"                       96       96 4.320000e+03   8.462818e-01     0.012 (    11      0)     0.005 (    32      0)
"prim_init2"                          96       96 9.600000e+01   6.922752e+01     0.723 (    19      0)     0.718 (    32      0)
"prim_printstate"                     96       96 9.600000e+01   1.356400e+01     0.146 (     0      0)     0.141 (    53      0)
"interp_movie_output"                 96       96 1.920000e+02   1.615596e-02     0.000 (    43      0)     0.000 (    29      0)
"prim_main_loop"                      96       96 9.600000e+01   2.379683e+04   247.940 (     2      0)   247.800 (    47      0)
"prim_run"                            96       96 1.920000e+03   2.379681e+04   247.940 (     2      0)   247.800 (    47      0)
"ApplyCAMForcing"                     96       96 1.920000e+03   4.100517e+02     4.452 (    92      0)     3.575 (    47      0)
"prim_step_rX"                        96       96 5.760000e+03   2.177658e+04   228.038 (    47      0)   226.404 (     2      0)
"prim_step_dyn"                       96       96 5.760000e+03   3.885472e+03    43.877 (    45      0)    38.168 (     2      0)
"prim_advance_exp"                    96       96 5.760000e+03   3.885414e+03    43.877 (    45      0)    38.168 (     2      0)
"U3-5stage_timestep"                  96       96 5.760000e+03   1.918694e+03    24.046 (    45      0)    18.106 (     2      0)
"compute_and_apply_rhs"               96       96 2.880000e+04   1.873204e+03    23.695 (    45      0)    17.488 (     2      0)
"caar_bexchV"                         96       96 2.880000e+04   7.121195e+02    12.635 (    45      0)     3.258 (    26      0)
"advance_hypervis_dp"                 96       96 5.760000e+03   1.966643e+03    21.433 (    88      0)    19.664 (    68      0)
"biwkdp3d_bexchV"                     96       96 1.728000e+04   3.330763e+02     5.278 (    79      0)     1.808 (     0      0)
"ahdp_bexchV2"                        96       96 1.728000e+04   3.544191e+02     6.006 (    65      0)     2.202 (     0      0)
"prim_step_advec"                     96       96 5.760000e+03   1.781709e+04   187.562 (     2      0)   183.114 (    45      0)
"PAT_remap"                           96       96 5.760000e+03   1.781707e+04   187.562 (     2      0)   183.113 (    45      0)
"prim_advec_tracers_remap_rk2"        96       96 5.760000e+03   1.781703e+04   187.561 (     2      0)   183.113 (    45      0)
"precomput_divdp"                     96       96 5.760000e+03   4.190346e+01     0.504 (    70      0)     0.253 (    93      0)
"euler_step_0"                        96       96 5.760000e+03   4.930262e+03    52.310 (     0      0)    50.086 (    63      0)
"bihmix_qminmax"                      96       96 1.728000e+04   8.562757e+03    91.143 (    64      0)    86.679 (    55      0)
"eus_neighbor_minmax1"                96       96 5.760000e+03   1.285370e+03    14.810 (    64      0)    12.432 (    56      0)
"nmm_bexchV"                          96       96 5.760000e+03   5.412644e+02     6.431 (    64      0)     4.628 (    62      0)
"eus_2d_advec"                        96       96 1.728000e+04   8.560423e+03    92.509 (    55      0)    85.274 (    45      0)
"eus_bexchV"                          96       96 1.728000e+04   2.038704e+03    26.468 (    41      0)    15.737 (    63      0)
"euler_step_1"                        96       96 5.760000e+03   3.491617e+03    36.975 (    87      0)    35.434 (    47      0)
"euler_step_2"                        96       96 5.760000e+03   8.701616e+03    91.903 (    13      0)    88.821 (    45      0)
"nmm_bexchS_start"                    96       96 5.760000e+03   3.668373e-01     0.006 (    33      0)     0.002 (    14      0)
"biwksc_bexchV"                       96       96 5.760000e+03   6.803059e+02     7.729 (    41      0)     5.913 (    90      0)
"nmm_bexchS_fini"                     96       96 5.760000e+03   4.200278e+02     4.912 (     7      0)     3.816 (    77      0)
"qdp_tavg"                            96       96 5.760000e+03   6.514517e+02     7.233 (    90      0)     5.404 (    55      0)
"vertical_remap"                      96       96 1.920000e+03   1.134309e+03    11.942 (    90      0)    11.698 (    42      0)
"vertical_remap1_1"                   96       96 7.680000e+05   6.341733e+01     0.673 (     3      0)     0.656 (    14      0)
"remap_Q_ppm"                         96       96 2.304000e+06   1.117149e+03    11.748 (    90      0)    11.524 (    42      0)
"vertical_remap1_2"                   96       96 7.680000e+05   8.532460e+01     0.898 (     3      0)     0.883 (    14      0)
"vertical_remap1_3"                   96       96 7.680000e+05   9.704476e+02    10.214 (    90      0)    10.004 (    42      0)
"prim_run_subcyle_diags"              96       96 1.920000e+03   3.903229e+02     4.554 (    57      0)     3.751 (    47      0)
"t_prf"                                0        0 0.000000e+00   0.000000e+00     0.000 (     0      0)     0.000 (     0      0)

10940571
