LAST_GIT_COMMIT_SHA:STRING=adf77c97ed8425a245449f2582d2441f4b72da1e
10940536

***** GLOBAL STATISTICS (   512 MPI TASKS) *****

$Id: gptl.c,v 1.157 2011-03-28 20:55:18 rosinski Exp $
'count' is cumulative. All other stats are max/min
name                           processes  threads        count      walltotal   wallmax (proc   thrd  )   wallmin (proc   thrd  )
"Total"                              512      512 5.120000e+02   2.881249e+04    56.277 (    32      0)    56.271 (   430      0)
"prim_init1"                         512      512 5.120000e+02   4.116396e+01     0.092 (     0      0)     0.079 (   400      0)
"PartitioningTime"                   512      512 5.120000e+02   8.189421e-01     0.007 (    50      0)     0.001 (   436      0)
"repro_sum_int"                      512      512 2.304000e+04   1.217034e+01     0.048 (   451      0)     0.007 (    19      0)
"prim_init2"                         512      512 5.120000e+02   1.441472e+01     0.050 (   451      0)     0.016 (   170      0)
"prim_printstate"                    512      512 5.120000e+02   2.970371e+00     0.010 (     0      0)     0.006 (   259      0)
"interp_movie_output"                512      512 1.024000e+03   1.042352e-01     0.000 (    54      0)     0.000 (   242      0)
"prim_main_loop"                     512      512 5.120000e+02   2.868336e+04    56.024 (    72      0)    56.019 (   430      0)
"prim_run"                           512      512 3.276800e+05   2.868277e+04    56.023 (     8      0)    56.018 (   430      0)
"ApplyCAMForcing"                    512      512 3.276800e+05   2.055245e+02     0.473 (    24      0)     0.344 (   465      0)
"prim_step_rX"                       512      512 9.830400e+05   2.658052e+04    52.030 (   366      0)    51.703 (    72      0)
"prim_step_dyn"                      512      512 9.830400e+05   5.061990e+03    14.415 (   430      0)     6.086 (    12      0)
"prim_advance_exp"                   512      512 9.830400e+05   5.059607e+03    14.410 (   430      0)     6.082 (    12      0)
"U3-5stage_timestep"                 512      512 9.830400e+05   3.140074e+03    10.765 (   302      0)     3.215 (    12      0)
"compute_and_apply_rhs"              512      512 4.915200e+06   3.124896e+03    10.734 (   302      0)     3.187 (    12      0)
"caar_bexchV"                        512      512 4.915200e+06   2.215112e+03     8.892 (   302      0)     1.457 (    24      0)
"advance_hypervis_dp"                512      512 9.830400e+05   1.916393e+03     5.536 (   463      0)     2.858 (     6      0)
"biwkdp3d_bexchV"                    512      512 2.949120e+06   5.640707e+02     2.188 (   464      0)     0.566 (    32      0)
"ahdp_bexchV2"                       512      512 2.949120e+06   5.095629e+02     1.920 (   463      0)     0.579 (    32      0)
"prim_step_advec"                    512      512 9.830400e+05   2.146458e+04    45.598 (    12      0)    37.474 (   430      0)
"PAT_remap"                          512      512 9.830400e+05   2.146273e+04    45.595 (    12      0)    37.471 (   430      0)
"prim_advec_tracers_remap_rk2"       512      512 9.830400e+05   2.146020e+04    45.590 (    12      0)    37.467 (   430      0)
"precomput_divdp"                    512      512 9.830400e+05   5.699136e+01     0.182 (   391      0)     0.066 (   352      0)
"euler_step_0"                       512      512 9.830400e+05   6.492772e+03    15.258 (    76      0)     8.655 (   302      0)
"bihmix_qminmax"                     512      512 2.949120e+06   1.010041e+04    23.312 (    32      0)    16.728 (   420      0)
"eus_neighbor_minmax1"               512      512 9.830400e+05   1.858300e+03     5.520 (   376      0)     1.804 (   281      0)
"nmm_bexchV"                         512      512 9.830400e+05   1.242870e+03     4.255 (   376      0)     0.836 (   281      0)
"eus_2d_advec"                       512      512 2.949120e+06   1.085890e+04    26.518 (    73      0)    18.240 (   430      0)
"eus_bexchV"                         512      512 2.949120e+06   4.876667e+03    15.278 (    25      0)     6.642 (   186      0)
"euler_step_1"                       512      512 9.830400e+05   4.014562e+03     9.207 (   209      0)     6.917 (   379      0)
"euler_step_2"                       512      512 9.830400e+05   1.046826e+04    22.590 (    22      0)    18.711 (   428      0)
"nmm_bexchS_start"                   512      512 9.830400e+05   4.942264e+01     0.157 (   391      0)     0.057 (   208      0)
"biwksc_bexchV"                      512      512 9.830400e+05   2.342442e+03     6.087 (   220      0)     3.220 (   137      0)
"nmm_bexchS_fini"                    512      512 9.830400e+05   8.795556e+01     0.228 (   160      0)     0.105 (   337      0)
"qdp_tavg"                           512      512 9.830400e+05   4.175745e+02     0.889 (    22      0)     0.775 (   228      0)
"vertical_remap"                     512      512 3.276800e+05   1.450211e+03     3.001 (    46      0)     2.781 (   392      0)
"vertical_remap1_1"                  512      512 9.830400e+05   8.512634e+01     0.176 (    46      0)     0.162 (   370      0)
"remap_Q_ppm"                        512      512 2.949120e+06   1.424131e+03     2.942 (    46      0)     2.733 (   476      0)
"vertical_remap1_2"                  512      512 9.830400e+05   1.098130e+02     0.224 (    46      0)     0.211 (   476      0)
"vertical_remap1_3"                  512      512 9.830400e+05   1.232375e+03     2.549 (    46      0)     2.366 (   476      0)
"prim_run_subcyle_diags"             512      512 3.276800e+05   3.722799e+02     0.871 (    76      0)     0.646 (   145      0)
"t_prf"                                0        0 0.000000e+00   0.000000e+00     0.000 (     0      0)     0.000 (     0      0)

10940536
