LAST_GIT_COMMIT_SHA:STRING=adf77c97ed8425a245449f2582d2441f4b72da1e
10940564

***** GLOBAL STATISTICS (  3072 MPI TASKS) *****

$Id: gptl.c,v 1.157 2011-03-28 20:55:18 rosinski Exp $
'count' is cumulative. All other stats are max/min
name                           processes  threads        count      walltotal   wallmax (proc   thrd  )   wallmin (proc   thrd  )
"Total"                             3072     3072 3.072000e+03   9.602018e+05   312.580 (    53      0)   312.551 (  1394      0)
"prim_init1"                        3072     3072 3.072000e+03   1.497788e+03     0.509 (    45      0)     0.471 (  2398      0)
"PartitioningTime"                  3072     3072 3.072000e+03   6.994537e+00     0.004 (  1321      0)     0.001 (  1636      0)
"repro_sum_int"                     3072     3072 1.382400e+05   2.601173e+02     0.198 (  2930      0)     0.014 (    95      0)
"prim_init2"                        3072     3072 3.072000e+03   4.129508e+02     0.247 (    19      0)     0.064 (    76      0)
"prim_printstate"                   3072     3072 3.072000e+03   5.390237e+01     0.022 (  1031      0)     0.016 (   366      0)
"interp_movie_output"               3072     3072 6.144000e+03   6.309663e+00     0.005 (   355      0)     0.000 (   633      0)
"prim_main_loop"                    3072     3072 3.072000e+03   9.542948e+05   310.649 (  2279      0)   310.634 (  1092      0)
"prim_run"                          3072     3072 3.932160e+06   9.542849e+05   310.646 (  2241      0)   310.631 (  1092      0)
"ApplyCAMForcing"                   3072     3072 3.932160e+06   9.840649e+03     4.015 (  2265      0)     2.127 (   315      0)
"prim_step_rX"                      3072     3072 1.179648e+07   8.782721e+05   287.700 (   880      0)   284.528 (  2269      0)
"prim_step_dyn"                     3072     3072 1.179648e+07   1.251567e+05    60.790 (   315      0)    25.017 (  2272      0)
"prim_advance_exp"                  3072     3072 1.179648e+07   1.251124e+05    60.779 (   315      0)    25.005 (  2272      0)
"U3-5stage_timestep"                3072     3072 1.179648e+07   7.790671e+04    46.424 (   955      0)    13.297 (  2272      0)
"compute_and_apply_rhs"             3072     3072 5.898240e+07   7.740005e+04    46.251 (   955      0)    13.115 (  2272      0)
"caar_bexchV"                       3072     3072 5.898240e+07   4.740736e+04    36.221 (   955      0)     3.573 (  2272      0)
"advance_hypervis_dp"               3072     3072 1.179648e+07   4.715895e+04    18.511 (  1409      0)    11.488 (  2318      0)
"biwkdp3d_bexchV"                   3072     3072 3.538944e+07   1.016058e+04     6.127 (  2996      0)     1.150 (  2272      0)
"ahdp_bexchV2"                      3072     3072 3.538944e+07   1.009527e+04     6.187 (    80      0)     1.182 (  2276      0)
"prim_step_advec"                   3072     3072 1.179648e+07   7.509153e+05   259.064 (  2272      0)   225.956 (   315      0)
"PAT_remap"                         3072     3072 1.179648e+07   7.508820e+05   259.052 (  2272      0)   225.948 (   315      0)
"prim_advec_tracers_remap_rk2"      3072     3072 1.179648e+07   7.508362e+05   259.038 (  2272      0)   225.937 (   315      0)
"precomput_divdp"                   3072     3072 1.179648e+07   1.623909e+03     0.877 (  2474      0)     0.269 (   195      0)
"euler_step_0"                      3072     3072 1.179648e+07   2.115505e+05    81.321 (  2274      0)    54.305 (  3012      0)
"bihmix_qminmax"                    3072     3072 3.538944e+07   3.567086e+05   130.337 (  2272      0)   102.356 (   689      0)
"eus_neighbor_minmax1"              3072     3072 1.179648e+07   5.639129e+04    25.659 (  2274      0)    10.385 (   689      0)
"nmm_bexchV"                        3072     3072 1.179648e+07   3.407710e+04    17.871 (  2273      0)     4.718 (    99      0)
"eus_2d_advec"                      3072     3072 3.538944e+07   3.744409e+05   138.057 (  2332      0)   108.784 (  1943      0)
"eus_bexchV"                        3072     3072 3.538944e+07   1.444205e+05    62.617 (  2342      0)    33.448 (   279      0)
"euler_step_1"                      3072     3072 1.179648e+07   1.487680e+05    52.759 (  2332      0)    43.136 (  1943      0)
"euler_step_2"                      3072     3072 1.179648e+07   3.712672e+05   131.266 (  2278      0)   112.472 (   282      0)
"nmm_bexchS_start"                  3072     3072 1.179648e+07   8.136770e+02     0.393 (   671      0)     0.173 (  2236      0)
"biwksc_bexchV"                     3072     3072 1.179648e+07   5.909725e+04    26.134 (  2335      0)    13.169 (  2033      0)
"nmm_bexchS_fini"                   3072     3072 1.179648e+07   8.469346e+03     3.268 (  2265      0)     1.992 (  2319      0)
"qdp_tavg"                          3072     3072 1.179648e+07   1.744286e+04     7.219 (  2385      0)     4.294 (   597      0)
"vertical_remap"                    3072     3072 3.932160e+06   4.678163e+04    16.112 (  2212      0)    14.846 (  2474      0)
"vertical_remap1_1"                 3072     3072 3.145728e+07   2.663821e+03     0.902 (  2020      0)     0.847 (  1556      0)
"remap_Q_ppm"                       3072     3072 9.437184e+07   4.595015e+04    15.755 (  2212      0)    14.611 (  2474      0)
"vertical_remap1_2"                 3072     3072 3.145728e+07   3.488533e+03     1.160 (  2212      0)     1.126 (   562      0)
"vertical_remap1_3"                 3072     3072 3.145728e+07   3.989713e+04    13.747 (  2212      0)    12.664 (  2474      0)
"prim_run_subcyle_diags"            3072     3072 3.932160e+06   1.686625e+04     6.622 (  2336      0)     4.519 (   880      0)
"t_prf"                                0        0 0.000000e+00   0.000000e+00     0.000 (     0      0)     0.000 (     0      0)

10940564
