LAST_GIT_COMMIT_SHA:STRING=adf77c97ed8425a245449f2582d2441f4b72da1e
10940543

***** GLOBAL STATISTICS (   192 MPI TASKS) *****

$Id: gptl.c,v 1.157 2011-03-28 20:55:18 rosinski Exp $
'count' is cumulative. All other stats are max/min
name                           processes  threads        count      walltotal   wallmax (proc   thrd  )   wallmin (proc   thrd  )
"Total"                              192      192 1.920000e+02   1.925475e+04   100.294 (    56      0)   100.271 (    10      0)
"prim_init1"                         192      192 1.920000e+02   2.263289e+01     0.118 (    36      0)     0.118 (    82      0)
"PartitioningTime"                   192      192 1.920000e+02   1.820180e-01     0.001 (    28      0)     0.000 (   141      0)
"repro_sum_int"                      192      192 8.640000e+03   1.774885e+00     0.012 (     6      0)     0.004 (   116      0)
"prim_init2"                         192      192 1.920000e+02   1.355353e+01     0.073 (     6      0)     0.066 (   116      0)
"prim_printstate"                    192      192 1.920000e+02   2.827909e+00     0.017 (     0      0)     0.015 (    86      0)
"interp_movie_output"                192      192 3.840000e+02   2.654219e-02     0.000 (    87      0)     0.000 (     9      0)
"prim_main_loop"                     192      192 1.920000e+02   1.915757e+04    99.788 (    56      0)    99.764 (    10      0)
"prim_run"                           192      192 1.920000e+04   1.915750e+04    99.787 (    56      0)    99.764 (    10      0)
"ApplyCAMForcing"                    192      192 1.920000e+04   2.609102e+02     1.715 (   101      0)     0.884 (    68      0)
"prim_step_rX"                       192      192 5.760000e+04   1.758794e+04    92.328 (    68      0)    91.223 (   103      0)
"prim_step_dyn"                      192      192 5.760000e+04   3.192196e+03    21.081 (   187      0)    14.850 (    56      0)
"prim_advance_exp"                   192      192 5.760000e+04   3.191719e+03    21.078 (   187      0)    14.848 (    56      0)
"U3-5stage_timestep"                 192      192 5.760000e+04   1.661483e+03    13.148 (   187      0)     7.044 (    56      0)
"compute_and_apply_rhs"              192      192 2.880000e+05   1.629994e+03    13.021 (   187      0)     6.793 (    56      0)
"caar_bexchV"                        192      192 2.880000e+05   7.971389e+02     8.907 (   187      0)     1.662 (    44      0)
"advance_hypervis_dp"                192      192 5.760000e+04   1.529662e+03     8.720 (   147      0)     7.484 (    88      0)
"biwkdp3d_bexchV"                    192      192 1.728000e+05   3.315172e+02     2.346 (   150      0)     0.848 (    42      0)
"ahdp_bexchV2"                       192      192 1.728000e+05   3.569804e+02     2.722 (   147      0)     1.133 (    37      0)
"prim_step_advec"                    192      192 5.760000e+04   1.434450e+04    76.280 (    56      0)    70.877 (   187      0)
"PAT_remap"                          192      192 5.760000e+04   1.434427e+04    76.279 (    56      0)    70.875 (   187      0)
"prim_advec_tracers_remap_rk2"       192      192 5.760000e+04   1.434395e+04    76.278 (    56      0)    70.873 (   187      0)
"precomput_divdp"                    192      192 5.760000e+04   3.527660e+01     0.222 (    98      0)     0.083 (   135      0)
"euler_step_0"                       192      192 5.760000e+04   3.981053e+03    22.153 (    56      0)    19.386 (   187      0)
"bihmix_qminmax"                     192      192 1.728000e+05   6.830146e+03    37.727 (    66      0)    32.277 (   174      0)
"eus_neighbor_minmax1"               192      192 5.760000e+04   1.049943e+03     6.710 (   135      0)     4.425 (   145      0)
"nmm_bexchV"                         192      192 5.760000e+04   4.992412e+02     3.613 (   135      0)     1.679 (    60      0)
"eus_2d_advec"                       192      192 1.728000e+05   7.023153e+03    40.820 (   174      0)    33.862 (   187      0)
"eus_bexchV"                         192      192 1.728000e+05   1.910103e+03    13.952 (   174      0)     7.828 (     5      0)
"euler_step_1"                       192      192 5.760000e+04   2.824382e+03    15.560 (   177      0)    13.657 (   188      0)
"euler_step_2"                       192      192 5.760000e+04   7.050541e+03    38.261 (     3      0)    33.959 (   187      0)
"nmm_bexchS_start"                   192      192 5.760000e+04   3.940192e+00     0.028 (   161      0)     0.015 (   131      0)
"biwksc_bexchV"                      192      192 5.760000e+04   6.908805e+02     5.101 (   180      0)     2.320 (   174      0)
"nmm_bexchS_fini"                    192      192 5.760000e+04   2.688433e+02     1.699 (   100      0)     1.164 (   188      0)
"qdp_tavg"                           192      192 5.760000e+04   4.514723e+02     2.845 (    58      0)     1.516 (   150      0)
"vertical_remap"                     192      192 1.920000e+04   9.116165e+02     4.886 (   187      0)     4.684 (   105      0)
"vertical_remap1_1"                  192      192 6.144000e+05   5.105199e+01     0.271 (   187      0)     0.263 (   105      0)
"remap_Q_ppm"                        192      192 1.843200e+06   8.970364e+02     4.789 (   187      0)     4.613 (   105      0)
"vertical_remap1_2"                  192      192 6.144000e+05   6.828239e+01     0.358 (   185      0)     0.353 (   105      0)
"vertical_remap1_3"                  192      192 6.144000e+05   7.794648e+02     4.173 (   187      0)     4.005 (   105      0)
"prim_run_subcyle_diags"             192      192 1.920000e+04   3.388428e+02     2.239 (   150      0)     1.466 (    15      0)
"t_prf"                                0        0 0.000000e+00   0.000000e+00     0.000 (     0      0)     0.000 (     0      0)

10940543
