LAST_GIT_COMMIT_SHA:STRING=4790f40f2fb6acbc051ce4c988681a628c18e83d

***** GLOBAL STATISTICS (    96 MPI TASKS) *****

$Id: gptl.c,v 1.157 2011-03-28 20:55:18 rosinski Exp $
'count' is cumulative. All other stats are max/min
name                               processes  threads        count      walltotal   wallmax (proc   thrd  )   wallmin (proc   thrd  )
Total                                     96       96 9.600000e+01   2.228242e+04   232.152 (     2      0)   232.055 (    46      0)
prim_init1                                96       96 9.600000e+01   3.843095e+01     0.402 (    20      0)     0.396 (    85      0)
repro_sum_int                             96       96 4.320000e+03   1.203330e+00     0.022 (    12      0)     0.006 (    82      0)
prim_init2                                96       96 9.600000e+01   1.729393e+02     1.819 (    13      0)     1.791 (    55      0)
prim_printstate                           96       96 9.600000e+01   1.871608e+01     0.198 (     0      0)     0.195 (    70      0)
interp_movie_output                       96       96 1.920000e+02   1.211095e-02     0.000 (    76      0)     0.000 (    22      0)
prim_main_loop                            96       96 9.600000e+01   2.179868e+04   227.113 (     2      0)   227.016 (    46      0)
prim_run                                  96       96 1.920000e+03   2.179795e+04   227.105 (     2      0)   227.009 (    46      0)
tl-sc prim_run_subcycle_c                 96       96 1.920000e+03   2.176049e+04   226.718 (     3      0)   226.596 (    47      0)
tl-sc dp3d-from-ps                        96       96 1.920000e+03   3.529089e+00     0.048 (     8      0)     0.023 (    39      0)
tl-sc prim_step-loop                      96       96 1.920000e+03   2.035386e+04   212.376 (    55      0)   211.610 (    45      0)
tl-s prim_step                            96       96 5.760000e+03   2.035383e+04   212.376 (    55      0)   211.610 (    45      0)
tl-s deep_copy+derived_dp                 96       96 5.760000e+03   5.858013e+01     0.728 (    89      0)     0.358 (    55      0)
tl-s prim_advance_exp-loop                96       96 5.760000e+03   3.702395e+03    42.818 (    45      0)    36.091 (    93      0)
tl-ae prim_advance_exp                    96       96 5.760000e+03   3.702344e+03    42.817 (    45      0)    36.090 (    93      0)
tl-ae U3-5stage_timestep                  96       96 5.760000e+03   1.743020e+03    22.904 (    45      0)    16.267 (    93      0)
caar compute                              96       96 2.880000e+04   7.381947e+02     9.068 (    26      0)     6.897 (    55      0)
caar_bexchV                               96       96 2.880000e+04   9.609810e+02    14.927 (    45      0)     7.649 (    29      0)
tl-ae advance_hypervis_dp                 96       96 5.760000e+03   1.959240e+03    21.161 (    53      0)    19.506 (    68      0)
hvf-bhwk                                  96       96 1.728000e+04   1.035997e+03    11.971 (    48      0)     9.909 (    14      0)
hvf-bexch                                 96       96 3.456000e+04   1.067628e+03    12.344 (    53      0)     9.779 (    21      0)
tl-s prim_advec_tracers_remap             96       96 5.760000e+03   1.659275e+04   175.340 (    93      0)   168.130 (    45      0)
tl-at prim_advec_tracers_remap_RK2        96       96 5.760000e+03   1.659270e+04   175.340 (    93      0)   168.130 (    45      0)
tl-at precompute_divdp                    96       96 5.760000e+03   3.797098e+01     0.501 (    31      0)     0.194 (    93      0)
tl-at esf-0                               96       96 5.760000e+03   4.700737e+03    50.212 (     4      0)    47.556 (    35      0)
tl-at esf-1                               96       96 5.760000e+03   3.622323e+03    38.929 (    61      0)    36.705 (    81      0)
tl-at esf-2                               96       96 5.760000e+03   7.578380e+03    81.580 (    93      0)    75.907 (    45      0)
tl-at qdp_time_avg                        96       96 5.760000e+03   6.530347e+02     7.126 (     0      0)     5.227 (    57      0)
tl-sc vertical_remap                      96       96 1.920000e+03   1.170718e+03    12.804 (    45      0)    11.861 (    55      0)
Remap Thickness Functor                   96       96 1.920000e+03   1.168418e+01     0.147 (    95      0)     0.088 (    57      0)
Remap Scale States Functor                96       96 1.920000e+03   9.692810e+00     0.143 (    95      0)     0.050 (    57      0)
Remap Compute Grids Functor               96       96 1.920000e+03   6.853865e+01     1.148 (    45      0)     0.450 (    57      0)
Remap Compute Remap Functor               96       96 1.920000e+03   1.068147e+03    11.242 (    45      0)    11.054 (    20      0)
Remap Rescale States Functor              96       96 1.920000e+03   9.198405e+00     0.120 (     8      0)     0.081 (    45      0)
tl-sc Q-from-qdp                          96       96 1.920000e+03   2.323414e+02     2.512 (    86      0)     2.148 (    45      0)
t_prf                                      0        0 0.000000e+00   0.000000e+00     0.000 (     0      0)     0.000 (     0      0)

