LAST_GIT_COMMIT_SHA:STRING=4790f40f2fb6acbc051ce4c988681a628c18e83d

***** GLOBAL STATISTICS (   128 MPI TASKS) *****

$Id: gptl.c,v 1.157 2011-03-28 20:55:18 rosinski Exp $
'count' is cumulative. All other stats are max/min
name                               processes  threads        count      walltotal   wallmax (proc   thrd  )   wallmin (proc   thrd  )
Total                                    128      128 1.280000e+02   1.221583e+04    95.457 (   122      0)    95.399 (     1      0)
prim_init1                               128      128 1.280000e+02   3.092418e+01     0.242 (   113      0)     0.242 (    55      0)
repro_sum_int                            128      128 5.760000e+03   2.648336e+00     0.027 (    17      0)     0.018 (    32      0)
prim_init2                               128      128 1.280000e+02   3.758030e+01     0.298 (    27      0)     0.290 (    86      0)
prim_printstate                          128      128 1.280000e+02   5.303803e+00     0.042 (    99      0)     0.029 (     0      0)
interp_movie_output                      128      128 2.560000e+02   2.353382e-02     0.000 (    85      0)     0.000 (    58      0)
prim_main_loop                           128      128 1.280000e+02   1.210823e+04    94.616 (   122      0)    94.558 (     1      0)
prim_run                                 128      128 8.576000e+03   1.210818e+04    94.616 (   122      0)    94.558 (     1      0)
tl-sc prim_run_subcycle_c                128      128 8.576000e+03   1.210254e+04    94.568 (   122      0)    94.526 (     0      0)
tl-sc dp3d-from-ps                       128      128 8.576000e+03   1.361814e+00     0.015 (   112      0)     0.007 (     1      0)
tl-sc prim_step-loop                     128      128 8.576000e+03   1.136055e+04    88.978 (    37      0)    88.501 (   127      0)
tl-s prim_step                           128      128 2.572800e+04   1.136045e+04    88.977 (    37      0)    88.500 (   127      0)
tl-s deep_copy+derived_dp                128      128 2.572800e+04   2.587091e+01     0.280 (   108      0)     0.108 (    37      0)
tl-s prim_advance_exp-loop               128      128 2.572800e+04   2.233882e+03    20.402 (    51      0)    14.728 (   122      0)
tl-ae prim_advance_exp                   128      128 2.572800e+04   2.233727e+03    20.401 (    51      0)    14.727 (   122      0)
tl-ae U3-5stage_timestep                 128      128 2.572800e+04   1.203255e+03    12.411 (    55      0)     6.798 (   122      0)
caar compute                             128      128 1.286400e+05   3.682365e+02     3.557 (   126      0)     2.510 (    43      0)
caar_bexchV                              128      128 1.286400e+05   8.154492e+02     9.441 (    55      0)     3.356 (    98      0)
tl-ae advance_hypervis_dp                128      128 2.572800e+04   1.030215e+03     8.714 (     1      0)     7.678 (    23      0)
hvf-bhwk                                 128      128 7.718400e+04   5.653428e+02     4.994 (     1      0)     4.058 (   108      0)
hvf-bexch                                128      128 1.543680e+05   6.568336e+02     6.182 (     1      0)     4.225 (   118      0)
tl-s prim_advec_tracers_remap            128      128 2.572800e+04   9.100400e+03    73.813 (   122      0)    68.092 (    51      0)
tl-at prim_advec_tracers_remap_RK2       128      128 2.572800e+04   9.100244e+03    73.812 (   122      0)    68.091 (    51      0)
tl-at precompute_divdp                   128      128 2.572800e+04   1.932406e+01     0.208 (   114      0)     0.064 (    71      0)
tl-at esf-0                              128      128 2.572800e+04   2.611797e+03    21.341 (    88      0)    19.180 (     6      0)
tl-at esf-1                              128      128 2.572800e+04   1.998553e+03    16.737 (    78      0)    14.918 (    75      0)
tl-at esf-2                              128      128 2.572800e+04   4.178663e+03    34.475 (   123      0)    30.727 (     0      0)
tl-at qdp_time_avg                       128      128 2.572800e+04   2.910458e+02     2.838 (   120      0)     1.546 (    12      0)
tl-sc vertical_remap                     128      128 8.576000e+03   6.292112e+02     5.186 (     1      0)     4.747 (    95      0)
Remap Thickness Functor                  128      128 8.576000e+03   5.959413e+00     0.061 (   107      0)     0.033 (    83      0)
Remap Scale States Functor               128      128 8.576000e+03   4.325460e+00     0.057 (   127      0)     0.013 (    13      0)
Remap Compute Grids Functor              128      128 8.576000e+03   3.756180e+01     0.471 (   127      0)     0.175 (    13      0)
Remap Compute Remap Functor              128      128 8.576000e+03   5.759473e+02     4.598 (    60      0)     4.468 (   103      0)
Remap Rescale States Functor             128      128 8.576000e+03   4.644271e+00     0.051 (   122      0)     0.033 (    77      0)
tl-sc Q-from-qdp                         128      128 8.576000e+03   1.113133e+02     1.001 (    96      0)     0.754 (     1      0)
t_prf                                      0        0 0.000000e+00   0.000000e+00     0.000 (     0      0)     0.000 (     0      0)

