LAST_GIT_COMMIT_SHA:STRING=4790f40f2fb6acbc051ce4c988681a628c18e83d

***** GLOBAL STATISTICS (   768 MPI TASKS) *****

$Id: gptl.c,v 1.157 2011-03-28 20:55:18 rosinski Exp $
'count' is cumulative. All other stats are max/min
name                               processes  threads        count      walltotal   wallmax (proc   thrd  )   wallmin (proc   thrd  )
Total                                    768      768 7.680000e+02   2.278966e+05   296.753 (   706      0)   296.727 (    18      0)
prim_init1                               768      768 7.680000e+02   1.920699e+02     0.252 (   581      0)     0.245 (   367      0)
repro_sum_int                            768      768 3.456000e+04   2.662045e+01     0.068 (    18      0)     0.012 (    88      0)
prim_init2                               768      768 7.680000e+02   1.695006e+02     0.253 (     6      0)     0.197 (    45      0)
prim_printstate                          768      768 7.680000e+02   2.535561e+01     0.035 (     0      0)     0.033 (   456      0)
interp_movie_output                      768      768 1.536000e+03   3.562310e-01     0.001 (   331      0)     0.000 (    45      0)
prim_main_loop                           768      768 7.680000e+02   2.266563e+05   295.139 (   706      0)   295.112 (    19      0)
prim_run                                 768      768 2.457600e+05   2.266553e+05   295.137 (   706      0)   295.110 (    18      0)
tl-sc prim_run_subcycle_c                768      768 2.457600e+05   2.266295e+05   295.106 (   733      0)   295.076 (    19      0)
tl-sc dp3d-from-ps                       768      768 2.457600e+05   2.987419e+01     0.045 (   507      0)     0.024 (   223      0)
tl-sc prim_step-loop                     768      768 2.457600e+05   2.123780e+05   277.091 (   455      0)   275.871 (   487      0)
tl-s prim_step                           768      768 7.372800e+05   2.123754e+05   277.089 (   455      0)   275.867 (   487      0)
tl-s deep_copy+derived_dp                768      768 7.372800e+05   5.342022e+02     0.864 (   715      0)     0.360 (   223      0)
tl-s prim_advance_exp-loop               768      768 7.372800e+05   3.552632e+04    52.562 (   452      0)    40.545 (   732      0)
tl-ae prim_advance_exp                   768      768 7.372800e+05   3.552291e+04    52.557 (   452      0)    40.541 (   732      0)
tl-ae U3-5stage_timestep                 768      768 7.372800e+05   1.851000e+04    30.375 (   465      0)    19.450 (   733      0)
caar compute                             768      768 3.686400e+06   7.088940e+03    10.571 (   715      0)     8.224 (   455      0)
caar_bexchV                              768      768 3.686400e+06   1.106565e+04    20.793 (   465      0)     9.201 (   733      0)
tl-ae advance_hypervis_dp                768      768 7.372800e+05   1.700730e+04    25.303 (   323      0)    19.390 (    26      0)
hvf-bhwk                                 768      768 2.211840e+06   9.484331e+03    15.215 (   643      0)    10.288 (    25      0)
hvf-bexch                                768      768 4.423680e+06   1.082067e+04    17.565 (   327      0)    10.853 (   707      0)
tl-s prim_advec_tracers_remap            768      768 7.372800e+05   1.763077e+05   235.669 (   733      0)   223.120 (   465      0)
tl-at prim_advec_tracers_remap_RK2       768      768 7.372800e+05   1.763034e+05   235.664 (   733      0)   223.114 (   465      0)
tl-at precompute_divdp                   768      768 7.372800e+05   3.364791e+02     0.627 (   721      0)     0.230 (   469      0)
tl-at esf-0                              768      768 7.372800e+05   5.029086e+04    69.039 (   392      0)    62.322 (   752      0)
tl-at esf-1                              768      768 7.372800e+05   3.837988e+04    52.033 (   411      0)    48.502 (   372      0)
tl-at esf-2                              768      768 7.372800e+05   8.108315e+04   111.496 (   732      0)   101.240 (   197      0)
tl-at qdp_time_avg                       768      768 7.372800e+05   6.189309e+03     8.848 (   709      0)     4.960 (   736      0)
tl-sc vertical_remap                     768      768 2.457600e+05   1.194952e+04    16.190 (   487      0)    15.094 (   319      0)
Remap Thickness Functor                  768      768 2.457600e+05   1.210117e+02     0.197 (   597      0)     0.108 (   743      0)
Remap Scale States Functor               768      768 2.457600e+05   8.561174e+01     0.168 (   596      0)     0.043 (   501      0)
Remap Compute Grids Functor              768      768 2.457600e+05   7.026083e+02     1.383 (   237      0)     0.564 (   736      0)
Remap Compute Remap Functor              768      768 2.457600e+05   1.094210e+04    14.604 (   744      0)    14.127 (   577      0)
Remap Rescale States Functor             768      768 2.457600e+05   9.160528e+01     0.156 (   344      0)     0.104 (    48      0)
tl-sc Q-from-qdp                         768      768 2.457600e+05   2.268557e+03     3.105 (   704      0)     2.631 (   468      0)
t_prf                                      0        0 0.000000e+00   0.000000e+00     0.000 (     0      0)     0.000 (     0      0)

