LAST_GIT_COMMIT_SHA:STRING=adf77c97ed8425a245449f2582d2441f4b72da1e
10940616

***** GLOBAL STATISTICS (  3456 MPI TASKS) *****

$Id: gptl.c,v 1.157 2011-03-28 20:55:18 rosinski Exp $
'count' is cumulative. All other stats are max/min
name                           processes  threads        count      walltotal   wallmax (proc   thrd  )   wallmin (proc   thrd  )
"Total"                             3456     3456 3.456000e+03   1.024185e+06   296.395 (   126      0)   296.313 (  2920      0)
"prim_init1"                        3456     3456 3.456000e+03   3.204569e+03     0.949 (    21      0)     0.899 (  2694      0)
"PartitioningTime"                  3456     3456 3.456000e+03   1.834714e+01     0.007 (   576      0)     0.002 (  1591      0)
"repro_sum_int"                     3456     3456 1.555200e+05   1.128688e+03     0.986 (  1011      0)     0.040 (  3338      0)
"prim_init2"                        3456     3456 3.456000e+03   1.559750e+03     1.114 (  1011      0)     0.161 (  3338      0)
"prim_printstate"                   3456     3456 3.456000e+03   2.189557e+02     0.096 (     0      0)     0.061 (   883      0)
"interp_movie_output"               3456     3456 6.912000e+03   6.217206e+00     0.005 (   111      0)     0.000 (   345      0)
"prim_main_loop"                    3456     3456 3.456000e+03   9.985327e+05   288.958 (   126      0)   288.892 (  3093      0)
"prim_run"                          3456     3456 1.244160e+06   9.985267e+05   288.957 (   126      0)   288.891 (  3093      0)
"ApplyCAMForcing"                   3456     3456 1.244160e+06   1.124299e+04     4.003 (  3019      0)     2.038 (  2249      0)
"prim_step_rX"                      3456     3456 3.732480e+06   9.215030e+05   268.596 (  2825      0)   265.445 (  2055      0)
"prim_step_dyn"                     3456     3456 3.732480e+06   1.840859e+05    70.822 (  2966      0)    43.835 (  1775      0)
"prim_advance_exp"                  3456     3456 3.732480e+06   1.840623e+05    70.814 (  2966      0)    43.828 (  1775      0)
"U3-5stage_timestep"                3456     3456 3.732480e+06   9.632573e+04    46.129 (  2249      0)    20.636 (  1775      0)
"compute_and_apply_rhs"             3456     3456 1.866240e+07   9.518755e+04    45.784 (  2249      0)    20.080 (  1775      0)
"caar_bexchV"                       3456     3456 1.866240e+07   5.817356e+04    34.961 (  2249      0)     8.171 (  1775      0)
"advance_hypervis_dp"               3456     3456 3.732480e+06   8.771040e+04    29.444 (  1715      0)    21.616 (  3290      0)
"biwkdp3d_bexchV"                   3456     3456 1.119744e+07   2.570167e+04    11.748 (  1716      0)     4.200 (  1776      0)
"ahdp_bexchV2"                      3456     3456 1.119744e+07   2.674683e+04    11.493 (  1468      0)     4.986 (  1770      0)
"prim_step_advec"                   3456     3456 3.732480e+06   7.350557e+05   221.381 (  1777      0)   196.847 (  2966      0)
"PAT_remap"                         3456     3456 3.732480e+06   7.350434e+05   221.377 (  1777      0)   196.844 (  2966      0)
"prim_advec_tracers_remap_rk2"      3456     3456 3.732480e+06   7.350257e+05   221.373 (  1777      0)   196.838 (  2966      0)
"precomput_divdp"                   3456     3456 3.732480e+06   1.577375e+03     0.585 (  1787      0)     0.297 (  1602      0)
"euler_step_0"                      3456     3456 3.732480e+06   2.019257e+05    63.323 (   512      0)    51.522 (  2966      0)
"bihmix_qminmax"                    3456     3456 1.119744e+07   3.463711e+05   107.618 (  1191      0)    90.018 (   452      0)
"eus_neighbor_minmax1"              3456     3456 3.732480e+06   5.588707e+04    19.768 (   380      0)    12.922 (    38      0)
"nmm_bexchV"                        3456     3456 3.732480e+06   2.957364e+04    12.800 (   380      0)     5.946 (    28      0)
"eus_2d_advec"                      3456     3456 1.119744e+07   3.667391e+05   116.931 (  1487      0)    91.675 (    86      0)
"eus_bexchV"                        3456     3456 1.119744e+07   1.078864e+05    42.962 (    99      0)    20.503 (  1721      0)
"euler_step_1"                      3456     3456 3.732480e+06   1.443262e+05    44.111 (   104      0)    39.648 (  1166      0)
"euler_step_2"                      3456     3456 3.732480e+06   3.670188e+05   112.321 (  1777      0)    96.650 (  2390      0)
"nmm_bexchS_start"                  3456     3456 3.732480e+06   2.435268e+02     0.105 (  1697      0)     0.039 (  1864      0)
"biwksc_bexchV"                     3456     3456 3.732480e+06   4.301811e+04    19.088 (   449      0)     7.148 (   620      0)
"nmm_bexchS_fini"                   3456     3456 3.732480e+06   1.154579e+04     4.367 (  2054      0)     2.588 (   388      0)
"qdp_tavg"                          3456     3456 3.732480e+06   2.010461e+04     7.329 (  2066      0)     4.309 (  3445      0)
"vertical_remap"                    3456     3456 1.244160e+06   4.596031e+04    13.930 (  1814      0)    12.979 (  1362      0)
"vertical_remap1_1"                 3456     3456 3.110400e+07   2.589760e+03     0.767 (  2136      0)     0.740 (  1964      0)
"remap_Q_ppm"                       3456     3456 9.331200e+07   4.519601e+04    13.646 (  1814      0)    12.772 (  1362      0)
"vertical_remap1_2"                 3456     3456 3.110400e+07   3.448566e+03     1.012 (  1814      0)     0.990 (  1890      0)
"vertical_remap1_3"                 3456     3456 3.110400e+07   3.925009e+04    11.907 (  1814      0)    11.063 (  1362      0)
"prim_run_subcyle_diags"            3456     3456 1.244160e+06   1.715463e+04     6.108 (  1918      0)     3.940 (  1097      0)
"t_prf"                                0        0 0.000000e+00   0.000000e+00     0.000 (     0      0)     0.000 (     0      0)

10940616
