LAST_GIT_COMMIT_SHA:STRING=4790f40f2fb6acbc051ce4c988681a628c18e83d

***** GLOBAL STATISTICS (    32 MPI TASKS) *****

$Id: gptl.c,v 1.157 2011-03-28 20:55:18 rosinski Exp $
'count' is cumulative. All other stats are max/min
name                               processes  threads        count      walltotal   wallmax (proc   thrd  )   wallmin (proc   thrd  )
Total                                     32       32 3.200000e+01   9.902778e+03   309.481 (     0      0)   309.421 (    31      0)
prim_init1                                32       32 3.200000e+01   1.026957e+01     0.322 (     0      0)     0.320 (     7      0)
repro_sum_int                             32       32 1.440000e+03   1.343887e-01     0.005 (    23      0)     0.003 (     0      0)
prim_init2                                32       32 3.200000e+01   1.066802e+02     3.349 (     6      0)     3.323 (    18      0)
prim_printstate                           32       32 3.200000e+01   1.064189e+01     0.335 (     0      0)     0.332 (     8      0)
interp_movie_output                       32       32 6.400000e+01   6.185293e-03     0.000 (    31      0)     0.000 (    20      0)
prim_main_loop                            32       32 3.200000e+01   9.738124e+03   304.336 (     0      0)   304.276 (    31      0)
prim_run                                  32       32 4.480000e+02   9.738117e+03   304.336 (     0      0)   304.275 (    31      0)
tl-sc prim_run_subcycle_c                 32       32 4.480000e+02   9.713889e+03   303.583 (     0      0)   303.517 (    31      0)
tl-sc dp3d-from-ps                        32       32 4.480000e+02   1.964040e+00     0.076 (     3      0)     0.045 (    21      0)
tl-sc prim_step-loop                      32       32 4.480000e+02   9.082343e+03   283.996 (    23      0)   283.549 (    31      0)
tl-s prim_step                            32       32 1.344000e+03   9.082336e+03   283.996 (    23      0)   283.549 (    31      0)
tl-s deep_copy+derived_dp                 32       32 1.344000e+03   2.998880e+01     1.021 (    22      0)     0.723 (     0      0)
tl-s prim_advance_exp-loop                32       32 1.344000e+03   1.621162e+03    52.461 (    31      0)    49.929 (     0      0)
tl-ae prim_advance_exp                    32       32 1.344000e+03   1.621147e+03    52.460 (    31      0)    49.929 (     0      0)
tl-ae U3-5stage_timestep                  32       32 1.344000e+03   7.433923e+02    25.071 (    31      0)    22.498 (     0      0)
caar compute                              32       32 6.720000e+03   3.420100e+02    11.691 (    31      0)    10.341 (    13      0)
caar_bexchV                               32       32 6.720000e+03   3.712775e+02    12.438 (    31      0)    11.009 (     4      0)
tl-ae advance_hypervis_dp                 32       32 1.344000e+03   8.777337e+02    27.552 (    29      0)    27.375 (    18      0)
hvf-bhwk                                  32       32 4.032000e+03   4.272509e+02    13.464 (    31      0)    13.184 (     2      0)
hvf-bexch                                 32       32 8.064000e+03   4.272245e+02    13.642 (    23      0)    13.201 (    24      0)
tl-s prim_advec_tracers_remap             32       32 1.344000e+03   7.431159e+03   233.161 (     4      0)   230.196 (    31      0)
tl-at prim_advec_tracers_remap_RK2        32       32 1.344000e+03   7.431149e+03   233.161 (     4      0)   230.196 (    31      0)
tl-at precompute_divdp                    32       32 1.344000e+03   1.730313e+01     0.597 (    31      0)     0.525 (    12      0)
tl-at esf-0                               32       32 1.344000e+03   2.094898e+03    66.276 (     0      0)    64.605 (    31      0)
tl-at esf-1                               32       32 1.344000e+03   1.618333e+03    50.918 (    18      0)    49.814 (    31      0)
tl-at esf-2                               32       32 1.344000e+03   3.394665e+03   107.009 (    19      0)   105.623 (    14      0)
tl-at qdp_time_avg                        32       32 1.344000e+03   3.058890e+02     9.731 (     0      0)     9.372 (    21      0)
tl-sc vertical_remap                      32       32 4.480000e+02   5.238939e+02    16.736 (    31      0)    16.229 (    23      0)
Remap Thickness Functor                   32       32 4.480000e+02   5.269514e+00     0.192 (    31      0)     0.148 (    13      0)
Remap Scale States Functor                32       32 4.480000e+02   4.153995e+00     0.184 (    31      0)     0.110 (     4      0)
Remap Compute Grids Functor               32       32 4.480000e+02   3.009050e+01     1.208 (    31      0)     0.852 (     5      0)
Remap Compute Remap Functor               32       32 4.480000e+02   4.778310e+02    14.998 (     3      0)    14.858 (    23      0)
Remap Rescale States Functor              32       32 4.480000e+02   4.491120e+00     0.168 (     4      0)     0.109 (    21      0)
tl-sc Q-from-qdp                          32       32 4.480000e+02   1.056756e+02     3.405 (     0      0)     3.186 (    31      0)
t_prf                                      0        0 0.000000e+00   0.000000e+00     0.000 (     0      0)     0.000 (     0      0)

