LAST_GIT_COMMIT_SHA:STRING=4790f40f2fb6acbc051ce4c988681a628c18e83d

***** GLOBAL STATISTICS (  6144 MPI TASKS) *****

$Id: gptl.c,v 1.157 2011-03-28 20:55:18 rosinski Exp $
'count' is cumulative. All other stats are max/min
name                               processes  threads        count      walltotal   wallmax (proc   thrd  )   wallmin (proc   thrd  )
Total                                   6144     6144 6.144000e+03   1.905646e+06   310.195 (  1961      0)   310.139 (   202      0)
prim_init1                              6144     6144 6.144000e+03   5.711709e+03     0.977 (  1308      0)     0.888 (  5947      0)
repro_sum_int                           6144     6144 2.764800e+05   1.688272e+03     0.708 (     0      0)     0.037 (   770      0)
prim_init2                              6144     6144 6.144000e+03   4.883848e+03     1.254 (     6      0)     0.487 (  3099      0)
prim_printstate                         6144     6144 6.144000e+03   4.760720e+02     0.090 (  3556      0)     0.070 (  3686      0)
interp_movie_output                     6144     6144 1.228800e+04   2.541595e+01     0.009 (  3330      0)     0.001 (  4660      0)
prim_main_loop                          6144     6144 6.144000e+03   1.884562e+06   306.747 (  2272      0)   306.715 (   246      0)
prim_run                                6144     6144 1.572864e+07   1.884514e+06   306.743 (  2275      0)   306.706 (   246      0)
tl-sc prim_run_subcycle_c               6144     6144 1.572864e+07   1.884367e+06   306.714 (  5318      0)   306.687 (  3356      0)
tl-sc dp3d-from-ps                      6144     6144 1.572864e+07   1.982219e+02     0.053 (  2646      0)     0.026 (  1547      0)
tl-sc prim_step-loop                    6144     6144 1.572864e+07   1.774748e+06   289.195 (  4260      0)   288.091 (   370      0)
tl-s prim_step                          6144     6144 4.718592e+07   1.774650e+06   289.183 (  3175      0)   288.070 (  2421      0)
tl-s deep_copy+derived_dp               6144     6144 4.718592e+07   3.337606e+03     0.834 (  5725      0)     0.342 (  1792      0)
tl-s prim_advance_exp-loop              6144     6144 4.718592e+07   3.485288e+05    72.295 (  5643      0)    41.286 (   768      0)
tl-ae prim_advance_exp                  6144     6144 4.718592e+07   3.484090e+05    72.277 (  5643      0)    41.269 (   768      0)
tl-ae U3-5stage_timestep                6144     6144 4.718592e+07   1.904186e+05    49.728 (  3659      0)    19.955 (   768      0)
caar compute                            6144     6144 2.359296e+08   4.553415e+04     8.194 (  5834      0)     6.926 (  5609      0)
caar_bexchV                             6144     6144 2.359296e+08   1.429957e+05    41.927 (  3659      0)    12.216 (   768      0)
tl-ae advance_hypervis_dp               6144     6144 4.718592e+07   1.578507e+05    34.200 (  5249      0)    20.290 (   736      0)
hvf-bhwk                                6144     6144 1.415578e+08   8.948249e+04    22.572 (  5333      0)    11.515 (   757      0)
hvf-bexch                               6144     6144 2.831155e+08   1.161596e+05    27.507 (  5249      0)    13.047 (   736      0)
tl-s prim_advec_tracers_remap           6144     6144 4.718592e+07   1.422537e+06   247.092 (   768      0)   215.709 (  5982      0)
tl-at prim_advec_tracers_remap_RK2      6144     6144 4.718592e+07   1.422394e+06   247.074 (   768      0)   215.685 (  5982      0)
tl-at precompute_divdp                  6144     6144 4.718592e+07   2.374113e+03     0.657 (  5317      0)     0.231 (  5109      0)
tl-at esf-0                             6144     6144 4.718592e+07   4.322809e+05    81.240 (  2172      0)    60.237 (  6109      0)
tl-at esf-1                             6144     6144 4.718592e+07   3.024189e+05    53.012 (  5879      0)    45.216 (  1801      0)
tl-at esf-2                             6144     6144 4.718592e+07   6.556553e+05   122.539 (  1277      0)    94.537 (   260      0)
tl-at qdp_time_avg                      6144     6144 4.718592e+07   2.883207e+04     5.911 (  1890      0)     4.170 (  5372      0)
tl-sc vertical_remap                    6144     6144 1.572864e+07   9.473016e+04    16.226 (   370      0)    15.043 (  4260      0)
Remap Thickness Functor                 6144     6144 1.572864e+07   1.025233e+03     0.221 (  5834      0)     0.121 (  3178      0)
Remap Scale States Functor              6144     6144 1.572864e+07   4.617160e+02     0.128 (   564      0)     0.043 (  3668      0)
Remap Compute Grids Functor             6144     6144 1.572864e+07   4.510435e+03     1.092 (  5834      0)     0.566 (  5377      0)
Remap Compute Remap Functor             6144     6144 1.572864e+07   8.767885e+04    14.940 (   370      0)    14.074 (  4260      0)
Remap Rescale States Functor            6144     6144 1.572864e+07   6.658923e+02     0.126 (  5247      0)     0.105 (   417      0)
tl-sc Q-from-qdp                        6144     6144 1.572864e+07   1.458590e+04     2.593 (  2048      0)     2.300 (  5406      0)
t_prf                                      0        0 0.000000e+00   0.000000e+00     0.000 (     0      0)     0.000 (     0      0)

