LAST_GIT_COMMIT_SHA:STRING=4790f40f2fb6acbc051ce4c988681a628c18e83d

***** GLOBAL STATISTICS (   320 MPI TASKS) *****

$Id: gptl.c,v 1.157 2011-03-28 20:55:18 rosinski Exp $
'count' is cumulative. All other stats are max/min
name                               processes  threads        count      walltotal   wallmax (proc   thrd  )   wallmin (proc   thrd  )
Total                                    320      320 3.200000e+02   7.534721e+04   235.501 (   249      0)   235.415 (   114      0)
prim_init1                               320      320 3.200000e+02   1.076852e+02     0.338 (     3      0)     0.331 (   262      0)
repro_sum_int                            320      320 1.440000e+04   4.507374e+00     0.025 (    13      0)     0.007 (    43      0)
prim_init2                               320      320 3.200000e+02   1.777999e+02     0.566 (    29      0)     0.548 (    98      0)
prim_printstate                          320      320 3.200000e+02   1.830243e+01     0.059 (     0      0)     0.057 (   100      0)
interp_movie_output                      320      320 6.400000e+02   7.641888e-02     0.001 (   195      0)     0.000 (   244      0)
prim_main_loop                           320      320 3.200000e+02   7.423324e+04   232.020 (   249      0)   231.935 (   114      0)
prim_run                                 320      320 2.144000e+04   7.423309e+04   232.019 (   249      0)   231.934 (   114      0)
tl-sc prim_run_subcycle_c                320      320 2.144000e+04   7.419579e+04   231.900 (   249      0)   231.817 (   114      0)
tl-sc dp3d-from-ps                       320      320 2.144000e+04   1.052330e+01     0.045 (   247      0)     0.020 (    32      0)
tl-sc prim_step-loop                     320      320 2.144000e+04   6.948430e+04   217.549 (   141      0)   216.835 (   111      0)
tl-s prim_step                           320      320 6.432000e+04   6.948404e+04   217.548 (   141      0)   216.835 (   111      0)
tl-s deep_copy+derived_dp                320      320 6.432000e+04   1.848098e+02     0.704 (   235      0)     0.356 (    32      0)
tl-s prim_advance_exp-loop               320      320 6.432000e+04   1.307948e+04    45.336 (   153      0)    37.483 (   226      0)
tl-ae prim_advance_exp                   320      320 6.432000e+04   1.307907e+04    45.335 (   153      0)    37.482 (   226      0)
tl-ae U3-5stage_timestep                 320      320 6.432000e+04   6.233721e+03    24.728 (   153      0)    16.753 (   225      0)
caar compute                             320      320 3.216000e+05   2.419401e+03     8.468 (   229      0)     6.680 (   143      0)
caar_bexchV                              320      320 3.216000e+05   3.694715e+03    17.348 (   153      0)     8.324 (   225      0)
tl-ae advance_hypervis_dp                320      320 6.432000e+04   6.844507e+03    23.059 (   102      0)    19.952 (   227      0)
hvf-bhwk                                 320      320 1.929600e+05   3.746378e+03    14.048 (    60      0)    10.496 (    12      0)
hvf-bexch                                320      320 3.859200e+05   4.097199e+03    15.070 (   102      0)    10.809 (   227      0)
tl-s prim_advec_tracers_remap            320      320 6.432000e+04   5.621875e+04   179.012 (   226      0)   171.166 (   153      0)
tl-at prim_advec_tracers_remap_RK2       320      320 6.432000e+04   5.621830e+04   179.011 (   226      0)   171.165 (   153      0)
tl-at precompute_divdp                   320      320 6.432000e+04   1.168004e+02     0.469 (   242      0)     0.239 (   153      0)
tl-at esf-0                              320      320 6.432000e+04   1.599489e+04    52.044 (   289      0)    47.731 (   313      0)
tl-at esf-1                              320      320 6.432000e+04   1.229004e+04    39.586 (    61      0)    36.914 (    38      0)
tl-at esf-2                              320      320 6.432000e+04   2.570455e+04    82.745 (    96      0)    77.531 (   135      0)
tl-at qdp_time_avg                       320      320 6.432000e+04   2.109315e+03     7.174 (   231      0)     4.791 (   256      0)
tl-sc vertical_remap                     320      320 2.144000e+04   3.933689e+03    12.739 (    92      0)    11.934 (   260      0)
Remap Thickness Functor                  320      320 2.144000e+04   3.954757e+01     0.150 (   175      0)     0.087 (   142      0)
Remap Scale States Functor               320      320 2.144000e+04   3.237653e+01     0.145 (    92      0)     0.041 (   256      0)
Remap Compute Grids Functor              320      320 2.144000e+04   2.350198e+02     1.100 (    92      0)     0.453 (   142      0)
Remap Compute Remap Functor              320      320 2.144000e+04   3.592451e+03    11.755 (    32      0)    11.129 (   241      0)
Remap Rescale States Functor             320      320 2.144000e+04   3.014637e+01     0.122 (   251      0)     0.082 (   209      0)
tl-sc Q-from-qdp                         320      320 2.144000e+04   7.669127e+02     2.530 (   224      0)     2.108 (   153      0)
t_prf                                      0        0 0.000000e+00   0.000000e+00     0.000 (     0      0)     0.000 (     0      0)

