LAST_GIT_COMMIT_SHA:STRING=4790f40f2fb6acbc051ce4c988681a628c18e83d

***** GLOBAL STATISTICS (  3456 MPI TASKS) *****

$Id: gptl.c,v 1.157 2011-03-28 20:55:18 rosinski Exp $
'count' is cumulative. All other stats are max/min
name                               processes  threads        count      walltotal   wallmax (proc   thrd  )   wallmin (proc   thrd  )
Total                                   3456     3456 3.456000e+03   1.004534e+06   290.701 (   174      0)   290.616 (  1025      0)
prim_init1                              3456     3456 3.456000e+03   3.497748e+03     1.047 (    80      0)     0.964 (  2966      0)
repro_sum_int                           3456     3456 1.555200e+05   9.614477e+02     1.102 (  2974      0)     0.073 (   519      0)
prim_init2                              3456     3456 3.456000e+03   2.314379e+03     1.511 (  2972      0)     0.420 (   293      0)
prim_printstate                         3456     3456 3.456000e+03   5.154469e+02     0.160 (     0      0)     0.143 (  1400      0)
interp_movie_output                     3456     3456 6.912000e+03   9.659325e+00     0.009 (   840      0)     0.000 (  3388      0)
prim_main_loop                          3456     3456 3.456000e+03   9.793495e+05   283.412 (  1769      0)   283.328 (  1025      0)
prim_run                                3456     3456 1.244160e+06   9.793376e+05   283.405 (  1769      0)   283.324 (  1025      0)
tl-sc prim_run_subcycle_c               3456     3456 1.244160e+06   9.792490e+05   283.376 (  3366      0)   283.308 (   443      0)
tl-sc dp3d-from-ps                      3456     3456 1.244160e+06   9.406629e+01     0.042 (   638      0)     0.019 (  3339      0)
tl-sc prim_step-loop                    3456     3456 1.244160e+06   9.239179e+05   268.020 (  2425      0)   266.486 (  3200      0)
tl-s prim_step                          3456     3456 3.732480e+06   9.239073e+05   268.018 (  2425      0)   266.482 (  3200      0)
tl-s deep_copy+derived_dp               3456     3456 3.732480e+06   1.711839e+03     0.695 (   556      0)     0.271 (  1792      0)
tl-s prim_advance_exp-loop              3456     3456 3.732480e+06   1.892281e+05    79.856 (  3329      0)    36.050 (  1777      0)
tl-ae prim_advance_exp                  3456     3456 3.732480e+06   1.892040e+05    79.852 (  3329      0)    36.045 (  1777      0)
tl-ae U3-5stage_timestep                3456     3456 3.732480e+06   9.846237e+04    47.418 (  3331      0)    15.390 (  1777      0)
caar compute                            3456     3456 1.866240e+07   2.569394e+04     8.624 (   160      0)     6.474 (   124      0)
caar_bexchV                             3456     3456 1.866240e+07   7.165273e+04    40.159 (  3331      0)     7.412 (  1777      0)
tl-ae advance_hypervis_dp               3456     3456 3.732480e+06   9.071987e+04    39.466 (   444      0)    18.613 (  3078      0)
hvf-bhwk                                3456     3456 1.119744e+07   4.932094e+04    24.461 (   109      0)     9.729 (  2315      0)
hvf-bexch                               3456     3456 2.239488e+07   6.797184e+04    32.938 (   444      0)    11.729 (  2072      0)
tl-s prim_advec_tracers_remap           3456     3456 3.732480e+06   7.329358e+05   231.211 (  1777      0)   187.350 (  3329      0)
tl-at prim_advec_tracers_remap_RK2      3456     3456 3.732480e+06   7.329170e+05   231.206 (  1777      0)   187.346 (  3329      0)
tl-at precompute_divdp                  3456     3456 3.732480e+06   1.164314e+03     0.475 (   182      0)     0.169 (   528      0)
tl-at esf-0                             3456     3456 3.732480e+06   2.015680e+05    66.873 (  3355      0)    51.867 (  3332      0)
tl-at esf-1                             3456     3456 3.732480e+06   1.547418e+05    51.207 (   475      0)    39.407 (   452      0)
tl-at esf-2                             3456     3456 3.732480e+06   3.560098e+05   116.836 (  2069      0)    83.475 (  2974      0)
tl-at qdp_time_avg                      3456     3456 3.732480e+06   1.932773e+04     7.178 (   554      0)     3.722 (  3334      0)
tl-sc vertical_remap                    3456     3456 1.244160e+06   4.734187e+04    14.728 (  3200      0)    12.995 (  1568      0)
Remap Thickness Functor                 3456     3456 1.244160e+06   5.378242e+02     0.226 (  2294      0)     0.097 (   151      0)
Remap Scale States Functor              3456     3456 1.244160e+06   3.087447e+02     0.171 (   637      0)     0.038 (  3444      0)
Remap Compute Grids Functor             3456     3456 1.244160e+06   2.732276e+03     1.267 (  2464      0)     0.495 (     5      0)
Remap Compute Remap Functor             3456     3456 1.244160e+06   4.318367e+04    13.107 (  2187      0)    12.058 (  2501      0)
Remap Rescale States Functor            3456     3456 1.244160e+06   3.360351e+02     0.123 (  2112      0)     0.091 (   428      0)
tl-sc Q-from-qdp                        3456     3456 1.244160e+06   7.881137e+03     2.575 (   544      0)     2.081 (   104      0)
t_prf                                      0        0 0.000000e+00   0.000000e+00     0.000 (     0      0)     0.000 (     0      0)

