LAST_GIT_COMMIT_SHA:STRING=adf77c97ed8425a245449f2582d2441f4b72da1e
10940611

***** GLOBAL STATISTICS (  1600 MPI TASKS) *****

$Id: gptl.c,v 1.157 2011-03-28 20:55:18 rosinski Exp $
'count' is cumulative. All other stats are max/min
name                           processes  threads        count      walltotal   wallmax (proc   thrd  )   wallmin (proc   thrd  )
"Total"                             1600     1600 1.600000e+03   4.690340e+05   293.208 (  1048      0)   293.085 (   637      0)
"prim_init1"                        1600     1600 1.600000e+03   1.757564e+03     1.109 (   777      0)     1.073 (   705      0)
"PartitioningTime"                  1600     1600 1.600000e+03   1.570935e+01     0.013 (   182      0)     0.002 (   203      0)
"repro_sum_int"                     1600     1600 7.200000e+04   1.452210e+02     0.185 (   748      0)     0.020 (  1174      0)
"prim_init2"                        1600     1600 1.600000e+03   2.997984e+02     0.260 (  1059      0)     0.124 (  1495      0)
"prim_printstate"                   1600     1600 1.600000e+03   4.058646e+01     0.028 (     0      0)     0.024 (  1196      0)
"interp_movie_output"               1600     1600 3.200000e+03   8.750508e-01     0.002 (   678      0)     0.000 (   904      0)
"prim_main_loop"                    1600     1600 1.600000e+03   4.593795e+05   287.172 (  1048      0)   287.054 (   637      0)
"prim_run"                          1600     1600 2.672000e+05   4.593786e+05   287.171 (  1050      0)   287.052 (   637      0)
"ApplyCAMForcing"                   1600     1600 2.672000e+05   6.094343e+03     4.858 (  1190      0)     2.173 (   909      0)
"prim_step_rX"                      1600     1600 8.016000e+05   4.227296e+05   266.492 (   908      0)   262.406 (  1378      0)
"prim_step_dyn"                     1600     1600 8.016000e+05   8.513369e+04    65.979 (   140      0)    42.279 (   954      0)
"prim_advance_exp"                  1600     1600 8.016000e+05   8.512674e+04    65.976 (   140      0)    42.276 (   954      0)
"U3-5stage_timestep"                1600     1600 8.016000e+05   4.231968e+04    37.896 (   307      0)    19.095 (   962      0)
"compute_and_apply_rhs"             1600     1600 4.008000e+06   4.176661e+04    37.462 (   307      0)    18.584 (   962      0)
"caar_bexchV"                       1600     1600 4.008000e+06   2.320049e+04    26.061 (   331      0)     4.655 (   962      0)
"advance_hypervis_dp"               1600     1600 8.016000e+05   4.279864e+04    32.428 (   668      0)    20.700 (   360      0)
"biwkdp3d_bexchV"                   1600     1600 2.404800e+06   1.161257e+04    13.222 (  1469      0)     2.428 (    96      0)
"ahdp_bexchV2"                      1600     1600 2.404800e+06   1.198478e+04    13.290 (  1463      0)     3.056 (   116      0)
"prim_step_advec"                   1600     1600 8.016000e+05   3.363786e+05   220.208 (   954      0)   199.536 (   140      0)
"PAT_remap"                         1600     1600 8.016000e+05   3.363757e+05   220.207 (   954      0)   199.534 (   140      0)
"prim_advec_tracers_remap_rk2"      1600     1600 8.016000e+05   3.363713e+05   220.205 (   954      0)   199.532 (   140      0)
"precomput_divdp"                   1600     1600 8.016000e+05   7.203458e+02     0.608 (  1592      0)     0.218 (  1390      0)
"euler_step_0"                      1600     1600 8.016000e+05   9.226487e+04    63.770 (   250      0)    52.382 (  1455      0)
"bihmix_qminmax"                    1600     1600 2.404800e+06   1.592579e+05   110.806 (  1177      0)    88.140 (   828      0)
"eus_neighbor_minmax1"              1600     1600 8.016000e+05   2.528832e+04    21.484 (   589      0)    11.950 (   828      0)
"nmm_bexchV"                        1600     1600 8.016000e+05   1.242864e+04    14.648 (   589      0)     4.912 (  1063      0)
"eus_2d_advec"                      1600     1600 2.404800e+06   1.657564e+05   117.402 (   828      0)    90.431 (   140      0)
"eus_bexchV"                        1600     1600 2.404800e+06   4.310606e+04    43.496 (  1159      0)    17.003 (  1529      0)
"euler_step_1"                      1600     1600 8.016000e+05   6.587706e+04    46.330 (  1448      0)    37.554 (  1164      0)
"euler_step_2"                      1600     1600 8.016000e+05   1.669112e+05   115.326 (   953      0)    95.267 (   331      0)
"nmm_bexchS_start"                  1600     1600 8.016000e+05   5.248976e+01     0.051 (   801      0)     0.018 (   913      0)
"biwksc_bexchV"                     1600     1600 8.016000e+05   1.582276e+04    17.894 (  1177      0)     5.913 (   380      0)
"nmm_bexchS_fini"                   1600     1600 8.016000e+05   7.008771e+03     5.402 (  1094      0)     2.683 (  1161      0)
"qdp_tavg"                          1600     1600 8.016000e+05   1.057898e+04     8.102 (  1036      0)     3.855 (  1153      0)
"vertical_remap"                    1600     1600 2.672000e+05   2.124018e+04    13.923 (   140      0)    12.971 (  1198      0)
"vertical_remap1_1"                 1600     1600 1.442880e+07   1.189714e+03     0.759 (   909      0)     0.734 (  1422      0)
"remap_Q_ppm"                       1600     1600 4.328640e+07   2.090178e+04    13.632 (   140      0)    12.769 (  1198      0)
"vertical_remap1_2"                 1600     1600 1.442880e+07   1.600060e+03     1.011 (  1551      0)     0.992 (   790      0)
"vertical_remap1_3"                 1600     1600 1.442880e+07   1.815260e+04    11.904 (   140      0)    11.064 (  1198      0)
"prim_run_subcyle_diags"            1600     1600 2.672000e+05   7.983280e+03     7.395 (  1152      0)     4.007 (   909      0)
"t_prf"                                0        0 0.000000e+00   0.000000e+00     0.000 (     0      0)     0.000 (     0      0)

10940611
