LAST_GIT_COMMIT_SHA:STRING=4790f40f2fb6acbc051ce4c988681a628c18e83d

***** GLOBAL STATISTICS (  1600 MPI TASKS) *****

$Id: gptl.c,v 1.157 2011-03-28 20:55:18 rosinski Exp $
'count' is cumulative. All other stats are max/min
name                               processes  threads        count      walltotal   wallmax (proc   thrd  )   wallmin (proc   thrd  )
Total                                   1600     1600 1.600000e+03   4.519556e+05   282.547 (  1420      0)   282.380 (   237      0)
prim_init1                              1600     1600 1.600000e+03   1.187496e+03     0.751 (   946      0)     0.725 (  1084      0)
repro_sum_int                           1600     1600 7.200000e+04   2.771390e+02     0.233 (    14      0)     0.012 (    50      0)
prim_init2                              1600     1600 1.600000e+03   7.529111e+02     0.534 (   811      0)     0.312 (    61      0)
prim_printstate                         1600     1600 1.600000e+03   6.330043e+01     0.043 (     0      0)     0.038 (   346      0)
interp_movie_output                     1600     1600 3.200000e+03   1.193983e+00     0.002 (   291      0)     0.000 (  1592      0)
prim_main_loop                          1600     1600 1.600000e+03   4.424503e+05   276.606 (  1426      0)   276.437 (   237      0)
prim_run                                1600     1600 2.672000e+05   4.424486e+05   276.605 (  1426      0)   276.436 (   237      0)
tl-sc prim_run_subcycle_c               1600     1600 2.672000e+05   4.423804e+05   276.567 (  1426      0)   276.415 (    72      0)
tl-sc dp3d-from-ps                      1600     1600 2.672000e+05   3.782659e+01     0.037 (  1323      0)     0.019 (  1369      0)
tl-sc prim_step-loop                    1600     1600 2.672000e+05   4.169417e+05   261.330 (  1093      0)   259.656 (  1570      0)
tl-s prim_step                          1600     1600 8.016000e+05   4.169394e+05   261.329 (  1093      0)   259.654 (  1570      0)
tl-s deep_copy+derived_dp               1600     1600 8.016000e+05   7.552204e+02     0.746 (  1329      0)     0.254 (   823      0)
tl-s prim_advance_exp-loop              1600     1600 8.016000e+05   8.924346e+04    75.586 (  1531      0)    34.072 (  1553      0)
tl-ae prim_advance_exp                  1600     1600 8.016000e+05   8.923943e+04    75.584 (  1531      0)    34.070 (  1553      0)
tl-ae U3-5stage_timestep                1600     1600 8.016000e+05   4.600165e+04    51.273 (  1371      0)    13.544 (   956      0)
caar compute                            1600     1600 4.008000e+06   1.225359e+04     9.604 (  1570      0)     6.634 (   840      0)
caar_bexchV                             1600     1600 4.008000e+06   3.322413e+04    42.695 (  1371      0)     5.945 (   956      0)
tl-ae advance_hypervis_dp               1600     1600 8.016000e+05   4.323091e+04    39.150 (   738      0)    18.363 (  1553      0)
hvf-bhwk                                1600     1600 2.404800e+06   2.361583e+04    24.518 (  1204      0)     9.786 (  1551      0)
hvf-bexch                               1600     1600 4.809600e+06   3.135713e+04    32.070 (   738      0)    10.814 (  1553      0)
tl-s prim_advec_tracers_remap           1600     1600 8.016000e+05   3.269325e+05   226.638 (  1553      0)   183.940 (  1531      0)
tl-at prim_advec_tracers_remap_RK2      1600     1600 8.016000e+05   3.269280e+05   226.637 (  1553      0)   183.936 (  1531      0)
tl-at precompute_divdp                  1600     1600 8.016000e+05   5.218341e+02     0.574 (  1416      0)     0.144 (  1509      0)
tl-at esf-0                             1600     1600 8.016000e+05   9.000013e+04    69.379 (  1553      0)    48.768 (     0      0)
tl-at esf-1                             1600     1600 8.016000e+05   7.014688e+04    51.679 (   953      0)    38.902 (   509      0)
tl-at esf-2                             1600     1600 8.016000e+05   1.578534e+05   115.371 (  1064      0)    81.335 (  1538      0)
tl-at qdp_time_avg                      1600     1600 8.016000e+05   8.380838e+03     7.540 (  1323      0)     3.703 (   485      0)
tl-sc vertical_remap                    1600     1600 2.672000e+05   2.179398e+04    14.671 (  1570      0)    12.986 (  1093      0)
Remap Thickness Functor                 1600     1600 2.672000e+05   1.925826e+02     0.163 (   895      0)     0.093 (    94      0)
Remap Scale States Functor              1600     1600 2.672000e+05   1.295793e+02     0.151 (  1314      0)     0.036 (   224      0)
Remap Compute Grids Functor             1600     1600 2.672000e+05   1.250208e+03     1.284 (   864      0)     0.491 (   922      0)
Remap Compute Remap Functor             1600     1600 2.672000e+05   2.005885e+04    13.147 (  1369      0)    12.096 (  1165      0)
Remap Rescale States Functor            1600     1600 2.672000e+05   1.524011e+02     0.121 (   528      0)     0.091 (    77      0)
tl-sc Q-from-qdp                        1600     1600 2.672000e+05   3.603958e+03     2.635 (  1341      0)     2.110 (   670      0)
t_prf                                      0        0 0.000000e+00   0.000000e+00     0.000 (     0      0)     0.000 (     0      0)

