LAST_GIT_COMMIT_SHA:STRING=adf77c97ed8425a245449f2582d2441f4b72da1e
10940550

***** GLOBAL STATISTICS (  2048 MPI TASKS) *****

$Id: gptl.c,v 1.157 2011-03-28 20:55:18 rosinski Exp $
'count' is cumulative. All other stats are max/min
name                           processes  threads        count      walltotal   wallmax (proc   thrd  )   wallmin (proc   thrd  )
"Total"                             2048     2048 2.048000e+03   1.965766e+05    95.993 (  1422      0)    95.978 (  1916      0)
"prim_init1"                        2048     2048 2.048000e+03   5.834070e+02     0.293 (  1326      0)     0.277 (   781      0)
"PartitioningTime"                  2048     2048 2.048000e+03   4.042882e+00     0.003 (  1050      0)     0.000 (   810      0)
"repro_sum_int"                     2048     2048 9.216000e+04   4.144477e+02     0.368 (   302      0)     0.040 (  1563      0)
"prim_init2"                        2048     2048 2.048000e+03   4.149232e+02     0.366 (   313      0)     0.041 (   237      0)
"prim_printstate"                   2048     2048 2.048000e+03   2.644404e+01     0.019 (   527      0)     0.011 (  1105      0)
"interp_movie_output"               2048     2048 4.096000e+03   1.932203e+00     0.002 (   238      0)     0.001 (  1949      0)
"prim_main_loop"                    2048     2048 2.048000e+03   1.945339e+05    94.993 (  1647      0)    94.982 (   850      0)
"prim_run"                          2048     2048 2.185216e+06   1.945287e+05    94.991 (  1647      0)    94.979 (  1937      0)
"ApplyCAMForcing"                   2048     2048 2.185216e+06   1.345118e+03     0.796 (  1536      0)     0.573 (  1326      0)
"prim_step_rX"                      2048     2048 6.555648e+06   1.805591e+05    88.339 (  1774      0)    87.847 (   120      0)
"prim_step_dyn"                     2048     2048 6.555648e+06   3.616278e+04    25.860 (  1745      0)    10.012 (  1542      0)
"prim_advance_exp"                  2048     2048 6.555648e+06   3.614579e+04    25.852 (  1745      0)    10.003 (  1542      0)
"U3-5stage_timestep"                2048     2048 6.555648e+06   2.121706e+04    18.822 (  1582      0)     5.031 (  1536      0)
"compute_and_apply_rhs"             2048     2048 3.277824e+07   2.111495e+04    18.764 (  1582      0)     4.980 (  1536      0)
"caar_bexchV"                       2048     2048 3.277824e+07   1.507214e+04    15.608 (   209      0)     2.059 (  1536      0)
"advance_hypervis_dp"               2048     2048 6.555648e+06   1.490890e+04     9.982 (  1735      0)     4.658 (  1514      0)
"biwkdp3d_bexchV"                   2048     2048 1.966694e+07   4.626884e+03     4.054 (  1967      0)     0.896 (  1610      0)
"ahdp_bexchV2"                      2048     2048 1.966694e+07   4.542758e+03     4.032 (  1962      0)     0.917 (  1509      0)
"prim_step_advec"                   2048     2048 6.555648e+06   1.440429e+05    77.812 (  1542      0)    62.276 (  1745      0)
"PAT_remap"                         2048     2048 6.555648e+06   1.440300e+05    77.806 (  1542      0)    62.270 (  1745      0)
"prim_advec_tracers_remap_rk2"      2048     2048 6.555648e+06   1.440115e+05    77.796 (  1542      0)    62.261 (  1745      0)
"precomput_divdp"                   2048     2048 6.555648e+06   3.615626e+02     0.325 (   204      0)     0.099 (   416      0)
"euler_step_0"                      2048     2048 6.555648e+06   4.286407e+04    26.400 (  1543      0)    14.273 (   209      0)
"bihmix_qminmax"                    2048     2048 1.966694e+07   6.719729e+04    40.035 (  1541      0)    26.477 (   586      0)
"eus_neighbor_minmax1"              2048     2048 6.555648e+06   1.244795e+04    10.106 (  1431      0)     2.904 (  1533      0)
"nmm_bexchV"                        2048     2048 6.555648e+06   8.526471e+03     7.769 (  1431      0)     1.318 (  1533      0)
"eus_2d_advec"                      2048     2048 1.966694e+07   7.351499e+04    45.478 (  1545      0)    30.573 (  1326      0)
"eus_bexchV"                        2048     2048 1.966694e+07   3.423548e+04    27.457 (  1545      0)    11.211 (   954      0)
"euler_step_1"                      2048     2048 6.555648e+06   2.705918e+04    15.559 (  1545      0)    11.301 (  1303      0)
"euler_step_2"                      2048     2048 6.555648e+06   7.089486e+04    39.198 (  1545      0)    30.413 (  1745      0)
"nmm_bexchS_start"                  2048     2048 6.555648e+06   3.422989e+02     0.302 (   120      0)     0.086 (   465      0)
"biwksc_bexchV"                     2048     2048 6.555648e+06   1.631317e+04    11.007 (  1649      0)     4.635 (  1730      0)
"nmm_bexchS_fini"                   2048     2048 6.555648e+06   5.706148e+02     0.384 (   122      0)     0.168 (  1553      0)
"qdp_tavg"                          2048     2048 6.555648e+06   2.766121e+03     1.463 (  1561      0)     1.286 (   673      0)
"vertical_remap"                    2048     2048 2.185216e+06   9.676987e+03     4.932 (  1582      0)     4.623 (  2021      0)
"vertical_remap1_1"                 2048     2048 6.555648e+06   5.639282e+02     0.288 (  1582      0)     0.268 (  2021      0)
"remap_Q_ppm"                       2048     2048 1.966694e+07   9.505821e+03     4.834 (  1582      0)     4.546 (  2021      0)
"vertical_remap1_2"                 2048     2048 6.555648e+06   7.329391e+02     0.368 (  1582      0)     0.353 (  2021      0)
"vertical_remap1_3"                 2048     2048 6.555648e+06   8.229992e+03     4.189 (  1582      0)     3.935 (  2021      0)
"prim_run_subcyle_diags"            2048     2048 2.185216e+06   2.459374e+03     1.490 (  1612      0)     1.059 (  1774      0)
"t_prf"                                0        0 0.000000e+00   0.000000e+00     0.000 (     0      0)     0.000 (     0      0)

10940550
