LAST_GIT_COMMIT_SHA:STRING=4790f40f2fb6acbc051ce4c988681a628c18e83d

***** GLOBAL STATISTICS ( 21600 MPI TASKS) *****

$Id: gptl.c,v 1.157 2011-03-28 20:55:18 rosinski Exp $
'count' is cumulative. All other stats are max/min
name                               processes  threads        count      walltotal   wallmax (proc   thrd  )   wallmin (proc   thrd  )
Total                                  21600    21600 2.160000e+04   6.593264e+06   305.389 (   109      0)   305.164 ( 11488      0)
prim_init1                             21600    21600 2.160000e+04   5.822490e+04     2.868 (   126      0)     2.507 ( 16139      0)
repro_sum_int                          21600    21600 9.720000e+05   1.178548e+04     1.624 (     0      0)     0.067 ( 11856      0)
prim_init2                             21600    21600 2.160000e+04   4.336786e+04     3.144 (    14      0)     1.080 (  1261      0)
prim_printstate                        21600    21600 2.160000e+04   3.990857e+03     0.247 ( 14586      0)     0.138 ( 13763      0)
interp_movie_output                    21600    21600 4.320000e+04   1.592613e+02     0.029 (  4236      0)     0.000 (  6348      0)
prim_main_loop                         21600    21600 2.160000e+04   6.356635e+06   294.373 (   233      0)   294.194 ( 20771      0)
prim_run                               21600    21600 4.860000e+07   6.356103e+06   294.366 (   241      0)   294.180 ( 20779      0)
tl-sc prim_run_subcycle_c              21600    21600 4.860000e+07   6.354879e+06   294.266 (  4693      0)   294.159 (  1116      0)
tl-sc dp3d-from-ps                     21600    21600 4.860000e+07   7.213426e+02     0.053 ( 11828      0)     0.020 ( 20637      0)
tl-sc prim_step-loop                   21600    21600 4.860000e+07   6.014989e+06   279.071 ( 16199      0)   277.671 (  4512      0)
tl-s prim_step                         21600    21600 1.458000e+08   6.014712e+06   279.060 ( 16199      0)   277.657 (  4512      0)
tl-s deep_copy+derived_dp              21600    21600 1.458000e+08   1.016661e+04     0.677 ( 16530      0)     0.308 (  4394      0)
tl-s prim_advance_exp-loop             21600    21600 1.458000e+08   1.414754e+06    87.007 (  2807      0)    48.041 (  1276      0)
tl-ae prim_advance_exp                 21600    21600 1.458000e+08   1.414196e+06    86.979 (  2807      0)    48.027 (  1276      0)
tl-ae U3-5stage_timestep               21600    21600 1.458000e+08   7.276932e+05    53.036 (  4309      0)    23.246 (  1276      0)
caar compute                           21600    21600 7.290000e+08   1.418372e+05     7.318 (   344      0)     6.148 ( 13141      0)
caar_bexchV                            21600    21600 7.290000e+08   5.796233e+05    46.023 (  4309      0)    16.537 (  1276      0)
tl-ae advance_hypervis_dp              21600    21600 1.458000e+08   6.860441e+05    46.425 (  7799      0)    23.164 (  1311      0)
hvf-bhwk                               21600    21600 4.374000e+08   3.753150e+05    26.447 (  5500      0)    12.920 (  1311      0)
hvf-bexch                              21600    21600 8.748000e+08   5.548447e+05    40.257 (  7799      0)    17.093 (  1310      0)
tl-s prim_advec_tracers_remap          21600    21600 1.458000e+08   4.588870e+06   229.969 (  1276      0)   190.775 (  2807      0)
tl-at prim_advec_tracers_remap_RK2     21600    21600 1.458000e+08   4.588429e+06   229.949 (  1276      0)   190.756 (  2807      0)
tl-at precompute_divdp                 21600    21600 1.458000e+08   7.460334e+03     0.644 ( 19301      0)     0.206 ( 12880      0)
tl-at esf-0                            21600    21600 1.458000e+08   1.304651e+06    70.388 ( 19275      0)    52.314 ( 12904      0)
tl-at esf-1                            21600    21600 1.458000e+08   9.351120e+05    47.924 ( 19272      0)    39.203 ( 13167      0)
tl-at esf-2                            21600    21600 1.458000e+08   2.249462e+06   117.085 (  4765      0)    84.487 ( 20778      0)
tl-at qdp_time_avg                     21600    21600 1.458000e+08   8.917452e+04     5.071 ( 10988      0)     3.695 ( 19423      0)
tl-sc vertical_remap                   21600    21600 4.860000e+07   2.935744e+05    14.429 (  4512      0)    12.957 ( 15158      0)
Remap Thickness Functor                21600    21600 4.860000e+07   4.081183e+03     0.325 ( 19429      0)     0.110 (   538      0)
Remap Scale States Functor             21600    21600 4.860000e+07   1.689695e+03     0.166 ( 16504      0)     0.039 ( 17530      0)
Remap Compute Grids Functor            21600    21600 4.860000e+07   1.412522e+04     0.929 (  5391      0)     0.498 (  3830      0)
Remap Compute Remap Functor            21600    21600 4.860000e+07   2.683975e+05    13.041 (  4512      0)    11.931 ( 16199      0)
Remap Rescale States Functor           21600    21600 4.860000e+07   2.069679e+03     0.109 ( 19424      0)     0.092 ( 14766      0)
tl-sc Q-from-qdp                       21600    21600 4.860000e+07   4.527857e+04     2.359 (   320      0)     2.025 ( 12593      0)
t_prf                                      0        0 0.000000e+00   0.000000e+00     0.000 (     0      0)     0.000 (     0      0)

