LAST_GIT_COMMIT_SHA:STRING=4790f40f2fb6acbc051ce4c988681a628c18e83d

***** GLOBAL STATISTICS (   192 MPI TASKS) *****

$Id: gptl.c,v 1.157 2011-03-28 20:55:18 rosinski Exp $
'count' is cumulative. All other stats are max/min
name                               processes  threads        count      walltotal   wallmax (proc   thrd  )   wallmin (proc   thrd  )
Total                                    192      192 1.920000e+02   5.178303e+04   269.890 (    98      0)   269.120 (   165      0)
prim_init1                               192      192 1.920000e+02   1.386745e+02     0.725 (   160      0)     0.713 (    53      0)
repro_sum_int                            192      192 8.640000e+03   3.092334e+00     0.023 (    37      0)     0.010 (   181      0)
prim_init2                               192      192 1.920000e+02   3.881942e+02     2.036 (   133      0)     2.008 (   178      0)
prim_printstate                          192      192 1.920000e+02   4.240589e+01     0.224 (     0      0)     0.221 (   137      0)
interp_movie_output                      192      192 3.840000e+02   3.050923e-02     0.000 (   174      0)     0.000 (   101      0)
prim_main_loop                           192      192 1.920000e+02   5.024146e+04   261.863 (    98      0)   261.091 (   165      0)
prim_run                                 192      192 3.840000e+03   5.024141e+04   261.862 (    98      0)   261.091 (   165      0)
tl-sc prim_run_subcycle_c                192      192 3.840000e+03   5.017780e+04   261.585 (    98      0)   260.959 (   165      0)
tl-sc dp3d-from-ps                       192      192 3.840000e+03   5.363556e+00     0.037 (   156      0)     0.020 (    10      0)
tl-sc prim_step-loop                     192      192 3.840000e+03   4.708393e+04   245.862 (    10      0)   244.585 (   133      0)
tl-s prim_step                           192      192 1.152000e+04   4.708389e+04   245.862 (    10      0)   244.585 (   133      0)
tl-s deep_copy+derived_dp                192      192 1.152000e+04   9.992718e+01     0.737 (   156      0)     0.285 (    10      0)
tl-s prim_advance_exp-loop               192      192 1.152000e+04   9.487879e+03    61.777 (   165      0)    40.669 (    98      0)
tl-ae prim_advance_exp                   192      192 1.152000e+04   9.487775e+03    61.776 (   165      0)    40.668 (    98      0)
tl-ae U3-5stage_timestep                 192      192 1.152000e+04   4.932207e+03    38.547 (   165      0)    17.454 (   114      0)
caar compute                             192      192 5.760000e+04   1.540813e+03     9.207 (   109      0)     7.006 (    85      0)
caar_bexchV                              192      192 5.760000e+04   3.309662e+03    30.560 (   165      0)     8.158 (   114      0)
tl-ae advance_hypervis_dp                192      192 1.152000e+04   4.555410e+03    26.561 (    50      0)    22.057 (    26      0)
hvf-bhwk                                 192      192 3.456000e+04   2.475840e+03    15.214 (   150      0)    11.363 (   106      0)
hvf-bexch                                192      192 6.912000e+04   2.685726e+03    17.010 (    50      0)    10.981 (   122      0)
tl-s prim_advec_tracers_remap            192      192 1.152000e+04   3.749590e+04   204.552 (    98      0)   182.635 (   165      0)
tl-at prim_advec_tracers_remap_RK2       192      192 1.152000e+04   3.749582e+04   204.552 (    98      0)   182.635 (   165      0)
tl-at precompute_divdp                   192      192 1.152000e+04   7.737911e+01     0.633 (   109      0)     0.195 (    26      0)
tl-at esf-0                              192      192 1.152000e+04   1.056448e+04    57.152 (    97      0)    52.855 (    81      0)
tl-at esf-1                              192      192 1.152000e+04   8.169148e+03    43.950 (   146      0)    40.717 (   189      0)
tl-at esf-2                              192      192 1.152000e+04   1.758717e+04    99.439 (   115      0)    80.158 (   165      0)
tl-at qdp_time_avg                       192      192 1.152000e+04   1.097174e+03     7.585 (   154      0)     3.788 (   181      0)
tl-sc vertical_remap                     192      192 3.840000e+03   2.630761e+03    14.372 (   117      0)    13.285 (    85      0)
Remap Thickness Functor                  192      192 3.840000e+03   2.304879e+01     0.156 (   156      0)     0.091 (    10      0)
Remap Scale States Functor               192      192 3.840000e+03   1.754155e+01     0.147 (   154      0)     0.039 (    10      0)
Remap Compute Grids Functor              192      192 3.840000e+03   1.486616e+02     1.176 (    70      0)     0.490 (    10      0)
Remap Compute Remap Functor              192      192 3.840000e+03   2.415297e+03    13.161 (   117      0)    12.446 (    74      0)
Remap Rescale States Functor             192      192 3.840000e+03   1.884533e+01     0.123 (   128      0)     0.091 (   168      0)
tl-sc Q-from-qdp                         192      192 3.840000e+03   4.576767e+02     2.661 (   138      0)     2.191 (   168      0)
t_prf                                      0        0 0.000000e+00   0.000000e+00     0.000 (     0      0)     0.000 (     0      0)

