LAST_GIT_COMMIT_SHA:STRING=4790f40f2fb6acbc051ce4c988681a628c18e83d

***** GLOBAL STATISTICS (  1536 MPI TASKS) *****

$Id: gptl.c,v 1.157 2011-03-28 20:55:18 rosinski Exp $
'count' is cumulative. All other stats are max/min
name                               processes  threads        count      walltotal   wallmax (proc   thrd  )   wallmin (proc   thrd  )
Total                                   1536     1536 1.536000e+03   8.337420e+04    54.290 (   352      0)    54.276 (   255      0)
prim_init1                              1536     1536 1.536000e+03   4.941052e+02     0.351 (     0      0)     0.313 (  1056      0)
repro_sum_int                           1536     1536 6.912000e+04   2.657685e+02     0.410 (     8      0)     0.012 (   232      0)
prim_init2                              1536     1536 1.536000e+03   5.017913e+02     0.578 (     0      0)     0.163 (   443      0)
prim_printstate                         1536     1536 1.536000e+03   3.358535e+01     0.114 (     0      0)     0.020 (   637      0)
interp_movie_output                     1536     1536 3.072000e+03   9.262209e-01     0.003 (   761      0)     0.000 (   468      0)
prim_main_loop                          1536     1536 1.536000e+03   8.154335e+04    53.099 (   372      0)    53.085 (  1155      0)
prim_run                                1536     1536 2.949120e+06   8.153651e+04    53.094 (   352      0)    53.078 (   522      0)
tl-sc prim_run_subcycle_c               1536     1536 2.949120e+06   8.152139e+04    53.079 (   432      0)    53.066 (   522      0)
tl-sc dp3d-from-ps                      1536     1536 2.949120e+06   1.074893e+01     0.011 (   375      0)     0.006 (   824      0)
tl-sc prim_step-loop                    1536     1536 2.949120e+06   7.640365e+04    49.803 (   789      0)    49.556 (  1334      0)
tl-s prim_step                          1536     1536 8.847360e+06   7.639168e+04    49.795 (   789      0)    49.549 (  1334      0)
tl-s deep_copy+derived_dp               1536     1536 8.847360e+06   1.312971e+02     0.106 (  1273      0)     0.053 (   362      0)
tl-s prim_advance_exp-loop              1536     1536 8.847360e+06   2.092835e+04    18.353 (   521      0)     9.021 (  1324      0)
tl-ae prim_advance_exp                  1536     1536 8.847360e+06   2.091511e+04    18.344 (   521      0)     9.013 (  1324      0)
tl-ae U3-5stage_timestep                1536     1536 8.847360e+06   1.180489e+04    13.366 (  1525      0)     4.151 (  1002      0)
caar compute                            1536     1536 4.423680e+07   2.136139e+03     1.513 (  1184      0)     1.340 (  1510      0)
caar_bexchV                             1536     1536 4.423680e+07   9.534413e+03    11.899 (  1525      0)     2.682 (  1002      0)
tl-ae advance_hypervis_dp               1536     1536 8.847360e+06   9.090696e+03     8.900 (   768      0)     4.126 (  1333      0)
hvf-bhwk                                1536     1536 2.654208e+07   5.088936e+03     5.359 (  1450      0)     2.420 (  1311      0)
hvf-bexch                               1536     1536 5.308416e+07   6.962267e+03     7.487 (   768      0)     2.628 (  1312      0)
tl-s prim_advec_tracers_remap           1536     1536 8.847360e+06   5.530364e+04    40.496 (  1324      0)    31.258 (   521      0)
tl-at prim_advec_tracers_remap_RK2      1536     1536 8.847360e+06   5.528652e+04    40.484 (  1324      0)    31.245 (   521      0)
tl-at precompute_divdp                  1536     1536 8.847360e+06   7.799597e+01     0.074 (  1157      0)     0.037 (  1427      0)
tl-at esf-0                             1536     1536 8.847360e+06   1.692272e+04    14.222 (  1285      0)     8.216 (   994      0)
tl-at esf-1                             1536     1536 8.847360e+06   1.014038e+04     7.653 (  1234      0)     5.485 (  1504      0)
tl-at esf-2                             1536     1536 8.847360e+06   2.690830e+04    20.223 (   204      0)    14.730 (   783      0)
tl-at qdp_time_avg                      1536     1536 8.847360e+06   1.177592e+03     0.803 (  1312      0)     0.758 (  1036      0)
tl-sc vertical_remap                    1536     1536 2.949120e+06   4.439868e+03     3.069 (  1334      0)     2.836 (  1065      0)
Remap Thickness Functor                 1536     1536 2.949120e+06   4.880289e+01     0.038 (  1440      0)     0.027 (   765      0)
Remap Scale States Functor              1536     1536 2.949120e+06   1.907770e+01     0.015 (   887      0)     0.010 (  1494      0)
Remap Compute Grids Functor             1536     1536 2.949120e+06   1.842600e+02     0.132 (  1271      0)     0.111 (  1512      0)
Remap Compute Remap Functor             1536     1536 2.949120e+06   4.118944e+03     2.847 (  1334      0)     2.637 (  1065      0)
Remap Rescale States Functor            1536     1536 2.949120e+06   3.338690e+01     0.023 (  1312      0)     0.021 (   204      0)
tl-sc Q-from-qdp                        1536     1536 2.949120e+06   6.540442e+02     0.447 (  1312      0)     0.421 (   770      0)
t_prf                                      0        0 0.000000e+00   0.000000e+00     0.000 (     0      0)     0.000 (     0      0)

