LAST_GIT_COMMIT_SHA:STRING=4790f40f2fb6acbc051ce4c988681a628c18e83d

***** GLOBAL STATISTICS (   384 MPI TASKS) *****

$Id: gptl.c,v 1.157 2011-03-28 20:55:18 rosinski Exp $
'count' is cumulative. All other stats are max/min
name                               processes  threads        count      walltotal   wallmax (proc   thrd  )   wallmin (proc   thrd  )
Total                                    384      384 3.840000e+02   1.036786e+05   270.097 (    22      0)   269.688 (   331      0)
prim_init1                               384      384 3.840000e+02   2.685795e+02     0.704 (   160      0)     0.685 (   144      0)
repro_sum_int                            384      384 1.728000e+04   7.504980e+00     0.045 (   153      0)     0.008 (   315      0)
prim_init2                               384      384 3.840000e+02   3.995964e+02     1.069 (    18      0)     1.027 (    86      0)
prim_printstate                          384      384 3.840000e+02   4.042183e+01     0.108 (     0      0)     0.105 (   103      0)
interp_movie_output                      384      384 7.680000e+02   6.557679e-02     0.000 (   192      0)     0.000 (   115      0)
prim_main_loop                           384      384 3.840000e+02   1.011581e+05   263.533 (    22      0)   263.124 (   331      0)
prim_run                                 384      384 1.536000e+04   1.011580e+05   263.533 (    22      0)   263.124 (   331      0)
tl-sc prim_run_subcycle_c                384      384 1.536000e+04   1.010949e+05   263.405 (    22      0)   263.061 (   331      0)
tl-sc dp3d-from-ps                       384      384 1.536000e+04   9.459417e+00     0.034 (   304      0)     0.019 (    68      0)
tl-sc prim_step-loop                     384      384 1.536000e+04   9.495383e+04   247.734 (    84      0)   246.558 (   185      0)
tl-s prim_step                           384      384 4.608000e+04   9.495368e+04   247.734 (    84      0)   246.558 (   185      0)
tl-s deep_copy+derived_dp                384      384 4.608000e+04   1.811098e+02     0.676 (   290      0)     0.304 (   373      0)
tl-s prim_advance_exp-loop               384      384 4.608000e+04   1.902807e+04    65.604 (    75      0)    39.278 (   372      0)
tl-ae prim_advance_exp                   384      384 4.608000e+04   1.902774e+04    65.603 (    75      0)    39.277 (   372      0)
tl-ae U3-5stage_timestep                 384      384 4.608000e+04   9.796458e+03    42.103 (   203      0)    16.438 (   372      0)
caar compute                             384      384 2.304000e+05   3.081594e+03     8.854 (   267      0)     7.428 (   230      0)
caar_bexchV                              384      384 2.304000e+05   6.547614e+03    33.467 (   203      0)     7.998 (    22      0)
tl-ae advance_hypervis_dp                384      384 4.608000e+04   9.230694e+03    27.326 (   289      0)    22.361 (   203      0)
hvf-bhwk                                 384      384 1.382400e+05   5.002520e+03    16.203 (   269      0)    11.642 (   366      0)
hvf-bexch                                384      384 2.764800e+05   5.414084e+03    18.392 (   289      0)    11.681 (   382      0)
tl-s prim_advec_tracers_remap            384      384 4.608000e+04   7.574387e+04   208.015 (   372      0)   180.870 (    75      0)
tl-at prim_advec_tracers_remap_RK2       384      384 4.608000e+04   7.574357e+04   208.014 (   372      0)   180.870 (    75      0)
tl-at precompute_divdp                   384      384 4.608000e+04   1.590049e+02     0.529 (   357      0)     0.306 (   301      0)
tl-at esf-0                              384      384 4.608000e+04   2.131429e+04    60.096 (   197      0)    53.190 (    94      0)
tl-at esf-1                              384      384 4.608000e+04   1.643987e+04    45.416 (   201      0)    40.356 (   242      0)
tl-at esf-2                              384      384 4.608000e+04   3.583188e+04   101.548 (    42      0)    80.334 (   331      0)
tl-at qdp_time_avg                       384      384 4.608000e+04   1.996735e+03     7.108 (   298      0)     3.959 (   252      0)
tl-sc vertical_remap                     384      384 1.536000e+04   5.249967e+03    14.278 (   185      0)    13.298 (   274      0)
Remap Thickness Functor                  384      384 1.536000e+04   4.485975e+01     0.154 (   290      0)     0.094 (   364      0)
Remap Scale States Functor               384      384 1.536000e+04   3.289403e+01     0.143 (   290      0)     0.043 (   252      0)
Remap Compute Grids Functor              384      384 1.536000e+04   2.913860e+02     1.154 (   306      0)     0.504 (   252      0)
Remap Compute Remap Functor              384      384 1.536000e+04   4.836265e+03    13.153 (   119      0)    12.331 (   310      0)
Remap Rescale States Functor             384      384 1.536000e+04   3.700047e+01     0.111 (   131      0)     0.091 (   203      0)
tl-sc Q-from-qdp                         384      384 1.536000e+04   8.813942e+02     2.615 (   288      0)     2.150 (    92      0)
t_prf                                      0        0 0.000000e+00   0.000000e+00     0.000 (     0      0)     0.000 (     0      0)

