LAST_GIT_COMMIT_SHA:STRING=4790f40f2fb6acbc051ce4c988681a628c18e83d

***** GLOBAL STATISTICS ( 38400 MPI TASKS) *****

$Id: gptl.c,v 1.157 2011-03-28 20:55:18 rosinski Exp $
'count' is cumulative. All other stats are max/min
name                               processes  threads        count      walltotal   wallmax (proc   thrd  )   wallmin (proc   thrd  )
Total                                  38400    38400 3.840000e+04   1.071305e+07   279.103 ( 24973      0)   278.882 ( 21897      0)
prim_init1                             38400    38400 3.840000e+04   1.469027e+05     3.963 (   360      0)     3.713 ( 18412      0)
repro_sum_int                          38400    38400 1.728000e+06   1.903345e+04     2.529 (    14      0)     0.104 ( 33020      0)
prim_init2                             38400    38400 3.840000e+04   1.030519e+05     4.765 (    22      0)     2.078 ( 24215      0)
prim_printstate                        38400    38400 3.840000e+04   1.028614e+04     0.338 ( 31536      0)     0.209 ( 28487      0)
interp_movie_output                    38400    38400 7.680000e+04   8.387887e+02     0.061 ( 16427      0)     0.003 ( 20650      0)
prim_main_loop                         38400    38400 3.840000e+04   1.025550e+07   267.157 (  4200      0)   266.970 (  1908      0)
prim_run                               38400    38400 3.072000e+08   1.025469e+07   267.146 (  4208      0)   266.948 (  1900      0)
tl-sc prim_run_subcycle_c              38400    38400 3.072000e+08   1.025083e+07   267.013 ( 11634      0)   266.886 ( 19621      0)
tl-sc dp3d-from-ps                     38400    38400 3.072000e+08   1.579514e+03     0.077 ( 31616      0)     0.025 (  5047      0)
tl-sc prim_step-loop                   38400    38400 3.072000e+08   9.712061e+06   253.246 ( 27078      0)   251.738 (  2720      0)
tl-s prim_step                         38400    38400 9.216000e+08   9.710915e+06   253.220 ( 27078      0)   251.703 (  2720      0)
tl-s deep_copy+derived_dp              38400    38400 9.216000e+08   1.431220e+04     0.496 ( 18191      0)     0.188 (  6729      0)
tl-s prim_advance_exp-loop             38400    38400 9.216000e+08   3.849629e+06   119.974 ( 10888      0)    69.662 ( 19772      0)
tl-ae prim_advance_exp                 38400    38400 9.216000e+08   3.847683e+06   119.925 ( 10888      0)    69.612 ( 19772      0)
tl-ae U3-5stage_timestep               38400    38400 9.216000e+08   1.885281e+06    76.461 ( 11466      0)    28.725 ( 13952      0)
caar compute                           38400    38400 4.608000e+09   2.250449e+05     6.568 (  2720      0)     5.604 ( 13299      0)
caar_bexchV                            38400    38400 4.608000e+09   1.645139e+06    70.129 ( 11466      0)    22.363 ( 13952      0)
tl-ae advance_hypervis_dp              38400    38400 9.216000e+08   1.960320e+06    71.715 ( 25191      0)    34.617 ( 25021      0)
hvf-bhwk                               38400    38400 2.764800e+09   1.032532e+06    42.525 ( 25186      0)    17.369 ( 13986      0)
hvf-bexch                              38400    38400 5.529600e+09   1.734495e+06    65.802 ( 25191      0)    28.844 ( 25021      0)
tl-s prim_advec_tracers_remap          38400    38400 9.216000e+08   5.843451e+06   182.725 ( 19772      0)   132.418 ( 10888      0)
tl-at prim_advec_tracers_remap_RK2     38400    38400 9.216000e+08   5.841448e+06   182.677 ( 19772      0)   132.368 ( 10888      0)
tl-at precompute_divdp                 38400    38400 9.216000e+08   8.500602e+03     0.358 ( 20064      0)     0.145 ( 22356      0)
tl-at esf-0                            38400    38400 9.216000e+08   1.699358e+06    62.966 ( 25022      0)    35.151 ( 18653      0)
tl-at esf-1                            38400    38400 9.216000e+08   1.092210e+06    42.062 ( 25150      0)    23.044 ( 11487      0)
tl-at esf-2                            38400    38400 9.216000e+08   2.911940e+06   100.758 ( 34077      0)    63.420 ( 17538      0)
tl-at qdp_time_avg                     38400    38400 9.216000e+08   1.233430e+05     3.463 (  2720      0)     3.168 ( 12568      0)
tl-sc vertical_remap                   38400    38400 3.072000e+08   4.675485e+05    13.192 (  2720      0)    11.859 ( 27078      0)
Remap Thickness Functor                38400    38400 3.072000e+08   7.098145e+03     0.300 ( 22176      0)     0.110 ( 27279      0)
Remap Scale States Functor             38400    38400 3.072000e+08   2.825489e+03     0.165 ( 26030      0)     0.035 ( 26517      0)
Remap Compute Grids Functor            38400    38400 3.072000e+08   1.927032e+04     0.593 ( 19034      0)     0.450 ( 31037      0)
Remap Compute Remap Functor            38400    38400 3.072000e+08   4.270583e+05    12.005 (  2720      0)    10.950 ( 27365      0)
Remap Rescale States Functor           38400    38400 3.072000e+08   3.489508e+03     0.100 ( 19680      0)     0.088 ( 33366      0)
tl-sc Q-from-qdp                       38400    38400 3.072000e+08   6.834417e+04     1.913 ( 12288      0)     1.760 ( 20210      0)
t_prf                                      0        0 0.000000e+00   0.000000e+00     0.000 (     0      0)     0.000 (     0      0)

