LAST_GIT_COMMIT_SHA:STRING=adf77c97ed8425a245449f2582d2441f4b72da1e
10940582

***** GLOBAL STATISTICS (   800 MPI TASKS) *****

$Id: gptl.c,v 1.157 2011-03-28 20:55:18 rosinski Exp $
'count' is cumulative. All other stats are max/min
name                           processes  threads        count      walltotal   wallmax (proc   thrd  )   wallmin (proc   thrd  )
"Total"                              800      800 8.000000e+02   2.054351e+05   256.827 (   280      0)   256.759 (    59      0)
"prim_init1"                         800      800 8.000000e+02   3.033291e+02     0.381 (   197      0)     0.372 (    21      0)
"PartitioningTime"                   800      800 8.000000e+02   2.335516e+00     0.004 (   553      0)     0.002 (   658      0)
"repro_sum_int"                      800      800 3.600000e+04   2.427862e+01     0.077 (   151      0)     0.012 (   580      0)
"prim_init2"                         800      800 8.000000e+02   9.630102e+01     0.165 (   151      0)     0.104 (   261      0)
"prim_printstate"                    800      800 8.000000e+02   2.176990e+01     0.030 (     0      0)     0.026 (   718      0)
"interp_movie_output"                800      800 1.600000e+03   2.905321e-01     0.001 (   586      0)     0.000 (   224      0)
"prim_main_loop"                     800      800 8.000000e+02   2.026345e+05   253.326 (   280      0)   253.258 (    59      0)
"prim_run"                           800      800 1.336000e+05   2.026340e+05   253.325 (   280      0)   253.257 (    59      0)
"ApplyCAMForcing"                    800      800 1.336000e+05   2.767829e+03     4.092 (   474      0)     2.626 (   524      0)
"prim_step_rX"                       800      800 4.008000e+05   1.862047e+05   234.009 (   113      0)   231.763 (   482      0)
"prim_step_dyn"                      800      800 4.008000e+05   3.775405e+04    52.820 (   529      0)    42.556 (    70      0)
"prim_advance_exp"                   800      800 4.008000e+05   3.775046e+04    52.815 (   529      0)    42.553 (    70      0)
"U3-5stage_timestep"                 800      800 4.008000e+05   1.878892e+04    29.972 (   529      0)    19.619 (   769      0)
"compute_and_apply_rhs"              800      800 2.004000e+06   1.854175e+04    29.687 (   529      0)    19.348 (   769      0)
"caar_bexchV"                        800      800 2.004000e+06   1.026694e+04    19.702 (   529      0)     8.396 (    69      0)
"advance_hypervis_dp"                800      800 4.008000e+05   1.895733e+04    26.495 (   134      0)    21.430 (   264      0)
"biwkdp3d_bexchV"                    800      800 1.202400e+06   5.183061e+03     9.913 (   217      0)     3.978 (    80      0)
"ahdp_bexchV2"                       800      800 1.202400e+06   5.338987e+03     9.392 (   215      0)     4.319 (    64      0)
"prim_step_advec"                    800      800 4.008000e+05   1.479033e+05   188.956 (    70      0)   180.056 (   529      0)
"PAT_remap"                          800      800 4.008000e+05   1.479019e+05   188.954 (    70      0)   180.054 (   529      0)
"prim_advec_tracers_remap_rk2"       800      800 4.008000e+05   1.478998e+05   188.952 (    70      0)   180.051 (   529      0)
"precomput_divdp"                    800      800 4.008000e+05   3.283399e+02     0.506 (   497      0)     0.262 (   510      0)
"euler_step_0"                       800      800 4.008000e+05   4.073991e+04    53.490 (    68      0)    48.113 (   514      0)
"bihmix_qminmax"                     800      800 1.202400e+06   7.018141e+04    93.212 (   387      0)    82.783 (    22      0)
"eus_neighbor_minmax1"               800      800 4.008000e+05   1.095382e+04    16.970 (   305      0)    10.986 (    73      0)
"nmm_bexchV"                         800      800 4.008000e+05   5.380285e+03    10.036 (   305      0)     4.176 (    73      0)
"eus_2d_advec"                       800      800 1.202400e+06   7.261750e+04    97.525 (    22      0)    85.324 (   639      0)
"eus_bexchV"                         800      800 1.202400e+06   1.940628e+04    31.734 (    22      0)    19.601 (   577      0)
"euler_step_1"                       800      800 4.008000e+05   2.919248e+04    38.732 (   117      0)    34.644 (   528      0)
"euler_step_2"                       800      800 4.008000e+05   7.288530e+04    94.003 (   770      0)    87.261 (   117      0)
"nmm_bexchS_start"                   800      800 4.008000e+05   2.794474e+01     0.050 (   385      0)     0.022 (   523      0)
"biwksc_bexchV"                      800      800 4.008000e+05   6.852541e+03    12.068 (    28      0)     6.217 (   406      0)
"nmm_bexchS_fini"                    800      800 4.008000e+05   2.972373e+03     4.250 (   781      0)     2.750 (    86      0)
"qdp_tavg"                           800      800 4.008000e+05   4.744087e+03     6.997 (   782      0)     4.212 (   518      0)
"vertical_remap"                     800      800 1.336000e+05   9.499128e+03    12.071 (   392      0)    11.721 (    44      0)
"vertical_remap1_1"                  800      800 6.412800e+06   5.290964e+02     0.668 (   577      0)     0.655 (    44      0)
"remap_Q_ppm"                        800      800 1.923840e+07   9.348892e+03    11.857 (   392      0)    11.543 (    44      0)
"vertical_remap1_2"                  800      800 6.412800e+06   7.114523e+02     0.896 (   722      0)     0.884 (    44      0)
"vertical_remap1_3"                  800      800 6.412800e+06   8.126499e+03    10.327 (   392      0)    10.026 (    44      0)
"prim_run_subcyle_diags"             800      800 1.336000e+05   3.559242e+03     5.460 (   611      0)     3.874 (   241      0)
"t_prf"                                0        0 0.000000e+00   0.000000e+00     0.000 (     0      0)     0.000 (     0      0)

10940582
