LAST_GIT_COMMIT_SHA:STRING=4790f40f2fb6acbc051ce4c988681a628c18e83d

***** GLOBAL STATISTICS (  3072 MPI TASKS) *****

$Id: gptl.c,v 1.157 2011-03-28 20:55:18 rosinski Exp $
'count' is cumulative. All other stats are max/min
name                               processes  threads        count      walltotal   wallmax (proc   thrd  )   wallmin (proc   thrd  )
Total                                   3072     3072 3.072000e+03   9.201538e+05   299.551 (   125      0)   299.508 (  3003      0)
prim_init1                              3072     3072 3.072000e+03   1.787616e+03     0.613 (  1432      0)     0.550 (  1703      0)
repro_sum_int                           3072     3072 1.382400e+05   3.623422e+02     0.236 (    10      0)     0.018 (  1183      0)
prim_init2                              3072     3072 3.072000e+03   1.192198e+03     0.506 (  2725      0)     0.285 (  1880      0)
prim_printstate                         3072     3072 3.072000e+03   1.230140e+02     0.044 (  1454      0)     0.036 (   537      0)
interp_movie_output                     3072     3072 6.144000e+03   7.325835e+00     0.007 (  2877      0)     0.001 (  1770      0)
prim_main_loop                          3072     3072 3.072000e+03   9.131437e+05   297.253 (   289      0)   297.237 (  2916      0)
prim_run                                3072     3072 3.932160e+06   9.131303e+05   297.250 (   309      0)   297.232 (  2916      0)
tl-sc prim_run_subcycle_c               3072     3072 3.932160e+06   9.130830e+05   297.239 (   373      0)   297.216 (  2853      0)
tl-sc dp3d-from-ps                      3072     3072 3.932160e+06   1.057116e+02     0.057 (  2021      0)     0.025 (   375      0)
tl-sc prim_step-loop                    3072     3072 3.932160e+06   8.572105e+05   279.622 (  2934      0)   277.989 (  2020      0)
tl-s prim_step                          3072     3072 1.179648e+07   8.571800e+05   279.616 (  2934      0)   277.975 (  2020      0)
tl-s deep_copy+derived_dp               3072     3072 1.179648e+07   1.882903e+03     0.892 (  3013      0)     0.320 (   640      0)
tl-s prim_advance_exp-loop              3072     3072 1.179648e+07   1.109948e+05    48.446 (  2970      0)    25.612 (   386      0)
tl-ae prim_advance_exp                  3072     3072 1.179648e+07   1.109541e+05    48.429 (  2970      0)    25.601 (   386      0)
tl-ae U3-5stage_timestep                3072     3072 1.179648e+07   6.455045e+04    34.984 (  2970      0)    12.933 (   386      0)
caar compute                            3072     3072 5.898240e+07   2.337503e+04     8.592 (   292      0)     6.953 (   757      0)
caar_bexchV                             3072     3072 5.898240e+07   4.031032e+04    26.707 (  2970      0)     5.394 (   386      0)
tl-ae advance_hypervis_dp               3072     3072 1.179648e+07   4.636143e+04    17.968 (  1182      0)    12.311 (   420      0)
hvf-bhwk                                3072     3072 3.538944e+07   2.836435e+04    11.828 (   536      0)     7.680 (   611      0)
hvf-bexch                               3072     3072 7.077888e+07   2.572790e+04    11.080 (  1186      0)     5.417 (   410      0)
tl-s prim_advec_tracers_remap           3072     3072 1.179648e+07   7.442261e+05   253.478 (   386      0)   229.844 (  2970      0)
tl-at prim_advec_tracers_remap_RK2      3072     3072 1.179648e+07   7.441795e+05   253.466 (   386      0)   229.830 (  2970      0)
tl-at precompute_divdp                  3072     3072 1.179648e+07   1.205422e+03     0.617 (   522      0)     0.207 (   508      0)
tl-at esf-0                             3072     3072 1.179648e+07   2.196050e+05    80.195 (   606      0)    62.225 (    36      0)
tl-at esf-1                             3072     3072 1.179648e+07   1.613286e+05    54.903 (  1434      0)    50.671 (   585      0)
tl-at esf-2                             3072     3072 1.179648e+07   3.429108e+05   124.619 (   387      0)   102.618 (  2679      0)
tl-at qdp_time_avg                      3072     3072 1.179648e+07   1.883410e+04     8.016 (  2853      0)     4.261 (  2943      0)
tl-sc vertical_remap                    3072     3072 3.932160e+06   4.788119e+04    16.556 (  1124      0)    15.084 (  2934      0)
Remap Thickness Functor                 3072     3072 3.932160e+06   5.293002e+02     0.232 (  3045      0)     0.117 (  2648      0)
Remap Scale States Functor              3072     3072 3.932160e+06   2.882425e+02     0.149 (  3013      0)     0.042 (  2826      0)
Remap Compute Grids Functor             3072     3072 3.932160e+06   2.752531e+03     1.433 (   292      0)     0.570 (    85      0)
Remap Compute Remap Functor             3072     3072 3.932160e+06   4.385308e+04    14.774 (  1124      0)    14.115 (  2478      0)
Remap Rescale States Functor            3072     3072 3.932160e+06   3.543254e+02     0.160 (  2848      0)     0.105 (  1040      0)
tl-sc Q-from-qdp                        3072     3072 3.932160e+06   7.843838e+03     2.879 (  2848      0)     2.331 (  2970      0)
t_prf                                      0        0 0.000000e+00   0.000000e+00     0.000 (     0      0)     0.000 (     0      0)

