LAST_GIT_COMMIT_SHA:STRING=adf77c97ed8425a245449f2582d2441f4b72da1e
10940614

***** GLOBAL STATISTICS (  2880 MPI TASKS) *****

$Id: gptl.c,v 1.157 2011-03-28 20:55:18 rosinski Exp $
'count' is cumulative. All other stats are max/min
name                           processes  threads        count      walltotal   wallmax (proc   thrd  )   wallmin (proc   thrd  )
"Total"                             2880     2880 2.880000e+03   8.486733e+05   294.727 (  1787      0)   294.629 (   914      0)
"prim_init1"                        2880     2880 2.880000e+03   2.375063e+03     0.841 (    97      0)     0.798 (  1478      0)
"PartitioningTime"                  2880     2880 2.880000e+03   3.055960e+01     0.018 (  1607      0)     0.003 (  1856      0)
"repro_sum_int"                     2880     2880 1.296000e+05   5.932284e+02     0.737 (    29      0)     0.012 (   605      0)
"prim_init2"                        2880     2880 2.880000e+03   8.347964e+02     0.825 (    24      0)     0.098 (   595      0)
"prim_printstate"                   2880     2880 2.880000e+03   6.471488e+01     0.027 (     0      0)     0.019 (   454      0)
"interp_movie_output"               2880     2880 5.760000e+03   3.422532e+00     0.003 (  1891      0)     0.001 (  1329      0)
"prim_main_loop"                    2880     2880 2.880000e+03   8.302371e+05   288.324 (  1787      0)   288.228 (   914      0)
"prim_run"                          2880     2880 8.640000e+05   8.302322e+05   288.322 (  1791      0)   288.225 (   914      0)
"ApplyCAMForcing"                   2880     2880 8.640000e+05   9.592897e+03     4.561 (   360      0)     2.137 (   914      0)
"prim_step_rX"                      2880     2880 2.592000e+06   7.657037e+05   267.927 (  2354      0)   264.332 (  1528      0)
"prim_step_dyn"                     2880     2880 2.592000e+06   1.576383e+05    73.410 (  2029      0)    42.626 (  1787      0)
"prim_advance_exp"                  2880     2880 2.592000e+06   1.576203e+05    73.402 (  2029      0)    42.618 (  1787      0)
"U3-5stage_timestep"                2880     2880 2.592000e+06   8.057099e+04    44.379 (  1589      0)    18.019 (  1664      0)
"compute_and_apply_rhs"             2880     2880 1.296000e+07   7.965679e+04    44.034 (  1589      0)    17.565 (  1664      0)
"caar_bexchV"                       2880     2880 1.296000e+07   4.837231e+04    32.923 (  1589      0)     5.793 (  1664      0)
"advance_hypervis_dp"               2880     2880 2.592000e+06   7.702871e+04    31.404 (  2711      0)    20.537 (  1582      0)
"biwkdp3d_bexchV"                   2880     2880 7.776000e+06   2.294385e+04    14.091 (    22      0)     2.971 (  1777      0)
"ahdp_bexchV2"                      2880     2880 7.776000e+06   2.367139e+04    14.539 (  1253      0)     3.475 (  1785      0)
"prim_step_advec"                   2880     2880 2.592000e+06   6.060370e+05   221.346 (  1787      0)   193.376 (  2029      0)
"PAT_remap"                         2880     2880 2.592000e+06   6.060280e+05   221.343 (  1787      0)   193.372 (  2029      0)
"prim_advec_tracers_remap_rk2"      2880     2880 2.592000e+06   6.060157e+05   221.339 (  1787      0)   193.367 (  2029      0)
"precomput_divdp"                   2880     2880 2.592000e+06   1.276448e+03     0.614 (  1791      0)     0.225 (   509      0)
"euler_step_0"                      2880     2880 2.592000e+06   1.662290e+05    64.227 (  1759      0)    50.262 (  1780      0)
"bihmix_qminmax"                    2880     2880 7.776000e+06   2.841565e+05   107.790 (  1680      0)    88.758 (  1575      0)
"eus_neighbor_minmax1"              2880     2880 2.592000e+06   4.552129e+04    21.812 (    42      0)    11.894 (  1782      0)
"nmm_bexchV"                        2880     2880 2.592000e+06   2.348976e+04    15.680 (  1564      0)     4.879 (  1767      0)
"eus_2d_advec"                      2880     2880 7.776000e+06   3.031249e+05   117.224 (  1830      0)    92.712 (   914      0)
"eus_bexchV"                        2880     2880 7.776000e+06   8.544948e+04    43.470 (  2127      0)    20.118 (   530      0)
"euler_step_1"                      2880     2880 2.592000e+06   1.196492e+05    45.250 (  1232      0)    37.643 (  1589      0)
"euler_step_2"                      2880     2880 2.592000e+06   3.015169e+05   112.022 (  1371      0)    92.600 (  1549      0)
"nmm_bexchS_start"                  2880     2880 2.592000e+06   1.696608e+02     0.093 (  2294      0)     0.031 (  1650      0)
"biwksc_bexchV"                     2880     2880 2.592000e+06   3.231266e+04    18.044 (  1831      0)     6.457 (  1539      0)
"nmm_bexchS_fini"                   2880     2880 2.592000e+06   1.002038e+04     4.658 (   380      0)     2.462 (   385      0)
"qdp_tavg"                          2880     2880 2.592000e+06   1.729096e+04     7.756 (  1520      0)     3.936 (  1379      0)
"vertical_remap"                    2880     2880 8.640000e+05   3.825440e+04    14.122 (  1780      0)    12.902 (  2311      0)
"vertical_remap1_1"                 2880     2880 2.592000e+07   2.146450e+03     0.769 (  1780      0)     0.734 (  2311      0)
"remap_Q_ppm"                       2880     2880 7.776000e+07   3.762409e+04    13.805 (  1780      0)    12.702 (  2311      0)
"vertical_remap1_2"                 2880     2880 2.592000e+07   2.873887e+03     1.018 (  1780      0)     0.991 (   465      0)
"vertical_remap1_3"                 2880     2880 2.592000e+07   3.268008e+04    12.058 (  1780      0)    11.000 (  2311      0)
"prim_run_subcyle_diags"            2880     2880 8.640000e+05   1.443557e+04     6.862 (  2718      0)     3.931 (  1874      0)
"t_prf"                                0        0 0.000000e+00   0.000000e+00     0.000 (     0      0)     0.000 (     0      0)

10940614
