LAST_GIT_COMMIT_SHA:STRING=4790f40f2fb6acbc051ce4c988681a628c18e83d

***** GLOBAL STATISTICS ( 19200 MPI TASKS) *****

$Id: gptl.c,v 1.157 2011-03-28 20:55:18 rosinski Exp $
'count' is cumulative. All other stats are max/min
name                               processes  threads        count      walltotal   wallmax (proc   thrd  )   wallmin (proc   thrd  )
Total                                  19200    19200 1.920000e+04   4.762916e+06   248.167 (   830      0)   248.006 (  6332      0)
prim_init1                             19200    19200 1.920000e+04   4.340474e+04     2.393 (   809      0)     2.098 (  6795      0)
repro_sum_int                          19200    19200 1.977600e+06   8.700038e+03     1.249 ( 12836      0)     0.092 ( 17824      0)
prim_init2                             19200    19200 1.920000e+04   3.265724e+04     2.559 (  6786      0)     0.932 (  6069      0)
prim_printstate                        19200    19200 3.840000e+04   9.023979e+03     0.923 ( 13062      0)     0.163 (  9716      0)
interp_movie_output                    19200    19200 3.840000e+04   1.032226e+02     0.029 (  6794      0)     0.000 (  6434      0)
prim_main_loop                         19200    19200 1.920000e+04   4.613552e+06   240.322 (  1152      0)   240.249 ( 16739      0)
prim_run                               19200    19200 7.680000e+07   4.613249e+06   240.316 (  1103      0)   240.228 (  7250      0)
tl-sc prim_run_subcycle_c              19200    19200 7.680000e+07   4.595584e+06   239.420 (  1103      0)   239.280 (  7251      0)
tl-sc dp3d-from-ps                     19200    19200 7.680000e+07   6.522000e+02     0.100 ( 17505      0)     0.019 ( 18691      0)
tl-sc prim_step-loop                   19200    19200 7.680000e+07   4.327465e+06   225.766 ( 16435      0)   224.364 (  9580      0)
tl-s prim_step                         19200    19200 2.304000e+08   4.327110e+06   225.749 ( 16435      0)   224.343 (   330      0)
tl-s deep_copy+derived_dp              19200    19200 2.304000e+08   9.057136e+03     0.644 (    14      0)     0.336 (  5888      0)
tl-s prim_advance_exp-loop             19200    19200 2.304000e+08   1.331338e+06    81.828 ( 12123      0)    42.879 ( 11445      0)
tl-ae prim_advance_exp                 19200    19200 2.304000e+08   1.330714e+06    81.785 ( 12123      0)    42.828 ( 11445      0)
tl-ae U3-5stage_timestep               19200    19200 2.304000e+08   6.687782e+05    53.188 (  1126      0)    20.962 ( 11445      0)
caar compute                           19200    19200 1.152000e+09   1.110957e+05     6.493 (   320      0)     5.503 (  1287      0)
caar_bexchV                            19200    19200 1.152000e+09   5.519091e+05    46.933 (  1126      0)    14.907 ( 11445      0)
tl-ae advance_hypervis_dp              19200    19200 2.304000e+08   6.613364e+05    46.707 (   867      0)    21.459 (  1135      0)
hvf-bhwk                               19200    19200 6.912000e+08   3.573324e+05    27.708 (   924      0)    11.885 ( 11444      0)
hvf-bexch                              19200    19200 1.382400e+09   5.561752e+05    41.198 (   867      0)    15.875 ( 11457      0)
tl-s prim_advec_tracers_remap          19200    19200 2.304000e+08   2.985757e+06   182.018 ( 11445      0)   142.781 ( 12123      0)
tl-at prim_advec_tracers_remap_RK2     19200    19200 2.304000e+08   2.985197e+06   181.992 ( 11445      0)   142.748 ( 12123      0)
tl-at precompute_divdp                 19200    19200 2.304000e+08   5.289987e+03     0.564 (   779      0)     0.168 (  8520      0)
tl-at esf-0                            19200    19200 2.304000e+08   9.368456e+05    59.399 ( 11476      0)    40.503 (  1263      0)
tl-at esf-1                            19200    19200 2.304000e+08   5.630527e+05    35.315 (    47      0)    25.203 (  1254      0)
tl-at esf-2                            19200    19200 2.304000e+08   1.412195e+06    93.589 ( 18662      0)    65.524 ( 18572      0)
tl-at qdp_time_avg                     19200    19200 2.304000e+08   6.521694e+04     3.840 (   320      0)     3.213 ( 14079      0)
tl-sc vertical_remap                   19200    19200 7.680000e+07   2.325589e+05    13.077 (  9580      0)    11.782 ( 16622      0)
Remap Thickness Functor                19200    19200 7.680000e+07   3.073453e+03     0.252 (  9024      0)     0.098 (  2506      0)
Remap Scale States Functor             19200    19200 7.680000e+07   1.321243e+03     0.135 ( 19181      0)     0.038 (  2506      0)
Remap Compute Grids Functor            19200    19200 7.680000e+07   1.017381e+04     0.696 ( 12761      0)     0.438 (  1159      0)
Remap Compute Remap Functor            19200    19200 7.680000e+07   2.138633e+05    11.987 (  9594      0)    10.961 ( 13518      0)
Remap Rescale States Functor           19200    19200 7.680000e+07   1.640224e+03     0.092 (  9568      0)     0.084 (   815      0)
tl-sc Q-from-qdp                       19200    19200 7.680000e+07   3.452891e+04     1.950 ( 18656      0)     1.778 (  3057      0)
t_prf                                      0        0 0.000000e+00   0.000000e+00     0.000 (     0      0)     0.000 (     0      0)

