LAST_GIT_COMMIT_SHA:STRING=4790f40f2fb6acbc051ce4c988681a628c18e83d

***** GLOBAL STATISTICS (   192 MPI TASKS) *****

$Id: gptl.c,v 1.157 2011-03-28 20:55:18 rosinski Exp $
'count' is cumulative. All other stats are max/min
name                               processes  threads        count      walltotal   wallmax (proc   thrd  )   wallmin (proc   thrd  )
Total                                    192      192 1.920000e+02   5.697775e+04   296.794 (    60      0)   296.740 (   191      0)
prim_init1                               192      192 1.920000e+02   7.499075e+01     0.391 (    70      0)     0.390 (   175      0)
repro_sum_int                            192      192 8.640000e+03   2.104200e+00     0.016 (    22      0)     0.006 (    32      0)
prim_init2                               192      192 1.920000e+02   1.205804e+02     0.631 (   164      0)     0.625 (    60      0)
prim_printstate                          192      192 1.920000e+02   1.141587e+01     0.061 (     0      0)     0.059 (   126      0)
interp_movie_output                      192      192 3.840000e+02   4.045224e-02     0.000 (   176      0)     0.000 (    62      0)
prim_main_loop                           192      192 1.920000e+02   5.656148e+04   294.627 (    60      0)   294.572 (   191      0)
prim_run                                 192      192 1.536000e+04   5.656137e+04   294.626 (    60      0)   294.571 (   191      0)
tl-sc prim_run_subcycle_c                192      192 1.536000e+04   5.653737e+04   294.526 (    60      0)   294.444 (     0      0)
tl-sc dp3d-from-ps                       192      192 1.536000e+04   8.546102e+00     0.068 (   156      0)     0.024 (   169      0)
tl-sc prim_step-loop                     192      192 1.536000e+04   5.293686e+04   276.234 (   169      0)   275.243 (     0      0)
tl-s prim_step                           192      192 4.608000e+04   5.293668e+04   276.234 (   169      0)   275.241 (     0      0)
tl-s deep_copy+derived_dp                192      192 4.608000e+04   1.455530e+02     0.905 (   130      0)     0.366 (   169      0)
tl-s prim_advance_exp-loop               192      192 4.608000e+04   9.919468e+03    55.154 (   161      0)    47.623 (    58      0)
tl-ae prim_advance_exp                   192      192 4.608000e+04   9.919183e+03    55.153 (   161      0)    47.622 (    58      0)
tl-ae U3-5stage_timestep                 192      192 4.608000e+04   4.683430e+03    28.030 (   188      0)    20.415 (    96      0)
caar compute                             192      192 2.304000e+05   1.845305e+03    11.113 (    42      0)     8.522 (   169      0)
caar_bexchV                              192      192 2.304000e+05   2.742685e+03    17.958 (   163      0)     9.797 (    96      0)
tl-ae advance_hypervis_dp                192      192 4.608000e+04   5.235153e+03    29.342 (    96      0)    25.912 (   122      0)
hvf-bhwk                                 192      192 1.382400e+05   2.830511e+03    16.876 (    94      0)    13.025 (    36      0)
hvf-bexch                                192      192 2.764800e+05   3.133081e+03    18.401 (    76      0)    13.195 (    49      0)
tl-s prim_advec_tracers_remap            192      192 4.608000e+04   4.287098e+04   227.880 (    58      0)   219.859 (   161      0)
tl-at prim_advec_tracers_remap_RK2       192      192 4.608000e+04   4.287067e+04   227.879 (    58      0)   219.857 (   161      0)
tl-at precompute_divdp                   192      192 4.608000e+04   8.925141e+01     0.629 (    53      0)     0.219 (   135      0)
tl-at esf-0                              192      192 4.608000e+04   1.218809e+04    65.223 (    32      0)    61.120 (    14      0)
tl-at esf-1                              192      192 4.608000e+04   9.368373e+03    51.484 (   141      0)    46.692 (   116      0)
tl-at esf-2                              192      192 4.608000e+04   1.958358e+04   105.181 (    58      0)    97.788 (    29      0)
tl-at qdp_time_avg                       192      192 4.608000e+04   1.639543e+03     9.151 (   131      0)     5.501 (   169      0)
tl-sc vertical_remap                     192      192 1.536000e+04   2.998162e+03    16.278 (     0      0)    15.123 (   169      0)
Remap Thickness Functor                  192      192 1.536000e+04   3.027915e+01     0.195 (   135      0)     0.106 (   167      0)
Remap Scale States Functor               192      192 1.536000e+04   2.470860e+01     0.190 (   135      0)     0.046 (    24      0)
Remap Compute Grids Functor              192      192 1.536000e+04   1.788665e+02     1.451 (    53      0)     0.560 (    23      0)
Remap Compute Remap Functor              192      192 1.536000e+04   2.738117e+03    14.374 (    64      0)    14.133 (   133      0)
Remap Rescale States Functor             192      192 1.536000e+04   2.349983e+01     0.165 (   158      0)     0.104 (   138      0)
tl-sc Q-from-qdp                         192      192 1.536000e+04   5.935232e+02     3.236 (   109      0)     2.835 (   188      0)
t_prf                                      0        0 0.000000e+00   0.000000e+00     0.000 (     0      0)     0.000 (     0      0)

