LAST_GIT_COMMIT_SHA:STRING=adf77c97ed8425a245449f2582d2441f4b72da1e
10940540

***** GLOBAL STATISTICS (    64 MPI TASKS) *****

$Id: gptl.c,v 1.157 2011-03-28 20:55:18 rosinski Exp $
'count' is cumulative. All other stats are max/min
name                           processes  threads        count      walltotal   wallmax (proc   thrd  )   wallmin (proc   thrd  )
"Total"                               64       64 6.400000e+01   6.574881e+03   102.739 (     2      0)   102.723 (    17      0)
"prim_init1"                          64       64 6.400000e+01   1.370399e+01     0.214 (    50      0)     0.214 (     6      0)
"PartitioningTime"                    64       64 6.400000e+01   1.450191e-01     0.003 (    30      0)     0.001 (    35      0)
"repro_sum_int"                       64       64 2.880000e+03   2.730768e-01     0.008 (    42      0)     0.003 (     0      0)
"prim_init2"                          64       64 6.400000e+01   1.030705e+01     0.165 (     0      0)     0.160 (    11      0)
"prim_printstate"                     64       64 6.400000e+01   1.651083e+00     0.031 (     0      0)     0.026 (    57      0)
"interp_movie_output"                 64       64 1.280000e+02   1.091075e-02     0.000 (    59      0)     0.000 (    43      0)
"prim_main_loop"                      64       64 6.400000e+01   6.529857e+03   102.035 (     2      0)   102.020 (    17      0)
"prim_run"                            64       64 2.176000e+03   6.529830e+03   102.035 (     2      0)   102.019 (    17      0)
"ApplyCAMForcing"                     64       64 2.176000e+03   1.140831e+02     1.835 (    62      0)     1.625 (    17      0)
"prim_step_rX"                        64       64 6.528000e+03   5.978117e+03    93.729 (    15      0)    93.254 (    38      0)
"prim_step_dyn"                       64       64 6.528000e+03   1.044471e+03    17.418 (    17      0)    15.794 (     2      0)
"prim_advance_exp"                    64       64 6.528000e+03   1.044384e+03    17.416 (    17      0)    15.793 (     2      0)
"U3-5stage_timestep"                  64       64 6.528000e+03   5.100629e+02     9.025 (    15      0)     7.475 (     2      0)
"compute_and_apply_rhs"               64       64 3.264000e+04   4.949430e+02     8.764 (    15      0)     7.225 (     2      0)
"caar_bexchV"                         64       64 3.264000e+04   1.479126e+02     3.365 (    17      0)     1.503 (     2      0)
"advance_hypervis_dp"                 64       64 6.528000e+03   5.342291e+02     8.471 (    57      0)     8.189 (    42      0)
"biwkdp3d_bexchV"                     64       64 1.958400e+04   6.793566e+01     1.425 (    63      0)     0.815 (     0      0)
"ahdp_bexchV2"                        64       64 1.958400e+04   8.724329e+01     1.778 (    43      0)     0.981 (     0      0)
"prim_step_advec"                     64       64 6.528000e+03   4.912640e+03    77.190 (     2      0)    75.934 (    17      0)
"PAT_remap"                           64       64 6.528000e+03   4.912614e+03    77.190 (     2      0)    75.933 (    17      0)
"prim_advec_tracers_remap_rk2"        64       64 6.528000e+03   4.912571e+03    77.189 (     2      0)    75.932 (    17      0)
"precomput_divdp"                     64       64 6.528000e+03   1.235698e+01     0.211 (    35      0)     0.179 (    10      0)
"euler_step_0"                        64       64 6.528000e+03   1.358062e+03    21.452 (     6      0)    20.962 (     7      0)
"bihmix_qminmax"                      64       64 1.958400e+04   2.367554e+03    37.394 (    63      0)    36.638 (    35      0)
"eus_neighbor_minmax1"                64       64 6.528000e+03   3.566529e+02     5.778 (    41      0)     5.405 (    35      0)
"nmm_bexchV"                          64       64 6.528000e+03   1.512708e+02     2.548 (    41      0)     2.265 (    60      0)
"eus_2d_advec"                        64       64 1.958400e+04   2.350908e+03    37.440 (    35      0)    35.572 (    17      0)
"eus_bexchV"                          64       64 1.958400e+04   5.775915e+02    10.093 (    25      0)     7.923 (    17      0)
"euler_step_1"                        64       64 6.528000e+03   9.590348e+02    15.144 (    11      0)    14.836 (    17      0)
"euler_step_2"                        64       64 6.528000e+03   2.401696e+03    37.837 (     1      0)    36.806 (    17      0)
"nmm_bexchS_start"                    64       64 6.528000e+03   3.930981e-01     0.009 (    18      0)     0.004 (     1      0)
"biwksc_bexchV"                       64       64 6.528000e+03   2.070072e+02     3.497 (    22      0)     2.948 (    53      0)
"nmm_bexchS_fini"                     64       64 6.528000e+03   1.125286e+02     1.886 (    12      0)     1.554 (    47      0)
"qdp_tavg"                            64       64 6.528000e+03   1.812416e+02     2.934 (    52      0)     2.618 (    36      0)
"vertical_remap"                      64       64 2.176000e+03   3.091142e+02     4.877 (    37      0)     4.785 (    56      0)
"vertical_remap1_1"                   64       64 2.088960e+05   1.731194e+01     0.272 (    43      0)     0.269 (    46      0)
"remap_Q_ppm"                         64       64 6.266880e+05   3.044398e+02     4.804 (    37      0)     4.712 (    56      0)
"vertical_remap1_2"                   64       64 2.088960e+05   2.322075e+01     0.365 (    37      0)     0.361 (    56      0)
"vertical_remap1_3"                   64       64 2.088960e+05   2.644684e+02     4.176 (    37      0)     4.091 (    56      0)
"prim_run_subcyle_diags"              64       64 2.176000e+03   1.043392e+02     1.775 (    38      0)     1.546 (    17      0)
"t_prf"                                0        0 0.000000e+00   0.000000e+00     0.000 (     0      0)     0.000 (     0      0)

10940540
