LAST_GIT_COMMIT_SHA:STRING=adf77c97ed8425a245449f2582d2441f4b72da1e
11027544

***** GLOBAL STATISTICS ( 38400 MPI TASKS) *****

$Id: gptl.c,v 1.157 2011-03-28 20:55:18 rosinski Exp $
'count' is cumulative. All other stats are max/min
name                           processes  threads        count      walltotal   wallmax (proc   thrd  )   wallmin (proc   thrd  )
"Total"                            38400    38400 3.840000e+04   1.136177e+07   296.051 (  2340      0)   295.798 ( 15545      0)
"prim_init1"                       38400    38400 3.840000e+04   2.895551e+05     7.742 (  4149      0)     7.356 ( 27507      0)
"PartitioningTime"                 38400    38400 3.840000e+04   1.790428e+03     0.086 ( 36527      0)     0.001 ( 20401      0)
"repro_sum_int"                    38400    38400 1.728000e+06   3.802460e+04     7.619 ( 14390      0)     0.131 ( 32411      0)
"prim_init2"                       38400    38400 3.840000e+04   5.811744e+04     7.354 (  6138      0)     0.660 ( 19672      0)
"prim_printstate"                  38400    38400 3.840000e+04   5.938618e+03     0.214 ( 18959      0)     0.114 ( 11084      0)
"interp_movie_output"              38400    38400 7.680000e+04   8.285397e+02     0.089 ( 17133      0)     0.000 ( 26622      0)
"prim_main_loop"                   38400    38400 3.840000e+04   1.067541e+07   278.071 ( 27137      0)   277.921 (  7173      0)
"prim_run"                         38400    38400 3.072000e+08   1.067461e+07   278.064 ( 27151      0)   277.901 (  7180      0)
"ApplyCAMForcing"                  38400    38400 3.072000e+08   5.527292e+04     1.577 ( 12288      0)     1.401 ( 24561      0)
"prim_step_rX"                     38400    38400 9.216000e+08   1.008582e+07   263.074 ( 31446      0)   261.346 (  2782      0)
"prim_step_dyn"                    38400    38400 9.216000e+08   3.870284e+06   129.515 ( 18293      0)    77.001 (  6186      0)
"prim_advance_exp"                 38400    38400 9.216000e+08   3.868314e+06   129.473 ( 18293      0)    76.961 (  6186      0)
"U3-5stage_timestep"               38400    38400 9.216000e+08   1.971315e+06    81.992 ( 37259      0)    31.881 (   986      0)
"compute_and_apply_rhs"            38400    38400 4.608000e+09   1.964300e+06    81.813 ( 37259      0)    31.676 (   986      0)
"caar_bexchV"                      38400    38400 4.608000e+09   1.689957e+06    74.509 ( 37259      0)    24.192 (   986      0)
"advance_hypervis_dp"              38400    38400 9.216000e+08   1.894805e+06    71.590 ( 29142      0)    36.464 (  6152      0)
"biwkdp3d_bexchV"                  38400    38400 2.764800e+09   8.100416e+05    35.288 (   828      0)    13.987 (  6175      0)
"ahdp_bexchV2"                     38400    38400 2.764800e+09   8.191007e+05    35.620 (   708      0)    14.547 (  5549      0)
"prim_step_advec"                  38400    38400 9.216000e+08   6.200872e+06   185.213 (  5541      0)   132.727 ( 18293      0)
"PAT_remap"                        38400    38400 9.216000e+08   6.199597e+06   185.182 (  5541      0)   132.692 ( 18293      0)
"prim_advec_tracers_remap_rk2"     38400    38400 9.216000e+08   6.197791e+06   185.132 (  5541      0)   132.631 ( 18293      0)
"precomput_divdp"                  38400    38400 9.216000e+08   5.168986e+03     0.231 (  4864      0)     0.091 ( 12201      0)
"euler_step_0"                     38400    38400 9.216000e+08   1.729773e+06    58.227 (   793      0)    35.414 ( 36369      0)
"bihmix_qminmax"                   38400    38400 2.764800e+09   2.840828e+06    95.642 (  6186      0)    58.979 ( 30993      0)
"eus_neighbor_minmax1"             38400    38400 9.216000e+08   5.661934e+05    23.544 ( 19987      0)     9.136 ( 28759      0)
"nmm_bexchV"                       38400    38400 9.216000e+08   4.528191e+05    20.651 ( 19987      0)     6.289 (  1704      0)
"eus_2d_advec"                     38400    38400 2.764800e+09   3.214475e+06   109.443 (  6184      0)    66.119 ( 28383      0)
"eus_bexchV"                       38400    38400 2.764800e+09   1.834575e+06    71.996 (  6184      0)    28.857 ( 28383      0)
"euler_step_1"                     38400    38400 9.216000e+08   1.087732e+06    38.721 ( 30011      0)    22.034 ( 11466      0)
"euler_step_2"                     38400    38400 9.216000e+08   3.244649e+06    98.662 (  6184      0)    67.250 ( 29064      0)
"nmm_bexchS_start"                 38400    38400 9.216000e+08   1.822107e+04     0.982 ( 30012      0)     0.216 ( 29367      0)
"biwksc_bexchV"                    38400    38400 9.216000e+08   8.569715e+05    36.137 (  6186      0)    12.270 ( 29067      0)
"nmm_bexchS_fini"                  38400    38400 9.216000e+08   2.425006e+03     0.362 ( 36437      0)     0.037 ( 33223      0)
"qdp_tavg"                         38400    38400 9.216000e+08   1.252904e+05     3.575 (  2720      0)     3.161 (  9323      0)
"vertical_remap"                   38400    38400 3.072000e+08   4.504063e+05    12.776 (  2782      0)    11.475 ( 31446      0)
"vertical_remap1_1"                38400    38400 3.072000e+08   2.890549e+04     0.848 (  2782      0)     0.698 ( 15508      0)
"remap_Q_ppm"                      38400    38400 9.216000e+08   4.408855e+05    12.508 (  2782      0)    11.248 ( 29546      0)
"vertical_remap1_2"                38400    38400 3.072000e+08   3.426629e+04     0.970 (  2782      0)     0.875 ( 29436      0)
"vertical_remap1_3"                38400    38400 3.072000e+08   3.794843e+05    10.730 (  2782      0)     9.687 ( 20028      0)
"prim_run_subcyle_diags"           38400    38400 3.072000e+08   5.999115e+04     1.855 ( 12288      0)     1.459 ( 19150      0)
"t_prf"                                0        0 0.000000e+00   0.000000e+00     0.000 (     0      0)     0.000 (     0      0)

11027544
