LAST_GIT_COMMIT_SHA:STRING=4790f40f2fb6acbc051ce4c988681a628c18e83d

***** GLOBAL STATISTICS (   256 MPI TASKS) *****

$Id: gptl.c,v 1.157 2011-03-28 20:55:18 rosinski Exp $
'count' is cumulative. All other stats are max/min
name                               processes  threads        count      walltotal   wallmax (proc   thrd  )   wallmin (proc   thrd  )
Total                                    256      256 2.560000e+02   2.366035e+04    92.425 (    74      0)    92.421 (   140      0)
prim_init1                               256      256 2.560000e+02   5.838190e+01     0.229 (   219      0)     0.228 (     4      0)
repro_sum_int                            256      256 1.152000e+04   3.203555e+00     0.018 (    14      0)     0.005 (    93      0)
prim_init2                               256      256 2.560000e+02   5.497540e+01     0.221 (    14      0)     0.209 (    78      0)
prim_printstate                          256      256 2.560000e+02   4.851419e+00     0.021 (     0      0)     0.019 (   158      0)
interp_movie_output                      256      256 5.120000e+02   4.103327e-02     0.000 (    62      0)     0.000 (   124      0)
prim_main_loop                           256      256 2.560000e+02   2.347087e+04    91.685 (    74      0)    91.681 (   147      0)
prim_run                                 256      256 3.430400e+04   2.347073e+04    91.684 (    72      0)    91.680 (   140      0)
tl-sc prim_run_subcycle_c                256      256 3.430400e+04   2.346447e+04    91.662 (    36      0)    91.651 (   156      0)
tl-sc dp3d-from-ps                       256      256 3.430400e+04   3.029696e+00     0.014 (   180      0)     0.008 (   224      0)
tl-sc prim_step-loop                     256      256 3.430400e+04   2.196932e+04    85.967 (    74      0)    85.630 (    36      0)
tl-s prim_step                           256      256 1.029120e+05   2.196898e+04    85.966 (    74      0)    85.628 (    36      0)
tl-s deep_copy+derived_dp                256      256 1.029120e+05   5.377553e+01     0.266 (   180      0)     0.118 (   224      0)
tl-s prim_advance_exp-loop               256      256 1.029120e+05   3.165036e+03    13.518 (   180      0)    11.318 (   208      0)
tl-ae prim_advance_exp                   256      256 1.029120e+05   3.164555e+03    13.515 (   180      0)    11.316 (   208      0)
tl-ae U3-5stage_timestep                 256      256 1.029120e+05   1.754823e+03     8.257 (   180      0)     5.848 (   223      0)
caar compute                             256      256 5.145600e+05   7.390969e+02     3.090 (   161      0)     2.663 (    75      0)
caar_bexchV                              256      256 5.145600e+05   9.710931e+02     4.999 (   180      0)     2.839 (   192      0)
tl-ae advance_hypervis_dp                256      256 1.029120e+05   1.409046e+03     5.868 (    58      0)     5.250 (   161      0)
hvf-bhwk                                 256      256 3.087360e+05   7.948407e+02     3.620 (    38      0)     2.840 (   158      0)
hvf-bexch                                256      256 6.174720e+05   7.736509e+02     3.383 (    18      0)     2.680 (   197      0)
tl-s prim_advec_tracers_remap            256      256 1.029120e+05   1.874927e+04    74.450 (   192      0)    71.898 (   180      0)
tl-at prim_advec_tracers_remap_RK2       256      256 1.029120e+05   1.874871e+04    74.448 (   192      0)    71.895 (   180      0)
tl-at precompute_divdp                   256      256 1.029120e+05   4.129207e+01     0.185 (   205      0)     0.114 (     1      0)
tl-at esf-0                              256      256 1.029120e+05   5.400906e+03    22.486 (   192      0)    19.773 (   180      0)
tl-at esf-1                              256      256 1.029120e+05   4.061841e+03    16.387 (   180      0)    15.355 (    55      0)
tl-at esf-2                              256      256 1.029120e+05   8.611430e+03    34.812 (    77      0)    32.482 (   160      0)
tl-at qdp_time_avg                       256      256 1.029120e+05   6.299298e+02     2.694 (   109      0)     1.788 (   224      0)
tl-sc vertical_remap                     256      256 3.430400e+04   1.256924e+03     5.121 (    36      0)     4.767 (   176      0)
Remap Thickness Functor                  256      256 3.430400e+04   1.274570e+01     0.062 (   180      0)     0.035 (   224      0)
Remap Scale States Functor               256      256 3.430400e+04   8.712286e+00     0.050 (   180      0)     0.015 (   224      0)
Remap Compute Grids Functor              256      256 3.430400e+04   7.309452e+01     0.434 (   180      0)     0.180 (    74      0)
Remap Compute Remap Functor              256      256 3.430400e+04   1.151501e+03     4.692 (    36      0)     4.466 (   206      0)
Remap Rescale States Functor             256      256 3.430400e+04   9.676197e+00     0.049 (    63      0)     0.033 (   108      0)
tl-sc Q-from-qdp                         256      256 3.430400e+04   2.347243e+02     0.945 (     8      0)     0.843 (    92      0)
t_prf                                      0        0 0.000000e+00   0.000000e+00     0.000 (     0      0)     0.000 (     0      0)

