LAST_GIT_COMMIT_SHA:STRING=4790f40f2fb6acbc051ce4c988681a628c18e83d

***** GLOBAL STATISTICS (   800 MPI TASKS) *****

$Id: gptl.c,v 1.157 2011-03-28 20:55:18 rosinski Exp $
'count' is cumulative. All other stats are max/min
name                               processes  threads        count      walltotal   wallmax (proc   thrd  )   wallmin (proc   thrd  )
Total                                    800      800 8.000000e+02   1.895577e+05   236.975 (   422      0)   236.926 (   206      0)
prim_init1                               800      800 8.000000e+02   4.002983e+02     0.514 (   737      0)     0.487 (    62      0)
repro_sum_int                            800      800 3.600000e+04   6.927290e+01     0.187 (    73      0)     0.032 (   418      0)
prim_init2                               800      800 8.000000e+02   2.815553e+02     0.408 (   575      0)     0.302 (   205      0)
prim_printstate                          800      800 8.000000e+02   5.730221e+01     0.076 (   778      0)     0.070 (   517      0)
interp_movie_output                      800      800 1.600000e+03   3.020158e-01     0.001 (   722      0)     0.000 (   668      0)
prim_main_loop                           800      800 8.000000e+02   1.866881e+05   233.387 (   422      0)   233.338 (   320      0)
prim_run                                 800      800 1.336000e+05   1.866874e+05   233.387 (   422      0)   233.336 (   320      0)
tl-sc prim_run_subcycle_c                800      800 1.336000e+05   1.866494e+05   233.340 (   422      0)   233.288 (   212      0)
tl-sc dp3d-from-ps                       800      800 1.336000e+05   2.375044e+01     0.038 (   444      0)     0.020 (   392      0)
tl-sc prim_step-loop                     800      800 1.336000e+05   1.750288e+05   219.236 (   414      0)   218.425 (   648      0)
tl-s prim_step                           800      800 4.008000e+05   1.750273e+05   219.234 (   414      0)   218.423 (   648      0)
tl-s deep_copy+derived_dp                800      800 4.008000e+05   4.339295e+02     0.664 (   446      0)     0.310 (    28      0)
tl-s prim_advance_exp-loop               800      800 4.008000e+05   3.312495e+04    46.218 (   522      0)    37.098 (   422      0)
tl-ae prim_advance_exp                   800      800 4.008000e+05   3.312291e+04    46.215 (   522      0)    37.095 (   422      0)
tl-ae U3-5stage_timestep                 800      800 4.008000e+05   1.653109e+04    25.332 (   392      0)    15.526 (   770      0)
caar compute                             800      800 2.004000e+06   5.809184e+03     8.531 (   442      0)     6.445 (   524      0)
caar_bexchV                              800      800 2.004000e+06   1.046752e+04    17.831 (   522      0)     8.028 (   770      0)
tl-ae advance_hypervis_dp                800      800 4.008000e+05   1.658812e+04    24.093 (   298      0)    18.907 (   696      0)
hvf-bhwk                                 800      800 1.202400e+06   9.146511e+03    14.765 (   575      0)     9.625 (   713      0)
hvf-bexch                                800      800 2.404800e+06   1.125921e+04    17.389 (   535      0)    11.019 (   436      0)
tl-s prim_advec_tracers_remap            800      800 4.008000e+05   1.414637e+05   181.388 (   422      0)   172.197 (   522      0)
tl-at prim_advec_tracers_remap_RK2       800      800 4.008000e+05   1.414613e+05   181.386 (   422      0)   172.194 (   522      0)
tl-at precompute_divdp                   800      800 4.008000e+05   2.564013e+02     0.468 (   442      0)     0.185 (   354      0)
tl-at esf-0                              800      800 4.008000e+05   4.023562e+04    53.089 (    33      0)    48.147 (   300      0)
tl-at esf-1                              800      800 4.008000e+05   3.103355e+04    40.996 (   319      0)    37.166 (    27      0)
tl-at esf-2                              800      800 4.008000e+05   6.496248e+04    85.896 (   422      0)    77.453 (   522      0)
tl-at qdp_time_avg                       800      800 4.008000e+05   4.959692e+03     6.905 (   444      0)     4.079 (   520      0)
tl-sc vertical_remap                     800      800 1.336000e+05   9.766136e+03    12.750 (   391      0)    11.854 (   286      0)
Remap Thickness Functor                  800      800 1.336000e+05   9.711449e+01     0.149 (   721      0)     0.087 (   470      0)
Remap Scale States Functor               800      800 1.336000e+05   7.174997e+01     0.134 (   455      0)     0.040 (   470      0)
Remap Compute Grids Functor              800      800 1.336000e+05   5.853598e+02     1.106 (   455      0)     0.458 (   470      0)
Remap Compute Remap Functor              800      800 1.336000e+05   8.932808e+03    11.432 (   648      0)    11.062 (   636      0)
Remap Rescale States Functor             800      800 1.336000e+05   7.346662e+01     0.116 (   377      0)     0.081 (   233      0)
tl-sc Q-from-qdp                         800      800 1.336000e+05   1.828812e+03     2.454 (   480      0)     1.947 (   392      0)
t_prf                                      0        0 0.000000e+00   0.000000e+00     0.000 (     0      0)     0.000 (     0      0)

