LAST_GIT_COMMIT_SHA:STRING=4790f40f2fb6acbc051ce4c988681a628c18e83d

***** GLOBAL STATISTICS (  1536 MPI TASKS) *****

$Id: gptl.c,v 1.157 2011-03-28 20:55:18 rosinski Exp $
'count' is cumulative. All other stats are max/min
name                               processes  threads        count      walltotal   wallmax (proc   thrd  )   wallmin (proc   thrd  )
Total                                   1536     1536 1.536000e+03   1.424821e+05    92.769 (   357      0)    92.754 (   975      0)
prim_init1                              1536     1536 1.536000e+03   3.064605e+02     0.206 (  1070      0)     0.194 (   811      0)
repro_sum_int                           1536     1536 6.912000e+04   1.139289e+02     0.238 (    31      0)     0.016 (   854      0)
prim_init2                              1536     1536 1.536000e+03   2.858233e+02     0.340 (     7      0)     0.126 (    92      0)
prim_printstate                         1536     1536 1.536000e+03   4.417756e+01     0.037 (   762      0)     0.027 (   548      0)
interp_movie_output                     1536     1536 3.072000e+03   1.585001e+00     0.003 (   746      0)     0.001 (   100      0)
prim_main_loop                          1536     1536 1.536000e+03   1.411701e+05    91.913 (   573      0)    91.902 (  1525      0)
prim_run                                1536     1536 1.228800e+06   1.411671e+05    91.911 (   552      0)    91.900 (  1525      0)
tl-sc prim_run_subcycle_c               1536     1536 1.228800e+06   1.411545e+05    91.901 (  1349      0)    91.893 (   112      0)
tl-sc dp3d-from-ps                      1536     1536 1.228800e+06   1.499404e+01     0.013 (    88      0)     0.008 (  1390      0)
tl-sc prim_step-loop                    1536     1536 1.228800e+06   1.326060e+05    86.426 (   809      0)    86.181 (   111      0)
tl-s prim_step                          1536     1536 3.686400e+06   1.325988e+05    86.422 (   809      0)    86.175 (   111      0)
tl-s deep_copy+derived_dp               1536     1536 3.686400e+06   2.595767e+02     0.246 (  1524      0)     0.109 (   790      0)
tl-s prim_advance_exp-loop              1536     1536 3.686400e+06   2.081502e+04    17.311 (   111      0)     9.800 (  1349      0)
tl-ae prim_advance_exp                  1536     1536 3.686400e+06   2.080642e+04    17.305 (   111      0)     9.795 (  1349      0)
tl-ae U3-5stage_timestep                1536     1536 3.686400e+06   1.239523e+04    11.781 (  1502      0)     5.125 (  1349      0)
caar compute                            1536     1536 1.843200e+07   3.560799e+03     2.492 (   400      0)     2.177 (   790      0)
caar_bexchV                             1536     1536 1.843200e+07   8.687558e+03     9.270 (  1502      0)     2.772 (  1344      0)
tl-ae advance_hypervis_dp               1536     1536 3.686400e+06   8.400996e+03     6.603 (  1202      0)     4.568 (  1354      0)
hvf-bhwk                                1536     1536 1.105920e+07   5.070932e+03     4.054 (   489      0)     2.790 (  1349      0)
hvf-bexch                               1536     1536 2.211840e+07   5.162305e+03     4.505 (  1201      0)     2.475 (  1397      0)
tl-s prim_advec_tracers_remap           1536     1536 3.686400e+06   1.115065e+05    76.445 (  1349      0)    68.640 (   111      0)
tl-at prim_advec_tracers_remap_RK2      1536     1536 3.686400e+06   1.114955e+05    76.439 (  1349      0)    68.631 (   111      0)
tl-at precompute_divdp                  1536     1536 3.686400e+06   1.814593e+02     0.171 (   448      0)     0.083 (   112      0)
tl-at esf-0                             1536     1536 3.686400e+06   3.431187e+04    25.832 (  1376      0)    19.245 (  1501      0)
tl-at esf-1                             1536     1536 3.686400e+06   2.359995e+04    16.126 (  1250      0)    14.253 (   111      0)
tl-at esf-2                             1536     1536 3.686400e+06   5.108214e+04    35.754 (  1351      0)    30.537 (   143      0)
tl-at qdp_time_avg                      1536     1536 3.686400e+06   2.257425e+03     1.728 (  1527      0)     1.301 (   790      0)
tl-sc vertical_remap                    1536     1536 1.228800e+06   7.381437e+03     4.978 (   111      0)     4.699 (   809      0)
Remap Thickness Functor                 1536     1536 1.228800e+06   7.595469e+01     0.067 (   439      0)     0.039 (   789      0)
Remap Scale States Functor              1536     1536 1.228800e+06   3.651693e+01     0.037 (   366      0)     0.014 (   810      0)
Remap Compute Grids Functor             1536     1536 1.228800e+06   3.539915e+02     0.322 (  1524      0)     0.176 (   790      0)
Remap Compute Remap Functor             1536     1536 1.228800e+06   6.842292e+03     4.601 (  1221      0)     4.398 (  1067      0)
Remap Rescale States Functor            1536     1536 1.228800e+06   5.228824e+01     0.041 (    64      0)     0.033 (   593      0)
tl-sc Q-from-qdp                        1536     1536 1.228800e+06   1.143743e+03     0.820 (    64      0)     0.718 (  1483      0)
t_prf                                      0        0 0.000000e+00   0.000000e+00     0.000 (     0      0)     0.000 (     0      0)

