LAST_GIT_COMMIT_SHA:STRING=adf77c97ed8425a245449f2582d2441f4b72da1e
10940570

***** GLOBAL STATISTICS (    64 MPI TASKS) *****

$Id: gptl.c,v 1.157 2011-03-28 20:55:18 rosinski Exp $
'count' is cumulative. All other stats are max/min
name                           processes  threads        count      walltotal   wallmax (proc   thrd  )   wallmin (proc   thrd  )
"Total"                               64       64 6.400000e+01   1.696295e+04   265.077 (    36      0)   264.996 (    14      0)
"prim_init1"                          64       64 6.400000e+01   6.494294e+01     1.015 (     0      0)     1.014 (    50      0)
"PartitioningTime"                    64       64 6.400000e+01   1.563447e-01     0.003 (    16      0)     0.002 (    27      0)
"repro_sum_int"                       64       64 2.880000e+03   3.822057e-01     0.008 (    43      0)     0.004 (    60      0)
"prim_init2"                          64       64 6.400000e+01   6.933819e+01     1.087 (     0      0)     1.083 (    36      0)
"prim_printstate"                     64       64 6.400000e+01   1.408897e+01     0.224 (     0      0)     0.220 (    41      0)
"interp_movie_output"                 64       64 1.280000e+02   1.213670e-02     0.000 (    36      0)     0.000 (    10      0)
"prim_main_loop"                      64       64 6.400000e+01   1.662605e+04   259.813 (    36      0)   259.732 (    14      0)
"prim_run"                            64       64 8.960000e+02   1.662603e+04   259.813 (    36      0)   259.731 (    14      0)
"ApplyCAMForcing"                     64       64 8.960000e+02   2.950798e+02     4.702 (    24      0)     4.524 (    28      0)
"prim_step_rX"                        64       64 2.688000e+03   1.520393e+04   238.066 (    14      0)   237.209 (    30      0)
"prim_step_dyn"                       64       64 2.688000e+03   2.633176e+03    42.677 (    18      0)    40.178 (    35      0)
"prim_advance_exp"                    64       64 2.688000e+03   2.633150e+03    42.676 (    18      0)    40.178 (    35      0)
"U3-5stage_timestep"                  64       64 2.688000e+03   1.278685e+03    21.429 (    18      0)    19.070 (    34      0)
"compute_and_apply_rhs"               64       64 1.344000e+04   1.235905e+03    20.835 (    18      0)    18.354 (    36      0)
"caar_bexchV"                         64       64 1.344000e+04   3.207430e+02     6.793 (    18      0)     3.355 (    57      0)
"advance_hypervis_dp"                 64       64 2.688000e+03   1.354425e+03    21.478 (    14      0)    20.849 (    25      0)
"biwkdp3d_bexchV"                     64       64 8.064000e+03   1.574420e+02     3.029 (    14      0)     2.025 (    32      0)
"ahdp_bexchV2"                        64       64 8.064000e+03   1.888533e+02     4.143 (    13      0)     2.201 (    34      0)
"prim_step_advec"                     64       64 2.688000e+03   1.251549e+04   196.366 (    34      0)   194.350 (    18      0)
"PAT_remap"                           64       64 2.688000e+03   1.251548e+04   196.365 (    34      0)   194.350 (    18      0)
"prim_advec_tracers_remap_rk2"        64       64 2.688000e+03   1.251546e+04   196.365 (    34      0)   194.350 (    18      0)
"precomput_divdp"                     64       64 2.688000e+03   2.975805e+01     0.514 (    31      0)     0.423 (    46      0)
"euler_step_0"                        64       64 2.688000e+03   3.464953e+03    54.821 (    32      0)    53.344 (    18      0)
"bihmix_qminmax"                      64       64 8.064000e+03   6.025301e+03    94.915 (     8      0)    92.752 (    31      0)
"eus_neighbor_minmax1"                64       64 2.688000e+03   9.029533e+02    14.483 (    25      0)    13.621 (     3      0)
"nmm_bexchV"                          64       64 2.688000e+03   3.785975e+02     6.156 (    27      0)     5.552 (     7      0)
"eus_2d_advec"                        64       64 8.064000e+03   5.988585e+03    95.543 (    31      0)    91.889 (    24      0)
"eus_bexchV"                          64       64 8.064000e+03   1.444144e+03    25.631 (    31      0)    19.847 (    24      0)
"euler_step_1"                        64       64 2.688000e+03   2.446266e+03    38.461 (     9      0)    37.798 (    18      0)
"euler_step_2"                        64       64 2.688000e+03   6.102811e+03    95.812 (    54      0)    94.820 (    14      0)
"nmm_bexchS_start"                    64       64 2.688000e+03   1.628821e-01     0.004 (    56      0)     0.001 (    34      0)
"biwksc_bexchV"                       64       64 2.688000e+03   4.894493e+02     8.081 (    62      0)     7.295 (    32      0)
"nmm_bexchS_fini"                     64       64 2.688000e+03   3.189725e+02     5.193 (    47      0)     4.613 (    31      0)
"qdp_tavg"                            64       64 2.688000e+03   4.715856e+02     7.585 (    24      0)     6.910 (    31      0)
"vertical_remap"                      64       64 8.960000e+02   7.958450e+02    12.645 (    11      0)    12.322 (    44      0)
"vertical_remap1_1"                   64       64 5.376000e+05   4.453915e+01     0.703 (    45      0)     0.692 (    22      0)
"remap_Q_ppm"                         64       64 1.612800e+06   7.839722e+02    12.457 (    11      0)    12.140 (    44      0)
"vertical_remap1_2"                   64       64 5.376000e+05   5.979095e+01     0.945 (    11      0)     0.929 (    14      0)
"vertical_remap1_3"                   64       64 5.376000e+05   6.810517e+02    10.836 (    11      0)    10.539 (    44      0)
"prim_run_subcyle_diags"              64       64 8.960000e+02   2.680217e+02     4.541 (    30      0)     4.014 (    50      0)
"t_prf"                                0        0 0.000000e+00   0.000000e+00     0.000 (     0      0)     0.000 (     0      0)

10940570
