LAST_GIT_COMMIT_SHA:STRING=4790f40f2fb6acbc051ce4c988681a628c18e83d

***** GLOBAL STATISTICS (   256 MPI TASKS) *****

$Id: gptl.c,v 1.157 2011-03-28 20:55:18 rosinski Exp $
'count' is cumulative. All other stats are max/min
name                               processes  threads        count      walltotal   wallmax (proc   thrd  )   wallmin (proc   thrd  )
Total                                    256      256 2.560000e+02   1.437359e+04    56.149 (    74      0)    56.144 (   236      0)
prim_init1                               256      256 2.560000e+02   2.534676e+01     0.100 (   160      0)     0.098 (    32      0)
repro_sum_int                            256      256 1.152000e+04   3.832505e+00     0.020 (   206      0)     0.009 (    40      0)
prim_init2                               256      256 2.560000e+02   1.985336e+01     0.081 (   116      0)     0.071 (    75      0)
prim_printstate                          256      256 2.560000e+02   2.816144e+00     0.013 (     0      0)     0.011 (   243      0)
interp_movie_output                      256      256 5.120000e+02   4.863214e-02     0.000 (   134      0)     0.000 (    96      0)
prim_main_loop                           256      256 2.560000e+02   1.430215e+04    55.869 (    74      0)    55.865 (   236      0)
prim_run                                 256      256 8.192000e+04   1.430192e+04    55.869 (    74      0)    55.864 (   236      0)
tl-sc prim_run_subcycle_c                256      256 8.192000e+04   1.430007e+04    55.863 (   224      0)    55.857 (   154      0)
tl-sc dp3d-from-ps                       256      256 8.192000e+04   1.689387e+00     0.009 (   182      0)     0.005 (   223      0)
tl-sc prim_step-loop                     256      256 8.192000e+04   1.341398e+04    52.481 (   231      0)    52.303 (    25      0)
tl-s prim_step                           256      256 2.457600e+05   1.341331e+04    52.479 (   239      0)    52.301 (    25      0)
tl-s deep_copy+derived_dp                256      256 2.457600e+05   3.008448e+01     0.175 (   180      0)     0.064 (   223      0)
tl-s prim_advance_exp-loop               256      256 2.457600e+05   1.648492e+03     8.274 (   235      0)     5.098 (    64      0)
tl-ae prim_advance_exp                   256      256 2.457600e+05   1.647859e+03     8.272 (   235      0)     5.096 (    64      0)
tl-ae U3-5stage_timestep                 256      256 2.457600e+05   9.824027e+02     5.707 (   235      0)     2.567 (    64      0)
caar compute                             256      256 1.228800e+06   3.614074e+02     1.551 (   254      0)     1.298 (   166      0)
caar_bexchV                              256      256 1.228800e+06   6.073259e+02     4.160 (   235      0)     1.158 (    64      0)
tl-ae advance_hypervis_dp                256      256 2.457600e+05   6.646670e+02     2.863 (   161      0)     2.418 (    99      0)
hvf-bhwk                                 256      256 7.372800e+05   4.155987e+02     1.840 (   170      0)     1.508 (    33      0)
hvf-bexch                                256      256 1.474560e+06   3.419420e+02     1.621 (   159      0)     1.124 (   100      0)
tl-s prim_advec_tracers_remap            256      256 2.457600e+05   1.173331e+04    47.258 (    64      0)    43.937 (   235      0)
tl-at prim_advec_tracers_remap_RK2       256      256 2.457600e+05   1.173240e+04    47.255 (    64      0)    43.933 (   235      0)
tl-at precompute_divdp                   256      256 2.457600e+05   1.845672e+01     0.132 (   124      0)     0.036 (   254      0)
tl-at esf-0                              256      256 2.457600e+05   3.492989e+03    15.155 (   200      0)    11.850 (   235      0)
tl-at esf-1                              256      256 2.457600e+05   2.534888e+03    10.511 (    52      0)     9.355 (   249      0)
tl-at esf-2                              256      256 2.457600e+05   5.400262e+03    22.270 (    74      0)    20.247 (    15      0)
tl-at qdp_time_avg                       256      256 2.457600e+05   2.797982e+02     1.387 (   182      0)     0.816 (   224      0)
tl-sc vertical_remap                     256      256 8.192000e+04   7.596560e+02     3.085 (   115      0)     2.890 (   239      0)
Remap Thickness Functor                  256      256 8.192000e+04   8.099301e+00     0.043 (   171      0)     0.023 (   224      0)
Remap Scale States Functor               256      256 8.192000e+04   4.264505e+00     0.026 (   180      0)     0.008 (   224      0)
Remap Compute Grids Functor              256      256 8.192000e+04   4.127010e+01     0.238 (   171      0)     0.108 (   224      0)
Remap Compute Remap Functor              256      256 8.192000e+04   6.885190e+02     2.794 (    25      0)     2.661 (   206      0)
Remap Rescale States Functor             256      256 8.192000e+04   5.642357e+00     0.030 (   166      0)     0.020 (   169      0)
tl-sc Q-from-qdp                         256      256 8.192000e+04   1.238964e+02     0.531 (   160      0)     0.443 (   254      0)
t_prf                                      0        0 0.000000e+00   0.000000e+00     0.000 (     0      0)     0.000 (     0      0)

