LAST_GIT_COMMIT_SHA:STRING=4790f40f2fb6acbc051ce4c988681a628c18e83d

***** GLOBAL STATISTICS (   384 MPI TASKS) *****

$Id: gptl.c,v 1.157 2011-03-28 20:55:18 rosinski Exp $
'count' is cumulative. All other stats are max/min
name                               processes  threads        count      walltotal   wallmax (proc   thrd  )   wallmin (proc   thrd  )
Total                                    384      384 3.840000e+02   9.156079e+04   238.495 (   314      0)   238.389 (   257      0)
prim_init1                               384      384 3.840000e+02   1.284392e+02     0.337 (   103      0)     0.330 (   303      0)
repro_sum_int                            384      384 1.728000e+04   7.670418e+00     0.045 (   115      0)     0.008 (    54      0)
prim_init2                               384      384 3.840000e+02   1.821902e+02     0.501 (   115      0)     0.465 (    24      0)
prim_printstate                          384      384 3.840000e+02   1.958291e+01     0.053 (     0      0)     0.051 (   247      0)
interp_movie_output                      384      384 7.680000e+02   7.445407e-02     0.000 (    14      0)     0.000 (   174      0)
prim_main_loop                           384      384 3.840000e+02   9.022388e+04   235.013 (   314      0)   234.907 (   257      0)
prim_run                                 384      384 3.072000e+04   9.022369e+04   235.013 (   314      0)   234.907 (   257      0)
tl-sc prim_run_subcycle_c                384      384 3.072000e+04   9.018727e+04   234.913 (   314      0)   234.817 (   175      0)
tl-sc dp3d-from-ps                       384      384 3.072000e+04   1.117284e+01     0.054 (   315      0)     0.018 (   257      0)
tl-sc prim_step-loop                     384      384 3.072000e+04   8.460694e+04   220.919 (    41      0)   219.735 (   232      0)
tl-s prim_step                           384      384 9.216000e+04   8.460658e+04   220.918 (    41      0)   219.735 (   232      0)
tl-s deep_copy+derived_dp                384      384 9.216000e+04   2.057981e+02     0.707 (   318      0)     0.263 (   104      0)
tl-s prim_advance_exp-loop               384      384 9.216000e+04   1.739454e+04    51.447 (   257      0)    38.525 (   314      0)
tl-ae prim_advance_exp                   384      384 9.216000e+04   1.739400e+04    51.446 (   257      0)    38.523 (   314      0)
tl-ae U3-5stage_timestep                 384      384 9.216000e+04   8.525448e+03    30.160 (   257      0)    15.463 (   227      0)
caar compute                             384      384 4.608000e+05   2.748539e+03     8.796 (   298      0)     6.212 (    28      0)
caar_bexchV                              384      384 4.608000e+05   5.657121e+03    22.246 (   257      0)     7.950 (   227      0)
tl-ae advance_hypervis_dp                384      384 9.216000e+04   8.867466e+03    27.821 (    58      0)    19.913 (   139      0)
hvf-bhwk                                 384      384 2.764800e+05   4.829883e+03    18.123 (    58      0)    10.402 (   171      0)
hvf-bexch                                384      384 5.529600e+05   5.885769e+03    20.807 (     7      0)    10.812 (   312      0)
tl-s prim_advec_tracers_remap            384      384 9.216000e+04   6.700491e+04   181.198 (   314      0)   168.107 (   257      0)
tl-at prim_advec_tracers_remap_RK2       384      384 9.216000e+04   6.700430e+04   181.197 (   314      0)   168.105 (   257      0)
tl-at precompute_divdp                   384      384 9.216000e+04   1.292902e+02     0.556 (   298      0)     0.145 (   178      0)
tl-at esf-0                              384      384 9.216000e+04   1.907152e+04    52.078 (   268      0)    47.149 (    33      0)
tl-at esf-1                              384      384 9.216000e+04   1.474000e+04    39.888 (   356      0)    36.798 (   376      0)
tl-at esf-2                              384      384 9.216000e+04   3.075441e+04    83.539 (   295      0)    75.949 (    55      0)
tl-at qdp_time_avg                       384      384 9.216000e+04   2.305574e+03     7.101 (   288      0)     3.417 (    30      0)
tl-sc vertical_remap                     384      384 3.072000e+04   4.698981e+03    13.069 (   346      0)    11.810 (   267      0)
Remap Thickness Functor                  384      384 3.072000e+04   4.574913e+01     0.152 (   298      0)     0.081 (    28      0)
Remap Scale States Functor               384      384 3.072000e+04   3.626349e+01     0.147 (   298      0)     0.033 (    29      0)
Remap Compute Grids Functor              384      384 3.072000e+04   2.855634e+02     1.199 (    69      0)     0.438 (    27      0)
Remap Compute Remap Functor              384      384 3.072000e+04   4.293250e+03    11.531 (   346      0)    11.078 (   313      0)
Remap Rescale States Functor             384      384 3.072000e+04   3.517678e+01     0.128 (   297      0)     0.081 (   142      0)
tl-sc Q-from-qdp                         384      384 3.072000e+04   8.697090e+02     2.506 (   314      0)     1.893 (    60      0)
t_prf                                      0        0 0.000000e+00   0.000000e+00     0.000 (     0      0)     0.000 (     0      0)

