LAST_GIT_COMMIT_SHA:STRING=adf77c97ed8425a245449f2582d2441f4b72da1e
10940581

***** GLOBAL STATISTICS (   768 MPI TASKS) *****

$Id: gptl.c,v 1.157 2011-03-28 20:55:18 rosinski Exp $
'count' is cumulative. All other stats are max/min
name                           processes  threads        count      walltotal   wallmax (proc   thrd  )   wallmin (proc   thrd  )
"Total"                              768      768 7.680000e+02   1.957925e+05   254.973 (   700      0)   254.893 (   462      0)
"prim_init1"                         768      768 7.680000e+02   3.525548e+02     0.461 (   538      0)     0.458 (   334      0)
"PartitioningTime"                   768      768 7.680000e+02   2.818141e+00     0.004 (    80      0)     0.003 (   548      0)
"repro_sum_int"                      768      768 3.456000e+04   1.991045e+01     0.045 (   448      0)     0.007 (   657      0)
"prim_init2"                         768      768 7.680000e+02   9.492964e+01     0.143 (   467      0)     0.105 (   178      0)
"prim_printstate"                    768      768 7.680000e+02   1.290605e+01     0.022 (     0      0)     0.016 (   371      0)
"interp_movie_output"                768      768 1.536000e+03   2.227850e-01     0.001 (     9      0)     0.000 (   376      0)
"prim_main_loop"                     768      768 7.680000e+02   1.933118e+05   251.743 (   700      0)   251.664 (   462      0)
"prim_run"                           768      768 1.228800e+05   1.933113e+05   251.742 (   700      0)   251.663 (   462      0)
"ApplyCAMForcing"                    768      768 1.228800e+05   2.572381e+03     4.315 (   352      0)     2.024 (   564      0)
"prim_step_rX"                       768      768 3.686400e+05   1.776974e+05   233.389 (   564      0)   230.303 (   376      0)
"prim_step_dyn"                      768      768 3.686400e+05   3.502858e+04    54.585 (   564      0)    38.878 (   700      0)
"prim_advance_exp"                   768      768 3.686400e+05   3.502538e+04    54.581 (   564      0)    38.874 (   700      0)
"U3-5stage_timestep"                 768      768 3.686400e+05   1.772800e+04    33.108 (   564      0)    17.452 (   767      0)
"compute_and_apply_rhs"              768      768 1.843200e+06   1.747193e+04    32.797 (   564      0)    17.095 (   767      0)
"caar_bexchV"                        768      768 1.843200e+06   9.349001e+03    22.004 (   564      0)     4.412 (   700      0)
"advance_hypervis_dp"                768      768 3.686400e+05   1.729332e+04    26.449 (   318      0)    18.569 (   341      0)
"biwkdp3d_bexchV"                    768      768 1.105920e+06   4.394615e+03    10.131 (   299      0)     2.158 (   696      0)
"ahdp_bexchV2"                       768      768 1.105920e+06   4.538872e+03     9.400 (    12      0)     2.786 (   700      0)
"prim_step_advec"                    768      768 3.686400e+05   1.421506e+05   190.953 (   700      0)   178.083 (   564      0)
"PAT_remap"                          768      768 3.686400e+05   1.421492e+05   190.951 (   700      0)   178.081 (   564      0)
"prim_advec_tracers_remap_rk2"       768      768 3.686400e+05   1.421472e+05   190.949 (   700      0)   178.078 (   564      0)
"precomput_divdp"                    768      768 3.686400e+05   3.257864e+02     0.532 (   449      0)     0.224 (   280      0)
"euler_step_0"                       768      768 3.686400e+05   3.919043e+04    54.823 (   667      0)    47.339 (   651      0)
"bihmix_qminmax"                     768      768 1.105920e+06   6.761145e+04    94.638 (   411      0)    79.506 (   526      0)
"eus_neighbor_minmax1"               768      768 3.686400e+05   1.047425e+04    17.689 (   408      0)    10.547 (   716      0)
"nmm_bexchV"                         768      768 3.686400e+05   5.021783e+03    10.754 (   129      0)     3.335 (   696      0)
"eus_2d_advec"                       768      768 1.105920e+06   6.968050e+04   100.188 (   710      0)    82.331 (   564      0)
"eus_bexchV"                         768      768 1.105920e+06   1.874986e+04    36.144 (   710      0)    18.316 (   228      0)
"euler_step_1"                       768      768 3.686400e+05   2.801938e+04    39.193 (   173      0)    33.577 (   243      0)
"euler_step_2"                       768      768 3.686400e+05   7.009959e+04    96.101 (   411      0)    86.210 (   402      0)
"nmm_bexchS_start"                   768      768 3.686400e+05   2.489181e+01     0.054 (    64      0)     0.019 (   487      0)
"biwksc_bexchV"                      768      768 3.686400e+05   6.870981e+03    13.246 (   448      0)     4.694 (   526      0)
"nmm_bexchS_fini"                    768      768 3.686400e+05   2.700564e+03     4.343 (   352      0)     2.558 (   129      0)
"qdp_tavg"                           768      768 3.686400e+05   4.503478e+03     7.094 (   750      0)     3.856 (   711      0)
"vertical_remap"                     768      768 1.228800e+05   9.112452e+03    12.298 (   129      0)    11.721 (   372      0)
"vertical_remap1_1"                  768      768 6.144000e+06   5.092153e+02     0.677 (   129      0)     0.657 (   214      0)
"remap_Q_ppm"                        768      768 1.843200e+07   8.967957e+03    12.056 (   129      0)    11.540 (   372      0)
"vertical_remap1_2"                  768      768 6.144000e+06   6.828105e+02     0.899 (   129      0)     0.883 (   368      0)
"vertical_remap1_3"                  768      768 6.144000e+06   7.793376e+03    10.509 (   129      0)    10.019 (   372      0)
"prim_run_subcyle_diags"             768      768 1.228800e+05   3.358162e+03     5.937 (   711      0)     3.544 (   402      0)
"t_prf"                                0        0 0.000000e+00   0.000000e+00     0.000 (     0      0)     0.000 (     0      0)

10940581
