LAST_GIT_COMMIT_SHA:STRING=4790f40f2fb6acbc051ce4c988681a628c18e83d

***** GLOBAL STATISTICS (   384 MPI TASKS) *****

$Id: gptl.c,v 1.157 2011-03-28 20:55:18 rosinski Exp $
'count' is cumulative. All other stats are max/min
name                               processes  threads        count      walltotal   wallmax (proc   thrd  )   wallmin (proc   thrd  )
Total                                    384      384 3.840000e+02   2.120341e+04    55.219 (   106      0)    55.213 (   237      0)
prim_init1                               384      384 3.840000e+02   7.350147e+01     0.195 (   354      0)     0.190 (   149      0)
repro_sum_int                            384      384 1.728000e+04   4.713452e+00     0.022 (    14      0)     0.004 (   383      0)
prim_init2                               384      384 3.840000e+02   2.474183e+01     0.074 (    14      0)     0.059 (    85      0)
prim_printstate                          384      384 3.840000e+02   3.574497e+00     0.011 (     0      0)     0.009 (   140      0)
interp_movie_output                      384      384 7.680000e+02   6.460023e-02     0.000 (   204      0)     0.000 (    66      0)
prim_main_loop                           384      384 3.840000e+02   2.106800e+04    54.866 (   352      0)    54.861 (   237      0)
prim_run                                 384      384 1.843200e+05   2.106759e+04    54.865 (   352      0)    54.860 (   237      0)
tl-sc prim_run_subcycle_c                384      384 1.843200e+05   2.106538e+04    54.860 (   351      0)    54.855 (     7      0)
tl-sc dp3d-from-ps                       384      384 1.843200e+05   2.167370e+00     0.007 (   161      0)     0.005 (   243      0)
tl-sc prim_step-loop                     384      384 1.843200e+05   1.977783e+04    51.562 (   112      0)    51.383 (   308      0)
tl-s prim_step                           384      384 5.529600e+05   1.977659e+04    51.560 (   112      0)    51.379 (   308      0)
tl-s deep_copy+derived_dp                384      384 5.529600e+05   4.044485e+01     0.158 (   174      0)     0.070 (   112      0)
tl-s prim_advance_exp-loop               384      384 5.529600e+05   3.000851e+03     9.728 (   209      0)     6.330 (    16      0)
tl-ae prim_advance_exp                   384      384 5.529600e+05   2.999660e+03     9.724 (   209      0)     6.327 (    16      0)
tl-ae U3-5stage_timestep                 384      384 5.529600e+05   1.779875e+03     6.572 (   209      0)     3.220 (    16      0)
caar compute                             384      384 2.764800e+06   5.322937e+02     1.496 (   121      0)     1.302 (   111      0)
caar_bexchV                              384      384 2.764800e+06   1.225935e+03     5.079 (   243      0)     1.848 (    16      0)
tl-ae advance_hypervis_dp                384      384 5.529600e+05   1.218297e+03     3.645 (    66      0)     2.986 (   352      0)
hvf-bhwk                                 384      384 1.658880e+06   7.368501e+02     2.254 (    72      0)     1.800 (   352      0)
hvf-bexch                                384      384 3.317760e+06   7.344628e+02     2.391 (    66      0)     1.715 (   352      0)
tl-s prim_advec_tracers_remap            384      384 5.529600e+05   1.673256e+04    45.127 (    16      0)    41.590 (   209      0)
tl-at prim_advec_tracers_remap_RK2       384      384 5.529600e+05   1.673090e+04    45.124 (    16      0)    41.584 (   209      0)
tl-at precompute_divdp                   384      384 5.529600e+05   2.776802e+01     0.117 (    38      0)     0.045 (    77      0)
tl-at esf-0                              384      384 5.529600e+05   5.123751e+03    14.798 (   342      0)    11.634 (   145      0)
tl-at esf-1                              384      384 5.529600e+05   3.544297e+03     9.738 (   119      0)     8.682 (   239      0)
tl-at esf-2                              384      384 5.529600e+05   7.680623e+03    21.085 (   331      0)    18.930 (   240      0)
tl-at qdp_time_avg                       384      384 5.529600e+05   3.443980e+02     1.072 (   179      0)     0.798 (   229      0)
tl-sc vertical_remap                     384      384 1.843200e+05   1.111151e+03     3.023 (   308      0)     2.824 (   112      0)
Remap Thickness Functor                  384      384 1.843200e+05   1.113691e+01     0.038 (   179      0)     0.023 (   112      0)
Remap Scale States Functor               384      384 1.843200e+05   5.609172e+00     0.024 (   174      0)     0.009 (   112      0)
Remap Compute Grids Functor              384      384 1.843200e+05   5.339006e+01     0.200 (   179      0)     0.108 (   133      0)
Remap Compute Remap Functor              384      384 1.843200e+05   1.030623e+03     2.787 (   308      0)     2.653 (   266      0)
Remap Rescale States Functor             384      384 1.843200e+05   7.875538e+00     0.024 (   352      0)     0.020 (   366      0)
tl-sc Q-from-qdp                         384      384 1.843200e+05   1.729779e+02     0.495 (   160      0)     0.432 (   209      0)
t_prf                                      0        0 0.000000e+00   0.000000e+00     0.000 (     0      0)     0.000 (     0      0)

