LAST_GIT_COMMIT_SHA:STRING=4790f40f2fb6acbc051ce4c988681a628c18e83d

***** GLOBAL STATISTICS (  9600 MPI TASKS) *****

$Id: gptl.c,v 1.157 2011-03-28 20:55:18 rosinski Exp $
'count' is cumulative. All other stats are max/min
name                               processes  threads        count      walltotal   wallmax (proc   thrd  )   wallmin (proc   thrd  )
Total                                   9600     9600 9.600000e+03   2.962270e+06   308.612 (  2919      0)   308.534 (   466      0)
prim_init1                              9600     9600 9.600000e+03   1.943495e+04     2.081 (  8838      0)     1.946 (  3972      0)
repro_sum_int                           9600     9600 4.320000e+05   2.315072e+03     0.992 (    11      0)     0.044 (  8617      0)
prim_init2                              9600     9600 9.600000e+03   1.035614e+04     1.766 (     5      0)     0.752 (  8485      0)
prim_printstate                         9600     9600 9.600000e+03   1.018174e+03     0.129 (  3557      0)     0.081 (  4960      0)
interp_movie_output                     9600     9600 1.920000e+04   4.917392e+01     0.021 (  3676      0)     0.002 (  2916      0)
prim_main_loop                          9600     9600 9.600000e+03   2.881229e+06   300.162 (  3011      0)   300.094 (   385      0)
prim_run                                9600     9600 9.600000e+06   2.881169e+06   300.158 (  3011      0)   300.082 (    31      0)
tl-sc prim_run_subcycle_c               9600     9600 9.600000e+06   2.880926e+06   300.118 (  2688      0)   300.064 (  1183      0)
tl-sc dp3d-from-ps                      9600     9600 9.600000e+06   3.119640e+02     0.050 (  8724      0)     0.022 (  8378      0)
tl-sc prim_step-loop                    9600     9600 9.600000e+06   2.728424e+06   284.985 (  7199      0)   283.388 (  3584      0)
tl-s prim_step                          9600     9600 2.880000e+07   2.728354e+06   284.980 (  7199      0)   283.377 (  3584      0)
tl-s deep_copy+derived_dp               9600     9600 2.880000e+07   4.940208e+03     0.725 (   105      0)     0.279 (  6816      0)
tl-s prim_advance_exp-loop              9600     9600 2.880000e+07   5.839763e+05    84.277 (  1916      0)    44.012 (  4938      0)
tl-ae prim_advance_exp                  9600     9600 2.880000e+07   5.838337e+05    84.256 (  1916      0)    43.998 (  4938      0)
tl-ae U3-5stage_timestep                9600     9600 2.880000e+07   3.000746e+05    50.934 (   380      0)    21.039 (  9088      0)
caar compute                            9600     9600 1.440000e+08   6.506452e+04     7.927 (  2784      0)     6.183 (  6817      0)
caar_bexchV                             9600     9600 1.440000e+08   2.325277e+05    43.656 (   380      0)    14.332 (  9088      0)
tl-ae advance_hypervis_dp               9600     9600 2.880000e+07   2.836451e+05    42.205 (  1916      0)    21.883 (  4933      0)
hvf-bhwk                                9600     9600 8.640000e+07   1.551355e+05    25.392 (  5651      0)    11.817 (  2165      0)
hvf-bexch                               9600     9600 1.728000e+08   2.257047e+05    36.154 (  1916      0)    15.864 (  9313      0)
tl-s prim_advec_tracers_remap           9600     9600 2.880000e+07   2.139241e+06   239.807 (  4938      0)   199.203 (  1916      0)
tl-at prim_advec_tracers_remap_RK2      9600     9600 2.880000e+07   2.139122e+06   239.796 (  4938      0)   199.191 (  1916      0)
tl-at precompute_divdp                  9600     9600 2.880000e+07   2.992381e+03     0.515 (  4927      0)     0.169 (  4845      0)
tl-at esf-0                             9600     9600 2.880000e+07   5.943970e+05    69.837 (  4974      0)    54.150 (  8497      0)
tl-at esf-1                             9600     9600 2.880000e+07   4.467207e+05    52.814 (  4977      0)    44.316 (  4739      0)
tl-at esf-2                             9600     9600 2.880000e+07   1.044584e+06   121.381 (  9107      0)    89.675 (  8380      0)
tl-at qdp_time_avg                      9600     9600 2.880000e+07   4.971681e+04     6.670 (  4771      0)     3.749 (  6817      0)
tl-sc vertical_remap                    9600     9600 9.600000e+06   1.309933e+05    14.575 (  3584      0)    12.908 (  7199      0)
Remap Thickness Functor                 9600     9600 9.600000e+06   1.528513e+03     0.226 (  9383      0)     0.104 (  5038      0)
Remap Scale States Functor              9600     9600 9.600000e+06   7.816001e+02     0.138 (  1640      0)     0.038 (  4865      0)
Remap Compute Grids Functor             9600     9600 9.600000e+06   7.302442e+03     1.151 (  5251      0)     0.499 (  3167      0)
Remap Compute Remap Functor             9600     9600 9.600000e+06   1.198488e+05    13.253 (  2734      0)    11.915 (  6993      0)
Remap Rescale States Functor            9600     9600 9.600000e+06   9.454200e+02     0.125 (   126      0)     0.092 (  7856      0)
tl-sc Q-from-qdp                        9600     9600 9.600000e+06   2.110855e+04     2.458 (  1061      0)     2.051 (  6723      0)
t_prf                                      0        0 0.000000e+00   0.000000e+00     0.000 (     0      0)     0.000 (     0      0)

