LAST_GIT_COMMIT_SHA:STRING=4790f40f2fb6acbc051ce4c988681a628c18e83d

***** GLOBAL STATISTICS (  7200 MPI TASKS) *****

$Id: gptl.c,v 1.157 2011-03-28 20:55:18 rosinski Exp $
'count' is cumulative. All other stats are max/min
name                               processes  threads        count      walltotal   wallmax (proc   thrd  )   wallmin (proc   thrd  )
Total                                   7200     7200 7.200000e+03   2.083237e+06   289.400 (   129      0)   289.286 (  7036      0)
prim_init1                              7200     7200 7.200000e+03   9.146398e+03     1.312 (   784      0)     1.206 (  6894      0)
repro_sum_int                           7200     7200 3.240000e+05   1.836124e+03     0.594 (  6554      0)     0.031 (  4253      0)
prim_init2                              7200     7200 7.200000e+03   5.636333e+03     1.144 (  6655      0)     0.517 (   902      0)
prim_printstate                         7200     7200 7.200000e+03   5.425171e+02     0.095 (  4914      0)     0.065 (  4433      0)
interp_movie_output                     7200     7200 1.440000e+04   3.160173e+01     0.016 (  3492      0)     0.000 (   345      0)
prim_main_loop                          7200     7200 7.200000e+03   2.032622e+06   282.371 (  1806      0)   282.261 (  6241      0)
prim_run                                7200     7200 5.400000e+06   2.032579e+06   282.365 (  1794      0)   282.254 (  6623      0)
tl-sc prim_run_subcycle_c               7200     7200 5.400000e+06   2.032341e+06   282.309 (  1634      0)   282.237 (  6221      0)
tl-sc dp3d-from-ps                      7200     7200 5.400000e+06   2.231057e+02     0.050 (  7113      0)     0.021 (   156      0)
tl-sc prim_step-loop                    7200     7200 5.400000e+06   1.917599e+06   267.027 (  3304      0)   265.463 (  1038      0)
tl-s prim_step                          7200     7200 1.620000e+07   1.917555e+06   267.023 (  2659      0)   265.454 (  1038      0)
tl-s deep_copy+derived_dp               7200     7200 1.620000e+07   3.709366e+03     0.730 (    80      0)     0.266 (   210      0)
tl-s prim_advance_exp-loop              7200     7200 1.620000e+07   3.372666e+05    68.866 (  2678      0)    28.988 (  1624      0)
tl-ae prim_advance_exp                  7200     7200 1.620000e+07   3.371734e+05    68.854 (  2678      0)    28.977 (  1624      0)
tl-ae U3-5stage_timestep                7200     7200 1.620000e+07   1.807993e+05    44.787 (  1444      0)    13.986 (  1020      0)
caar compute                            7200     7200 8.100000e+07   4.967842e+04     8.233 (   289      0)     6.190 (   211      0)
caar_bexchV                             7200     7200 8.100000e+07   1.292165e+05    37.244 (  1444      0)     6.920 (  1020      0)
tl-ae advance_hypervis_dp               7200     7200 1.620000e+07   1.563008e+05    34.428 (  3801      0)    13.293 (  6415      0)
hvf-bhwk                                7200     7200 4.860000e+07   8.780701e+04    24.111 (  3801      0)     7.837 (  6388      0)
hvf-bexch                               7200     7200 9.720000e+07   1.125293e+05    28.162 (  3801      0)     7.349 (  1628      0)
tl-s prim_advec_tracers_remap           7200     7200 1.620000e+07   1.576444e+06   236.949 (  1624      0)   196.510 (  2678      0)
tl-at prim_advec_tracers_remap_RK2      7200     7200 1.620000e+07   1.576372e+06   236.940 (  1624      0)   196.499 (  2678      0)
tl-at precompute_divdp                  7200     7200 1.620000e+07   2.415548e+03     0.522 (   913      0)     0.163 (   711      0)
tl-at esf-0                             7200     7200 1.620000e+07   4.383897e+05    70.726 (   997      0)    52.041 (   619      0)
tl-at esf-1                             7200     7200 1.620000e+07   3.292368e+05    50.988 (  1614      0)    42.788 (  1330      0)
tl-at esf-2                             7200     7200 1.620000e+07   7.662565e+05   119.218 (  1637      0)    86.884 (  4237      0)
tl-at qdp_time_avg                      7200     7200 1.620000e+07   3.963006e+04     7.064 (    68      0)     3.757 (   225      0)
tl-sc vertical_remap                    7200     7200 5.400000e+06   9.827249e+04    14.658 (  1038      0)    12.974 (  3304      0)
Remap Thickness Functor                 7200     7200 5.400000e+06   1.096788e+03     0.206 (  5646      0)     0.103 (  1212      0)
Remap Scale States Functor              7200     7200 5.400000e+06   6.227263e+02     0.143 (  5869      0)     0.039 (  2658      0)
Remap Compute Grids Functor             7200     7200 5.400000e+06   5.667521e+03     1.208 (  3100      0)     0.499 (  2658      0)
Remap Compute Remap Functor             7200     7200 5.400000e+06   8.990815e+04    13.115 (  2088      0)    11.978 (  5243      0)
Remap Rescale States Functor            7200     7200 5.400000e+06   7.124676e+02     0.129 (  6815      0)     0.092 (   242      0)
tl-sc Q-from-qdp                        7200     7200 5.400000e+06   1.618942e+04     2.577 (  2464      0)     2.059 (   244      0)
t_prf                                      0        0 0.000000e+00   0.000000e+00     0.000 (     0      0)     0.000 (     0      0)

