LAST_GIT_COMMIT_SHA:STRING=4790f40f2fb6acbc051ce4c988681a628c18e83d

***** GLOBAL STATISTICS (  6144 MPI TASKS) *****

$Id: gptl.c,v 1.157 2011-03-28 20:55:18 rosinski Exp $
'count' is cumulative. All other stats are max/min
name                               processes  threads        count      walltotal   wallmax (proc   thrd  )   wallmin (proc   thrd  )
Total                                   6144     6144 6.144000e+03   6.698694e+05   109.054 (   117      0)   109.006 (  2218      0)
prim_init1                              6144     6144 6.144000e+03   4.628642e+03     0.788 (  4103      0)     0.726 (  3346      0)
repro_sum_int                           6144     6144 2.764800e+05   1.383085e+03     0.564 (    15      0)     0.023 (  3432      0)
prim_init2                              6144     6144 6.144000e+03   4.103149e+03     1.020 (     2      0)     0.447 (  6135      0)
prim_printstate                         6144     6144 6.144000e+03   3.538235e+02     0.072 (   409      0)     0.047 (  3531      0)
interp_movie_output                     6144     6144 1.228800e+04   1.772490e+01     0.017 (   227      0)     0.000 (  4790      0)
prim_main_loop                          6144     6144 6.144000e+03   6.563437e+05   106.842 (   459      0)   106.813 (  1220      0)
prim_run                                6144     6144 1.966080e+07   6.563053e+05   106.835 (   461      0)   106.798 (  5185      0)
tl-sc prim_run_subcycle_c               6144     6144 1.966080e+07   6.561652e+05   106.809 (  3581      0)   106.778 (  5185      0)
tl-sc dp3d-from-ps                      6144     6144 1.966080e+07   8.067039e+01     0.027 (  1025      0)     0.009 (  2060      0)
tl-sc prim_step-loop                    6144     6144 1.966080e+07   6.217054e+05   101.293 (  4267      0)   100.666 (  1824      0)
tl-s prim_step                          6144     6144 5.898240e+07   6.216251e+05   101.282 (  4267      0)   100.649 (  1824      0)
tl-s deep_copy+derived_dp               6144     6144 5.898240e+07   8.813969e+02     0.184 (  1495      0)     0.101 (   458      0)
tl-s prim_advance_exp-loop              6144     6144 5.898240e+07   2.343260e+05    45.744 (  1075      0)    27.858 (   255      0)
tl-ae prim_advance_exp                  6144     6144 5.898240e+07   2.342189e+05    45.727 (  1075      0)    27.842 (   255      0)
tl-ae U3-5stage_timestep                6144     6144 5.898240e+07   1.168588e+05    27.918 (  5961      0)    12.229 (  3498      0)
caar compute                            6144     6144 2.949120e+08   1.436618e+04     2.560 (  1824      0)     2.268 (  3063      0)
caar_bexchV                             6144     6144 2.949120e+08   1.015636e+05    25.439 (  5961      0)     9.694 (  3498      0)
tl-ae advance_hypervis_dp               6144     6144 5.898240e+07   1.172248e+05    25.534 (  3886      0)    13.380 (  3572      0)
hvf-bhwk                                6144     6144 1.769472e+08   6.193511e+04    15.461 (  3696      0)     7.191 (  3573      0)
hvf-bexch                               6144     6144 3.538944e+08   1.028813e+05    23.235 (  3886      0)    11.064 (  3572      0)
tl-s prim_advec_tracers_remap           6144     6144 5.898240e+07   3.862158e+05    73.061 (   255      0)    55.266 (  1075      0)
tl-at prim_advec_tracers_remap_RK2      6144     6144 5.898240e+07   3.861035e+05    73.043 (   255      0)    55.249 (  1075      0)
tl-at precompute_divdp                  6144     6144 5.898240e+07   5.248700e+02     0.124 (  1600      0)     0.063 (  2889      0)
tl-at esf-0                             6144     6144 5.898240e+07   1.144016e+05    23.353 (   240      0)    14.422 (  5515      0)
tl-at esf-1                             6144     6144 5.898240e+07   7.150076e+04    14.371 (  1365      0)     9.352 (  3317      0)
tl-at esf-2                             6144     6144 5.898240e+07   1.914072e+05    38.212 (   269      0)    26.736 (  5578      0)
tl-at qdp_time_avg                      6144     6144 5.898240e+07   7.875472e+03     1.366 (  1760      0)     1.265 (  1386      0)
tl-sc vertical_remap                    6144     6144 1.966080e+07   2.991660e+04     5.339 (  1824      0)     4.769 (  4267      0)
Remap Thickness Functor                 6144     6144 1.966080e+07   3.655011e+02     0.089 (  2784      0)     0.043 (   371      0)
Remap Scale States Functor              6144     6144 1.966080e+07   1.370009e+02     0.036 (  4685      0)     0.015 (  5937      0)
Remap Compute Grids Functor             6144     6144 1.966080e+07   1.199786e+03     0.223 (  1787      0)     0.180 (  1000      0)
Remap Compute Remap Functor             6144     6144 1.966080e+07   2.742528e+04     4.898 (  1824      0)     4.385 (  4267      0)
Remap Rescale States Functor            6144     6144 1.966080e+07   2.213218e+02     0.039 (  1696      0)     0.035 (  5494      0)
tl-sc Q-from-qdp                        6144     6144 1.966080e+07   4.379364e+03     0.756 (  1760      0)     0.704 (   968      0)
t_prf                                      0        0 0.000000e+00   0.000000e+00     0.000 (     0      0)     0.000 (     0      0)

