LAST_GIT_COMMIT_SHA:STRING=adf77c97ed8425a245449f2582d2441f4b72da1e
10940622

***** GLOBAL STATISTICS ( 17280 MPI TASKS) *****

$Id: gptl.c,v 1.157 2011-03-28 20:55:18 rosinski Exp $
'count' is cumulative. All other stats are max/min
name                           processes  threads        count      walltotal   wallmax (proc   thrd  )   wallmin (proc   thrd  )
"Total"                            17280    17280 1.728000e+04   5.252941e+06   304.067 (  8960      0)   303.938 (  3991      0)
"prim_init1"                       17280    17280 1.728000e+04   3.148219e+04     1.913 (  2633      0)     1.732 ( 13318      0)
"PartitioningTime"                 17280    17280 1.728000e+04   1.044775e+02     0.012 (  8846      0)     0.002 (   275      0)
"repro_sum_int"                    17280    17280 7.776000e+05   8.038581e+03     1.705 (    18      0)     0.067 ( 15993      0)
"prim_init2"                       17280    17280 1.728000e+04   1.276388e+04     1.995 (    11      0)     0.346 ( 16042      0)
"prim_printstate"                  17280    17280 1.728000e+04   1.420633e+03     0.107 ( 15169      0)     0.059 (  5724      0)
"interp_movie_output"              17280    17280 3.456000e+04   2.789670e+02     0.045 (  9670      0)     0.000 (  3500      0)
"prim_main_loop"                   17280    17280 1.728000e+04   5.100410e+06   295.187 (  9377      0)   295.133 (  3927      0)
"prim_run"                         17280    17280 3.110400e+07   5.100249e+06   295.182 (  8682      0)   295.123 (  3927      0)
"ApplyCAMForcing"                  17280    17280 3.110400e+07   3.940370e+04     2.895 (  8874      0)     1.677 (  7656      0)
"prim_step_rX"                     17280    17280 9.331200e+07   4.752885e+06   276.641 ( 12338      0)   272.767 (   316      0)
"prim_step_dyn"                    17280    17280 9.331200e+07   1.112650e+06    82.730 (  6231      0)    48.108 (  8900      0)
"prim_advance_exp"                 17280    17280 9.331200e+07   1.112241e+06    82.704 (  6231      0)    48.084 (  8900      0)
"U3-5stage_timestep"               17280    17280 9.331200e+07   5.984625e+05    52.983 (  1585      0)    23.627 (  8900      0)
"compute_and_apply_rhs"            17280    17280 4.665600e+08   5.960090e+05    52.824 (  1585      0)    23.483 (  8900      0)
"caar_bexchV"                      17280    17280 4.665600e+08   4.491177e+05    43.873 (  1585      0)    15.100 ( 14750      0)
"advance_hypervis_dp"              17280    17280 9.331200e+07   5.134542e+05    36.145 ( 16571      0)    24.087 ( 16808      0)
"biwkdp3d_bexchV"                  17280    17280 2.799360e+08   1.871042e+05    14.654 ( 16414      0)     7.808 (  8898      0)
"ahdp_bexchV2"                     17280    17280 2.799360e+08   1.882514e+05    15.446 ( 11408      0)     7.911 (  3653      0)
"prim_step_advec"                  17280    17280 9.331200e+07   3.631377e+06   224.501 (  8900      0)   193.033 (  6231      0)
"PAT_remap"                        17280    17280 9.331200e+07   3.631154e+06   224.487 (  8900      0)   193.020 (  6231      0)
"prim_advec_tracers_remap_rk2"     17280    17280 9.331200e+07   3.630800e+06   224.463 (  8900      0)   192.984 (  6231      0)
"precomput_divdp"                  17280    17280 9.331200e+07   7.890205e+03     0.769 ( 16917      0)     0.247 ( 16736      0)
"euler_step_0"                     17280    17280 9.331200e+07   1.028178e+06    69.779 (  8900      0)    47.548 (  8616      0)
"bihmix_qminmax"                   17280    17280 2.799360e+08   1.669040e+06   108.811 (     4      0)    82.434 (  5881      0)
"eus_neighbor_minmax1"             17280    17280 9.331200e+07   2.940191e+05    24.543 (   251      0)     9.861 ( 11321      0)
"nmm_bexchV"                       17280    17280 9.331200e+07   1.982368e+05    18.835 ( 14757      0)     5.181 ( 16774      0)
"eus_2d_advec"                     17280    17280 2.799360e+08   1.880578e+06   127.507 ( 11347      0)    95.303 (  6426      0)
"eus_bexchV"                       17280    17280 2.799360e+08   7.872543e+05    62.952 ( 11344      0)    33.585 (  6426      0)
"euler_step_1"                     17280    17280 9.331200e+07   7.118992e+05    45.176 ( 16876      0)    37.761 (  4138      0)
"euler_step_2"                     17280    17280 9.331200e+07   1.812139e+06   115.260 ( 11347      0)    95.903 (  3432      0)
"nmm_bexchS_start"                 17280    17280 9.331200e+07   5.346338e+03     0.487 (  1577      0)     0.163 ( 13015      0)
"biwksc_bexchV"                    17280    17280 9.331200e+07   3.613250e+05    27.988 ( 16609      0)    12.988 ( 12380      0)
"nmm_bexchS_fini"                  17280    17280 9.331200e+07   2.162416e+04     1.759 ( 14620      0)     0.727 ( 11513      0)
"qdp_tavg"                         17280    17280 9.331200e+07   6.956553e+04     4.873 ( 14799      0)     3.656 (    33      0)
"vertical_remap"                   17280    17280 3.110400e+07   2.272654e+05    13.814 (   338      0)    12.756 ( 11890      0)
"vertical_remap1_1"                17280    17280 1.555200e+08   1.343392e+04     0.817 ( 12359      0)     0.748 ( 16721      0)
"remap_Q_ppm"                      17280    17280 4.665600e+08   2.232205e+05    13.556 (   338      0)    12.536 ( 11890      0)
"vertical_remap1_2"                17280    17280 1.555200e+08   1.729100e+04     1.047 (   336      0)     0.987 ( 16724      0)
"vertical_remap1_3"                17280    17280 1.555200e+08   1.930921e+05    11.737 (   338      0)    10.818 ( 11890      0)
"prim_run_subcyle_diags"           17280    17280 3.110400e+07   6.858233e+04     6.195 ( 12452      0)     2.895 (  5079      0)
"t_prf"                                0        0 0.000000e+00   0.000000e+00     0.000 (     0      0)     0.000 (     0      0)

10940622
