LAST_GIT_COMMIT_SHA:STRING=adf77c97ed8425a245449f2582d2441f4b72da1e
10940609

***** GLOBAL STATISTICS (   960 MPI TASKS) *****

$Id: gptl.c,v 1.157 2011-03-28 20:55:18 rosinski Exp $
'count' is cumulative. All other stats are max/min
name                           processes  threads        count      walltotal   wallmax (proc   thrd  )   wallmin (proc   thrd  )
"Total"                              960      960 9.600000e+02   2.785989e+05   290.274 (   628      0)   290.125 (   186      0)
"prim_init1"                         960      960 9.600000e+02   7.467456e+02     0.781 (   201      0)     0.759 (   910      0)
"PartitioningTime"                   960      960 9.600000e+02   5.584336e+00     0.007 (   288      0)     0.004 (   617      0)
"repro_sum_int"                      960      960 4.320000e+04   4.688053e+01     0.126 (   327      0)     0.008 (   561      0)
"prim_init2"                         960      960 9.600000e+02   1.915121e+02     0.278 (   327      0)     0.159 (   393      0)
"prim_printstate"                    960      960 9.600000e+02   2.588416e+01     0.030 (     0      0)     0.026 (   741      0)
"interp_movie_output"                960      960 1.920000e+03   4.974480e-01     0.001 (   772      0)     0.000 (   331      0)
"prim_main_loop"                     960      960 9.600000e+02   2.729410e+05   284.380 (   628      0)   284.232 (   186      0)
"prim_run"                           960      960 9.600000e+04   2.729404e+05   284.379 (   628      0)   284.232 (   186      0)
"ApplyCAMForcing"                    960      960 9.600000e+04   4.094205e+03     5.010 (   542      0)     2.322 (   677      0)
"prim_step_rX"                       960      960 2.880000e+05   2.507011e+05   263.726 (   545      0)   259.965 (   640      0)
"prim_step_dyn"                      960      960 2.880000e+05   4.927922e+04    61.919 (   677      0)    44.288 (   157      0)
"prim_advance_exp"                   960      960 2.880000e+05   4.927673e+04    61.917 (   677      0)    44.286 (   157      0)
"U3-5stage_timestep"                 960      960 2.880000e+05   2.435883e+04    38.121 (   677      0)    18.452 (   538      0)
"compute_and_apply_rhs"              960      960 1.440000e+06   2.399721e+04    37.818 (   677      0)    18.025 (   538      0)
"caar_bexchV"                        960      960 1.440000e+06   1.234086e+04    25.989 (   677      0)     4.168 (   538      0)
"advance_hypervis_dp"                960      960 2.880000e+05   2.491458e+04    30.013 (   403      0)    21.796 (   388      0)
"biwkdp3d_bexchV"                    960      960 8.640000e+05   6.291447e+03    10.215 (   405      0)     2.657 (   630      0)
"ahdp_bexchV2"                       960      960 8.640000e+05   6.489160e+03    10.768 (   349      0)     3.079 (   632      0)
"prim_step_advec"                    960      960 2.880000e+05   2.006484e+05   215.701 (   157      0)   200.480 (   843      0)
"PAT_remap"                          960      960 2.880000e+05   2.006474e+05   215.700 (   157      0)   200.478 (   843      0)
"prim_advec_tracers_remap_rk2"       960      960 2.880000e+05   2.006456e+05   215.699 (   157      0)   200.476 (   843      0)
"precomput_divdp"                    960      960 2.880000e+05   4.451319e+02     0.595 (   688      0)     0.227 (   771      0)
"euler_step_0"                       960      960 2.880000e+05   5.504666e+04    60.554 (   802      0)    53.169 (   865      0)
"bihmix_qminmax"                     960      960 8.640000e+05   9.488468e+04   106.818 (   309      0)    90.810 (    97      0)
"eus_neighbor_minmax1"               960      960 2.880000e+05   1.461264e+04    20.909 (   463      0)    12.007 (   265      0)
"nmm_bexchV"                         960      960 2.880000e+05   6.517411e+03    13.011 (   545      0)     4.237 (   644      0)
"eus_2d_advec"                       960      960 8.640000e+05   9.849868e+04   113.639 (   291      0)    90.928 (   283      0)
"eus_bexchV"                         960      960 8.640000e+05   2.356606e+04    35.399 (    97      0)    16.260 (   546      0)
"euler_step_1"                       960      960 2.880000e+05   3.946325e+04    44.078 (   903      0)    38.758 (   545      0)
"euler_step_2"                       960      960 2.880000e+05   9.888796e+04   109.718 (   857      0)    95.640 (   243      0)
"nmm_bexchS_start"                   960      960 2.880000e+05   1.872728e+01     0.030 (     1      0)     0.011 (   282      0)
"biwksc_bexchV"                      960      960 2.880000e+05   8.216680e+03    12.784 (   309      0)     6.176 (   190      0)
"nmm_bexchS_fini"                    960      960 2.880000e+05   3.858473e+03     5.044 (   904      0)     2.050 (   545      0)
"qdp_tavg"                           960      960 2.880000e+05   6.794655e+03     8.475 (   668      0)     4.109 (   789      0)
"vertical_remap"                     960      960 9.600000e+04   1.266980e+04    13.697 (   677      0)    12.910 (   751      0)
"vertical_remap1_1"                  960      960 8.640000e+06   7.129064e+02     0.755 (   677      0)     0.734 (   629      0)
"remap_Q_ppm"                        960      960 2.592000e+07   1.247122e+04    13.419 (   677      0)    12.704 (   751      0)
"vertical_remap1_2"                  960      960 8.640000e+06   9.549984e+02     1.005 (    42      0)     0.986 (   540      0)
"vertical_remap1_3"                  960      960 8.640000e+06   1.082701e+04    11.696 (   677      0)    11.003 (   751      0)
"prim_run_subcyle_diags"             960      960 9.600000e+04   4.621919e+03     6.748 (   291      0)     4.053 (    85      0)
"t_prf"                                0        0 0.000000e+00   0.000000e+00     0.000 (     0      0)     0.000 (     0      0)

10940609
