LAST_GIT_COMMIT_SHA:STRING=adf77c97ed8425a245449f2582d2441f4b72da1e
10940533

***** GLOBAL STATISTICS (   192 MPI TASKS) *****

$Id: gptl.c,v 1.157 2011-03-28 20:55:18 rosinski Exp $
'count' is cumulative. All other stats are max/min
name                           processes  threads        count      walltotal   wallmax (proc   thrd  )   wallmin (proc   thrd  )
"Total"                              192      192 1.920000e+02   1.108140e+04    57.719 (    96      0)    57.710 (   189      0)
"prim_init1"                         192      192 1.920000e+02   1.013659e+01     0.058 (     0      0)     0.052 (    27      0)
"PartitioningTime"                   192      192 1.920000e+02   1.620314e-01     0.001 (   124      0)     0.001 (   188      0)
"repro_sum_int"                      192      192 8.640000e+03   1.171543e+00     0.009 (    60      0)     0.004 (   124      0)
"prim_init2"                         192      192 1.920000e+02   4.798897e+00     0.030 (     0      0)     0.023 (    50      0)
"prim_printstate"                    192      192 1.920000e+02   1.224895e+00     0.009 (     0      0)     0.006 (   184      0)
"interp_movie_output"                192      192 3.840000e+02   2.663589e-02     0.000 (   128      0)     0.000 (   126      0)
"prim_main_loop"                     192      192 1.920000e+02   1.104382e+04    57.523 (    96      0)    57.514 (   189      0)
"prim_run"                           192      192 4.608000e+04   1.104373e+04    57.523 (    96      0)    57.514 (   189      0)
"ApplyCAMForcing"                    192      192 4.608000e+04   1.188882e+02     0.750 (    57      0)     0.423 (   163      0)
"prim_step_rX"                       192      192 1.382400e+05   1.014692e+04    53.150 (   163      0)    52.603 (    63      0)
"prim_step_dyn"                      192      192 1.382400e+05   1.335839e+03    11.335 (   188      0)     4.924 (    61      0)
"prim_advance_exp"                   192      192 1.382400e+05   1.335324e+03    11.333 (   188      0)     4.922 (    61      0)
"U3-5stage_timestep"                 192      192 1.382400e+05   8.918066e+02     9.035 (   187      0)     2.638 (    61      0)
"compute_and_apply_rhs"              192      192 6.912000e+05   8.858421e+02     9.000 (   187      0)     2.607 (    61      0)
"caar_bexchV"                        192      192 6.912000e+05   5.353881e+02     7.089 (   187      0)     0.888 (    61      0)
"advance_hypervis_dp"                192      192 1.382400e+05   4.430128e+02     2.581 (   127      0)     2.156 (    28      0)
"biwkdp3d_bexchV"                    192      192 4.147200e+05   6.809033e+01     0.574 (   127      0)     0.263 (    27      0)
"ahdp_bexchV2"                       192      192 4.147200e+05   6.515110e+01     0.518 (   123      0)     0.275 (    28      0)
"prim_step_advec"                    192      192 1.382400e+05   8.785531e+03    47.589 (    61      0)    41.682 (   188      0)
"PAT_remap"                          192      192 1.382400e+05   8.785152e+03    47.587 (    61      0)    41.681 (   188      0)
"prim_advec_tracers_remap_rk2"       192      192 1.382400e+05   8.784706e+03    47.585 (    61      0)    41.679 (   188      0)
"precomput_divdp"                    192      192 1.382400e+05   1.875086e+01     0.156 (    66      0)     0.052 (    82      0)
"euler_step_0"                       192      192 1.382400e+05   2.498903e+03    14.794 (    64      0)    10.228 (   187      0)
"bihmix_qminmax"                     192      192 4.147200e+05   4.193686e+03    23.614 (    76      0)    19.768 (   153      0)
"eus_neighbor_minmax1"               192      192 1.382400e+05   6.686221e+02     4.671 (    76      0)     2.213 (    67      0)
"nmm_bexchV"                         192      192 1.382400e+05   4.066988e+02     3.176 (   181      0)     1.003 (    70      0)
"eus_2d_advec"                       192      192 4.147200e+05   4.359839e+03    25.088 (   153      0)    19.684 (   130      0)
"eus_bexchV"                         192      192 4.147200e+05   1.699451e+03    11.270 (   153      0)     5.836 (   130      0)
"euler_step_1"                       192      192 1.382400e+05   1.734391e+03     9.690 (    25      0)     8.442 (   189      0)
"euler_step_2"                       192      192 1.382400e+05   4.325056e+03    23.908 (    57      0)    21.313 (   146      0)
"nmm_bexchS_start"                   192      192 1.382400e+05   9.166383e+00     0.065 (   189      0)     0.034 (    92      0)
"biwksc_bexchV"                      192      192 1.382400e+05   7.005559e+02     4.835 (   163      0)     2.667 (   142      0)
"nmm_bexchS_fini"                    192      192 1.382400e+05   9.628957e+01     0.549 (   174      0)     0.332 (   187      0)
"qdp_tavg"                           192      192 1.382400e+05   2.055164e+02     1.392 (    59      0)     0.806 (   170      0)
"vertical_remap"                     192      192 4.608000e+04   5.504125e+02     2.968 (   188      0)     2.818 (    64      0)
"vertical_remap1_1"                  192      192 3.686400e+05   3.130764e+01     0.168 (    36      0)     0.160 (   170      0)
"remap_Q_ppm"                        192      192 1.105920e+06   5.408369e+02     2.908 (   188      0)     2.773 (    64      0)
"vertical_remap1_2"                  192      192 3.686400e+05   4.113510e+01     0.217 (   164      0)     0.213 (     2      0)
"vertical_remap1_3"                  192      192 3.686400e+05   4.695863e+02     2.532 (   188      0)     2.405 (    64      0)
"prim_run_subcyle_diags"             192      192 4.608000e+04   1.976714e+02     1.174 (    64      0)     0.863 (   164      0)
"t_prf"                                0        0 0.000000e+00   0.000000e+00     0.000 (     0      0)     0.000 (     0      0)

10940533
