LAST_GIT_COMMIT_SHA:STRING=adf77c97ed8425a245449f2582d2441f4b72da1e
10940522

***** GLOBAL STATISTICS (    32 MPI TASKS) *****

$Id: gptl.c,v 1.157 2011-03-28 20:55:18 rosinski Exp $
'count' is cumulative. All other stats are max/min
name                           processes  threads        count      walltotal   wallmax (proc   thrd  )   wallmin (proc   thrd  )
"Total"                               32       32 3.200000e+01   1.892558e+03    59.143 (     2      0)    59.142 (     5      0)
"prim_init1"                          32       32 3.200000e+01   5.962908e+00     0.186 (     7      0)     0.186 (     5      0)
"PartitioningTime"                    32       32 3.200000e+01   6.130171e-02     0.002 (    26      0)     0.002 (    25      0)
"repro_sum_int"                       32       32 1.440000e+03   5.169153e-02     0.002 (    15      0)     0.001 (     0      0)
"prim_init2"                          32       32 3.200000e+01   8.816855e-01     0.030 (     0      0)     0.027 (    23      0)
"prim_printstate"                     32       32 3.200000e+01   1.341417e-01     0.008 (     0      0)     0.004 (    13      0)
"interp_movie_output"                 32       32 6.400000e+01   6.652117e-02     0.002 (    22      0)     0.002 (     0      0)
"prim_main_loop"                      32       32 3.200000e+01   1.882704e+03    58.835 (    30      0)    58.834 (    13      0)
"prim_run"                            32       32 5.344000e+03   1.882692e+03    58.834 (    30      0)    58.834 (     5      0)
"ApplyCAMForcing"                     32       32 5.344000e+03   3.630542e+01     1.165 (     5      0)     1.093 (     2      0)
"prim_step_rX"                        32       32 1.603200e+04   1.711205e+03    53.575 (    14      0)    53.416 (     2      0)
"prim_step_dyn"                       32       32 1.603200e+04   1.559953e+02     5.216 (    14      0)     4.671 (     2      0)
"prim_advance_exp"                    32       32 1.603200e+04   1.559325e+02     5.214 (    14      0)     4.669 (     2      0)
"U3-5stage_timestep"                  32       32 1.603200e+04   8.904060e+01     3.124 (    14      0)     2.572 (     2      0)
"compute_and_apply_rhs"               32       32 8.016000e+04   8.536577e+01     3.001 (    14      0)     2.454 (     2      0)
"caar_bexchV"                         32       32 8.016000e+04   1.971559e+01     0.857 (    14      0)     0.421 (     2      0)
"advance_hypervis_dp"                 32       32 1.603200e+04   6.681888e+01     2.103 (    26      0)     2.065 (    31      0)
"biwkdp3d_bexchV"                     32       32 4.809600e+04   5.921914e+00     0.202 (    19      0)     0.171 (    28      0)
"ahdp_bexchV2"                        32       32 4.809600e+04   5.934852e+00     0.196 (    20      0)     0.170 (    28      0)
"prim_step_advec"                     32       32 1.603200e+04   1.549342e+03    48.606 (     2      0)    48.124 (    14      0)
"PAT_remap"                           32       32 1.603200e+04   1.549301e+03    48.605 (     2      0)    48.123 (    14      0)
"prim_advec_tracers_remap_rk2"        32       32 1.603200e+04   1.549239e+03    48.604 (     2      0)    48.120 (    14      0)
"precomput_divdp"                     32       32 1.603200e+04   3.486146e+00     0.131 (    24      0)     0.078 (    31      0)
"euler_step_0"                        32       32 1.603200e+04   4.321321e+02    13.643 (     2      0)    13.395 (    14      0)
"bihmix_qminmax"                      32       32 4.809600e+04   7.518344e+02    23.570 (     0      0)    23.314 (    17      0)
"eus_neighbor_minmax1"                32       32 1.603200e+04   1.166848e+02     3.679 (    27      0)     3.583 (    26      0)
"nmm_bexchV"                          32       32 1.603200e+04   5.555523e+01     1.800 (    15      0)     1.671 (    14      0)
"eus_2d_advec"                        32       32 4.809600e+04   7.374249e+02    23.315 (     2      0)    22.687 (    14      0)
"eus_bexchV"                          32       32 4.809600e+04   2.041225e+02     6.654 (    24      0)     6.095 (    14      0)
"euler_step_1"                        32       32 1.603200e+04   3.019901e+02     9.472 (    26      0)     9.380 (    13      0)
"euler_step_2"                        32       32 1.603200e+04   7.558299e+02    23.721 (     8      0)    23.443 (    14      0)
"nmm_bexchS_start"                    32       32 1.603200e+04   7.987535e-01     0.032 (     0      0)     0.020 (     2      0)
"biwksc_bexchV"                       32       32 1.603200e+04   9.355264e+01     2.966 (     1      0)     2.779 (     2      0)
"nmm_bexchS_fini"                     32       32 1.603200e+04   3.268837e+01     1.047 (     0      0)     0.981 (    17      0)
"qdp_tavg"                            32       32 1.603200e+04   5.549766e+01     1.777 (    14      0)     1.669 (    23      0)
"vertical_remap"                      32       32 5.344000e+03   9.530313e+01     2.996 (    14      0)     2.956 (     0      0)
"vertical_remap1_1"                   32       32 6.412800e+04   5.417240e+00     0.174 (    14      0)     0.167 (     9      0)
"remap_Q_ppm"                         32       32 1.923840e+05   9.375899e+01     2.943 (    14      0)     2.908 (     0      0)
"vertical_remap1_2"                   32       32 6.412800e+04   7.147806e+00     0.224 (     2      0)     0.222 (     5      0)
"vertical_remap1_3"                   32       32 6.412800e+04   8.137657e+01     2.554 (     3      0)     2.522 (     0      0)
"prim_run_subcyle_diags"              32       32 5.344000e+03   3.189120e+01     1.024 (     2      0)     0.970 (    19      0)
"t_prf"                                0        0 0.000000e+00   0.000000e+00     0.000 (     0      0)     0.000 (     0      0)

10940522
