LAST_GIT_COMMIT_SHA:STRING=adf77c97ed8425a245449f2582d2441f4b72da1e
10940621

***** GLOBAL STATISTICS (  9600 MPI TASKS) *****

$Id: gptl.c,v 1.157 2011-03-28 20:55:18 rosinski Exp $
'count' is cumulative. All other stats are max/min
name                           processes  threads        count      walltotal   wallmax (proc   thrd  )   wallmin (proc   thrd  )
"Total"                             9600     9600 9.600000e+03   2.826690e+06   294.495 (  2652      0)   294.417 (  4257      0)
"prim_init1"                        9600     9600 9.600000e+03   1.478036e+04     1.594 (  4702      0)     1.469 (  3295      0)
"PartitioningTime"                  9600     9600 9.600000e+03   6.759640e+01     0.023 (  4906      0)     0.002 (  6309      0)
"repro_sum_int"                     9600     9600 4.320000e+05   2.621847e+03     0.790 (    21      0)     0.062 (  6913      0)
"prim_init2"                        9600     9600 9.600000e+03   4.457325e+03     0.989 (     9      0)     0.262 (  6438      0)
"prim_printstate"                   9600     9600 9.600000e+03   7.102821e+02     0.087 (  7078      0)     0.067 (  9408      0)
"interp_movie_output"               9600     9600 1.920000e+04   6.466235e+01     0.020 (  5990      0)     0.000 (  9530      0)
"prim_main_loop"                    9600     9600 9.600000e+03   2.756041e+06   287.109 (  2697      0)   287.063 (     1      0)
"prim_run"                          9600     9600 9.600000e+06   2.755979e+06   287.105 (  2703      0)   287.056 (  5119      0)
"ApplyCAMForcing"                   9600     9600 9.600000e+06   2.608399e+04     3.488 (  2708      0)     1.823 (  2737      0)
"prim_step_rX"                      9600     9600 2.880000e+07   2.552044e+06   267.408 (  3304      0)   264.600 (  2754      0)
"prim_step_dyn"                     9600     9600 2.880000e+07   4.795310e+05    69.316 (   945      0)    36.442 (  6873      0)
"prim_advance_exp"                  9600     9600 2.880000e+07   4.793891e+05    69.303 (   945      0)    36.430 (  6873      0)
"U3-5stage_timestep"                9600     9600 2.880000e+07   2.710651e+05    49.556 (  5169      0)    17.492 (  8768      0)
"compute_and_apply_rhs"             9600     9600 1.440000e+08   2.694616e+05    49.380 (  5169      0)    17.333 (  8768      0)
"caar_bexchV"                       9600     9600 1.440000e+08   1.847573e+05    40.508 (  2737      0)     8.765 (  8768      0)
"advance_hypervis_dp"               9600     9600 2.880000e+07   2.082072e+05    28.226 (  1967      0)    17.080 (  2726      0)
"biwkdp3d_bexchV"                   9600     9600 8.640000e+07   6.431494e+04    12.076 (  1979      0)     3.980 (  3814      0)
"ahdp_bexchV2"                      9600     9600 8.640000e+07   6.566311e+04    12.314 (  1958      0)     4.384 (  2806      0)
"prim_step_advec"                   9600     9600 2.880000e+07   2.066802e+06   228.106 (  6873      0)   197.490 (  8232      0)
"PAT_remap"                         9600     9600 2.880000e+07   2.066721e+06   228.099 (  6873      0)   197.484 (  8232      0)
"prim_advec_tracers_remap_rk2"      9600     9600 2.880000e+07   2.066604e+06   228.083 (  6873      0)   197.472 (  8232      0)
"precomput_divdp"                   9600     9600 2.880000e+07   4.330355e+03     0.688 (  2915      0)     0.242 (  1795      0)
"euler_step_0"                      9600     9600 2.880000e+07   5.733049e+05    69.672 (  6537      0)    47.113 (  6504      0)
"bihmix_qminmax"                    9600     9600 8.640000e+07   9.661178e+05   110.913 (  2816      0)    88.084 (  1992      0)
"eus_neighbor_minmax1"              9600     9600 2.880000e+07   1.582297e+05    22.158 (  2401      0)     9.729 (  7427      0)
"nmm_bexchV"                        9600     9600 2.880000e+07   9.808164e+04    16.391 (  2401      0)     4.806 (  7427      0)
"eus_2d_advec"                      9600     9600 8.640000e+07   1.048580e+06   125.346 (  2821      0)    93.773 (  2984      0)
"eus_bexchV"                        9600     9600 8.640000e+07   3.816940e+05    56.862 (  6419      0)    26.675 (  2984      0)
"euler_step_1"                      9600     9600 2.880000e+07   4.088593e+05    47.346 (  6705      0)    39.519 (  9481      0)
"euler_step_2"                      9600     9600 2.880000e+07   1.033608e+06   117.623 (  2693      0)    97.447 (  2033      0)
"nmm_bexchS_start"                  9600     9600 2.880000e+07   1.933694e+03     0.361 (  1505      0)     0.106 (  3267      0)
"biwksc_bexchV"                     9600     9600 2.880000e+07   1.633721e+05    23.202 (  1887      0)    11.222 (  1971      0)
"nmm_bexchS_fini"                   9600     9600 2.880000e+07   2.055424e+04     2.836 (  1065      0)     1.418 (  8501      0)
"qdp_tavg"                          9600     9600 2.880000e+07   4.604992e+04     6.247 (  2707      0)     3.746 (  2737      0)
"vertical_remap"                    9600     9600 9.600000e+06   1.266533e+05    13.894 (  2792      0)    12.792 (  6864      0)
"vertical_remap1_1"                 9600     9600 8.640000e+07   7.327925e+03     0.792 (  3816      0)     0.746 (  2263      0)
"remap_Q_ppm"                       9600     9600 2.592000e+08   1.244187e+05    13.599 (  2792      0)    12.583 (  6864      0)
"vertical_remap1_2"                 9600     9600 8.640000e+07   9.594641e+03     1.019 (  2792      0)     0.991 (  5264      0)
"vertical_remap1_3"                 9600     9600 8.640000e+07   1.077761e+05    11.839 (  2792      0)    10.870 (  6864      0)
"prim_run_subcyle_diags"            9600     9600 9.600000e+06   4.438146e+04     5.743 (  3776      0)     3.712 (  8680      0)
"t_prf"                                0        0 0.000000e+00   0.000000e+00     0.000 (     0      0)     0.000 (     0      0)

10940621
