LAST_GIT_COMMIT_SHA:STRING=4790f40f2fb6acbc051ce4c988681a628c18e83d

***** GLOBAL STATISTICS (   768 MPI TASKS) *****

$Id: gptl.c,v 1.157 2011-03-28 20:55:18 rosinski Exp $
'count' is cumulative. All other stats are max/min
name                               processes  threads        count      walltotal   wallmax (proc   thrd  )   wallmin (proc   thrd  )
Total                                    768      768 7.680000e+02   7.512286e+04    97.886 (     0      0)    97.741 (   659      0)
prim_init1                               768      768 7.680000e+02   2.746022e+02     0.359 (   442      0)     0.355 (   278      0)
repro_sum_int                            768      768 3.456000e+04   4.354228e+01     0.180 (    26      0)     0.012 (   534      0)
prim_init2                               768      768 7.680000e+02   1.093230e+02     0.260 (    25      0)     0.099 (    81      0)
prim_printstate                          768      768 7.680000e+02   1.869601e+01     0.026 (     0      0)     0.024 (   445      0)
interp_movie_output                      768      768 1.536000e+03   2.584443e-01     0.001 (   522      0)     0.000 (   695      0)
prim_main_loop                           768      768 7.680000e+02   7.441141e+04    96.958 (     0      0)    96.814 (   659      0)
prim_run                                 768      768 3.072000e+05   7.441042e+04    96.956 (     0      0)    96.813 (   659      0)
tl-sc prim_run_subcycle_c                768      768 3.072000e+05   7.440654e+04    96.952 (   340      0)    96.807 (   659      0)
tl-sc dp3d-from-ps                       768      768 3.072000e+05   8.085157e+00     0.015 (   505      0)     0.008 (   458      0)
tl-sc prim_step-loop                     768      768 3.072000e+05   7.003022e+04    91.406 (   460      0)    90.852 (   516      0)
tl-s prim_step                           768      768 9.216000e+05   7.002768e+04    91.404 (   460      0)    90.848 (   516      0)
tl-s deep_copy+derived_dp                768      768 9.216000e+05   1.468011e+02     0.278 (   496      0)     0.100 (   437      0)
tl-s prim_advance_exp-loop               768      768 9.216000e+05   1.151136e+04    18.852 (   475      0)    11.975 (    32      0)
tl-ae prim_advance_exp                   768      768 9.216000e+05   1.150855e+04    18.849 (   475      0)    11.972 (    32      0)
tl-ae U3-5stage_timestep                 768      768 9.216000e+05   6.206672e+03    12.728 (   475      0)     5.660 (   501      0)
caar compute                             768      768 4.608000e+06   1.826774e+03     2.746 (    58      0)     2.167 (   235      0)
caar_bexchV                              768      768 4.608000e+06   4.312524e+03    10.043 (   475      0)     3.284 (   501      0)
tl-ae advance_hypervis_dp                768      768 9.216000e+05   5.298536e+03     8.259 (   355      0)     5.901 (    21      0)
hvf-bhwk                                 768      768 2.764800e+06   3.055901e+03     4.934 (   410      0)     3.306 (   703      0)
hvf-bexch                                768      768 5.529600e+06   3.684611e+03     6.163 (   355      0)     3.691 (    38      0)
tl-s prim_advec_tracers_remap            768      768 9.216000e+05   5.836387e+04    79.215 (    31      0)    72.006 (   475      0)
tl-at prim_advec_tracers_remap_RK2       768      768 9.216000e+05   5.836009e+04    79.211 (    31      0)    72.000 (   475      0)
tl-at precompute_divdp                   768      768 9.216000e+05   9.129303e+01     0.197 (   159      0)     0.059 (   251      0)
tl-at esf-0                              768      768 9.216000e+05   1.707894e+04    24.735 (   108      0)    19.553 (   475      0)
tl-at esf-1                              768      768 9.216000e+05   1.265786e+04    17.193 (   698      0)    15.848 (   453      0)
tl-at esf-2                              768      768 9.216000e+05   2.701536e+04    37.729 (   153      0)    32.820 (   200      0)
tl-at qdp_time_avg                       768      768 9.216000e+05   1.493066e+03     2.449 (   505      0)     1.357 (   458      0)
tl-sc vertical_remap                     768      768 3.072000e+05   3.744910e+03     5.158 (    58      0)     4.723 (   460      0)
Remap Thickness Functor                  768      768 3.072000e+05   4.044301e+01     0.070 (   506      0)     0.036 (   234      0)
Remap Scale States Functor               768      768 3.072000e+05   2.230747e+01     0.047 (   580      0)     0.013 (   457      0)
Remap Compute Grids Functor              768      768 3.072000e+05   2.146075e+02     0.423 (   388      0)     0.179 (   162      0)
Remap Compute Remap Functor              768      768 3.072000e+05   3.433002e+03     4.599 (   516      0)     4.426 (   533      0)
Remap Rescale States Functor             768      768 3.072000e+05   2.804435e+01     0.047 (   490      0)     0.033 (   474      0)
tl-sc Q-from-qdp                         768      768 3.072000e+05   6.201209e+02     0.889 (   480      0)     0.734 (   452      0)
t_prf                                      0        0 0.000000e+00   0.000000e+00     0.000 (     0      0)     0.000 (     0      0)

