LAST_GIT_COMMIT_SHA:STRING=adf77c97ed8425a245449f2582d2441f4b72da1e
10940537

***** GLOBAL STATISTICS (   768 MPI TASKS) *****

$Id: gptl.c,v 1.157 2011-03-28 20:55:18 rosinski Exp $
'count' is cumulative. All other stats are max/min
name                           processes  threads        count      walltotal   wallmax (proc   thrd  )   wallmin (proc   thrd  )
"Total"                              768      768 7.680000e+02   4.263057e+04    55.511 (   434      0)    55.505 (   512      0)
"prim_init1"                         768      768 7.680000e+02   1.324425e+02     0.177 (     0      0)     0.171 (   578      0)
"PartitioningTime"                   768      768 7.680000e+02   1.472263e+00     0.002 (    71      0)     0.001 (   333      0)
"repro_sum_int"                      768      768 3.456000e+04   1.375371e+01     0.033 (   248      0)     0.008 (   672      0)
"prim_init2"                         768      768 7.680000e+02   2.749448e+01     0.052 (   248      0)     0.026 (   689      0)
"prim_printstate"                    768      768 7.680000e+02   9.216639e+00     0.015 (     0      0)     0.012 (   331      0)
"interp_movie_output"                768      768 1.536000e+03   2.233429e-01     0.001 (   270      0)     0.000 (   491      0)
"prim_main_loop"                     768      768 7.680000e+02   4.225831e+04    55.026 (   458      0)    55.021 (   668      0)
"prim_run"                           768      768 7.372800e+05   4.225723e+04    55.025 (     0      0)    55.020 (   642      0)
"ApplyCAMForcing"                    768      768 7.372800e+05   2.730338e+02     0.375 (   480      0)     0.342 (   592      0)
"prim_step_rX"                       768      768 2.211840e+06   3.922877e+04    51.146 (   240      0)    50.945 (   452      0)
"prim_step_dyn"                      768      768 2.211840e+06   8.683463e+03    15.996 (   229      0)     7.965 (   556      0)
"prim_advance_exp"                   768      768 2.211840e+06   8.678991e+03    15.989 (   229      0)     7.959 (   556      0)
"U3-5stage_timestep"                 768      768 2.211840e+06   5.125879e+03    10.756 (   400      0)     4.102 (   460      0)
"compute_and_apply_rhs"              768      768 1.105920e+07   5.101195e+03    10.725 (   400      0)     4.069 (   460      0)
"caar_bexchV"                        768      768 1.105920e+07   3.755481e+03     8.918 (   400      0)     2.341 (   460      0)
"advance_hypervis_dp"                768      768 2.211840e+06   3.547095e+03     6.293 (   217      0)     3.747 (   572      0)
"biwkdp3d_bexchV"                    768      768 6.635520e+06   1.170711e+03     2.503 (   217      0)     1.020 (   569      0)
"ahdp_bexchV2"                       768      768 6.635520e+06   1.101958e+03     2.243 (   219      0)     1.016 (   572      0)
"prim_step_advec"                    768      768 2.211840e+06   3.046424e+04    42.925 (   556      0)    34.968 (   229      0)
"PAT_remap"                          768      768 2.211840e+06   3.046069e+04    42.921 (   556      0)    34.964 (   229      0)
"prim_advec_tracers_remap_rk2"       768      768 2.211840e+06   3.045557e+04    42.915 (   556      0)    34.957 (   229      0)
"precomput_divdp"                    768      768 2.211840e+06   7.722793e+01     0.159 (   359      0)     0.064 (   420      0)
"euler_step_0"                       768      768 2.211840e+06   9.053111e+03    14.291 (    45      0)     8.722 (   420      0)
"bihmix_qminmax"                     768      768 6.635520e+06   1.445070e+04    22.451 (   480      0)    15.496 (   401      0)
"eus_neighbor_minmax1"               768      768 2.211840e+06   2.737682e+03     5.392 (    45      0)     1.918 (   623      0)
"nmm_bexchV"                         768      768 2.211840e+06   1.859006e+03     4.132 (    45      0)     0.951 (   400      0)
"eus_2d_advec"                       768      768 6.635520e+06   1.527311e+04    24.712 (    46      0)    17.261 (   503      0)
"eus_bexchV"                         768      768 6.635520e+06   7.216682e+03    14.536 (    46      0)     6.735 (   717      0)
"euler_step_1"                       768      768 2.211840e+06   5.260434e+03     7.948 (    46      0)     5.945 (   232      0)
"euler_step_2"                       768      768 2.211840e+06   1.543660e+04    21.884 (   465      0)    17.999 (   229      0)
"nmm_bexchS_start"                   768      768 2.211840e+06   8.488429e+01     0.190 (    31      0)     0.052 (     4      0)
"biwksc_bexchV"                      768      768 2.211840e+06   3.685531e+03     6.623 (   477      0)     3.084 (   401      0)
"nmm_bexchS_fini"                    768      768 2.211840e+06   7.607846e+01     0.119 (   436      0)     0.089 (    46      0)
"qdp_tavg"                           768      768 2.211840e+06   6.098662e+02     0.818 (   186      0)     0.771 (   618      0)
"vertical_remap"                     768      768 7.372800e+05   2.172629e+03     2.915 (   452      0)     2.774 (   590      0)
"vertical_remap1_1"                  768      768 1.474560e+06   1.288543e+02     0.177 (   452      0)     0.163 (   437      0)
"remap_Q_ppm"                        768      768 4.423680e+06   2.133003e+03     2.854 (   452      0)     2.725 (   590      0)
"vertical_remap1_2"                  768      768 1.474560e+06   1.646607e+02     0.219 (   452      0)     0.212 (    73      0)
"vertical_remap1_3"                  768      768 1.474560e+06   1.844273e+03     2.465 (   452      0)     2.355 (   590      0)
"prim_run_subcyle_diags"             768      768 7.372800e+05   4.736146e+02     0.698 (   460      0)     0.573 (   444      0)
"t_prf"                                0        0 0.000000e+00   0.000000e+00     0.000 (     0      0)     0.000 (     0      0)

10940537
