LAST_GIT_COMMIT_SHA:STRING=4790f40f2fb6acbc051ce4c988681a628c18e83d

***** GLOBAL STATISTICS (   128 MPI TASKS) *****

$Id: gptl.c,v 1.157 2011-03-28 20:55:18 rosinski Exp $
'count' is cumulative. All other stats are max/min
name                               processes  threads        count      walltotal   wallmax (proc   thrd  )   wallmin (proc   thrd  )
Total                                    128      128 1.280000e+02   3.880776e+04   303.262 (    67      0)   303.082 (   112      0)
prim_init1                               128      128 1.280000e+02   3.635198e+01     0.285 (    26      0)     0.281 (    77      0)
repro_sum_int                            128      128 5.760000e+03   1.347435e+00     0.014 (   122      0)     0.005 (    48      0)
prim_init2                               128      128 1.280000e+02   1.116393e+02     0.878 (    24      0)     0.869 (    51      0)
prim_printstate                          128      128 1.280000e+02   1.082605e+01     0.086 (     0      0)     0.084 (    63      0)
interp_movie_output                      128      128 2.560000e+02   2.171516e-02     0.000 (    26      0)     0.000 (    72      0)
prim_main_loop                           128      128 1.280000e+02   3.850632e+04   300.907 (    67      0)   300.728 (   112      0)
prim_run                                 128      128 6.912000e+03   3.850626e+04   300.907 (    67      0)   300.727 (   112      0)
tl-sc prim_run_subcycle_c                128      128 6.912000e+03   3.848322e+04   300.717 (    67      0)   300.576 (   113      0)
tl-sc dp3d-from-ps                       128      128 6.912000e+03   4.825763e+00     0.055 (    67      0)     0.022 (   112      0)
tl-sc prim_step-loop                     128      128 6.912000e+03   3.607445e+04   282.579 (   122      0)   281.111 (    77      0)
tl-s prim_step                           128      128 2.073600e+04   3.607437e+04   282.579 (   122      0)   281.110 (    77      0)
tl-s deep_copy+derived_dp                128      128 2.073600e+04   8.910196e+01     0.909 (    85      0)     0.325 (   121      0)
tl-s prim_advance_exp-loop               128      128 2.073600e+04   7.251683e+03    65.477 (   112      0)    48.354 (    67      0)
tl-ae prim_advance_exp                   128      128 2.073600e+04   7.251549e+03    65.476 (   112      0)    48.353 (    67      0)
tl-ae U3-5stage_timestep                 128      128 2.073600e+04   3.745727e+03    39.615 (   112      0)    21.474 (    67      0)
caar compute                             128      128 1.036800e+05   1.205938e+03    11.976 (    87      0)     8.261 (     7      0)
caar_bexchV                              128      128 1.036800e+05   2.480316e+03    29.601 (   112      0)    10.051 (    67      0)
tl-ae advance_hypervis_dp                128      128 2.073600e+04   3.505552e+03    28.813 (    53      0)    25.860 (   112      0)
hvf-bhwk                                 128      128 6.220800e+04   1.904253e+03    17.003 (    33      0)    13.274 (    72      0)
hvf-bexch                                128      128 1.244160e+05   2.061669e+03    18.879 (    13      0)    12.986 (    81      0)
tl-s prim_advec_tracers_remap            128      128 2.073600e+04   2.873328e+04   232.633 (    67      0)   215.471 (   112      0)
tl-at prim_advec_tracers_remap_RK2       128      128 2.073600e+04   2.873313e+04   232.632 (    67      0)   215.470 (   112      0)
tl-at precompute_divdp                   128      128 2.073600e+04   6.294032e+01     0.749 (    85      0)     0.248 (    40      0)
tl-at esf-0                              128      128 2.073600e+04   8.189785e+03    65.738 (    71      0)    62.005 (   107      0)
tl-at esf-1                              128      128 2.073600e+04   6.317992e+03    50.560 (    95      0)    46.923 (   112      0)
tl-at esf-2                              128      128 2.073600e+04   1.319411e+04   107.768 (    84      0)    97.545 (   115      0)
tl-at qdp_time_avg                       128      128 2.073600e+04   9.674474e+02     9.167 (    95      0)     4.718 (    57      0)
tl-sc vertical_remap                     128      128 6.912000e+03   2.032116e+03    16.599 (   111      0)    15.289 (    54      0)
Remap Thickness Functor                  128      128 6.912000e+03   1.938856e+01     0.194 (    77      0)     0.106 (    56      0)
Remap Scale States Functor               128      128 6.912000e+03   1.562607e+01     0.192 (    77      0)     0.045 (    56      0)
Remap Compute Grids Functor              128      128 6.912000e+03   1.238132e+02     1.492 (   111      0)     0.569 (    56      0)
Remap Compute Remap Functor              128      128 6.912000e+03   1.855633e+03    14.781 (    29      0)    14.357 (    52      0)
Remap Rescale States Functor             128      128 6.912000e+03   1.512447e+01     0.157 (     0      0)     0.105 (   112      0)
tl-sc Q-from-qdp                         128      128 6.912000e+03   3.717170e+02     3.258 (    67      0)     2.452 (   113      0)
t_prf                                      0        0 0.000000e+00   0.000000e+00     0.000 (     0      0)     0.000 (     0      0)

