LAST_GIT_COMMIT_SHA:STRING=4790f40f2fb6acbc051ce4c988681a628c18e83d

***** GLOBAL STATISTICS (   960 MPI TASKS) *****

$Id: gptl.c,v 1.157 2011-03-28 20:55:18 rosinski Exp $
'count' is cumulative. All other stats are max/min
name                               processes  threads        count      walltotal   wallmax (proc   thrd  )   wallmin (proc   thrd  )
Total                                    960      960 9.600000e+02   2.268790e+05   236.360 (   420      0)   236.306 (   784      0)
prim_init1                               960      960 9.600000e+02   3.602774e+02     0.378 (   322      0)     0.367 (   884      0)
repro_sum_int                            960      960 4.320000e+04   6.478290e+01     0.255 (   428      0)     0.010 (   560      0)
prim_init2                               960      960 9.600000e+02   2.776879e+02     0.481 (   416      0)     0.227 (   597      0)
prim_printstate                          960      960 9.600000e+02   3.170504e+01     0.035 (   695      0)     0.032 (   358      0)
interp_movie_output                      960      960 1.920000e+03   4.924018e-01     0.001 (   900      0)     0.000 (   317      0)
prim_main_loop                           960      960 9.600000e+02   2.234409e+05   232.778 (   420      0)   232.726 (   784      0)
prim_run                                 960      960 1.920000e+05   2.234399e+05   232.777 (   420      0)   232.725 (   784      0)
tl-sc prim_run_subcycle_c                960      960 1.920000e+05   2.234014e+05   232.736 (   416      0)   232.684 (   784      0)
tl-sc dp3d-from-ps                       960      960 1.920000e+05   2.883674e+01     0.037 (    77      0)     0.019 (   847      0)
tl-sc prim_step-loop                     960      960 1.920000e+05   2.094894e+05   218.903 (   861      0)   217.223 (    60      0)
tl-s prim_step                           960      960 5.760000e+05   2.094873e+05   218.902 (   861      0)   217.220 (    60      0)
tl-s deep_copy+derived_dp                960      960 5.760000e+05   5.241275e+02     0.669 (    71      0)     0.281 (   837      0)
tl-s prim_advance_exp-loop               960      960 5.760000e+05   3.839329e+04    47.300 (   847      0)    34.873 (   289      0)
tl-ae prim_advance_exp                   960      960 5.760000e+05   3.839032e+04    47.298 (   847      0)    34.871 (   289      0)
tl-ae U3-5stage_timestep                 960      960 5.760000e+05   1.941416e+04    27.971 (   847      0)    15.285 (    54      0)
caar compute                             960      960 2.880000e+06   6.905647e+03     8.444 (   882      0)     6.373 (   324      0)
caar_bexchV                              960      960 2.880000e+06   1.218916e+04    20.659 (   847      0)     7.958 (    54      0)
tl-ae advance_hypervis_dp                960      960 5.760000e+05   1.897130e+04    22.948 (   644      0)    16.927 (   257      0)
hvf-bhwk                                 960      960 1.728000e+06   1.043628e+04    14.994 (   646      0)     8.564 (   211      0)
hvf-bexch                                960      960 3.456000e+06   1.284770e+04    16.779 (   644      0)    10.128 (   880      0)
tl-s prim_advec_tracers_remap            960      960 5.760000e+05   1.705638e+05   182.956 (   289      0)   170.426 (   847      0)
tl-at prim_advec_tracers_remap_RK2       960      960 5.760000e+05   1.705603e+05   182.953 (   289      0)   170.422 (   847      0)
tl-at precompute_divdp                   960      960 5.760000e+05   3.079864e+02     0.463 (   890      0)     0.156 (   586      0)
tl-at esf-0                              960      960 5.760000e+05   4.857308e+04    53.689 (   860      0)    47.827 (   845      0)
tl-at esf-1                              960      960 5.760000e+05   3.736935e+04    41.153 (   423      0)    37.125 (   847      0)
tl-at esf-2                              960      960 5.760000e+05   7.832678e+04    86.631 (   289      0)    76.881 (   839      0)
tl-at qdp_time_avg                       960      960 5.760000e+05   5.963852e+03     7.000 (    69      0)     3.662 (   830      0)
tl-sc vertical_remap                     960      960 1.920000e+05   1.168881e+04    13.189 (    60      0)    11.787 (   861      0)
Remap Thickness Functor                  960      960 1.920000e+05   1.171882e+02     0.153 (   223      0)     0.083 (   929      0)
Remap Scale States Functor               960      960 1.920000e+05   8.480219e+01     0.136 (    61      0)     0.034 (   929      0)
Remap Compute Grids Functor              960      960 1.920000e+05   6.960650e+02     1.190 (    61      0)     0.439 (   631      0)
Remap Compute Remap Functor              960      960 1.920000e+05   1.069530e+04    11.685 (    60      0)    11.036 (   765      0)
Remap Rescale States Functor             960      960 1.920000e+05   8.874742e+01     0.120 (   373      0)     0.081 (   556      0)
tl-sc Q-from-qdp                         960      960 1.920000e+05   2.191439e+03     2.451 (   867      0)     1.900 (   847      0)
t_prf                                      0        0 0.000000e+00   0.000000e+00     0.000 (     0      0)     0.000 (     0      0)

