LAST_GIT_COMMIT_SHA:STRING=4790f40f2fb6acbc051ce4c988681a628c18e83d

***** GLOBAL STATISTICS (  4800 MPI TASKS) *****

$Id: gptl.c,v 1.157 2011-03-28 20:55:18 rosinski Exp $
'count' is cumulative. All other stats are max/min
name                               processes  threads        count      walltotal   wallmax (proc   thrd  )   wallmin (proc   thrd  )
Total                                   4800     4800 4.800000e+03   1.406148e+06   292.990 (    10      0)   292.904 (  4416      0)
prim_init1                              4800     4800 4.800000e+03   6.415029e+03     1.370 (  1116      0)     1.289 (  1478      0)
repro_sum_int                           4800     4800 2.160000e+05   1.541892e+03     1.415 (    23      0)     0.041 (  2657      0)
prim_init2                              4800     4800 4.800000e+03   4.187472e+03     1.844 (     4      0)     0.543 (  1971      0)
prim_printstate                         4800     4800 4.800000e+03   4.674136e+02     0.117 (  3171      0)     0.087 (  2193      0)
interp_movie_output                     4800     4800 9.600000e+03   1.126719e+01     0.008 (  1740      0)     0.000 (  3334      0)
prim_main_loop                          4800     4800 4.800000e+03   1.366990e+06   284.815 (   256      0)   284.753 (  1392      0)
prim_run                                4800     4800 2.400000e+06   1.366968e+06   284.811 (  2864      0)   284.748 (  4414      0)
tl-sc prim_run_subcycle_c               4800     4800 2.400000e+06   1.366865e+06   284.792 (  2860      0)   284.731 (  4416      0)
tl-sc dp3d-from-ps                      4800     4800 2.400000e+06   1.416517e+02     0.047 (   376      0)     0.019 (  4615      0)
tl-sc prim_step-loop                    4800     4800 2.400000e+06   1.290299e+06   269.602 (  2178      0)   268.013 (   304      0)
tl-s prim_step                          4800     4800 7.200000e+06   1.290279e+06   269.599 (  2178      0)   268.008 (   304      0)
tl-s deep_copy+derived_dp               4800     4800 7.200000e+06   2.489292e+03     0.719 (  1978      0)     0.266 (  2176      0)
tl-s prim_advance_exp-loop              4800     4800 7.200000e+06   2.473282e+05    73.136 (   115      0)    34.162 (   659      0)
tl-ae prim_advance_exp                  4800     4800 7.200000e+06   2.472884e+05    73.129 (   115      0)    34.154 (   659      0)
tl-ae U3-5stage_timestep                4800     4800 7.200000e+06   1.300241e+05    42.783 (   913      0)    16.438 (   660      0)
caar compute                            4800     4800 3.600000e+07   3.459195e+04     8.239 (  1150      0)     6.431 (  2568      0)
caar_bexchV                             4800     4800 3.600000e+07   9.397704e+04    35.278 (  2586      0)     8.791 (   660      0)
tl-ae advance_hypervis_dp               4800     4800 7.200000e+06   1.172251e+05    38.321 (   146      0)    15.950 (  1061      0)
hvf-bhwk                                4800     4800 2.160000e+07   6.448201e+04    23.304 (  1759      0)     9.056 (  1062      0)
hvf-bexch                               4800     4800 4.320000e+07   8.700706e+04    31.929 (   146      0)     9.671 (  1061      0)
tl-s prim_advec_tracers_remap           4800     4800 7.200000e+06   1.040396e+06   234.411 (   659      0)   194.702 (   115      0)
tl-at prim_advec_tracers_remap_RK2      4800     4800 7.200000e+06   1.040361e+06   234.407 (   659      0)   194.693 (   115      0)
tl-at precompute_divdp                  4800     4800 7.200000e+06   1.722032e+03     0.517 (  1056      0)     0.158 (  3027      0)
tl-at esf-0                             4800     4800 7.200000e+06   2.864365e+05    66.640 (   284      0)    54.204 (   471      0)
tl-at esf-1                             4800     4800 7.200000e+06   2.173061e+05    50.093 (  1080      0)    42.815 (  1446      0)
tl-at esf-2                             4800     4800 7.200000e+06   5.069881e+05   118.191 (  4644      0)    86.169 (   915      0)
tl-at qdp_time_avg                      4800     4800 7.200000e+06   2.769985e+04     7.263 (  3430      0)     3.786 (  2568      0)
tl-sc vertical_remap                    4800     4800 2.400000e+06   6.529642e+04    14.598 (   304      0)    12.871 (  3486      0)
Remap Thickness Functor                 4800     4800 2.400000e+06   6.862585e+02     0.193 (  3427      0)     0.097 (    99      0)
Remap Scale States Functor              4800     4800 2.400000e+06   4.117146e+02     0.136 (  1299      0)     0.037 (   808      0)
Remap Compute Grids Functor             4800     4800 2.400000e+06   3.758486e+03     1.214 (   144      0)     0.492 (  3592      0)
Remap Compute Remap Functor             4800     4800 2.400000e+06   5.986124e+04    13.099 (   304      0)    12.031 (  3475      0)
Remap Rescale States Functor            4800     4800 2.400000e+06   4.757450e+02     0.129 (  1744      0)     0.091 (  2756      0)
tl-sc Q-from-qdp                        4800     4800 2.400000e+06   1.110211e+04     2.596 (  1742      0)     2.072 (  2824      0)
t_prf                                      0        0 0.000000e+00   0.000000e+00     0.000 (     0      0)     0.000 (     0      0)

