LAST_GIT_COMMIT_SHA:STRING=adf77c97ed8425a245449f2582d2441f4b72da1e
10940528

***** GLOBAL STATISTICS (   384 MPI TASKS) *****

$Id: gptl.c,v 1.157 2011-03-28 20:55:18 rosinski Exp $
'count' is cumulative. All other stats are max/min
name                           processes  threads        count      walltotal   wallmax (proc   thrd  )   wallmin (proc   thrd  )
"Total"                              384      384 3.840000e+02   2.200360e+04    57.302 (   128      0)    57.300 (   183      0)
"prim_init1"                         384      384 3.840000e+02   3.472326e+01     0.096 (     0      0)     0.090 (   206      0)
"PartitioningTime"                   384      384 3.840000e+02   3.291216e-01     0.001 (   355      0)     0.001 (   288      0)
"repro_sum_int"                      384      384 1.728000e+04   4.502474e+00     0.020 (    76      0)     0.007 (   182      0)
"prim_init2"                         384      384 3.840000e+02   8.830277e+00     0.031 (     3      0)     0.019 (   305      0)
"prim_printstate"                    384      384 3.840000e+02   3.790215e+00     0.013 (     0      0)     0.010 (   283      0)
"interp_movie_output"                384      384 7.680000e+02   9.313083e-02     0.000 (   135      0)     0.000 (   213      0)
"prim_main_loop"                     384      384 3.840000e+02   2.192891e+04    57.108 (   127      0)    57.105 (   373      0)
"prim_run"                           384      384 7.680000e+05   2.192806e+04    57.105 (    64      0)    57.103 (   133      0)
"ApplyCAMForcing"                    384      384 7.680000e+05   1.370021e+02     0.369 (   319      0)     0.350 (   210      0)
"prim_step_rX"                       384      384 2.304000e+06   2.044165e+04    53.310 (   214      0)    53.158 (   256      0)
"prim_step_dyn"                      384      384 2.304000e+06   5.273954e+03    18.362 (   264      0)    10.363 (    22      0)
"prim_advance_exp"                   384      384 2.304000e+06   5.270456e+03    18.353 (   264      0)    10.356 (    22      0)
"U3-5stage_timestep"                 384      384 2.304000e+06   3.195989e+03    13.410 (   264      0)     5.125 (    22      0)
"compute_and_apply_rhs"              384      384 1.152000e+07   3.179726e+03    13.369 (   264      0)     5.083 (    22      0)
"caar_bexchV"                        384      384 1.152000e+07   2.509085e+03    11.568 (   264      0)     3.368 (    22      0)
"advance_hypervis_dp"                384      384 2.304000e+06   2.068977e+03     7.964 (   362      0)     4.862 (   308      0)
"biwkdp3d_bexchV"                    384      384 6.912000e+06   7.278636e+02     3.707 (   191      0)     1.561 (    31      0)
"ahdp_bexchV2"                       384      384 6.912000e+06   6.896976e+02     2.683 (   192      0)     1.559 (   288      0)
"prim_step_advec"                    384      384 2.304000e+06   1.513018e+04    42.767 (   278      0)    34.711 (   264      0)
"PAT_remap"                          384      384 2.304000e+06   1.512725e+04    42.760 (   278      0)    34.703 (   264      0)
"prim_advec_tracers_remap_rk2"       384      384 2.304000e+06   1.512328e+04    42.749 (   278      0)    34.692 (   264      0)
"precomput_divdp"                    384      384 2.304000e+06   1.346586e+01     0.048 (   218      0)     0.025 (   243      0)
"euler_step_0"                       384      384 2.304000e+06   4.228396e+03    13.600 (   281      0)     8.607 (   331      0)
"bihmix_qminmax"                     384      384 6.912000e+06   7.014476e+03    23.290 (    90      0)    13.916 (   203      0)
"eus_neighbor_minmax1"               384      384 2.304000e+06   1.374577e+03     5.766 (   305      0)     1.885 (   199      0)
"nmm_bexchV"                         384      384 2.304000e+06   1.033958e+03     4.815 (   305      0)     1.067 (   199      0)
"eus_2d_advec"                       384      384 6.912000e+06   7.753244e+03    26.219 (   104      0)    17.420 (   137      0)
"eus_bexchV"                         384      384 6.912000e+06   4.248439e+03    17.355 (   104      0)     7.801 (   159      0)
"euler_step_1"                       384      384 2.304000e+06   2.523972e+03     7.419 (   279      0)     5.863 (   208      0)
"euler_step_2"                       384      384 2.304000e+06   8.030541e+03    22.929 (   104      0)    18.588 (   264      0)
"nmm_bexchS_start"                   384      384 2.304000e+06   4.384713e+01     0.214 (   368      0)     0.043 (   247      0)
"biwksc_bexchV"                      384      384 2.304000e+06   2.097897e+03     8.201 (    90      0)     3.102 (   203      0)
"nmm_bexchS_fini"                    384      384 2.304000e+06   5.476161e+00     0.023 (   147      0)     0.011 (   116      0)
"qdp_tavg"                           384      384 2.304000e+06   3.142636e+02     0.841 (   247      0)     0.789 (   218      0)
"vertical_remap"                     384      384 7.680000e+05   1.134942e+03     3.023 (   264      0)     2.898 (   216      0)
"vertical_remap1_1"                  384      384 7.680000e+05   6.926715e+01     0.188 (   248      0)     0.175 (   214      0)
"remap_Q_ppm"                        384      384 2.304000e+06   1.112893e+03     2.962 (   264      0)     2.844 (   216      0)
"vertical_remap1_2"                  384      384 7.680000e+05   8.648299e+01     0.230 (   248      0)     0.221 (   216      0)
"vertical_remap1_3"                  384      384 7.680000e+05   9.598231e+02     2.554 (   264      0)     2.453 (   216      0)
"prim_run_subcyle_diags"             384      384 7.680000e+05   1.579328e+02     0.449 (   128      0)     0.378 (    30      0)
"t_prf"                                0        0 0.000000e+00   0.000000e+00     0.000 (     0      0)     0.000 (     0      0)

10940528
