LAST_GIT_COMMIT_SHA:STRING=4790f40f2fb6acbc051ce4c988681a628c18e83d

***** GLOBAL STATISTICS (   256 MPI TASKS) *****

$Id: gptl.c,v 1.157 2011-03-28 20:55:18 rosinski Exp $
'count' is cumulative. All other stats are max/min
name                               processes  threads        count      walltotal   wallmax (proc   thrd  )   wallmin (proc   thrd  )
Total                                    256      256 2.560000e+02   7.642642e+04   298.558 (   187      0)   298.517 (    94      0)
prim_init1                               256      256 2.560000e+02   5.777378e+01     0.227 (     1      0)     0.223 (    57      0)
repro_sum_int                            256      256 1.152000e+04   3.394772e+00     0.022 (    21      0)     0.007 (   157      0)
prim_init2                               256      256 2.560000e+02   1.157131e+02     0.459 (    14      0)     0.445 (   152      0)
prim_printstate                          256      256 2.560000e+02   1.203416e+01     0.049 (     0      0)     0.047 (   236      0)
interp_movie_output                      256      256 5.120000e+02   4.737115e-02     0.000 (   105      0)     0.000 (    16      0)
prim_main_loop                           256      256 2.560000e+02   7.596038e+04   296.737 (   187      0)   296.697 (    86      0)
prim_run                                 256      256 2.739200e+04   7.596023e+04   296.737 (   187      0)   296.696 (    86      0)
tl-sc prim_run_subcycle_c                256      256 2.739200e+04   7.593593e+04   296.641 (   160      0)   296.601 (    87      0)
tl-sc dp3d-from-ps                       256      256 2.739200e+04   1.084839e+01     0.062 (   175      0)     0.027 (   209      0)
tl-sc prim_step-loop                     256      256 2.739200e+04   7.112244e+04   278.312 (   209      0)   277.172 (   140      0)
tl-s prim_step                           256      256 8.217600e+04   7.112211e+04   278.311 (   209      0)   277.170 (   140      0)
tl-s deep_copy+derived_dp                256      256 8.217600e+04   1.902173e+02     0.913 (   184      0)     0.449 (   207      0)
tl-s prim_advance_exp-loop               256      256 8.217600e+04   1.339148e+04    56.549 (    69      0)    48.942 (    49      0)
tl-ae prim_advance_exp                   256      256 8.217600e+04   1.339102e+04    56.547 (    69      0)    48.940 (    49      0)
tl-ae U3-5stage_timestep                 256      256 8.217600e+04   6.388174e+03    30.156 (   199      0)    21.858 (    49      0)
caar compute                             256      256 4.108800e+05   2.473848e+03    10.824 (   168      0)     8.695 (   207      0)
caar_bexchV                              256      256 4.108800e+05   3.790149e+03    19.964 (   199      0)    11.464 (    49      0)
tl-ae advance_hypervis_dp                256      256 8.217600e+04   7.001813e+03    29.356 (    73      0)    25.221 (    98      0)
hvf-bhwk                                 256      256 2.465280e+05   3.823493e+03    16.859 (    74      0)    13.392 (   191      0)
hvf-bexch                                256      256 4.930560e+05   4.254011e+03    19.211 (    74      0)    14.034 (   185      0)
tl-s prim_advec_tracers_remap            256      256 8.217600e+04   5.753917e+04   228.215 (    49      0)   220.100 (   199      0)
tl-at prim_advec_tracers_remap_RK2       256      256 8.217600e+04   5.753862e+04   228.213 (    49      0)   220.098 (   199      0)
tl-at precompute_divdp                   256      256 8.217600e+04   1.198274e+02     0.617 (   166      0)     0.271 (    45      0)
tl-at esf-0                              256      256 8.217600e+04   1.635321e+04    66.117 (   192      0)    61.178 (   219      0)
tl-at esf-1                              256      256 8.217600e+04   1.257383e+04    50.726 (   129      0)    47.506 (   217      0)
tl-at esf-2                              256      256 8.217600e+04   2.632110e+04   106.293 (    50      0)    99.751 (   199      0)
tl-at qdp_time_avg                       256      256 8.217600e+04   2.167405e+03     9.023 (   160      0)     6.523 (   253      0)
tl-sc vertical_remap                     256      256 2.739200e+04   4.016796e+03    16.396 (   199      0)    15.209 (   206      0)
Remap Thickness Functor                  256      256 2.739200e+04   4.055041e+01     0.191 (    94      0)     0.114 (   207      0)
Remap Scale States Functor               256      256 2.739200e+04   3.284056e+01     0.185 (    94      0)     0.059 (    17      0)
Remap Compute Grids Functor              256      256 2.739200e+04   2.392445e+02     1.421 (   214      0)     0.605 (   209      0)
Remap Compute Remap Functor              256      256 2.739200e+04   3.670090e+03    14.683 (   224      0)    14.233 (   144      0)
Remap Rescale States Functor             256      256 2.739200e+04   3.119143e+01     0.165 (   175      0)     0.104 (   200      0)
tl-sc Q-from-qdp                         256      256 2.739200e+04   7.853836e+02     3.208 (    32      0)     2.725 (   223      0)
t_prf                                      0        0 0.000000e+00   0.000000e+00     0.000 (     0      0)     0.000 (     0      0)

