LAST_GIT_COMMIT_SHA:STRING=adf77c97ed8425a245449f2582d2441f4b72da1e
10940551

***** GLOBAL STATISTICS (  3072 MPI TASKS) *****

$Id: gptl.c,v 1.157 2011-03-28 20:55:18 rosinski Exp $
'count' is cumulative. All other stats are max/min
name                           processes  threads        count      walltotal   wallmax (proc   thrd  )   wallmin (proc   thrd  )
"Total"                             3072     3072 3.072000e+03   3.076545e+05   100.160 (  2165      0)   100.139 (   347      0)
"prim_init1"                        3072     3072 3.072000e+03   7.944429e+02     0.270 (  2677      0)     0.248 (  2376      0)
"PartitioningTime"                  3072     3072 3.072000e+03   1.316058e+01     0.007 (  2962      0)     0.000 (    91      0)
"repro_sum_int"                     3072     3072 1.382400e+05   5.343712e+02     0.489 (    26      0)     0.020 (  2613      0)
"prim_init2"                        3072     3072 3.072000e+03   6.926355e+02     0.531 (    26      0)     0.073 (  1459      0)
"prim_printstate"                   3072     3072 3.072000e+03   8.226504e+01     0.031 (     0      0)     0.025 (  2797      0)
"interp_movie_output"               3072     3072 6.144000e+03   5.060761e+00     0.005 (   516      0)     0.000 (    44      0)
"prim_main_loop"                    3072     3072 3.072000e+03   3.041525e+05    99.014 (  2954      0)    98.999 (   516      0)
"prim_run"                          3072     3072 4.915200e+06   3.041447e+05    99.011 (  2014      0)    98.997 (   516      0)
"ApplyCAMForcing"                   3072     3072 4.915200e+06   1.825248e+03     0.646 (  2528      0)     0.571 (  1903      0)
"prim_step_rX"                      3072     3072 1.474560e+07   2.839338e+05    92.548 (  1257      0)    92.138 (  1636      0)
"prim_step_dyn"                     3072     3072 1.474560e+07   7.293870e+04    31.531 (  2874      0)    18.145 (   706      0)
"prim_advance_exp"                  3072     3072 1.474560e+07   7.290644e+04    31.520 (  2874      0)    18.136 (   706      0)
"U3-5stage_timestep"                3072     3072 1.474560e+07   4.056930e+04    20.722 (  2874      0)     8.814 (  1962      0)
"compute_and_apply_rhs"             3072     3072 7.372800e+07   4.040341e+04    20.667 (  2874      0)     8.758 (  1962      0)
"caar_bexchV"                       3072     3072 7.372800e+07   3.139367e+04    17.570 (  2874      0)     5.785 (  1408      0)
"advance_hypervis_dp"               3072     3072 1.474560e+07   3.229550e+04    13.215 (  2590      0)     8.184 (   755      0)
"biwkdp3d_bexchV"                   3072     3072 4.423680e+07   1.191786e+04     5.259 (  2533      0)     2.659 (   755      0)
"ahdp_bexchV2"                      3072     3072 4.423680e+07   1.177359e+04     5.345 (  2590      0)     2.756 (   755      0)
"prim_step_advec"                   3072     3072 1.474560e+07   2.104592e+05    74.040 (   706      0)    60.681 (  2874      0)
"PAT_remap"                         3072     3072 1.474560e+07   2.104345e+05    74.032 (   706      0)    60.673 (  2874      0)
"prim_advec_tracers_remap_rk2"      3072     3072 1.474560e+07   2.103975e+05    74.020 (   706      0)    60.659 (  2874      0)
"precomput_divdp"                   3072     3072 1.474560e+07   4.775926e+02     0.250 (  2080      0)     0.100 (   104      0)
"euler_step_0"                      3072     3072 1.474560e+07   6.162061e+04    23.880 (  1695      0)    15.664 (  2917      0)
"bihmix_qminmax"                    3072     3072 4.423680e+07   9.910055e+04    38.505 (  1695      0)    26.528 (  2787      0)
"eus_neighbor_minmax1"              3072     3072 1.474560e+07   1.897469e+04     9.381 (  1695      0)     3.467 (  2019      0)
"nmm_bexchV"                        3072     3072 1.474560e+07   1.340224e+04     7.144 (  1695      0)     1.803 (  1561      0)
"eus_2d_advec"                      3072     3072 4.423680e+07   1.064470e+05    42.138 (  1561      0)    29.231 (  2661      0)
"eus_bexchV"                        3072     3072 4.423680e+07   5.307363e+04    25.351 (   742      0)    12.261 (  2528      0)
"euler_step_1"                      3072     3072 1.474560e+07   3.666668e+04    13.550 (  1561      0)    10.263 (    55      0)
"euler_step_2"                      3072     3072 1.474560e+07   1.074384e+05    37.909 (   707      0)    31.649 (  2874      0)
"nmm_bexchS_start"                  3072     3072 1.474560e+07   5.847968e+02     0.336 (  1376      0)     0.090 (  1092      0)
"biwksc_bexchV"                     3072     3072 1.474560e+07   2.642454e+04    11.926 (   746      0)     4.984 (   560      0)
"nmm_bexchS_fini"                   3072     3072 1.474560e+07   5.122958e+02     0.269 (  2731      0)     0.144 (  1231      0)
"qdp_tavg"                          3072     3072 1.474560e+07   4.075431e+03     1.397 (  1658      0)     1.278 (  2826      0)
"vertical_remap"                    3072     3072 4.915200e+06   1.449186e+04     4.952 (  1636      0)     4.611 (   385      0)
"vertical_remap1_1"                 3072     3072 9.830400e+06   8.574369e+02     0.300 (  1636      0)     0.269 (  1013      0)
"remap_Q_ppm"                       3072     3072 2.949120e+07   1.422994e+04     4.853 (  1636      0)     4.531 (   385      0)
"vertical_remap1_2"                 3072     3072 9.830400e+06   1.099171e+03     0.375 (  1636      0)     0.352 (   385      0)
"vertical_remap1_3"                 3072     3072 9.830400e+06   1.230524e+04     4.190 (  1636      0)     3.919 (   385      0)
"prim_run_subcyle_diags"            3072     3072 4.915200e+06   3.165436e+03     1.214 (  2528      0)     0.935 (  1231      0)
"t_prf"                                0        0 0.000000e+00   0.000000e+00     0.000 (     0      0)     0.000 (     0      0)

10940551
