LAST_GIT_COMMIT_SHA:STRING=4790f40f2fb6acbc051ce4c988681a628c18e83d

***** GLOBAL STATISTICS (    96 MPI TASKS) *****

$Id: gptl.c,v 1.157 2011-03-28 20:55:18 rosinski Exp $
'count' is cumulative. All other stats are max/min
name                               processes  threads        count      walltotal   wallmax (proc   thrd  )   wallmin (proc   thrd  )
Total                                     96       96 9.600000e+01   9.007888e+03    93.843 (    88      0)    93.800 (    15      0)
prim_init1                                96       96 9.600000e+01   8.309193e+00     0.088 (     0      0)     0.086 (    55      0)
repro_sum_int                             96       96 4.320000e+03   4.892011e-01     0.010 (    10      0)     0.003 (    32      0)
prim_init2                                96       96 9.600000e+01   2.937546e+01     0.310 (    29      0)     0.304 (    90      0)
prim_printstate                           96       96 9.600000e+01   2.993015e+00     0.034 (     0      0)     0.031 (    57      0)
interp_movie_output                       96       96 1.920000e+02   1.885271e-02     0.000 (    24      0)     0.000 (    56      0)
prim_main_loop                            96       96 9.600000e+01   8.942100e+03    93.158 (    88      0)    93.115 (    15      0)
prim_run                                  96       96 4.800000e+03   8.942068e+03    93.158 (    73      0)    93.114 (    15      0)
tl-sc prim_run_subcycle_c                 96       96 4.800000e+03   8.936155e+03    93.095 (    73      0)    93.060 (    15      0)
tl-sc dp3d-from-ps                        96       96 4.800000e+03   1.160175e+00     0.018 (    88      0)     0.008 (    29      0)
tl-sc prim_step-loop                      96       96 4.800000e+03   8.378070e+03    87.447 (    27      0)    87.111 (    73      0)
tl-s prim_step                            96       96 1.440000e+04   8.378018e+03    87.447 (    27      0)    87.110 (    73      0)
tl-s deep_copy+derived_dp                 96       96 1.440000e+04   2.107326e+01     0.272 (    94      0)     0.141 (    27      0)
tl-s prim_advance_exp-loop                96       96 1.440000e+04   1.590613e+03    18.526 (    15      0)    15.424 (    84      0)
tl-ae prim_advance_exp                    96       96 1.440000e+04   1.590527e+03    18.526 (    15      0)    15.423 (    84      0)
tl-ae U3-5stage_timestep                  96       96 1.440000e+04   7.861458e+02    10.655 (    15      0)     7.052 (    70      0)
caar compute                              96       96 7.200000e+04   2.900514e+02     3.420 (    74      0)     2.719 (    49      0)
caar_bexchV                               96       96 7.200000e+04   4.795122e+02     7.546 (    15      0)     3.545 (    70      0)
tl-ae advance_hypervis_dp                 96       96 1.440000e+04   8.042096e+02     8.770 (    57      0)     7.869 (    15      0)
hvf-bhwk                                  96       96 4.320000e+04   4.330293e+02     4.986 (    38      0)     4.122 (    64      0)
hvf-bexch                                 96       96 8.640000e+04   4.790128e+02     5.714 (    57      0)     4.454 (    82      0)
tl-s prim_advec_tracers_remap             96       96 1.440000e+04   6.766133e+03    71.652 (    91      0)    68.377 (    15      0)
tl-at prim_advec_tracers_remap_RK2        96       96 1.440000e+04   6.766038e+03    71.651 (    91      0)    68.376 (    15      0)
tl-at precompute_divdp                    96       96 1.440000e+04   1.546472e+01     0.206 (    74      0)     0.091 (    13      0)
tl-at esf-0                               96       96 1.440000e+04   1.929821e+03    20.851 (    48      0)    19.226 (    40      0)
tl-at esf-1                               96       96 1.440000e+04   1.481075e+03    16.517 (    36      0)    14.596 (    15      0)
tl-at esf-2                               96       96 1.440000e+04   3.102170e+03    33.225 (    87      0)    30.663 (    17      0)
tl-at qdp_time_avg                        96       96 1.440000e+04   2.370037e+02     2.834 (    71      0)     1.849 (    27      0)
tl-sc vertical_remap                      96       96 4.800000e+03   4.688341e+02     5.144 (    15      0)     4.741 (    62      0)
Remap Thickness Functor                   96       96 4.800000e+03   4.564487e+00     0.059 (    81      0)     0.035 (    31      0)
Remap Scale States Functor                96       96 4.800000e+03   3.459734e+00     0.055 (    15      0)     0.017 (    28      0)
Remap Compute Grids Functor               96       96 4.800000e+03   2.774111e+01     0.454 (    15      0)     0.185 (    27      0)
Remap Compute Remap Functor               96       96 4.800000e+03   4.287463e+02     4.552 (    73      0)     4.421 (    72      0)
Remap Rescale States Functor              96       96 4.800000e+03   3.621009e+00     0.051 (    84      0)     0.032 (    39      0)
tl-sc Q-from-qdp                          96       96 4.800000e+03   8.801748e+01     0.991 (    68      0)     0.769 (    15      0)
t_prf                                      0        0 0.000000e+00   0.000000e+00     0.000 (     0      0)     0.000 (     0      0)

