LAST_GIT_COMMIT_SHA:STRING=adf77c97ed8425a245449f2582d2441f4b72da1e
10940556

***** GLOBAL STATISTICS (   128 MPI TASKS) *****

$Id: gptl.c,v 1.157 2011-03-28 20:55:18 rosinski Exp $
'count' is cumulative. All other stats are max/min
name                           processes  threads        count      walltotal   wallmax (proc   thrd  )   wallmin (proc   thrd  )
"Total"                              128      128 1.280000e+02   4.198457e+04   328.065 (    89      0)   327.904 (   113      0)
"prim_init1"                         128      128 1.280000e+02   5.333190e+01     0.417 (    30      0)     0.415 (    74      0)
"PartitioningTime"                   128      128 1.280000e+02   2.249506e-01     0.003 (    58      0)     0.001 (    67      0)
"repro_sum_int"                      128      128 5.760000e+03   7.126765e-01     0.008 (    17      0)     0.004 (    66      0)
"prim_init2"                         128      128 1.280000e+02   4.218921e+01     0.334 (     0      0)     0.328 (     1      0)
"prim_printstate"                    128      128 1.280000e+02   5.957902e+00     0.050 (     0      0)     0.046 (    14      0)
"interp_movie_output"                128      128 2.560000e+02   1.966810e-02     0.000 (   104      0)     0.000 (    88      0)
"prim_main_loop"                     128      128 1.280000e+02   4.173650e+04   326.127 (    89      0)   325.966 (   113      0)
"prim_run"                           128      128 6.912000e+03   4.173647e+04   326.127 (    89      0)   325.965 (   113      0)
"ApplyCAMForcing"                    128      128 6.912000e+03   6.541052e+02     5.761 (    86      0)     2.578 (   113      0)
"prim_step_rX"                       128      128 2.073600e+04   3.828002e+04   302.212 (   113      0)   297.706 (    58      0)
"prim_step_dyn"                      128      128 2.073600e+04   7.359528e+03    67.588 (   113      0)    50.578 (    69      0)
"prim_advance_exp"                   128      128 2.073600e+04   7.359339e+03    67.587 (   113      0)    50.577 (    69      0)
"U3-5stage_timestep"                 128      128 2.073600e+04   3.821255e+03    39.643 (   113      0)    23.911 (    69      0)
"compute_and_apply_rhs"              128      128 1.036800e+05   3.757805e+03    39.367 (   113      0)    23.143 (    69      0)
"caar_bexchV"                        128      128 1.036800e+05   1.917104e+03    25.663 (   113      0)     4.646 (    69      0)
"advance_hypervis_dp"                128      128 2.073600e+04   3.537825e+03    29.526 (    53      0)    26.366 (   111      0)
"biwkdp3d_bexchV"                    128      128 6.220800e+04   7.266169e+02     8.351 (    39      0)     2.495 (    69      0)
"ahdp_bexchV2"                       128      128 6.220800e+04   7.422130e+02     8.762 (    45      0)     2.924 (    69      0)
"prim_step_advec"                    128      128 2.073600e+04   3.079723e+04   246.654 (    69      0)   233.525 (   113      0)
"PAT_remap"                          128      128 2.073600e+04   3.079715e+04   246.654 (    69      0)   233.525 (   113      0)
"prim_advec_tracers_remap_rk2"       128      128 2.073600e+04   3.079702e+04   246.653 (    69      0)   233.524 (   113      0)
"precomput_divdp"                    128      128 2.073600e+04   7.181796e+01     0.668 (    62      0)     0.316 (    41      0)
"euler_step_0"                       128      128 2.073600e+04   8.508366e+03    68.298 (    71      0)    63.040 (    61      0)
"bihmix_qminmax"                     128      128 6.220800e+04   1.473916e+04   119.478 (    85      0)   108.756 (    57      0)
"eus_neighbor_minmax1"               128      128 2.073600e+04   2.226149e+03    20.740 (    24      0)    14.937 (    55      0)
"nmm_bexchV"                         128      128 2.073600e+04   9.548096e+02     9.365 (    24      0)     5.858 (    54      0)
"eus_2d_advec"                       128      128 6.220800e+04   1.491105e+04   125.361 (    57      0)   109.152 (   113      0)
"eus_bexchV"                         128      128 6.220800e+04   3.598977e+03    39.924 (    57      0)    19.736 (   113      0)
"euler_step_1"                       128      128 2.073600e+04   6.056800e+03    48.723 (    24      0)    44.786 (   111      0)
"euler_step_2"                       128      128 2.073600e+04   1.508609e+04   121.177 (    80      0)   112.414 (   113      0)
"nmm_bexchS_start"                   128      128 2.073600e+04   1.423510e+00     0.017 (   101      0)     0.007 (    66      0)
"biwksc_bexchV"                      128      128 2.073600e+04   1.178794e+03    10.973 (    80      0)     7.918 (   113      0)
"nmm_bexchS_fini"                    128      128 2.073600e+04   6.742081e+02     6.219 (    65      0)     3.210 (   113      0)
"qdp_tavg"                           128      128 2.073600e+04   1.073347e+03     9.684 (   113      0)     4.793 (    57      0)
"vertical_remap"                     128      128 6.912000e+03   1.963411e+03    15.774 (   113      0)    15.182 (    55      0)
"vertical_remap1_1"                  128      128 1.327104e+06   1.096698e+02     0.866 (   113      0)     0.850 (    55      0)
"remap_Q_ppm"                        128      128 3.981312e+06   1.933332e+03    15.478 (   113      0)    14.956 (    72      0)
"vertical_remap1_2"                  128      128 1.327104e+06   1.475062e+02     1.162 (   113      0)     1.146 (    55      0)
"vertical_remap1_3"                  128      128 1.327104e+06   1.679747e+03    13.487 (   113      0)    12.986 (    72      0)
"prim_run_subcyle_diags"             128      128 6.912000e+03   7.029189e+02     7.375 (    57      0)     4.682 (   113      0)
"t_prf"                                0        0 0.000000e+00   0.000000e+00     0.000 (     0      0)     0.000 (     0      0)

10940556
