LAST_GIT_COMMIT_SHA:STRING=adf77c97ed8425a245449f2582d2441f4b72da1e
10940608

***** GLOBAL STATISTICS (   864 MPI TASKS) *****

$Id: gptl.c,v 1.157 2011-03-28 20:55:18 rosinski Exp $
'count' is cumulative. All other stats are max/min
name                           processes  threads        count      walltotal   wallmax (proc   thrd  )   wallmin (proc   thrd  )
"Total"                              864      864 8.640000e+02   2.491174e+05   288.400 (   262      0)   288.269 (    57      0)
"prim_init1"                         864      864 8.640000e+02   6.399818e+02     0.744 (   587      0)     0.726 (   274      0)
"PartitioningTime"                   864      864 8.640000e+02   5.007767e+00     0.007 (   191      0)     0.003 (   436      0)
"repro_sum_int"                      864      864 3.888000e+04   2.673968e+01     0.054 (    26      0)     0.007 (    59      0)
"prim_init2"                         864      864 8.640000e+02   1.702213e+02     0.224 (     0      0)     0.173 (    56      0)
"prim_printstate"                    864      864 8.640000e+02   2.409887e+01     0.033 (     0      0)     0.027 (   374      0)
"interp_movie_output"                864      864 1.728000e+03   3.410337e-01     0.001 (     4      0)     0.000 (   692      0)
"prim_main_loop"                     864      864 8.640000e+02   2.441547e+05   282.656 (   262      0)   282.525 (    57      0)
"prim_run"                           864      864 7.776000e+04   2.441543e+05   282.656 (   262      0)   282.525 (    57      0)
"ApplyCAMForcing"                    864      864 7.776000e+04   3.585018e+03     4.957 (   407      0)     2.247 (   439      0)
"prim_step_rX"                       864      864 2.332800e+05   2.242249e+05   262.017 (   439      0)   258.182 (   288      0)
"prim_step_dyn"                      864      864 2.332800e+05   4.347757e+04    61.153 (   743      0)    42.516 (   262      0)
"prim_advance_exp"                   864      864 2.332800e+05   4.347559e+04    61.150 (   743      0)    42.514 (   262      0)
"U3-5stage_timestep"                 864      864 2.332800e+05   2.163502e+04    36.823 (   111      0)    17.105 (   190      0)
"compute_and_apply_rhs"              864      864 1.166400e+06   2.129214e+04    36.515 (   111      0)    16.770 (   190      0)
"caar_bexchV"                        864      864 1.166400e+06   1.053118e+04    24.503 (   111      0)     4.109 (   262      0)
"advance_hypervis_dp"                864      864 2.332800e+05   2.183777e+04    28.492 (   833      0)    21.569 (   862      0)
"biwkdp3d_bexchV"                    864      864 6.998400e+05   5.132743e+03    10.414 (    77      0)     2.895 (   266      0)
"ahdp_bexchV2"                       864      864 6.998400e+05   5.371249e+03    10.616 (   806      0)     3.194 (   256      0)
"prim_step_advec"                    864      864 2.332800e+05   1.800586e+05   215.550 (   190      0)   199.586 (   743      0)
"PAT_remap"                          864      864 2.332800e+05   1.800578e+05   215.549 (   190      0)   199.585 (   743      0)
"prim_advec_tracers_remap_rk2"       864      864 2.332800e+05   1.800563e+05   215.548 (   190      0)   199.583 (   743      0)
"precomput_divdp"                    864      864 2.332800e+05   4.043836e+02     0.588 (   750      0)     0.246 (   348      0)
"euler_step_0"                       864      864 2.332800e+05   4.948913e+04    60.413 (   706      0)    53.910 (   134      0)
"bihmix_qminmax"                     864      864 6.998400e+05   8.516432e+04   104.878 (   736      0)    90.694 (   156      0)
"eus_neighbor_minmax1"               864      864 2.332800e+05   1.309170e+04    19.643 (   509      0)    12.253 (   222      0)
"nmm_bexchV"                         864      864 2.332800e+05   5.737734e+03    10.901 (   382      0)     4.292 (   222      0)
"eus_2d_advec"                       864      864 6.998400e+05   8.841321e+04   111.357 (   243      0)    91.371 (   111      0)
"eus_bexchV"                         864      864 6.998400e+05   2.100841e+04    37.242 (   417      0)    15.881 (   607      0)
"euler_step_1"                       864      864 2.332800e+05   3.544789e+04    43.169 (    59      0)    38.396 (   201      0)
"euler_step_2"                       864      864 2.332800e+05   8.865213e+04   110.364 (   190      0)    92.669 (   743      0)
"nmm_bexchS_start"                   864      864 2.332800e+05   1.548507e+01     0.031 (   673      0)     0.010 (   246      0)
"biwksc_bexchV"                      864      864 2.332800e+05   7.266178e+03    11.575 (   589      0)     5.284 (   723      0)
"nmm_bexchS_fini"                    864      864 2.332800e+05   3.399093e+03     5.014 (   263      0)     2.322 (   158      0)
"qdp_tavg"                           864      864 2.332800e+05   6.056385e+03     8.378 (   314      0)     4.140 (   243      0)
"vertical_remap"                     864      864 7.776000e+04   1.141224e+04    13.692 (    57      0)    12.941 (   592      0)
"vertical_remap1_1"                  864      864 7.776000e+06   6.414972e+02     0.755 (    57      0)     0.735 (   246      0)
"remap_Q_ppm"                        864      864 2.332800e+07   1.123313e+04    13.425 (    57      0)    12.743 (   592      0)
"vertical_remap1_2"                  864      864 7.776000e+06   8.599755e+02     1.006 (    57      0)     0.989 (   246      0)
"vertical_remap1_3"                  864      864 7.776000e+06   9.753025e+03    11.699 (   743      0)    11.039 (   592      0)
"prim_run_subcyle_diags"             864      864 7.776000e+04   4.185100e+03     6.844 (   766      0)     4.010 (   439      0)
"t_prf"                                0        0 0.000000e+00   0.000000e+00     0.000 (     0      0)     0.000 (     0      0)

10940608
