LAST_GIT_COMMIT_SHA:STRING=4790f40f2fb6acbc051ce4c988681a628c18e83d

***** GLOBAL STATISTICS (   288 MPI TASKS) *****

$Id: gptl.c,v 1.157 2011-03-28 20:55:18 rosinski Exp $
'count' is cumulative. All other stats are max/min
name                               processes  threads        count      walltotal   wallmax (proc   thrd  )   wallmin (proc   thrd  )
Total                                    288      288 2.880000e+02   7.747656e+04   269.167 (   279      0)   268.618 (   105      0)
prim_init1                               288      288 2.880000e+02   1.978696e+02     0.690 (    67      0)     0.679 (   114      0)
repro_sum_int                            288      288 1.296000e+04   5.088803e+00     0.031 (    17      0)     0.008 (    88      0)
prim_init2                               288      288 2.880000e+02   3.943302e+02     1.379 (   151      0)     1.356 (    74      0)
prim_printstate                          288      288 2.880000e+02   4.260649e+01     0.151 (     0      0)     0.148 (   162      0)
interp_movie_output                      288      288 5.760000e+02   7.697153e-02     0.001 (   264      0)     0.000 (    49      0)
prim_main_loop                           288      288 2.880000e+02   7.549120e+04   262.273 (   279      0)   261.725 (   105      0)
prim_run                                 288      288 8.640000e+03   7.549112e+04   262.273 (   279      0)   261.724 (   105      0)
tl-sc prim_run_subcycle_c                288      288 8.640000e+03   7.542576e+04   262.075 (   280      0)   261.642 (   105      0)
tl-sc dp3d-from-ps                       288      288 8.640000e+03   7.364182e+00     0.037 (   198      0)     0.021 (    31      0)
tl-sc prim_step-loop                     288      288 8.640000e+03   7.080719e+04   246.340 (   279      0)   245.133 (   203      0)
tl-s prim_step                           288      288 2.592000e+04   7.080710e+04   246.340 (   279      0)   245.132 (   203      0)
tl-s deep_copy+derived_dp                288      288 2.592000e+04   1.410353e+02     0.691 (   216      0)     0.313 (    33      0)
tl-s prim_advance_exp-loop               288      288 2.592000e+04   1.412525e+04    63.894 (   105      0)    39.765 (    38      0)
tl-ae prim_advance_exp                   288      288 2.592000e+04   1.412505e+04    63.894 (   105      0)    39.765 (    38      0)
tl-ae U3-5stage_timestep                 288      288 2.592000e+04   7.270116e+03    39.191 (   105      0)    16.802 (    38      0)
caar compute                             288      288 1.296000e+05   2.293275e+03     8.882 (    52      0)     7.257 (    96      0)
caar_bexchV                              288      288 1.296000e+05   4.859336e+03    31.035 (   105      0)     8.321 (    38      0)
tl-ae advance_hypervis_dp                288      288 2.592000e+04   6.854596e+03    26.897 (   131      0)    21.947 (     7      0)
hvf-bhwk                                 288      288 7.776000e+04   3.727674e+03    16.273 (   220      0)    11.379 (     2      0)
hvf-bexch                                288      288 1.555200e+05   4.003524e+03    17.597 (   121      0)    11.370 (   274      0)
tl-s prim_advec_tracers_remap            288      288 2.592000e+04   5.654039e+04   206.072 (    38      0)   180.962 (   105      0)
tl-at prim_advec_tracers_remap_RK2       288      288 2.592000e+04   5.654021e+04   206.072 (    38      0)   180.961 (   105      0)
tl-at precompute_divdp                   288      288 2.592000e+04   1.212203e+02     0.543 (   257      0)     0.294 (   116      0)
tl-at esf-0                              288      288 2.592000e+04   1.591622e+04    57.548 (    41      0)    53.249 (    83      0)
tl-at esf-1                              288      288 2.592000e+04   1.227490e+04    44.707 (   155      0)    40.516 (    35      0)
tl-at esf-2                              288      288 2.592000e+04   2.666979e+04   100.756 (   278      0)    78.633 (   105      0)
tl-at qdp_time_avg                       288      288 2.592000e+04   1.557024e+03     7.299 (   214      0)     4.271 (   127      0)
tl-sc vertical_remap                     288      288 8.640000e+03   3.941422e+03    14.332 (   203      0)    13.314 (   194      0)
Remap Thickness Functor                  288      288 8.640000e+03   3.416981e+01     0.149 (   203      0)     0.094 (    33      0)
Remap Scale States Functor               288      288 8.640000e+03   2.566763e+01     0.140 (   199      0)     0.045 (    33      0)
Remap Compute Grids Functor              288      288 8.640000e+03   2.227548e+02     1.113 (   203      0)     0.508 (   279      0)
Remap Compute Remap Functor              288      288 8.640000e+03   3.623657e+03    12.951 (    11      0)    12.362 (   232      0)
Remap Rescale States Functor             288      288 8.640000e+03   2.777854e+01     0.120 (   192      0)     0.091 (    74      0)
tl-sc Q-from-qdp                         288      288 8.640000e+03   6.696549e+02     2.635 (   192      0)     2.194 (   105      0)
t_prf                                      0        0 0.000000e+00   0.000000e+00     0.000 (     0      0)     0.000 (     0      0)

