LAST_GIT_COMMIT_SHA:STRING=4790f40f2fb6acbc051ce4c988681a628c18e83d

***** GLOBAL STATISTICS (   480 MPI TASKS) *****

$Id: gptl.c,v 1.157 2011-03-28 20:55:18 rosinski Exp $
'count' is cumulative. All other stats are max/min
name                               processes  threads        count      walltotal   wallmax (proc   thrd  )   wallmin (proc   thrd  )
Total                                    480      480 4.800000e+02   1.303219e+05   271.613 (   146      0)   271.268 (   254      0)
prim_init1                               480      480 4.800000e+02   3.274077e+02     0.685 (   448      0)     0.664 (   346      0)
repro_sum_int                            480      480 2.160000e+04   1.371662e+01     0.094 (     5      0)     0.010 (    47      0)
prim_init2                               480      480 4.800000e+02   4.045489e+02     0.907 (     3      0)     0.821 (    54      0)
prim_printstate                          480      480 4.800000e+02   4.201872e+01     0.090 (     0      0)     0.087 (    34      0)
interp_movie_output                      480      480 9.600000e+02   1.164207e-01     0.000 (    92      0)     0.000 (    21      0)
prim_main_loop                           480      480 4.800000e+02   1.272378e+05   265.188 (   146      0)   264.843 (   254      0)
prim_run                                 480      480 2.400000e+04   1.272376e+05   265.188 (   146      0)   264.842 (   254      0)
tl-sc prim_run_subcycle_c                480      480 2.400000e+04   1.271754e+05   265.071 (   146      0)   264.787 (   254      0)
tl-sc dp3d-from-ps                       480      480 2.400000e+04   1.137174e+01     0.033 (   337      0)     0.019 (   446      0)
tl-sc prim_step-loop                     480      480 2.400000e+04   1.195355e+05   249.476 (   145      0)   248.400 (   221      0)
tl-s prim_step                           480      480 7.200000e+04   1.195353e+05   249.476 (   145      0)   248.399 (   221      0)
tl-s deep_copy+derived_dp                480      480 7.200000e+04   2.184520e+02     0.625 (   219      0)     0.298 (   105      0)
tl-s prim_advance_exp-loop               480      480 7.200000e+04   2.420736e+04    66.869 (    14      0)    39.271 (   248      0)
tl-ae prim_advance_exp                   480      480 7.200000e+04   2.420689e+04    66.868 (    14      0)    39.270 (   248      0)
tl-ae U3-5stage_timestep                 480      480 7.200000e+04   1.253736e+04    43.951 (    14      0)    15.853 (    66      0)
caar compute                             480      480 3.600000e+05   3.825591e+03     8.814 (   410      0)     7.326 (    32      0)
caar_bexchV                              480      480 3.600000e+05   8.514817e+03    35.599 (    14      0)     7.585 (    66      0)
tl-ae advance_hypervis_dp                480      480 7.200000e+04   1.166863e+04    28.407 (   381      0)    22.114 (   253      0)
hvf-bhwk                                 480      480 2.160000e+05   6.324929e+03    16.628 (   175      0)    11.329 (   460      0)
hvf-bexch                                480      480 4.320000e+05   6.964437e+03    19.488 (   381      0)    11.289 (   258      0)
tl-s prim_advec_tracers_remap            480      480 7.200000e+04   9.510850e+04   209.723 (   248      0)   181.570 (    14      0)
tl-at prim_advec_tracers_remap_RK2       480      480 7.200000e+04   9.510804e+04   209.722 (   248      0)   181.569 (    14      0)
tl-at precompute_divdp                   480      480 7.200000e+04   1.992781e+02     0.525 (   271      0)     0.267 (   105      0)
tl-at esf-0                              480      480 7.200000e+04   2.673798e+04    61.268 (   246      0)    52.005 (   420      0)
tl-at esf-1                              480      480 7.200000e+04   2.061725e+04    46.634 (   250      0)    39.467 (   124      0)
tl-at esf-2                              480      480 7.200000e+04   4.511339e+04   101.667 (   400      0)    79.919 (   414      0)
tl-at qdp_time_avg                       480      480 7.200000e+04   2.437358e+03     6.672 (   384      0)     3.852 (   249      0)
tl-sc vertical_remap                     480      480 2.400000e+04   6.537794e+03    14.210 (   333      0)    13.205 (   353      0)
Remap Thickness Functor                  480      480 2.400000e+04   5.601438e+01     0.145 (   363      0)     0.093 (   465      0)
Remap Scale States Functor               480      480 2.400000e+04   4.066054e+01     0.130 (   339      0)     0.040 (   465      0)
Remap Compute Grids Functor              480      480 2.400000e+04   3.636238e+02     1.119 (   381      0)     0.495 (    28      0)
Remap Compute Remap Functor              480      480 2.400000e+04   6.026513e+03    12.972 (   414      0)    12.261 (   349      0)
Remap Rescale States Functor             480      480 2.400000e+04   4.577752e+01     0.110 (   195      0)     0.091 (   334      0)
tl-sc Q-from-qdp                         480      480 2.400000e+04   1.090379e+03     2.484 (   160      0)     2.132 (   420      0)
t_prf                                      0        0 0.000000e+00   0.000000e+00     0.000 (     0      0)     0.000 (     0      0)

