LAST_GIT_COMMIT_SHA:STRING=adf77c97ed8425a245449f2582d2441f4b72da1e
10940529

***** GLOBAL STATISTICS (    32 MPI TASKS) *****

$Id: gptl.c,v 1.157 2011-03-28 20:55:18 rosinski Exp $
'count' is cumulative. All other stats are max/min
name                           processes  threads        count      walltotal   wallmax (proc   thrd  )   wallmin (proc   thrd  )
"Total"                               32       32 3.200000e+01   1.938867e+03    60.591 (    31      0)    60.587 (    18      0)
"prim_init1"                          32       32 3.200000e+01   3.248920e+00     0.102 (     0      0)     0.101 (     4      0)
"PartitioningTime"                    32       32 3.200000e+01   3.289557e-02     0.001 (     6      0)     0.001 (     7      0)
"repro_sum_int"                       32       32 1.440000e+03   4.642534e-02     0.002 (    17      0)     0.001 (     0      0)
"prim_init2"                          32       32 3.200000e+01   2.551713e+00     0.082 (     0      0)     0.079 (    11      0)
"prim_printstate"                     32       32 3.200000e+01   3.313088e-01     0.013 (     0      0)     0.010 (    19      0)
"interp_movie_output"                 32       32 6.400000e+01   4.777193e-03     0.000 (    10      0)     0.000 (    28      0)
"prim_main_loop"                      32       32 3.200000e+01   1.928572e+03    60.270 (    31      0)    60.265 (    18      0)
"prim_run"                            32       32 1.280000e+03   1.928566e+03    60.269 (    31      0)    60.265 (    18      0)
"ApplyCAMForcing"                     32       32 1.280000e+03   3.381632e+01     1.075 (     2      0)     1.032 (    11      0)
"prim_step_rX"                        32       32 3.840000e+03   1.765717e+03    55.277 (    17      0)    55.103 (    26      0)
"prim_step_dyn"                       32       32 3.840000e+03   3.102315e+02    10.096 (    16      0)     9.420 (    25      0)
"prim_advance_exp"                    32       32 3.840000e+03   3.101925e+02    10.095 (    16      0)     9.419 (    25      0)
"U3-5stage_timestep"                  32       32 3.840000e+03   1.518892e+02     5.144 (    16      0)     4.471 (    25      0)
"compute_and_apply_rhs"               32       32 1.920000e+04   1.467793e+02     4.980 (    16      0)     4.321 (    25      0)
"caar_bexchV"                         32       32 1.920000e+04   4.080086e+01     1.621 (    16      0)     1.019 (    25      0)
"advance_hypervis_dp"                 32       32 3.840000e+03   1.582500e+02     4.958 (    11      0)     4.923 (     6      0)
"biwkdp3d_bexchV"                     32       32 1.152000e+04   1.964537e+01     0.656 (    22      0)     0.579 (     3      0)
"ahdp_bexchV2"                        32       32 1.152000e+04   2.417868e+01     0.860 (    18      0)     0.703 (    31      0)
"prim_step_advec"                     32       32 3.840000e+03   1.449239e+03    45.521 (    25      0)    44.949 (    16      0)
"PAT_remap"                           32       32 3.840000e+03   1.449225e+03    45.521 (    25      0)    44.948 (    16      0)
"prim_advec_tracers_remap_rk2"        32       32 3.840000e+03   1.449203e+03    45.520 (    25      0)    44.947 (    16      0)
"precomput_divdp"                     32       32 3.840000e+03   3.509738e+00     0.114 (    25      0)     0.106 (    17      0)
"euler_step_0"                        32       32 3.840000e+03   4.019102e+02    12.724 (    25      0)    12.437 (    16      0)
"bihmix_qminmax"                      32       32 1.152000e+04   6.996655e+02    22.025 (     1      0)    21.595 (    24      0)
"eus_neighbor_minmax1"                32       32 3.840000e+03   1.070614e+02     3.380 (     1      0)     3.315 (     8      0)
"nmm_bexchV"                          32       32 3.840000e+03   4.697417e+01     1.509 (    24      0)     1.432 (    16      0)
"eus_2d_advec"                        32       32 1.152000e+04   6.925898e+02    22.211 (    24      0)    21.213 (    16      0)
"eus_bexchV"                          32       32 1.152000e+04   1.750253e+02     6.044 (    24      0)     5.037 (    16      0)
"euler_step_1"                        32       32 3.840000e+03   2.830681e+02     8.961 (    24      0)     8.755 (    16      0)
"euler_step_2"                        32       32 3.840000e+03   7.074494e+02    22.199 (    28      0)    21.931 (    16      0)
"nmm_bexchS_start"                    32       32 3.840000e+03   1.866326e-01     0.007 (     9      0)     0.005 (    31      0)
"biwksc_bexchV"                       32       32 3.840000e+03   6.801873e+01     2.202 (    16      0)     1.983 (    25      0)
"nmm_bexchS_fini"                     32       32 3.840000e+03   3.378585e+01     1.082 (    18      0)     1.005 (    24      0)
"qdp_tavg"                            32       32 3.840000e+03   5.317307e+01     1.714 (    16      0)     1.537 (    24      0)
"vertical_remap"                      32       32 1.280000e+03   9.097613e+01     2.853 (    16      0)     2.823 (    10      0)
"vertical_remap1_1"                   32       32 6.144000e+04   5.108351e+00     0.160 (    16      0)     0.159 (    22      0)
"remap_Q_ppm"                         32       32 1.843200e+05   8.959073e+01     2.809 (    31      0)     2.780 (    10      0)
"vertical_remap1_2"                   32       32 6.144000e+04   6.832272e+00     0.214 (     6      0)     0.213 (    10      0)
"vertical_remap1_3"                   32       32 6.144000e+04   7.781620e+01     2.441 (    31      0)     2.414 (    10      0)
"prim_run_subcyle_diags"              32       32 1.280000e+03   3.073453e+01     1.017 (    25      0)     0.924 (    17      0)
"t_prf"                                0        0 0.000000e+00   0.000000e+00     0.000 (     0      0)     0.000 (     0      0)

10940529
