LAST_GIT_COMMIT_SHA:STRING=4790f40f2fb6acbc051ce4c988681a628c18e83d

***** GLOBAL STATISTICS (  9600 MPI TASKS) *****

$Id: gptl.c,v 1.157 2011-03-28 20:55:18 rosinski Exp $
'count' is cumulative. All other stats are max/min
name                               processes  threads        count      walltotal   wallmax (proc   thrd  )   wallmin (proc   thrd  )
Total                                   9600     9600 9.600000e+03   2.555812e+06   266.276 (  8418      0)   266.182 (  4799      0)
prim_init1                              9600     9600 9.600000e+03   1.338709e+04     1.476 (  6153      0)     1.296 (  7106      0)
repro_sum_int                           9600     9600 4.320000e+05   5.753342e+03     2.441 (     0      0)     0.042 (  5063      0)
prim_init2                              9600     9600 9.600000e+03   1.298721e+04     3.174 (    30      0)     0.687 (   606      0)
prim_printstate                         9600     9600 9.600000e+03   9.883674e+02     0.145 (  7793      0)     0.078 (  1569      0)
interp_movie_output                     9600     9600 1.920000e+04   7.982011e+01     0.017 (  2458      0)     0.001 (  8666      0)
prim_main_loop                          9600     9600 9.600000e+03   2.485955e+06   258.988 (  1157      0)   258.928 (  9219      0)
prim_run                                9600     9600 1.920000e+07   2.485731e+06   258.971 (  8426      0)   258.889 (  9229      0)
tl-sc prim_run_subcycle_c               9600     9600 1.920000e+07   2.485401e+06   258.930 (  1701      0)   258.850 (  4130      0)
tl-sc dp3d-from-ps                      9600     9600 1.920000e+07   2.391713e+02     0.051 (  3965      0)     0.019 (  1937      0)
tl-sc prim_step-loop                    9600     9600 1.920000e+07   2.351100e+06   245.166 (  2891      0)   244.166 (  3192      0)
tl-s prim_step                          9600     9600 5.760000e+07   2.350994e+06   245.158 (  2891      0)   244.151 (  3192      0)
tl-s deep_copy+derived_dp               9600     9600 5.760000e+07   3.979251e+03     0.660 (  8465      0)     0.270 (  3776      0)
tl-s prim_advance_exp-loop              9600     9600 5.760000e+07   5.953330e+05    75.483 (  8557      0)    47.375 (  2928      0)
tl-ae prim_advance_exp                  9600     9600 5.760000e+07   5.951764e+05    75.467 (  8557      0)    47.355 (  2928      0)
tl-ae U3-5stage_timestep                9600     9600 5.760000e+07   3.052712e+05    48.808 (  8557      0)    22.412 (  2928      0)
caar compute                            9600     9600 2.880000e+08   5.546187e+04     6.252 (  1718      0)     5.399 (   745      0)
caar_bexchV                             9600     9600 2.880000e+08   2.474517e+05    42.685 (  8557      0)    16.664 (  2928      0)
tl-ae advance_hypervis_dp               9600     9600 5.760000e+07   2.897322e+05    38.677 (  8796      0)    24.626 (   559      0)
hvf-bhwk                                9600     9600 1.728000e+08   1.576827e+05    22.412 (  1143      0)    12.824 (   559      0)
hvf-bexch                               9600     9600 3.456000e+08   2.384289e+05    33.268 (  8796      0)    19.357 (   559      0)
tl-s prim_advec_tracers_remap           9600     9600 5.760000e+07   1.751394e+06   197.394 (  2928      0)   168.884 (  8557      0)
tl-at prim_advec_tracers_remap_RK2      9600     9600 5.760000e+07   1.751222e+06   197.381 (  2928      0)   168.868 (  8557      0)
tl-at precompute_divdp                  9600     9600 5.760000e+07   2.768912e+03     0.470 (  8633      0)     0.180 (  4021      0)
tl-at esf-0                             9600     9600 5.760000e+07   5.273175e+05    63.127 (  2942      0)    47.860 (  8354      0)
tl-at esf-1                             9600     9600 5.760000e+07   3.713930e+05    42.266 (  1553      0)    35.521 (  2741      0)
tl-at esf-2                             9600     9600 5.760000e+07   8.136778e+05    98.310 (  2931      0)    75.486 (  9262      0)
tl-at qdp_time_avg                      9600     9600 5.760000e+07   3.507876e+04     4.465 (  8461      0)     3.250 (   730      0)
tl-sc vertical_remap                    9600     9600 1.920000e+07   1.160902e+05    12.788 (  3192      0)    11.804 (  3605      0)
Remap Thickness Functor                 9600     9600 1.920000e+07   1.383301e+03     0.226 (  5896      0)     0.098 (  1274      0)
Remap Scale States Functor              9600     9600 1.920000e+07   5.778672e+02     0.108 (  8971      0)     0.034 (  8521      0)
Remap Compute Grids Functor             9600     9600 1.920000e+07   5.491723e+03     0.813 (  8465      0)     0.444 (  8517      0)
Remap Compute Remap Functor             9600     9600 1.920000e+07   1.071035e+05    11.714 (   558      0)    10.982 (  7255      0)
Remap Rescale States Functor            9600     9600 1.920000e+07   8.176024e+02     0.094 (  5952      0)     0.082 (  8466      0)
tl-sc Q-from-qdp                        9600     9600 1.920000e+07   1.784898e+04     2.025 (  9088      0)     1.802 (  2158      0)
t_prf                                      0        0 0.000000e+00   0.000000e+00     0.000 (     0      0)     0.000 (     0      0)

