LAST_GIT_COMMIT_SHA:STRING=adf77c97ed8425a245449f2582d2441f4b72da1e
10940577

***** GLOBAL STATISTICS (   384 MPI TASKS) *****

$Id: gptl.c,v 1.157 2011-03-28 20:55:18 rosinski Exp $
'count' is cumulative. All other stats are max/min
name                           processes  threads        count      walltotal   wallmax (proc   thrd  )   wallmin (proc   thrd  )
"Total"                              384      384 3.840000e+02   1.054299e+05   274.601 (   316      0)   274.503 (   137      0)
"prim_init1"                         384      384 3.840000e+02   1.573811e+02     0.411 (    99      0)     0.405 (   324      0)
"PartitioningTime"                   384      384 3.840000e+02   1.051796e+00     0.003 (   331      0)     0.002 (   104      0)
"repro_sum_int"                      384      384 1.728000e+04   1.195621e+03    19.723 (    17      0)     0.006 (   104      0)
"prim_init2"                         384      384 3.840000e+02   1.256941e+03    19.909 (     0      0)     0.165 (   104      0)
"prim_printstate"                    384      384 3.840000e+02   9.718879e+00     0.053 (     0      0)     0.025 (   204      0)
"interp_movie_output"                384      384 7.680000e+02   6.675386e-02     0.000 (   226      0)     0.000 (   306      0)
"prim_main_loop"                     384      384 3.840000e+02   9.662433e+04   251.670 (   316      0)   251.572 (   137      0)
"prim_run"                           384      384 3.072000e+04   9.662421e+04   251.669 (   316      0)   251.572 (   137      0)
"ApplyCAMForcing"                    384      384 3.072000e+04   1.492137e+03     4.424 (   227      0)     2.336 (   137      0)
"prim_step_rX"                       384      384 9.216000e+04   8.865866e+04   233.055 (   273      0)   229.554 (    29      0)
"prim_step_dyn"                      384      384 9.216000e+04   1.727664e+04    52.499 (   145      0)    39.676 (   316      0)
"prim_advance_exp"                   384      384 9.216000e+04   1.727585e+04    52.496 (   145      0)    39.674 (   316      0)
"U3-5stage_timestep"                 384      384 9.216000e+04   8.579550e+03    32.726 (   137      0)    16.827 (   227      0)
"compute_and_apply_rhs"              384      384 4.608000e+05   8.447236e+03    32.257 (   137      0)    16.555 (   227      0)
"caar_bexchV"                        384      384 4.608000e+05   4.242150e+03    21.023 (   137      0)     3.997 (   316      0)
"advance_hypervis_dp"                384      384 9.216000e+04   8.695216e+03    25.697 (   119      0)    19.060 (   139      0)
"biwkdp3d_bexchV"                    384      384 2.764800e+05   2.056085e+03     9.437 (    55      0)     2.330 (   294      0)
"ahdp_bexchV2"                       384      384 2.764800e+05   2.140998e+03     9.377 (    59      0)     2.799 (   290      0)
"prim_step_advec"                    384      384 9.216000e+04   7.110184e+04   189.905 (   316      0)   179.407 (   145      0)
"PAT_remap"                          384      384 9.216000e+04   7.110151e+04   189.904 (   316      0)   179.406 (   145      0)
"prim_advec_tracers_remap_rk2"       384      384 9.216000e+04   7.110093e+04   189.903 (   316      0)   179.404 (   145      0)
"precomput_divdp"                    384      384 9.216000e+04   1.618770e+02     0.523 (   233      0)     0.201 (   362      0)
"euler_step_0"                       384      384 9.216000e+04   1.960522e+04    53.218 (   316      0)    47.937 (   202      0)
"bihmix_qminmax"                     384      384 2.764800e+05   3.380826e+04    93.650 (   124      0)    82.028 (    30      0)
"eus_neighbor_minmax1"               384      384 9.216000e+04   5.164731e+03    18.354 (   211      0)    10.804 (    28      0)
"nmm_bexchV"                         384      384 9.216000e+04   2.256928e+03     9.815 (   211      0)     3.952 (    28      0)
"eus_2d_advec"                       384      384 2.764800e+05   3.467025e+04    96.183 (    29      0)    82.580 (   145      0)
"eus_bexchV"                         384      384 2.764800e+05   8.349996e+03    30.148 (    30      0)    15.018 (   224      0)
"euler_step_1"                       384      384 9.216000e+04   1.402357e+04    37.970 (   217      0)    34.775 (   208      0)
"euler_step_2"                       384      384 9.216000e+04   3.485438e+04    93.399 (   124      0)    85.235 (   137      0)
"nmm_bexchS_start"                   384      384 9.216000e+04   6.161336e+00     0.027 (    32      0)     0.008 (    55      0)
"biwksc_bexchV"                      384      384 9.216000e+04   2.889989e+03     9.340 (   124      0)     5.345 (   156      0)
"nmm_bexchS_fini"                    384      384 9.216000e+04   1.379644e+03     4.274 (   311      0)     2.538 (    29      0)
"qdp_tavg"                           384      384 9.216000e+04   2.453352e+03     7.621 (   257      0)     3.891 (    93      0)
"vertical_remap"                     384      384 3.072000e+04   4.532081e+03    12.030 (   257      0)    11.654 (   278      0)
"vertical_remap1_1"                  384      384 3.072000e+06   2.535638e+02     0.668 (   312      0)     0.654 (   336      0)
"remap_Q_ppm"                        384      384 9.216000e+06   4.461890e+03    11.816 (    69      0)    11.478 (   278      0)
"vertical_remap1_2"                  384      384 3.072000e+06   3.401377e+02     0.894 (   305      0)     0.880 (   358      0)
"vertical_remap1_3"                  384      384 3.072000e+06   3.876581e+03    10.283 (   257      0)     9.964 (   278      0)
"prim_run_subcyle_diags"             384      384 3.072000e+04   1.632076e+03     5.747 (    29      0)     3.673 (   273      0)
"t_prf"                                0        0 0.000000e+00   0.000000e+00     0.000 (     0      0)     0.000 (     0      0)

10940577
