LAST_GIT_COMMIT_SHA:STRING=4790f40f2fb6acbc051ce4c988681a628c18e83d

***** GLOBAL STATISTICS (   864 MPI TASKS) *****

$Id: gptl.c,v 1.157 2011-03-28 20:55:18 rosinski Exp $
'count' is cumulative. All other stats are max/min
name                               processes  threads        count      walltotal   wallmax (proc   thrd  )   wallmin (proc   thrd  )
Total                                    864      864 8.640000e+02   2.378783e+05   275.399 (    50      0)   275.177 (   795      0)
prim_init1                               864      864 8.640000e+02   6.277043e+02     0.730 (   497      0)     0.710 (   382      0)
repro_sum_int                            864      864 3.888000e+04   3.368708e+01     0.080 (    31      0)     0.011 (    65      0)
prim_init2                               864      864 8.640000e+02   4.469927e+02     0.559 (    31      0)     0.482 (   669      0)
prim_printstate                          864      864 8.640000e+02   4.647671e+01     0.056 (     0      0)     0.053 (   760      0)
interp_movie_output                      864      864 1.728000e+03   4.972484e-01     0.001 (   725      0)     0.000 (    54      0)
prim_main_loop                           864      864 8.640000e+02   2.327477e+05   269.460 (    50      0)   269.239 (   795      0)
prim_run                                 864      864 7.776000e+04   2.327470e+05   269.459 (    50      0)   269.238 (   795      0)
tl-sc prim_run_subcycle_c                864      864 7.776000e+04   2.326881e+05   269.399 (    50      0)   269.207 (   795      0)
tl-sc dp3d-from-ps                       864      864 7.776000e+04   2.014320e+01     0.034 (   711      0)     0.019 (   220      0)
tl-sc prim_step-loop                     864      864 7.776000e+04   2.189557e+05   253.859 (   203      0)   252.537 (   597      0)
tl-s prim_step                           864      864 2.332800e+05   2.189550e+05   253.858 (   203      0)   252.536 (   597      0)
tl-s deep_copy+derived_dp                864      864 2.332800e+05   3.884243e+02     0.667 (   729      0)     0.260 (   767      0)
tl-s prim_advance_exp-loop               864      864 2.332800e+05   4.554598e+04    72.034 (   220      0)    38.352 (   838      0)
tl-ae prim_advance_exp                   864      864 2.332800e+05   4.554444e+04    72.033 (   220      0)    38.351 (   838      0)
tl-ae U3-5stage_timestep                 864      864 2.332800e+05   2.361375e+04    47.829 (   219      0)    15.985 (    50      0)
caar compute                             864      864 1.166400e+06   6.783704e+03     8.869 (   733      0)     6.971 (     1      0)
caar_bexchV                              864      864 1.166400e+06   1.651044e+04    39.903 (   219      0)     7.657 (    50      0)
tl-ae advance_hypervis_dp                864      864 2.332800e+05   2.192800e+04    30.480 (   414      0)    21.384 (   432      0)
hvf-bhwk                                 864      864 6.998400e+05   1.199639e+04    18.013 (   310      0)    11.032 (   265      0)
hvf-bexch                                864      864 1.399680e+06   1.406407e+04    22.962 (   414      0)    11.680 (   770      0)
tl-s prim_advec_tracers_remap            864      864 2.332800e+05   1.730176e+05   215.126 (   838      0)   180.935 (   220      0)
tl-at prim_advec_tracers_remap_RK2       864      864 2.332800e+05   1.730161e+05   215.125 (   838      0)   180.933 (   220      0)
tl-at precompute_divdp                   864      864 2.332800e+05   3.411492e+02     0.533 (   113      0)     0.219 (   323      0)
tl-at esf-0                              864      864 2.332800e+05   4.841506e+04    63.738 (   120      0)    52.561 (    62      0)
tl-at esf-1                              864      864 2.332800e+05   3.738870e+04    48.487 (   117      0)    40.157 (   110      0)
tl-at esf-2                              864      864 2.332800e+05   8.252262e+04   107.696 (   723      0)    79.405 (   599      0)
tl-at qdp_time_avg                       864      864 2.332800e+05   4.340311e+03     7.056 (   729      0)     3.714 (   766      0)
tl-sc vertical_remap                     864      864 7.776000e+04   1.176987e+04    14.446 (   597      0)    13.162 (   665      0)
Remap Thickness Functor                  864      864 7.776000e+04   1.010226e+02     0.154 (   705      0)     0.092 (   514      0)
Remap Scale States Functor               864      864 7.776000e+04   7.099383e+01     0.144 (   705      0)     0.037 (   514      0)
Remap Compute Grids Functor              864      864 7.776000e+04   6.511037e+02     1.179 (    79      0)     0.491 (   498      0)
Remap Compute Remap Functor              864      864 7.776000e+04   1.085827e+04    13.174 (   741      0)    12.172 (   625      0)
Remap Rescale States Functor             864      864 7.776000e+04   8.179519e+01     0.123 (   721      0)     0.091 (   848      0)
tl-sc Q-from-qdp                         864      864 7.776000e+04   1.941520e+03     2.566 (   719      0)     2.129 (   655      0)
t_prf                                      0        0 0.000000e+00   0.000000e+00     0.000 (     0      0)     0.000 (     0      0)

