LAST_GIT_COMMIT_SHA:STRING=4790f40f2fb6acbc051ce4c988681a628c18e83d

***** GLOBAL STATISTICS (   192 MPI TASKS) *****

$Id: gptl.c,v 1.157 2011-03-28 20:55:18 rosinski Exp $
'count' is cumulative. All other stats are max/min
name                               processes  threads        count      walltotal   wallmax (proc   thrd  )   wallmin (proc   thrd  )
Total                                    192      192 1.920000e+02   1.042197e+04    54.283 (   146      0)    54.279 (    58      0)
prim_init1                               192      192 1.920000e+02   1.806274e+01     0.095 (    80      0)     0.093 (   179      0)
repro_sum_int                            192      192 8.640000e+03   3.176734e+00     0.021 (   113      0)     0.006 (    61      0)
prim_init2                               192      192 1.920000e+02   1.046036e+01     0.058 (    13      0)     0.049 (    61      0)
prim_printstate                          192      192 1.920000e+02   2.280666e+00     0.014 (     0      0)     0.011 (    29      0)
interp_movie_output                      192      192 3.840000e+02   3.993416e-02     0.000 (    19      0)     0.000 (    84      0)
prim_main_loop                           192      192 1.920000e+02   1.038336e+04    54.081 (   146      0)    54.078 (    58      0)
prim_run                                 192      192 1.920000e+05   1.038305e+04    54.080 (   150      0)    54.076 (    35      0)
tl-sc prim_run_subcycle_c                192      192 1.920000e+05   1.038211e+04    54.075 (    50      0)    54.071 (    35      0)
tl-sc dp3d-from-ps                       192      192 1.920000e+05   9.825656e-01     0.006 (     0      0)     0.005 (    53      0)
tl-sc prim_step-loop                     192      192 1.920000e+05   9.713586e+03    50.669 (     7      0)    50.476 (   103      0)
tl-s prim_step                           192      192 5.760000e+05   9.712543e+03    50.665 (     7      0)    50.469 (   103      0)
tl-s deep_copy+derived_dp                192      192 5.760000e+05   2.308232e+01     0.151 (    66      0)     0.088 (     8      0)
tl-s prim_advance_exp-loop               192      192 5.760000e+05   1.775165e+03    12.559 (    67      0)     6.709 (   109      0)
tl-ae prim_advance_exp                   192      192 5.760000e+05   1.774184e+03    12.554 (    67      0)     6.703 (   109      0)
tl-ae U3-5stage_timestep                 192      192 5.760000e+05   1.115531e+03     8.997 (   172      0)     3.313 (   109      0)
caar compute                             192      192 2.880000e+06   2.794281e+02     1.556 (   156      0)     1.370 (     8      0)
caar_bexchV                              192      192 2.880000e+06   8.226159e+02     7.421 (   172      0)     1.813 (   109      0)
tl-ae advance_hypervis_dp                192      192 5.760000e+05   6.571375e+02     3.879 (    34      0)     3.304 (   128      0)
hvf-bhwk                                 192      192 1.728000e+06   3.966415e+02     2.477 (    34      0)     1.997 (   126      0)
hvf-bexch                                192      192 3.456000e+06   3.972001e+02     2.542 (    34      0)     1.910 (   128      0)
tl-s prim_advec_tracers_remap            192      192 5.760000e+05   7.912027e+03    43.803 (   109      0)    37.797 (    67      0)
tl-at prim_advec_tracers_remap_RK2       192      192 5.760000e+05   7.910613e+03    43.797 (   109      0)    37.788 (    67      0)
tl-at precompute_divdp                   192      192 5.760000e+05   1.393250e+01     0.119 (   160      0)     0.048 (    25      0)
tl-at esf-0                              192      192 5.760000e+05   2.615855e+03    15.796 (   109      0)    11.159 (   100      0)
tl-at esf-1                              192      192 5.760000e+05   1.491788e+03     8.969 (   110      0)     6.455 (    93      0)
tl-at esf-2                              192      192 5.760000e+05   3.617065e+03    21.425 (   100      0)    17.065 (   170      0)
tl-at qdp_time_avg                       192      192 5.760000e+05   1.655527e+02     0.944 (   156      0)     0.795 (     7      0)
tl-sc vertical_remap                     192      192 1.920000e+05   5.801454e+02     3.139 (   103      0)     2.945 (     7      0)
Remap Thickness Functor                  192      192 1.920000e+05   5.659755e+00     0.037 (   103      0)     0.025 (     8      0)
Remap Scale States Functor               192      192 1.920000e+05   2.813633e+00     0.021 (   178      0)     0.010 (     8      0)
Remap Compute Grids Functor              192      192 1.920000e+05   2.631447e+01     0.177 (   178      0)     0.113 (     8      0)
Remap Compute Remap Functor              192      192 1.920000e+05   5.392850e+02     2.900 (    38      0)     2.761 (   108      0)
Remap Rescale States Functor             192      192 1.920000e+05   4.130203e+00     0.022 (     8      0)     0.021 (    49      0)
tl-sc Q-from-qdp                         192      192 1.920000e+05   8.638215e+01     0.465 (   160      0)     0.446 (    36      0)
t_prf                                      0        0 0.000000e+00   0.000000e+00     0.000 (     0      0)     0.000 (     0      0)

