LAST_GIT_COMMIT_SHA:STRING=adf77c97ed8425a245449f2582d2441f4b72da1e
10940624

***** GLOBAL STATISTICS ( 28800 MPI TASKS) *****

$Id: gptl.c,v 1.157 2011-03-28 20:55:18 rosinski Exp $
'count' is cumulative. All other stats are max/min
name                           processes  threads        count      walltotal   wallmax (proc   thrd  )   wallmin (proc   thrd  )
"Total"                            28800    28800 2.880000e+04   9.106235e+06   316.315 ( 24580      0)   316.117 ( 18158      0)
"prim_init1"                       28800    28800 2.880000e+04   1.293369e+05     4.655 (  7024      0)     4.276 ( 15167      0)
"PartitioningTime"                 28800    28800 2.880000e+04   2.829621e+02     0.040 ( 26822      0)     0.002 ( 17605      0)
"repro_sum_int"                    28800    28800 1.296000e+06   6.906193e+04     3.675 (    11      0)     1.869 ( 27888      0)
"prim_init2"                       28800    28800 2.880000e+04   3.089780e+04     2.362 (     6      0)     0.547 ( 27887      0)
"prim_printstate"                  28800    28800 2.880000e+04   3.700763e+03     0.165 ( 27696      0)     0.090 ( 24925      0)
"interp_movie_output"              28800    28800 5.760000e+04   6.303779e+02     0.076 ( 26670      0)     0.000 (  6023      0)
"prim_main_loop"                   28800    28800 2.880000e+04   8.758400e+06   304.158 ( 25494      0)   304.053 (  1311      0)
"prim_run"                         28800    28800 8.640000e+07   8.757928e+06   304.154 (  8867      0)   304.039 (  1311      0)
"ApplyCAMForcing"                  28800    28800 8.640000e+07   5.248035e+04     2.139 ( 13082      0)     1.611 ( 28177      0)
"prim_step_rX"                     28800    28800 2.592000e+08   8.183317e+06   285.636 (  9938      0)   282.206 ( 12664      0)
"prim_step_dyn"                    28800    28800 2.592000e+08   2.374566e+06   106.440 ( 12241      0)    64.822 (  8831      0)
"prim_advance_exp"                 28800    28800 2.592000e+08   2.373608e+06   106.405 ( 12241      0)    64.786 (  8831      0)
"U3-5stage_timestep"               28800    28800 2.592000e+08   1.216663e+06    65.236 ( 27601      0)    30.641 ( 20132      0)
"compute_and_apply_rhs"            28800    28800 1.296000e+09   1.212401e+06    65.093 ( 27601      0)    30.482 ( 20132      0)
"caar_bexchV"                      28800    28800 1.296000e+09   9.710843e+05    56.457 ( 27601      0)    21.896 ( 20132      0)
"advance_hypervis_dp"              28800    28800 2.592000e+08   1.156186e+06    48.436 ( 12124      0)    32.792 (  8829      0)
"biwkdp3d_bexchV"                  28800    28800 7.776000e+08   4.613947e+05    21.759 ( 12124      0)    12.328 (  8836      0)
"ahdp_bexchV2"                     28800    28800 7.776000e+08   4.642096e+05    21.278 ( 24683      0)    12.342 (  8829      0)
"prim_step_advec"                  28800    28800 2.592000e+08   5.795395e+06   217.757 (  8831      0)   178.369 ( 12241      0)
"PAT_remap"                        28800    28800 2.592000e+08   5.794900e+06   217.742 (  8831      0)   178.352 ( 12241      0)
"prim_advec_tracers_remap_rk2"     28800    28800 2.592000e+08   5.794058e+06   217.720 (  8831      0)   178.306 ( 12241      0)
"precomput_divdp"                  28800    28800 2.592000e+08   1.332395e+04     0.708 ( 25706      0)     0.313 ( 17508      0)
"euler_step_0"                     28800    28800 2.592000e+08   1.655575e+06    67.397 ( 27427      0)    44.443 ( 17425      0)
"bihmix_qminmax"                   28800    28800 7.776000e+08   2.615024e+06   104.249 (   120      0)    77.343 ( 13174      0)
"eus_neighbor_minmax1"             28800    28800 2.592000e+08   4.815102e+05    23.623 ( 17479      0)    11.216 ( 27290      0)
"nmm_bexchV"                       28800    28800 2.592000e+08   3.429004e+05    18.475 ( 27427      0)     6.505 ( 27290      0)
"eus_2d_advec"                     28800    28800 7.776000e+08   3.050044e+06   127.206 (  8822      0)    90.292 ( 20049      0)
"eus_bexchV"                       28800    28800 7.776000e+08   1.371018e+06    68.546 (  1129      0)    32.023 ( 11281      0)
"euler_step_1"                     28800    28800 2.592000e+08   1.093190e+06    42.389 ( 17382      0)    34.057 ( 12800      0)
"euler_step_2"                     28800    28800 2.592000e+08   2.920821e+06   111.025 (  8829      0)    87.413 ( 12241      0)
"nmm_bexchS_start"                 28800    28800 2.592000e+08   1.366184e+04     0.756 (  1536      0)     0.278 ( 18754      0)
"biwksc_bexchV"                    28800    28800 2.592000e+08   6.721070e+05    31.508 ( 20323      0)    14.398 ( 13174      0)
"nmm_bexchS_fini"                  28800    28800 2.592000e+08   2.211300e+04     1.067 ( 10503      0)     0.481 ( 18030      0)
"qdp_tavg"                         28800    28800 2.592000e+08   1.086335e+05     4.099 ( 12654      0)     3.635 ( 16418      0)
"vertical_remap"                   28800    28800 8.640000e+07   3.839232e+05    14.108 ( 12654      0)    12.901 ( 12485      0)
"vertical_remap1_1"                28800    28800 2.592000e+08   2.308994e+04     0.858 (   338      0)     0.765 ( 19825      0)
"remap_Q_ppm"                      28800    28800 7.776000e+08   3.769244e+05    13.843 ( 12654      0)    12.679 ( 12485      0)
"vertical_remap1_2"                28800    28800 2.592000e+08   2.919495e+04     1.073 ( 12654      0)     1.000 ( 13191      0)
"vertical_remap1_3"                28800    28800 2.592000e+08   3.257661e+05    11.948 (  8508      0)    10.933 ( 12485      0)
"prim_run_subcyle_diags"           28800    28800 8.640000e+07   1.188995e+05     5.458 (   350      0)     2.935 ( 21201      0)
"t_prf"                                0        0 0.000000e+00   0.000000e+00     0.000 (     0      0)     0.000 (     0      0)

10940624
