LAST_GIT_COMMIT_SHA:STRING=4790f40f2fb6acbc051ce4c988681a628c18e83d

***** GLOBAL STATISTICS (   384 MPI TASKS) *****

$Id: gptl.c,v 1.157 2011-03-28 20:55:18 rosinski Exp $
'count' is cumulative. All other stats are max/min
name                               processes  threads        count      walltotal   wallmax (proc   thrd  )   wallmin (proc   thrd  )
Total                                    384      384 3.840000e+02   3.447969e+04    89.794 (   352      0)    89.780 (   237      0)
prim_init1                               384      384 3.840000e+02   3.822974e+01     0.101 (   223      0)     0.099 (    66      0)
repro_sum_int                            384      384 1.728000e+04   4.299838e+00     0.023 (     8      0)     0.005 (   186      0)
prim_init2                               384      384 3.840000e+02   4.159650e+01     0.119 (   246      0)     0.102 (    34      0)
prim_printstate                          384      384 3.840000e+02   5.502272e+00     0.017 (     0      0)     0.014 (   201      0)
interp_movie_output                      384      384 7.680000e+02   8.969140e-02     0.000 (   148      0)     0.000 (    67      0)
prim_main_loop                           384      384 3.840000e+02   3.428601e+04    89.290 (   352      0)    89.276 (   237      0)
prim_run                                 384      384 7.680000e+04   3.428572e+04    89.290 (   352      0)    89.275 (   237      0)
tl-sc prim_run_subcycle_c                384      384 7.680000e+04   3.427942e+04    89.274 (   315      0)    89.262 (    80      0)
tl-sc dp3d-from-ps                       384      384 7.680000e+04   4.291568e+00     0.015 (   360      0)     0.008 (   197      0)
tl-sc prim_step-loop                     384      384 7.680000e+04   3.206659e+04    83.739 (   197      0)    83.331 (   360      0)
tl-s prim_step                           384      384 2.304000e+05   3.206587e+04    83.738 (   197      0)    83.328 (   360      0)
tl-s deep_copy+derived_dp                384      384 2.304000e+05   7.685420e+01     0.273 (   360      0)     0.113 (   197      0)
tl-s prim_advance_exp-loop               384      384 2.304000e+05   3.785642e+03    12.935 (   209      0)     8.099 (   352      0)
tl-ae prim_advance_exp                   384      384 2.304000e+05   3.784718e+03    12.933 (   209      0)     8.097 (   352      0)
tl-ae U3-5stage_timestep                 384      384 2.304000e+05   2.253420e+03     9.160 (   209      0)     4.375 (   227      0)
caar compute                             384      384 1.152000e+06   9.911220e+02     2.853 (   360      0)     2.351 (   197      0)
caar_bexchV                              384      384 1.152000e+06   1.213309e+03     6.318 (   209      0)     1.742 (   368      0)
tl-ae advance_hypervis_dp                384      384 2.304000e+05   1.530123e+03     4.819 (    56      0)     3.530 (   336      0)
hvf-bhwk                                 384      384 6.912000e+05   9.453439e+02     3.448 (   173      0)     2.216 (   116      0)
hvf-bexch                                384      384 1.382400e+06   6.831378e+02     2.635 (    56      0)     1.256 (   352      0)
tl-s prim_advec_tracers_remap            384      384 2.304000e+05   2.820162e+04    75.303 (   352      0)    70.228 (   209      0)
tl-at prim_advec_tracers_remap_RK2       384      384 2.304000e+05   2.820050e+04    75.300 (   352      0)    70.224 (   209      0)
tl-at precompute_divdp                   384      384 2.304000e+05   5.818804e+01     0.197 (   252      0)     0.073 (   213      0)
tl-at esf-0                              384      384 2.304000e+05   8.212498e+03    23.479 (   252      0)    18.892 (   209      0)
tl-at esf-1                              384      384 2.304000e+05   6.110822e+03    16.499 (   290      0)    15.419 (   321      0)
tl-at esf-2                              384      384 2.304000e+05   1.294607e+04    35.216 (   216      0)    32.431 (   233      0)
tl-at qdp_time_avg                       384      384 2.304000e+05   8.662241e+02     2.660 (   375      0)     1.566 (   197      0)
tl-sc vertical_remap                     384      384 7.680000e+04   1.876611e+03     5.113 (   209      0)     4.723 (   197      0)
Remap Thickness Functor                  384      384 7.680000e+04   1.928761e+01     0.064 (    82      0)     0.035 (   186      0)
Remap Scale States Functor               384      384 7.680000e+04   1.271741e+01     0.051 (   360      0)     0.015 (    90      0)
Remap Compute Grids Functor              384      384 7.680000e+04   1.116187e+02     0.441 (   210      0)     0.178 (    90      0)
Remap Compute Remap Functor              384      384 7.680000e+04   1.716686e+03     4.570 (    63      0)     4.420 (   181      0)
Remap Rescale States Functor             384      384 7.680000e+04   1.425426e+01     0.049 (   187      0)     0.033 (   204      0)
tl-sc Q-from-qdp                         384      384 7.680000e+04   3.309773e+02     0.922 (   382      0)     0.744 (   210      0)
t_prf                                      0        0 0.000000e+00   0.000000e+00     0.000 (     0      0)     0.000 (     0      0)

