LAST_GIT_COMMIT_SHA:STRING=adf77c97ed8425a245449f2582d2441f4b72da1e
10940587

***** GLOBAL STATISTICS (  2560 MPI TASKS) *****

$Id: gptl.c,v 1.157 2011-03-28 20:55:18 rosinski Exp $
'count' is cumulative. All other stats are max/min
name                           processes  threads        count      walltotal   wallmax (proc   thrd  )   wallmin (proc   thrd  )
"Total"                             2560     2560 2.560000e+03   6.411022e+05   250.447 (   768      0)   250.410 (  1479      0)
"prim_init1"                        2560     2560 2.560000e+03   1.162632e+03     0.460 (   554      0)     0.441 (  1967      0)
"PartitioningTime"                  2560     2560 2.560000e+03   8.430756e+00     0.004 (  1939      0)     0.002 (   472      0)
"repro_sum_int"                     2560     2560 1.152000e+05   2.539294e+02     0.237 (  1707      0)     0.015 (  2037      0)
"prim_init2"                        2560     2560 2.560000e+03   5.180179e+02     0.340 (  2366      0)     0.121 (    36      0)
"prim_printstate"                   2560     2560 2.560000e+03   6.269835e+01     0.027 (  1198      0)     0.022 (  2431      0)
"interp_movie_output"               2560     2560 5.120000e+03   2.472539e+00     0.002 (  1357      0)     0.001 (   756      0)
"prim_main_loop"                    2560     2560 2.560000e+03   6.325582e+05   247.109 (   768      0)   247.076 (  1524      0)
"prim_run"                          2560     2560 1.367040e+06   6.325534e+05   247.107 (   772      0)   247.074 (  1524      0)
"ApplyCAMForcing"                   2560     2560 1.367040e+06   7.222249e+03     3.441 (  2356      0)     1.726 (  2455      0)
"prim_step_rX"                      2560     2560 4.101120e+06   5.820288e+05   229.001 (   884      0)   226.260 (  1727      0)
"prim_step_dyn"                     2560     2560 4.101120e+06   8.937134e+04    53.393 (  2455      0)    27.941 (  2336      0)
"prim_advance_exp"                  2560     2560 4.101120e+06   8.934859e+04    53.385 (  2455      0)    27.933 (  2336      0)
"U3-5stage_timestep"                2560     2560 4.101120e+06   5.299855e+04    40.373 (  2455      0)    14.416 (  2337      0)
"compute_and_apply_rhs"             2560     2560 2.050560e+07   5.230814e+04    40.113 (  2455      0)    14.103 (  2337      0)
"caar_bexchV"                       2560     2560 2.050560e+07   3.013274e+04    31.190 (  2455      0)     5.452 (  2336      0)
"advance_hypervis_dp"               2560     2560 4.101120e+06   3.632563e+04    16.810 (  1310      0)    11.644 (   730      0)
"biwkdp3d_bexchV"                   2560     2560 1.230336e+07   8.190391e+03     5.402 (  2550      0)     2.047 (  2116      0)
"ahdp_bexchV2"                      2560     2560 1.230336e+07   8.650312e+03     5.569 (  1329      0)     2.042 (   730      0)
"prim_step_advec"                   2560     2560 4.101120e+06   4.911465e+05   198.215 (   564      0)   175.145 (  2455      0)
"PAT_remap"                         2560     2560 4.101120e+06   4.911325e+05   198.210 (   564      0)   175.140 (  2455      0)
"prim_advec_tracers_remap_rk2"      2560     2560 4.101120e+06   4.911131e+05   198.203 (   564      0)   175.133 (  2455      0)
"precomput_divdp"                   2560     2560 4.101120e+06   1.177006e+03     0.600 (  2463      0)     0.243 (  2021      0)
"euler_step_0"                      2560     2560 4.101120e+06   1.370133e+05    59.053 (  2143      0)    42.982 (  2187      0)
"bihmix_qminmax"                    2560     2560 1.230336e+07   2.353227e+05    98.902 (   565      0)    80.020 (  2004      0)
"eus_neighbor_minmax1"              2560     2560 4.101120e+06   3.734478e+04    18.773 (   612      0)     8.714 (  2004      0)
"nmm_bexchV"                        2560     2560 4.101120e+06   2.087144e+04    12.062 (   612      0)     3.827 (  2004      0)
"eus_2d_advec"                      2560     2560 1.230336e+07   2.416882e+05   108.547 (   357      0)    81.175 (  1896      0)
"eus_bexchV"                        2560     2560 1.230336e+07   8.241371e+04    45.468 (   357      0)    20.745 (  1896      0)
"euler_step_1"                      2560     2560 4.101120e+06   9.583411e+04    40.187 (  1174      0)    35.243 (  2162      0)
"euler_step_2"                      2560     2560 4.101120e+06   2.443315e+05   100.528 (   776      0)    87.561 (   617      0)
"nmm_bexchS_start"                  2560     2560 4.101120e+06   2.672627e+02     0.162 (  1888      0)     0.057 (   360      0)
"biwksc_bexchV"                     2560     2560 4.101120e+06   3.369234e+04    17.646 (  1183      0)     8.320 (  1915      0)
"nmm_bexchS_fini"                   2560     2560 4.101120e+06   6.689359e+03     3.259 (   192      0)     1.912 (  1208      0)
"qdp_tavg"                          2560     2560 4.101120e+06   1.268246e+04     6.173 (  2340      0)     3.456 (  1183      0)
"vertical_remap"                    2560     2560 1.367040e+06   3.054508e+04    12.483 (  2118      0)    11.721 (    52      0)
"vertical_remap1_1"                 2560     2560 2.050560e+07   1.712772e+03     0.700 (  2118      0)     0.658 (   565      0)
"remap_Q_ppm"                       2560     2560 6.151680e+07   3.002994e+04    12.259 (  2118      0)    11.531 (    52      0)
"vertical_remap1_2"                 2560     2560 2.050560e+07   2.283124e+03     0.927 (  2112      0)     0.884 (    52      0)
"vertical_remap1_3"                 2560     2560 2.050560e+07   2.609636e+04    10.661 (  2118      0)    10.010 (    52      0)
"prim_run_subcyle_diags"            2560     2560 1.367040e+06   1.101289e+04     5.296 (  1857      0)     3.435 (  2455      0)
"t_prf"                                0        0 0.000000e+00   0.000000e+00     0.000 (     0      0)     0.000 (     0      0)

10940587
