LAST_GIT_COMMIT_SHA:STRING=4790f40f2fb6acbc051ce4c988681a628c18e83d

***** GLOBAL STATISTICS ( 28800 MPI TASKS) *****

$Id: gptl.c,v 1.157 2011-03-28 20:55:18 rosinski Exp $
'count' is cumulative. All other stats are max/min
name                               processes  threads        count      walltotal   wallmax (proc   thrd  )   wallmin (proc   thrd  )
Total                                  28800    28800 2.880000e+04   8.649574e+06   300.535 (   456      0)   300.195 ( 28027      0)
prim_init1                             28800    28800 2.880000e+04   9.917315e+04     3.696 (   427      0)     3.198 ( 25894      0)
repro_sum_int                          28800    28800 1.296000e+06   1.926979e+04     2.435 (    17      0)     0.089 ( 13207      0)
prim_init2                             28800    28800 2.880000e+04   7.407618e+04     4.028 (    21      0)     1.253 ( 21796      0)
prim_printstate                        28800    28800 2.880000e+04   6.871584e+03     0.297 ( 22297      0)     0.181 ( 15472      0)
interp_movie_output                    28800    28800 5.760000e+04   2.251335e+02     0.082 (   662      0)     0.000 ( 19795      0)
prim_main_loop                         28800    28800 2.880000e+04   8.286069e+06   287.802 (  5947      0)   287.483 ( 19109      0)
prim_run                               28800    28800 8.640000e+07   8.285279e+06   287.798 (  5940      0)   287.466 ( 19104      0)
tl-sc prim_run_subcycle_c              28800    28800 8.640000e+07   8.283509e+06   287.722 (  4051      0)   287.431 ( 13912      0)
tl-sc dp3d-from-ps                     28800    28800 8.640000e+07   9.614149e+02     0.113 (  2288      0)     0.020 (  5940      0)
tl-sc prim_step-loop                   28800    28800 8.640000e+07   7.830027e+06   272.579 ( 20982      0)   270.902 (   326      0)
tl-s prim_step                         28800    28800 2.592000e+08   7.829562e+06   272.567 ( 19825      0)   270.879 (   326      0)
tl-s deep_copy+derived_dp              28800    28800 2.592000e+08   1.413468e+04     0.719 ( 14289      0)     0.333 ( 22528      0)
tl-s prim_advance_exp-loop             28800    28800 2.592000e+08   1.962755e+06    91.329 (   946      0)    43.987 (  3960      0)
tl-ae prim_advance_exp                 28800    28800 2.592000e+08   1.961962e+06    91.309 (   946      0)    43.969 (  3960      0)
tl-ae U3-5stage_timestep               28800    28800 2.592000e+08   9.910464e+05    53.774 (   975      0)    20.516 ( 16935      0)
caar compute                           28800    28800 1.296000e+09   1.894787e+05     7.385 (  8508      0)     6.159 ( 11596      0)
caar_bexchV                            28800    28800 1.296000e+09   7.929367e+05    46.624 (   975      0)    13.813 ( 16935      0)
tl-ae advance_hypervis_dp              28800    28800 2.592000e+08   9.701852e+05    49.524 (  2537      0)    22.384 (  3962      0)
hvf-bhwk                               28800    28800 7.776000e+08   5.275104e+05    30.468 (  2522      0)    12.574 (  1901      0)
hvf-bexch                              28800    28800 1.555200e+09   7.938505e+05    43.397 (  2537      0)    16.292 (  3988      0)
tl-s prim_advec_tracers_remap          28800    28800 2.592000e+08   5.851268e+06   227.535 (  3960      0)   179.921 (   946      0)
tl-at prim_advec_tracers_remap_RK2     28800    28800 2.592000e+08   5.850536e+06   227.512 (  3960      0)   179.898 (   946      0)
tl-at precompute_divdp                 28800    28800 2.592000e+08   9.793729e+03     0.642 (  3875      0)     0.201 (  6468      0)
tl-at esf-0                            28800    28800 2.592000e+08   1.679945e+06    71.153 (  3955      0)    47.460 (  3985      0)
tl-at esf-1                            28800    28800 2.592000e+08   1.146784e+06    47.723 (  3921      0)    35.272 ( 13136      0)
tl-at esf-2                            28800    28800 2.592000e+08   2.894911e+06   118.500 (  3985      0)    81.181 (   956      0)
tl-at qdp_time_avg                     28800    28800 2.592000e+08   1.151822e+05     4.644 ( 22308      0)     3.620 (  6494      0)
tl-sc vertical_remap                   28800    28800 8.640000e+07   3.929422e+05    14.555 (   326      0)    12.912 ( 12977      0)
Remap Thickness Functor                28800    28800 8.640000e+07   5.794698e+03     0.329 (  7189      0)     0.110 (  6686      0)
Remap Scale States Functor             28800    28800 8.640000e+07   2.415091e+03     0.179 ( 26071      0)     0.041 (  6506      0)
Remap Compute Grids Functor            28800    28800 8.640000e+07   1.853496e+04     0.913 (  6559      0)     0.498 (  6686      0)
Remap Compute Remap Functor            28800    28800 8.640000e+07   3.583981e+05    13.141 (  2655      0)    11.930 ( 20982      0)
Remap Rescale States Functor           28800    28800 8.640000e+07   2.730742e+03     0.100 (  5440      0)     0.093 ( 13422      0)
tl-sc Q-from-qdp                       28800    28800 8.640000e+07   5.908219e+04     2.198 (  3680      0)     2.014 ( 24061      0)
t_prf                                      0        0 0.000000e+00   0.000000e+00     0.000 (     0      0)     0.000 (     0      0)

