LAST_GIT_COMMIT_SHA:STRING=adf77c97ed8425a245449f2582d2441f4b72da1e
10940583

***** GLOBAL STATISTICS (   960 MPI TASKS) *****

$Id: gptl.c,v 1.157 2011-03-28 20:55:18 rosinski Exp $
'count' is cumulative. All other stats are max/min
name                           processes  threads        count      walltotal   wallmax (proc   thrd  )   wallmin (proc   thrd  )
"Total"                              960      960 9.600000e+02   2.443597e+05   254.571 (   866      0)   254.513 (   116      0)
"prim_init1"                         960      960 9.600000e+02   3.545085e+02     0.371 (   730      0)     0.362 (   464      0)
"PartitioningTime"                   960      960 9.600000e+02   2.972420e+00     0.004 (    22      0)     0.002 (   814      0)
"repro_sum_int"                      960      960 4.320000e+04   6.537438e+01     0.356 (    78      0)     0.008 (   806      0)
"prim_init2"                         960      960 9.600000e+02   1.361016e+02     0.430 (   345      0)     0.082 (   806      0)
"prim_printstate"                    960      960 9.600000e+02   1.566322e+01     0.019 (     0      0)     0.016 (   140      0)
"interp_movie_output"                960      960 1.920000e+03   4.523389e-01     0.001 (   242      0)     0.000 (   396      0)
"prim_main_loop"                     960      960 9.600000e+02   2.411187e+05   251.194 (   866      0)   251.137 (   116      0)
"prim_run"                           960      960 1.920000e+05   2.411180e+05   251.193 (   866      0)   251.136 (   116      0)
"ApplyCAMForcing"                    960      960 1.920000e+05   3.283497e+03     4.130 (    90      0)     2.299 (   115      0)
"prim_step_rX"                       960      960 5.760000e+05   2.215298e+05   232.532 (   115      0)   229.578 (   471      0)
"prim_step_dyn"                      960      960 5.760000e+05   4.256906e+04    53.865 (   115      0)    39.697 (   866      0)
"prim_advance_exp"                   960      960 5.760000e+05   4.256452e+04    53.859 (   115      0)    39.693 (   866      0)
"U3-5stage_timestep"                 960      960 5.760000e+05   2.149359e+04    31.744 (   115      0)    18.139 (   866      0)
"compute_and_apply_rhs"              960      960 2.880000e+06   2.117721e+04    31.407 (   115      0)    17.695 (   866      0)
"caar_bexchV"                        960      960 2.880000e+06   1.114473e+04    21.282 (   115      0)     5.534 (   866      0)
"advance_hypervis_dp"                960      960 5.760000e+05   2.106504e+04    24.124 (   496      0)    20.109 (   239      0)
"biwkdp3d_bexchV"                    960      960 1.728000e+06   5.361707e+03     8.137 (   166      0)     3.001 (   882      0)
"ahdp_bexchV2"                       960      960 1.728000e+06   5.590611e+03     8.612 (   102      0)     3.449 (   884      0)
"prim_step_advec"                    960      960 5.760000e+05   1.783097e+05   190.037 (   866      0)   177.852 (   115      0)
"PAT_remap"                          960      960 5.760000e+05   1.783076e+05   190.035 (   866      0)   177.849 (   115      0)
"prim_advec_tracers_remap_rk2"       960      960 5.760000e+05   1.783044e+05   190.032 (   866      0)   177.845 (   115      0)
"precomput_divdp"                    960      960 5.760000e+05   4.132798e+02     0.532 (   295      0)     0.244 (   309      0)
"euler_step_0"                       960      960 5.760000e+05   4.917009e+04    54.455 (   704      0)    47.512 (   853      0)
"bihmix_qminmax"                     960      960 1.728000e+06   8.476831e+04    93.889 (   610      0)    82.368 (   184      0)
"eus_neighbor_minmax1"               960      960 5.760000e+05   1.313458e+04    16.256 (   381      0)    11.440 (   835      0)
"nmm_bexchV"                         960      960 5.760000e+05   6.317139e+03     9.014 (   842      0)     4.450 (   882      0)
"eus_2d_advec"                       960      960 1.728000e+06   8.739275e+04    97.834 (   835      0)    84.376 (   339      0)
"eus_bexchV"                         960      960 1.728000e+06   2.354492e+04    30.400 (   333      0)    19.142 (   305      0)
"euler_step_1"                       960      960 5.760000e+05   3.512605e+04    38.948 (   429      0)    34.928 (   908      0)
"euler_step_2"                       960      960 5.760000e+05   8.789240e+04    94.935 (   577      0)    84.712 (   115      0)
"nmm_bexchS_start"                   960      960 5.760000e+05   3.862043e+01     0.060 (   772      0)     0.025 (    43      0)
"biwksc_bexchV"                      960      960 5.760000e+05   8.657092e+03    12.742 (   567      0)     5.572 (   184      0)
"nmm_bexchS_fini"                    960      960 5.760000e+05   3.367514e+03     4.173 (   448      0)     2.896 (   348      0)
"qdp_tavg"                           960      960 5.760000e+05   5.689530e+03     7.037 (   871      0)     4.205 (   189      0)
"vertical_remap"                     960      960 1.920000e+05   1.135562e+04    12.069 (   212      0)    11.678 (   186      0)
"vertical_remap1_1"                  960      960 7.680000e+06   6.363801e+02     0.677 (    13      0)     0.656 (   362      0)
"remap_Q_ppm"                        960      960 2.304000e+07   1.117453e+04    11.857 (   212      0)    11.498 (   186      0)
"vertical_remap1_2"                  960      960 7.680000e+06   8.498947e+02     0.894 (   193      0)     0.880 (   250      0)
"vertical_remap1_3"                  960      960 7.680000e+06   9.710090e+03    10.323 (   212      0)     9.982 (   186      0)
"prim_run_subcyle_diags"             960      960 1.920000e+05   4.223340e+03     5.356 (   189      0)     3.680 (   115      0)
"t_prf"                                0        0 0.000000e+00   0.000000e+00     0.000 (     0      0)     0.000 (     0      0)

10940583
