LAST_GIT_COMMIT_SHA:STRING=4790f40f2fb6acbc051ce4c988681a628c18e83d

***** GLOBAL STATISTICS (  3072 MPI TASKS) *****

$Id: gptl.c,v 1.157 2011-03-28 20:55:18 rosinski Exp $
'count' is cumulative. All other stats are max/min
name                               processes  threads        count      walltotal   wallmax (proc   thrd  )   wallmin (proc   thrd  )
Total                                   3072     3072 3.072000e+03   2.834191e+05    92.283 (   933      0)    92.235 (   575      0)
prim_init1                              3072     3072 3.072000e+03   1.937564e+03     0.707 (   357      0)     0.596 (  1527      0)
repro_sum_int                           3072     3072 1.382400e+05   3.562863e+02     0.544 (     8      0)     0.023 (    81      0)
prim_init2                              3072     3072 3.072000e+03   1.534586e+03     0.927 (     4      0)     0.360 (    86      0)
prim_printstate                         3072     3072 3.072000e+03   1.625569e+02     0.070 (     2      0)     0.045 (  1008      0)
interp_movie_output                     3072     3072 6.144000e+03   7.938905e+00     0.004 (  1120      0)     0.001 (  2640      0)
prim_main_loop                          3072     3072 3.072000e+03   2.772792e+05    90.272 (  2129      0)    90.251 (   383      0)
prim_run                                3072     3072 4.915200e+06   2.772657e+05    90.268 (  2133      0)    90.247 (   490      0)
tl-sc prim_run_subcycle_c               3072     3072 4.915200e+06   2.772119e+05    90.244 (  1835      0)    90.229 (   490      0)
tl-sc dp3d-from-ps                      3072     3072 4.915200e+06   3.401898e+01     0.016 (  2944      0)     0.008 (  2085      0)
tl-sc prim_step-loop                    3072     3072 4.915200e+06   2.600325e+05    84.773 (  1288      0)    84.345 (  1658      0)
tl-s prim_step                          3072     3072 1.474560e+07   2.600062e+05    84.767 (  1288      0)    84.333 (  1658      0)
tl-s deep_copy+derived_dp               3072     3072 1.474560e+07   5.749863e+02     0.266 (    26      0)     0.135 (  1824      0)
tl-s prim_advance_exp-loop              3072     3072 1.474560e+07   6.402261e+04    26.275 (  1251      0)    14.809 (   757      0)
tl-ae prim_advance_exp                  3072     3072 1.474560e+07   6.399132e+04    26.264 (  1251      0)    14.800 (   757      0)
tl-ae U3-5stage_timestep                3072     3072 1.474560e+07   3.488620e+04    16.457 (  2630      0)     6.892 (  1621      0)
caar compute                            3072     3072 7.372800e+07   7.128277e+03     2.542 (  2564      0)     2.198 (  2645      0)
caar_bexchV                             3072     3072 7.372800e+07   2.740364e+04    13.938 (  2630      0)     4.477 (  1621      0)
tl-ae advance_hypervis_dp               3072     3072 1.474560e+07   2.906888e+04    13.106 (  2590      0)     7.173 (  1766      0)
hvf-bhwk                                3072     3072 4.423680e+07   1.631116e+04     7.780 (  2575      0)     4.106 (  1765      0)
hvf-bexch                               3072     3072 8.847360e+07   2.237408e+04    10.883 (  2590      0)     5.012 (  1766      0)
tl-s prim_advec_tracers_remap           3072     3072 1.474560e+07   1.953375e+05    69.668 (   757      0)    58.104 (  1251      0)
tl-at prim_advec_tracers_remap_RK2      3072     3072 1.474560e+07   1.953017e+05    69.658 (   757      0)    58.091 (  1251      0)
tl-at precompute_divdp                  3072     3072 1.474560e+07   3.729854e+02     0.203 (   856      0)     0.070 (  2228      0)
tl-at esf-0                             3072     3072 1.474560e+07   6.306026e+04    24.177 (  1725      0)    16.602 (  2500      0)
tl-at esf-1                             3072     3072 1.474560e+07   3.675070e+04    13.208 (  1724      0)    10.286 (  1309      0)
tl-at esf-2                             3072     3072 1.474560e+07   9.075427e+04    34.550 (  1820      0)    26.414 (   269      0)
tl-at qdp_time_avg                      3072     3072 1.474560e+07   4.203380e+03     1.502 (  2562      0)     1.279 (   127      0)
tl-sc vertical_remap                    3072     3072 4.915200e+06   1.491592e+04     5.154 (  1658      0)     4.727 (  2311      0)
Remap Thickness Functor                 3072     3072 4.915200e+06   1.796048e+02     0.088 (   185      0)     0.041 (  1759      0)
Remap Scale States Functor              3072     3072 4.915200e+06   8.002472e+01     0.043 (   922      0)     0.016 (  1751      0)
Remap Compute Grids Functor             3072     3072 4.915200e+06   6.647298e+02     0.286 (  2564      0)     0.179 (  1909      0)
Remap Compute Remap Functor             3072     3072 4.915200e+06   1.376354e+04     4.746 (  1642      0)     4.388 (  2311      0)
Remap Rescale States Functor            3072     3072 4.915200e+06   1.040341e+02     0.035 (  2656      0)     0.033 (   559      0)
tl-sc Q-from-qdp                        3072     3072 4.915200e+06   2.204062e+03     0.751 (   256      0)     0.710 (  2222      0)
t_prf                                      0        0 0.000000e+00   0.000000e+00     0.000 (     0      0)     0.000 (     0      0)

