LAST_GIT_COMMIT_SHA:STRING=adf77c97ed8425a245449f2582d2441f4b72da1e
10940600

***** GLOBAL STATISTICS (   192 MPI TASKS) *****

$Id: gptl.c,v 1.157 2011-03-28 20:55:18 rosinski Exp $
'count' is cumulative. All other stats are max/min
name                           processes  threads        count      walltotal   wallmax (proc   thrd  )   wallmin (proc   thrd  )
"Total"                              192      192 1.920000e+02   5.549510e+04   289.190 (    98      0)   288.843 (    37      0)
"prim_init1"                         192      192 1.920000e+02   2.231011e+02     1.166 (   133      0)     1.155 (    35      0)
"PartitioningTime"                   192      192 1.920000e+02   1.025245e+00     0.007 (    96      0)     0.004 (    97      0)
"repro_sum_int"                      192      192 8.640000e+03   2.465905e+00     0.019 (   177      0)     0.007 (   126      0)
"prim_init2"                         192      192 1.920000e+02   1.573719e+02     0.833 (     0      0)     0.817 (    97      0)
"prim_printstate"                    192      192 1.920000e+02   3.187933e+01     0.179 (     0      0)     0.166 (   128      0)
"interp_movie_output"                192      192 3.840000e+02   3.330016e-02     0.000 (    69      0)     0.000 (    14      0)
"prim_main_loop"                     192      192 1.920000e+02   5.407956e+04   281.818 (    98      0)   281.470 (    37      0)
"prim_run"                           192      192 3.840000e+03   5.407952e+04   281.818 (    98      0)   281.470 (    37      0)
"ApplyCAMForcing"                    192      192 3.840000e+03   8.734692e+02     4.982 (   106      0)     3.465 (    36      0)
"prim_step_rX"                       192      192 1.152000e+04   4.956921e+04   259.563 (    36      0)   257.305 (   186      0)
"prim_step_dyn"                      192      192 1.152000e+04   9.321624e+03    54.490 (    24      0)    43.023 (    98      0)
"prim_advance_exp"                   192      192 1.152000e+04   9.321512e+03    54.489 (    24      0)    43.022 (    98      0)
"U3-5stage_timestep"                 192      192 1.152000e+04   4.704253e+03    31.276 (    24      0)    20.021 (    32      0)
"compute_and_apply_rhs"              192      192 5.760000e+04   4.616664e+03    30.927 (    24      0)    19.471 (    32      0)
"caar_bexchV"                        192      192 5.760000e+04   2.168990e+03    18.896 (    24      0)     3.950 (    98      0)
"advance_hypervis_dp"                192      192 1.152000e+04   4.617112e+03    26.282 (    52      0)    22.662 (   127      0)
"biwkdp3d_bexchV"                    192      192 3.456000e+04   9.821249e+02     7.493 (    52      0)     2.163 (    96      0)
"ahdp_bexchV2"                       192      192 3.456000e+04   1.004747e+03     7.411 (    39      0)     2.500 (    96      0)
"prim_step_advec"                    192      192 1.152000e+04   4.008807e+04   214.065 (    98      0)   203.834 (    24      0)
"PAT_remap"                          192      192 1.152000e+04   4.008803e+04   214.065 (    98      0)   203.834 (    24      0)
"prim_advec_tracers_remap_rk2"       192      192 1.152000e+04   4.008794e+04   214.064 (    98      0)   203.833 (    24      0)
"precomput_divdp"                    192      192 1.152000e+04   9.111090e+01     0.575 (    59      0)     0.245 (    76      0)
"euler_step_0"                       192      192 1.152000e+04   1.106710e+04    59.488 (    37      0)    55.033 (   189      0)
"bihmix_qminmax"                     192      192 3.456000e+04   1.919504e+04   102.972 (   122      0)    95.008 (   181      0)
"eus_neighbor_minmax1"               192      192 1.152000e+04   2.888522e+03    17.683 (    26      0)    12.959 (    14      0)
"nmm_bexchV"                         192      192 1.152000e+04   1.236370e+03     8.087 (    36      0)     4.455 (    41      0)
"eus_2d_advec"                       192      192 3.456000e+04   1.939681e+04   109.523 (   181      0)    94.018 (    24      0)
"eus_bexchV"                         192      192 3.456000e+04   4.631665e+03    33.880 (   181      0)    18.081 (   160      0)
"euler_step_1"                       192      192 1.152000e+04   7.871807e+03    42.811 (    26      0)    39.411 (    37      0)
"euler_step_2"                       192      192 1.152000e+04   1.965359e+04   106.415 (   126      0)    97.421 (    24      0)
"nmm_bexchS_start"                   192      192 1.152000e+04   7.555375e-01     0.006 (   159      0)     0.002 (    57      0)
"biwksc_bexchV"                      192      192 1.152000e+04   1.512776e+03     9.343 (    41      0)     6.625 (   173      0)
"nmm_bexchS_fini"                    192      192 1.152000e+04   9.268017e+02     5.423 (   108      0)     3.810 (    91      0)
"qdp_tavg"                           192      192 1.152000e+04   1.404000e+03     8.463 (    37      0)     4.335 (   181      0)
"vertical_remap"                     192      192 3.840000e+03   2.551592e+03    13.592 (    37      0)    13.073 (   146      0)
"vertical_remap1_1"                  192      192 1.728000e+06   1.427829e+02     0.751 (    37      0)     0.738 (    15      0)
"remap_Q_ppm"                        192      192 5.184000e+06   2.512675e+03    13.353 (    37      0)    12.876 (   146      0)
"vertical_remap1_2"                  192      192 1.728000e+06   1.921194e+02     1.008 (     4      0)     0.994 (    62      0)
"vertical_remap1_3"                  192      192 1.728000e+06   2.182385e+03    11.626 (    37      0)    11.166 (   146      0)
"prim_run_subcyle_diags"             192      192 3.840000e+03   9.076044e+02     6.189 (    91      0)     4.214 (    37      0)
"t_prf"                                0        0 0.000000e+00   0.000000e+00     0.000 (     0      0)     0.000 (     0      0)

10940600
