LAST_GIT_COMMIT_SHA:STRING=adf77c97ed8425a245449f2582d2441f4b72da1e
10940554

***** GLOBAL STATISTICS (    64 MPI TASKS) *****

$Id: gptl.c,v 1.157 2011-03-28 20:55:18 rosinski Exp $
'count' is cumulative. All other stats are max/min
name                           processes  threads        count      walltotal   wallmax (proc   thrd  )   wallmin (proc   thrd  )
"Total"                               64       64 6.400000e+01   2.071168e+04   323.643 (     0      0)   323.568 (    63      0)
"prim_init1"                          64       64 6.400000e+01   4.199297e+01     0.657 (    63      0)     0.654 (    58      0)
"PartitioningTime"                    64       64 6.400000e+01   1.304817e-01     0.003 (    16      0)     0.001 (    33      0)
"repro_sum_int"                       64       64 2.880000e+03   3.818636e-01     0.009 (    35      0)     0.004 (     0      0)
"prim_init2"                          64       64 6.400000e+01   4.391654e+01     0.690 (     0      0)     0.685 (     8      0)
"prim_printstate"                     64       64 6.400000e+01   8.368482e+00     0.136 (     0      0)     0.131 (    23      0)
"interp_movie_output"                 64       64 1.280000e+02   1.310921e-02     0.000 (    27      0)     0.000 (    43      0)
"prim_main_loop"                      64       64 6.400000e+01   2.054434e+04   321.028 (     0      0)   320.953 (    63      0)
"prim_run"                            64       64 1.728000e+03   2.054433e+04   321.028 (     0      0)   320.953 (    63      0)
"ApplyCAMForcing"                     64       64 1.728000e+03   3.626141e+02     5.799 (    44      0)     5.178 (    63      0)
"prim_step_rX"                        64       64 5.184000e+03   1.879019e+04   294.609 (    43      0)   293.126 (    34      0)
"prim_step_dyn"                       64       64 5.184000e+03   3.266197e+03    53.983 (    43      0)    49.625 (     0      0)
"prim_advance_exp"                    64       64 5.184000e+03   3.266149e+03    53.983 (    43      0)    49.625 (     0      0)
"U3-5stage_timestep"                  64       64 5.184000e+03   1.592133e+03    27.994 (    63      0)    23.459 (     0      0)
"compute_and_apply_rhs"               64       64 2.592000e+04   1.541735e+03    27.629 (    63      0)    22.633 (     0      0)
"caar_bexchV"                         64       64 2.592000e+04   4.300248e+02    11.301 (    43      0)     4.582 (     0      0)
"advance_hypervis_dp"                 64       64 5.184000e+03   1.673943e+03    26.820 (    54      0)    25.583 (    41      0)
"biwkdp3d_bexchV"                     64       64 1.555200e+04   2.031600e+02     4.254 (    54      0)     2.472 (     0      0)
"ahdp_bexchV2"                        64       64 1.555200e+04   2.475523e+02     5.794 (    43      0)     2.850 (     4      0)
"prim_step_advec"                     64       64 5.184000e+03   1.545610e+04   242.634 (     0      0)   239.430 (    63      0)
"PAT_remap"                           64       64 5.184000e+03   1.545608e+04   242.634 (     0      0)   239.430 (    63      0)
"prim_advec_tracers_remap_rk2"        64       64 5.184000e+03   1.545604e+04   242.634 (     0      0)   239.430 (    63      0)
"precomput_divdp"                     64       64 5.184000e+03   3.765941e+01     0.642 (    35      0)     0.483 (    63      0)
"euler_step_0"                        64       64 5.184000e+03   4.274329e+03    67.555 (     0      0)    65.341 (    63      0)
"bihmix_qminmax"                      64       64 1.555200e+04   7.440809e+03   117.435 (    17      0)   114.107 (    35      0)
"eus_neighbor_minmax1"                64       64 5.184000e+03   1.114767e+03    18.077 (    42      0)    16.771 (    39      0)
"nmm_bexchV"                          64       64 5.184000e+03   4.637956e+02     7.602 (    41      0)     6.572 (    43      0)
"eus_2d_advec"                        64       64 1.555200e+04   7.396051e+03   118.517 (    35      0)   112.309 (    63      0)
"eus_bexchV"                          64       64 1.555200e+04   1.778502e+03    32.480 (    35      0)    22.522 (    43      0)
"euler_step_1"                        64       64 5.184000e+03   3.023261e+03    47.655 (    61      0)    46.675 (    53      0)
"euler_step_2"                        64       64 5.184000e+03   7.539537e+03   118.599 (     3      0)   116.598 (    43      0)
"nmm_bexchS_start"                    64       64 5.184000e+03   3.243580e-01     0.008 (    31      0)     0.004 (     1      0)
"biwksc_bexchV"                       64       64 5.184000e+03   6.056661e+02     9.949 (    17      0)     8.717 (    43      0)
"nmm_bexchS_fini"                     64       64 5.184000e+03   3.923752e+02     6.440 (     6      0)     5.672 (    35      0)
"qdp_tavg"                            64       64 5.184000e+03   5.810967e+02     9.331 (    17      0)     8.309 (    35      0)
"vertical_remap"                      64       64 1.728000e+03   9.822538e+02    15.473 (    43      0)    15.216 (    47      0)
"vertical_remap1_1"                   64       64 6.635520e+05   5.495739e+01     0.863 (    31      0)     0.853 (    37      0)
"remap_Q_ppm"                         64       64 1.990656e+06   9.675632e+02    15.226 (    43      0)    14.991 (    47      0)
"vertical_remap1_2"                   64       64 6.635520e+05   7.376939e+01     1.156 (    17      0)     1.146 (    35      0)
"vertical_remap1_3"                   64       64 6.635520e+05   8.405866e+02    13.239 (    43      0)    13.015 (    47      0)
"prim_run_subcyle_diags"              64       64 1.728000e+03   3.310555e+02     5.511 (    36      0)     4.915 (    43      0)
"t_prf"                                0        0 0.000000e+00   0.000000e+00     0.000 (     0      0)     0.000 (     0      0)

10940554
