LAST_GIT_COMMIT_SHA:STRING=4790f40f2fb6acbc051ce4c988681a628c18e83d

***** GLOBAL STATISTICS (  1920 MPI TASKS) *****

$Id: gptl.c,v 1.157 2011-03-28 20:55:18 rosinski Exp $
'count' is cumulative. All other stats are max/min
name                               processes  threads        count      walltotal   wallmax (proc   thrd  )   wallmin (proc   thrd  )
Total                                   1920     1920 1.920000e+03   4.621165e+05   240.703 (   585      0)   240.662 (  1012      0)
prim_init1                              1920     1920 1.920000e+03   1.044710e+03     0.558 (  1564      0)     0.522 (   958      0)
repro_sum_int                           1920     1920 8.640000e+04   2.679958e+02     0.526 (     8      0)     0.017 (  1581      0)
prim_init2                              1920     1920 1.920000e+03   7.565598e+02     0.766 (    10      0)     0.266 (   363      0)
prim_printstate                         1920     1920 1.920000e+03   7.310077e+01     0.046 (  1750      0)     0.035 (   298      0)
interp_movie_output                     1920     1920 3.840000e+03   2.492497e+00     0.003 (  1352      0)     0.001 (   402      0)
prim_main_loop                          1920     1920 1.920000e+03   4.546189e+05   236.794 (   585      0)   236.759 (  1012      0)
prim_run                                1920     1920 7.680000e+05   4.546147e+05   236.791 (   585      0)   236.757 (  1012      0)
tl-sc prim_run_subcycle_c               1920     1920 7.680000e+05   4.545709e+05   236.772 (   585      0)   236.741 (  1012      0)
tl-sc dp3d-from-ps                      1920     1920 7.680000e+05   5.256120e+01     0.037 (   309      0)     0.018 (   988      0)
tl-sc prim_step-loop                    1920     1920 7.680000e+05   4.270073e+05   222.910 (   988      0)   221.962 (  1201      0)
tl-s prim_step                          1920     1920 2.304000e+06   4.270007e+05   222.908 (   988      0)   221.957 (  1201      0)
tl-s deep_copy+derived_dp               1920     1920 2.304000e+06   9.203223e+02     0.634 (  1201      0)     0.261 (   988      0)
tl-s prim_advance_exp-loop              1920     1920 2.304000e+06   7.350469e+04    45.964 (  1879      0)    32.023 (  1370      0)
tl-ae prim_advance_exp                  1920     1920 2.304000e+06   7.349413e+04    45.958 (  1879      0)    32.018 (  1370      0)
tl-ae U3-5stage_timestep                1920     1920 2.304000e+06   3.927509e+04    27.629 (  1470      0)    15.445 (   570      0)
caar compute                            1920     1920 1.152000e+07   1.278568e+04     7.355 (  1366      0)     6.018 (  1231      0)
caar_bexchV                             1920     1920 1.152000e+07   2.588558e+04    20.410 (  1470      0)     8.504 (   570      0)
tl-ae advance_hypervis_dp               1920     1920 2.304000e+06   3.420623e+04    20.874 (  1210      0)    15.095 (   591      0)
hvf-bhwk                                1920     1920 6.912000e+06   1.908608e+04    12.910 (  1201      0)     8.400 (  1462      0)
hvf-bexch                               1920     1920 1.382400e+07   2.317113e+04    15.109 (  1210      0)     9.089 (  1372      0)
tl-s prim_advec_tracers_remap           1920     1920 2.304000e+06   3.525580e+05   190.162 (  1370      0)   175.697 (  1879      0)
tl-at prim_advec_tracers_remap_RK2      1920     1920 2.304000e+06   3.525460e+05   190.157 (  1370      0)   175.691 (  1879      0)
tl-at precompute_divdp                  1920     1920 2.304000e+06   6.642526e+02     0.462 (  1379      0)     0.171 (  1121      0)
tl-at esf-0                             1920     1920 2.304000e+06   1.020184e+05    58.382 (  1389      0)    48.641 (  1896      0)
tl-at esf-1                             1920     1920 2.304000e+06   7.661507e+04    41.617 (   927      0)    38.316 (  1116      0)
tl-at esf-2                             1920     1920 2.304000e+06   1.625909e+05    92.158 (   586      0)    80.861 (   269      0)
tl-at qdp_time_avg                      1920     1920 2.304000e+06   1.059221e+04     6.479 (  1488      0)     3.487 (   988      0)
tl-sc vertical_remap                    1920     1920 7.680000e+05   2.338796e+04    12.752 (  1239      0)    11.802 (  1446      0)
Remap Thickness Functor                 1920     1920 7.680000e+05   2.403289e+02     0.160 (  1256      0)     0.085 (   988      0)
Remap Scale States Functor              1920     1920 7.680000e+05   1.534208e+02     0.123 (  1256      0)     0.034 (   988      0)
Remap Compute Grids Functor             1920     1920 7.680000e+05   1.367691e+03     1.084 (    87      0)     0.447 (   988      0)
Remap Compute Remap Functor             1920     1920 7.680000e+05   2.142676e+04    11.452 (  1834      0)    11.054 (   611      0)
Remap Rescale States Functor            1920     1920 7.680000e+05   1.744999e+02     0.118 (   517      0)     0.081 (  1742      0)
tl-sc Q-from-qdp                        1920     1920 7.680000e+05   4.113682e+03     2.338 (   512      0)     1.902 (   559      0)
t_prf                                      0        0 0.000000e+00   0.000000e+00     0.000 (     0      0)     0.000 (     0      0)

