LAST_GIT_COMMIT_SHA:STRING=4790f40f2fb6acbc051ce4c988681a628c18e83d

***** GLOBAL STATISTICS ( 12288 MPI TASKS) *****

$Id: gptl.c,v 1.157 2011-03-28 20:55:18 rosinski Exp $
'count' is cumulative. All other stats are max/min
name                               processes  threads        count      walltotal   wallmax (proc   thrd  )   wallmin (proc   thrd  )
Total                                  12288    12288 1.228800e+04   3.830977e+06   311.849 (  6784      0)   311.694 (  4411      0)
prim_init1                             12288    12288 1.228800e+04   2.362061e+04     2.128 (  8677      0)     1.762 (  3824      0)
repro_sum_int                          12288    12288 1.265664e+06   4.940885e+03     0.897 (    28      0)     0.064 (    43      0)
prim_init2                             12288    12288 1.228800e+04   1.770090e+04     1.866 (  9355      0)     0.929 (   596      0)
prim_printstate                        12288    12288 2.457600e+04   2.012674e+03     0.215 (  7485      0)     0.123 (  4050      0)
interp_movie_output                    12288    12288 2.457600e+04   7.877041e+01     0.029 (  3844      0)     0.000 (  8115      0)
prim_main_loop                         12288    12288 1.228800e+04   3.765900e+06   306.487 ( 10751      0)   306.438 (  1334      0)
prim_run                               12288    12288 6.291456e+07   3.765711e+06   306.478 (  7915      0)   306.425 (  2054      0)
tl-sc prim_run_subcycle_c              12288    12288 6.291456e+07   3.764532e+06   306.395 (  3623      0)   306.280 ( 11873      0)
tl-sc dp3d-from-ps                     12288    12288 6.291456e+07   4.346725e+02     0.094 (  4544      0)     0.025 (  8881      0)
tl-sc prim_step-loop                   12288    12288 6.291456e+07   3.544970e+06   288.913 (  9240      0)   287.079 (  1302      0)
tl-s prim_step                         12288    12288 1.887437e+08   3.544676e+06   288.892 (  9240      0)   287.050 (  1302      0)
tl-s deep_copy+derived_dp              12288    12288 1.887437e+08   7.288903e+03     0.844 ( 11363      0)     0.428 ( 12139      0)
tl-s prim_advance_exp-loop             12288    12288 1.887437e+08   1.077645e+06   105.314 ( 10310      0)    54.524 ( 10744      0)
tl-ae prim_advance_exp                 12288    12288 1.887437e+08   1.077189e+06   105.284 ( 10310      0)    54.498 ( 10744      0)
tl-ae U3-5stage_timestep               12288    12288 1.887437e+08   5.457242e+05    67.238 ( 11718      0)    25.953 (  7295      0)
caar compute                           12288    12288 9.437184e+08   9.107671e+04     8.241 (  2240      0)     6.984 (  4725      0)
caar_bexchV                            12288    12288 9.437184e+08   4.500165e+05    59.307 ( 11718      0)    18.325 (  7295      0)
tl-ae advance_hypervis_dp              12288    12288 1.887437e+08   5.309955e+05    62.309 ( 11386      0)    26.878 ( 10776      0)
hvf-bhwk                               12288    12288 5.662310e+08   2.875012e+05    37.307 ( 11653      0)    15.084 ( 10741      0)
hvf-bexch                              12288    12288 1.132462e+09   4.455018e+05    55.289 ( 11386      0)    19.811 ( 10776      0)
tl-s prim_advec_tracers_remap          12288    12288 1.887437e+08   2.458968e+06   233.254 ( 10744      0)   182.052 ( 10310      0)
tl-at prim_advec_tracers_remap_RK2     12288    12288 1.887437e+08   2.458507e+06   233.218 ( 10744      0)   182.007 ( 10310      0)
tl-at precompute_divdp                 12288    12288 1.887437e+08   4.469873e+03     0.647 ( 10585      0)     0.215 (  3809      0)
tl-at esf-0                            12288    12288 1.887437e+08   7.741051e+05    77.376 ( 10381      0)    50.923 ( 10288      0)
tl-at esf-1                            12288    12288 1.887437e+08   4.631981e+05    43.959 ( 10385      0)    31.373 ( 10297      0)
tl-at esf-2                            12288    12288 1.887437e+08   1.161395e+06   119.849 ( 10745      0)    83.095 ( 11752      0)
tl-at qdp_time_avg                     12288    12288 1.887437e+08   5.318623e+04     4.762 (  1210      0)     4.087 ( 10282      0)
tl-sc vertical_remap                   12288    12288 6.291456e+07   1.905134e+05    16.835 (  1302      0)    15.092 (  9240      0)
Remap Thickness Functor                12288    12288 6.291456e+07   2.289034e+03     0.256 (  9541      0)     0.126 (  3069      0)
Remap Scale States Functor             12288    12288 6.291456e+07   1.013990e+03     0.134 (  5796      0)     0.048 (  3750      0)
Remap Compute Grids Functor            12288    12288 6.291456e+07   8.315633e+03     0.926 ( 11363      0)     0.564 (  4066      0)
Remap Compute Remap Functor            12288    12288 6.291456e+07   1.760207e+05    15.511 (  1302      0)    14.052 (  5153      0)
Remap Rescale States Functor           12288    12288 6.291456e+07   1.344232e+03     0.118 ( 10623      0)     0.107 (  6511      0)
tl-sc Q-from-qdp                       12288    12288 6.291456e+07   2.830523e+04     2.490 (  7904      0)     2.275 ( 11568      0)
t_prf                                      0        0 0.000000e+00   0.000000e+00     0.000 (     0      0)     0.000 (     0      0)

