LAST_GIT_COMMIT_SHA:STRING=4790f40f2fb6acbc051ce4c988681a628c18e83d

***** GLOBAL STATISTICS (  1536 MPI TASKS) *****

$Id: gptl.c,v 1.157 2011-03-28 20:55:18 rosinski Exp $
'count' is cumulative. All other stats are max/min
name                               processes  threads        count      walltotal   wallmax (proc   thrd  )   wallmin (proc   thrd  )
Total                                   1536     1536 1.536000e+03   4.517261e+05   294.098 (  1184      0)   294.080 (   821      0)
prim_init1                              1536     1536 1.536000e+03   5.905218e+02     0.393 (   907      0)     0.375 (  1422      0)
repro_sum_int                           1536     1536 6.912000e+04   1.676391e+02     0.393 (     0      0)     0.012 (   793      0)
prim_init2                              1536     1536 1.536000e+03   4.549710e+02     0.574 (    26      0)     0.187 (  1492      0)
prim_printstate                         1536     1536 1.536000e+03   4.578645e+01     0.032 (   152      0)     0.028 (   367      0)
interp_movie_output                     1536     1536 3.072000e+03   1.060132e+00     0.001 (   865      0)     0.000 (  1501      0)
prim_main_loop                          1536     1536 1.536000e+03   4.485326e+05   292.019 (   444      0)   292.001 (   778      0)
prim_run                                1536     1536 9.830400e+05   4.485292e+05   292.017 (   444      0)   291.999 (   778      0)
tl-sc prim_run_subcycle_c               1536     1536 9.830400e+05   4.484996e+05   292.000 (   447      0)   291.981 (   759      0)
tl-sc dp3d-from-ps                      1536     1536 9.830400e+05   5.258617e+01     0.046 (   396      0)     0.025 (  1344      0)
tl-sc prim_step-loop                    1536     1536 9.830400e+05   4.203276e+05   274.280 (  1001      0)   272.915 (   584      0)
tl-s prim_step                          1536     1536 2.949120e+06   4.203195e+05   274.277 (  1001      0)   272.909 (   584      0)
tl-s deep_copy+derived_dp               1536     1536 2.949120e+06   9.309824e+02     0.839 (  1204      0)     0.345 (  1344      0)
tl-s prim_advance_exp-loop              1536     1536 2.949120e+06   6.126037e+04    50.465 (   478      0)    32.228 (  1188      0)
tl-ae prim_advance_exp                  1536     1536 2.949120e+06   6.124937e+04    50.457 (   478      0)    32.222 (  1188      0)
tl-ae U3-5stage_timestep                1536     1536 2.949120e+06   3.388838e+04    32.428 (   993      0)    14.423 (   320      0)
caar compute                            1536     1536 1.474560e+07   1.255432e+04     9.040 (   991      0)     7.387 (   165      0)
caar_bexchV                             1536     1536 1.474560e+07   2.076594e+04    23.357 (   993      0)     6.378 (   320      0)
tl-ae advance_hypervis_dp               1536     1536 2.949120e+06   2.734670e+04    21.393 (   718      0)    13.624 (    10      0)
hvf-bhwk                                1536     1536 8.847360e+06   1.583782e+04    14.546 (   141      0)     8.033 (    10      0)
hvf-bexch                               1536     1536 1.769472e+07   1.654429e+04    14.186 (   718      0)     6.787 (    31      0)
tl-s prim_advec_tracers_remap           1536     1536 2.949120e+06   3.581074e+05   240.970 (  1188      0)   222.166 (   478      0)
tl-at prim_advec_tracers_remap_RK2      1536     1536 2.949120e+06   3.580928e+05   240.961 (  1188      0)   222.155 (   478      0)
tl-at precompute_divdp                  1536     1536 2.949120e+06   6.731259e+02     0.584 (  1177      0)     0.193 (   202      0)
tl-at esf-0                             1536     1536 2.949120e+06   1.035457e+05    75.195 (   197      0)    60.834 (  1309      0)
tl-at esf-1                             1536     1536 2.949120e+06   7.807554e+04    53.064 (  1207      0)    48.525 (   235      0)
tl-at esf-2                             1536     1536 2.949120e+06   1.650430e+05   115.965 (  1346      0)   101.252 (   339      0)
tl-at qdp_time_avg                      1536     1536 2.949120e+06   1.067386e+04     8.418 (  1186      0)     4.586 (   789      0)
tl-sc vertical_remap                    1536     1536 9.830400e+05   2.395030e+04    16.376 (  1502      0)    15.095 (  1001      0)
Remap Thickness Functor                 1536     1536 9.830400e+05   2.459501e+02     0.205 (   119      0)     0.110 (   789      0)
Remap Scale States Functor              1536     1536 9.830400e+05   1.563493e+02     0.157 (   119      0)     0.044 (   361      0)
Remap Compute Grids Functor             1536     1536 9.830400e+05   1.406441e+03     1.404 (   333      0)     0.567 (   361      0)
Remap Compute Remap Functor             1536     1536 9.830400e+05   2.194202e+04    14.642 (   584      0)    14.144 (  1232      0)
Remap Rescale States Functor            1536     1536 9.830400e+05   1.772077e+02     0.150 (  1214      0)     0.104 (   200      0)
tl-sc Q-from-qdp                        1536     1536 9.830400e+05   4.157810e+03     3.042 (  1191      0)     2.392 (    55      0)
t_prf                                      0        0 0.000000e+00   0.000000e+00     0.000 (     0      0)     0.000 (     0      0)

