LAST_GIT_COMMIT_SHA:STRING=4790f40f2fb6acbc051ce4c988681a628c18e83d

***** GLOBAL STATISTICS (    64 MPI TASKS) *****

$Id: gptl.c,v 1.157 2011-03-28 20:55:18 rosinski Exp $
'count' is cumulative. All other stats are max/min
name                               processes  threads        count      walltotal   wallmax (proc   thrd  )   wallmin (proc   thrd  )
Total                                     64       64 6.400000e+01   1.899582e+04   296.834 (    60      0)   296.783 (    14      0)
prim_init1                                64       64 6.400000e+01   1.794673e+01     0.282 (    11      0)     0.278 (    14      0)
repro_sum_int                             64       64 2.880000e+03   6.779566e-01     0.019 (    10      0)     0.004 (    39      0)
prim_init2                                64       64 6.400000e+01   1.110132e+02     1.740 (    58      0)     1.730 (    54      0)
prim_printstate                           64       64 6.400000e+01   1.184929e+01     0.187 (     0      0)     0.185 (     2      0)
interp_movie_output                       64       64 1.280000e+02   1.400447e-02     0.000 (    46      0)     0.000 (    60      0)
prim_main_loop                            64       64 6.400000e+01   1.878798e+04   293.587 (    60      0)   293.536 (    14      0)
prim_run                                  64       64 1.728000e+03   1.878796e+04   293.587 (    60      0)   293.535 (    14      0)
tl-sc prim_run_subcycle_c                 64       64 1.728000e+03   1.876383e+04   293.214 (    60      0)   293.155 (    14      0)
tl-sc dp3d-from-ps                        64       64 1.728000e+03   3.112818e+00     0.060 (     9      0)     0.037 (    31      0)
tl-sc prim_step-loop                      64       64 1.728000e+03   1.754720e+04   274.467 (    18      0)   273.576 (    49      0)
tl-s prim_step                            64       64 5.184000e+03   1.754717e+04   274.467 (    18      0)   273.576 (    49      0)
tl-s deep_copy+derived_dp                 64       64 5.184000e+03   5.134546e+01     0.951 (    27      0)     0.598 (    17      0)
tl-s prim_advance_exp-loop                64       64 5.184000e+03   3.139739e+03    51.335 (    24      0)    47.361 (    58      0)
tl-ae prim_advance_exp                    64       64 5.184000e+03   3.139694e+03    51.334 (    24      0)    47.360 (    58      0)
tl-ae U3-5stage_timestep                  64       64 5.184000e+03   1.453967e+03    25.893 (    24      0)    20.985 (    58      0)
caar compute                              64       64 2.592000e+04   6.601907e+02    11.525 (    46      0)     9.344 (    18      0)
caar_bexchV                               64       64 2.592000e+04   7.510004e+02    14.656 (    24      0)    10.051 (    58      0)
tl-ae advance_hypervis_dp                 64       64 5.184000e+03   1.685647e+03    27.002 (     3      0)    25.022 (    11      0)
hvf-bhwk                                  64       64 1.555200e+04   8.638532e+02    14.553 (    28      0)    12.865 (    62      0)
hvf-bexch                                 64       64 3.110400e+04   8.524689e+02    14.602 (     0      0)    12.626 (    42      0)
tl-s prim_advec_tracers_remap             64       64 5.184000e+03   1.435600e+04   226.390 (    58      0)   221.556 (    24      0)
tl-at prim_advec_tracers_remap_RK2        64       64 5.184000e+03   1.435596e+04   226.389 (    58      0)   221.556 (    24      0)
tl-at precompute_divdp                    64       64 5.184000e+03   3.568566e+01     0.724 (    49      0)     0.243 (    11      0)
tl-at esf-0                               64       64 5.184000e+03   4.063000e+03    64.723 (    11      0)    62.505 (     3      0)
tl-at esf-1                               64       64 5.184000e+03   3.128868e+03    49.259 (    55      0)    48.177 (    53      0)
tl-at esf-2                               64       64 5.184000e+03   6.555368e+03   104.460 (    17      0)   100.523 (    24      0)
tl-at qdp_time_avg                        64       64 5.184000e+03   5.728129e+02     9.214 (    42      0)     8.114 (    17      0)
tl-sc vertical_remap                      64       64 1.728000e+03   1.011066e+03    16.372 (    49      0)    15.475 (    18      0)
Remap Thickness Functor                   64       64 1.728000e+03   1.022401e+01     0.187 (    24      0)     0.127 (    18      0)
Remap Scale States Functor                64       64 1.728000e+03   8.682463e+00     0.182 (    24      0)     0.085 (    17      0)
Remap Compute Grids Functor               64       64 1.728000e+03   5.852465e+01     1.359 (    24      0)     0.676 (    18      0)
Remap Compute Remap Functor               64       64 1.728000e+03   9.236298e+02    14.736 (    49      0)    14.352 (    47      0)
Remap Rescale States Functor              64       64 1.728000e+03   7.786227e+00     0.154 (    60      0)     0.105 (    24      0)
tl-sc Q-from-qdp                          64       64 1.728000e+03   2.024101e+02     3.267 (    32      0)     2.973 (    24      0)
t_prf                                      0        0 0.000000e+00   0.000000e+00     0.000 (     0      0)     0.000 (     0      0)

