LAST_GIT_COMMIT_SHA:STRING=adf77c97ed8425a245449f2582d2441f4b72da1e
10940525

***** GLOBAL STATISTICS (    96 MPI TASKS) *****

$Id: gptl.c,v 1.157 2011-03-28 20:55:18 rosinski Exp $
'count' is cumulative. All other stats are max/min
name                           processes  threads        count      walltotal   wallmax (proc   thrd  )   wallmin (proc   thrd  )
"Total"                               96       96 9.600000e+01   5.558493e+03    57.903 (    67      0)    57.898 (    16      0)
"prim_init1"                          96       96 9.600000e+01   5.786292e+00     0.068 (     0      0)     0.060 (    91      0)
"PartitioningTime"                    96       96 9.600000e+01   1.455989e-01     0.002 (    36      0)     0.001 (    87      0)
"repro_sum_int"                       96       96 4.320000e+03   9.641681e-01     0.014 (    89      0)     0.004 (    43      0)
"prim_init2"                          96       96 9.600000e+01   3.532381e+00     0.041 (     4      0)     0.029 (    43      0)
"prim_printstate"                     96       96 9.600000e+01   7.472417e-01     0.012 (     0      0)     0.007 (    77      0)
"interp_movie_output"                 96       96 1.920000e+02   4.183602e-02     0.001 (    13      0)     0.000 (    71      0)
"prim_main_loop"                      96       96 9.600000e+01   5.541456e+03    57.725 (    67      0)    57.720 (    16      0)
"prim_run"                            96       96 4.800000e+04   5.541352e+03    57.724 (    67      0)    57.719 (    16      0)
"ApplyCAMForcing"                     96       96 4.800000e+04   5.051077e+01     0.757 (    88      0)     0.385 (    15      0)
"prim_step_rX"                        96       96 1.440000e+05   5.108430e+03    53.451 (    12      0)    52.863 (    92      0)
"prim_step_dyn"                       96       96 1.440000e+05   8.160749e+02    12.539 (    15      0)     5.701 (    92      0)
"prim_advance_exp"                    96       96 1.440000e+05   8.155764e+02    12.535 (    15      0)     5.697 (    92      0)
"U3-5stage_timestep"                  96       96 1.440000e+05   5.409826e+02     9.726 (    15      0)     2.862 (    92      0)
"compute_and_apply_rhs"               96       96 7.200000e+05   5.380720e+02     9.687 (    15      0)     2.832 (    92      0)
"caar_bexchV"                         96       96 7.200000e+05   3.580414e+02     7.733 (    15      0)     1.065 (    91      0)
"advance_hypervis_dp"                 96       96 1.440000e+05   2.741351e+02     2.920 (     7      0)     2.790 (    42      0)
"biwkdp3d_bexchV"                     96       96 4.320000e+05   5.456875e+01     0.621 (    13      0)     0.535 (    64      0)
"ahdp_bexchV2"                        96       96 4.320000e+05   5.544450e+01     0.609 (    58      0)     0.539 (    94      0)
"prim_step_advec"                     96       96 1.440000e+05   4.280855e+03    47.071 (    92      0)    40.780 (    15      0)
"PAT_remap"                           96       96 1.440000e+05   4.280565e+03    47.068 (    92      0)    40.777 (    15      0)
"prim_advec_tracers_remap_rk2"        96       96 1.440000e+05   4.280148e+03    47.064 (    92      0)    40.773 (    15      0)
"precomput_divdp"                     96       96 1.440000e+05   1.010168e+01     0.166 (    31      0)     0.059 (    41      0)
"euler_step_0"                        96       96 1.440000e+05   1.293817e+03    15.717 (    91      0)    10.668 (    12      0)
"bihmix_qminmax"                      96       96 4.320000e+05   1.995498e+03    23.061 (    92      0)    18.376 (    29      0)
"eus_neighbor_minmax1"                96       96 1.440000e+05   3.519901e+02     5.301 (    91      0)     2.073 (    61      0)
"nmm_bexchV"                          96       96 1.440000e+05   2.318771e+02     3.889 (    91      0)     1.054 (    61      0)
"eus_2d_advec"                        96       96 4.320000e+05   2.181737e+03    25.886 (    88      0)    19.492 (    14      0)
"eus_bexchV"                          96       96 4.320000e+05   9.149011e+02    12.387 (    50      0)     6.889 (    14      0)
"euler_step_1"                        96       96 1.440000e+05   8.319610e+02     9.862 (    88      0)     7.532 (    17      0)
"euler_step_2"                        96       96 1.440000e+05   2.054852e+03    22.685 (    88      0)    19.972 (    16      0)
"nmm_bexchS_start"                    96       96 1.440000e+05   7.952620e+00     0.115 (     1      0)     0.054 (    88      0)
"biwksc_bexchV"                       96       96 1.440000e+05   3.906881e+02     5.105 (    40      0)     3.335 (    16      0)
"nmm_bexchS_fini"                     96       96 1.440000e+05   3.078387e+01     0.410 (    91      0)     0.225 (    40      0)
"qdp_tavg"                            96       96 1.440000e+05   8.766426e+01     1.185 (    94      0)     0.808 (    49      0)
"vertical_remap"                      96       96 4.800000e+04   2.856031e+02     3.041 (    38      0)     2.924 (    62      0)
"vertical_remap1_1"                   96       96 1.920000e+05   1.688461e+01     0.186 (    65      0)     0.169 (    49      0)
"remap_Q_ppm"                         96       96 5.760000e+05   2.805376e+02     2.982 (    38      0)     2.877 (    62      0)
"vertical_remap1_2"                   96       96 1.920000e+05   2.154280e+01     0.227 (    16      0)     0.222 (    62      0)
"vertical_remap1_3"                   96       96 1.920000e+05   2.427761e+02     2.583 (    38      0)     2.492 (    62      0)
"prim_run_subcyle_diags"              96       96 4.800000e+04   8.138361e+01     1.034 (    92      0)     0.723 (    19      0)
"t_prf"                                0        0 0.000000e+00   0.000000e+00     0.000 (     0      0)     0.000 (     0      0)

10940525
