LAST_GIT_COMMIT_SHA:STRING=4790f40f2fb6acbc051ce4c988681a628c18e83d

***** GLOBAL STATISTICS (   512 MPI TASKS) *****

$Id: gptl.c,v 1.157 2011-03-28 20:55:18 rosinski Exp $
'count' is cumulative. All other stats are max/min
name                               processes  threads        count      walltotal   wallmax (proc   thrd  )   wallmin (proc   thrd  )
Total                                    512      512 5.120000e+02   1.218478e+05   238.026 (    19      0)   237.936 (   142      0)
prim_init1                               512      512 5.120000e+02   1.712818e+02     0.336 (   217      0)     0.329 (    75      0)
repro_sum_int                            512      512 2.304000e+04   1.223760e+01     0.073 (   420      0)     0.009 (   334      0)
prim_init2                               512      512 5.120000e+02   1.978886e+02     0.436 (   483      0)     0.369 (   286      0)
prim_printstate                          512      512 5.120000e+02   2.258673e+01     0.046 (     0      0)     0.044 (   490      0)
interp_movie_output                      512      512 1.024000e+03   1.764441e-01     0.001 (   110      0)     0.000 (   251      0)
prim_main_loop                           512      512 5.120000e+02   1.201445e+05   234.699 (    19      0)   234.609 (   142      0)
prim_run                                 512      512 5.478400e+04   1.201442e+05   234.698 (    19      0)   234.608 (   142      0)
tl-sc prim_run_subcycle_c                512      512 5.478400e+04   1.201072e+05   234.624 (    19      0)   234.542 (   142      0)
tl-sc dp3d-from-ps                       512      512 5.478400e+04   1.528284e+01     0.042 (    13      0)     0.018 (    66      0)
tl-sc prim_step-loop                     512      512 5.478400e+04   1.126397e+05   220.580 (    66      0)   219.050 (   131      0)
tl-s prim_step                           512      512 1.643520e+05   1.126391e+05   220.579 (    66      0)   219.048 (   131      0)
tl-s deep_copy+derived_dp                512      512 1.643520e+05   2.761872e+02     0.692 (     5      0)     0.264 (    66      0)
tl-s prim_advance_exp-loop               512      512 1.643520e+05   2.214285e+04    48.578 (    92      0)    37.791 (   263      0)
tl-ae prim_advance_exp                   512      512 1.643520e+05   2.214194e+04    48.576 (    92      0)    37.789 (   263      0)
tl-ae U3-5stage_timestep                 512      512 1.643520e+05   1.083474e+04    26.936 (   452      0)    16.438 (    98      0)
caar compute                             512      512 8.217600e+05   3.762658e+03     8.650 (     8      0)     6.443 (   225      0)
caar_bexchV                              512      512 8.217600e+05   6.898620e+03    19.156 (   452      0)     8.482 (    98      0)
tl-ae advance_hypervis_dp                512      512 1.643520e+05   1.130527e+04    25.303 (   191      0)    20.156 (   421      0)
hvf-bhwk                                 512      512 4.930560e+05   6.178607e+03    15.756 (   191      0)    10.024 (   171      0)
hvf-bexch                                512      512 9.861120e+05   7.381508e+03    18.311 (   199      0)    11.431 (     3      0)
tl-s prim_advec_tracers_remap            512      512 1.643520e+05   9.021774e+04   181.706 (   263      0)   170.702 (    92      0)
tl-at prim_advec_tracers_remap_RK2       512      512 1.643520e+05   9.021666e+04   181.704 (   263      0)   170.700 (    92      0)
tl-at precompute_divdp                   512      512 1.643520e+05   1.749180e+02     0.501 (    15      0)     0.188 (    93      0)
tl-at esf-0                              512      512 1.643520e+05   2.570922e+04    52.260 (   420      0)    47.876 (    94      0)
tl-at esf-1                              512      512 1.643520e+05   1.980494e+04    40.920 (   421      0)    37.063 (   437      0)
tl-at esf-2                              512      512 1.643520e+05   4.134985e+04    85.929 (   264      0)    76.553 (    83      0)
tl-at qdp_time_avg                       512      512 1.643520e+05   3.171789e+03     7.088 (     7      0)     3.814 (    66      0)
tl-sc vertical_remap                     512      512 5.478400e+04   6.278131e+03    13.159 (   131      0)    11.868 (    65      0)
Remap Thickness Functor                  512      512 5.478400e+04   6.201010e+01     0.153 (    59      0)     0.083 (    66      0)
Remap Scale States Functor               512      512 5.478400e+04   4.864460e+01     0.144 (    59      0)     0.035 (    66      0)
Remap Compute Grids Functor              512      512 5.478400e+04   3.768325e+02     1.112 (   428      0)     0.442 (    66      0)
Remap Compute Remap Functor              512      512 5.478400e+04   5.740041e+03    11.890 (   131      0)    11.105 (   406      0)
Remap Rescale States Functor             512      512 5.478400e+04   4.706312e+01     0.120 (    14      0)     0.081 (   338      0)
tl-sc Q-from-qdp                         512      512 5.478400e+04   1.173181e+03     2.510 (    19      0)     1.963 (    92      0)
t_prf                                      0        0 0.000000e+00   0.000000e+00     0.000 (     0      0)     0.000 (     0      0)

