LAST_GIT_COMMIT_SHA:STRING=adf77c97ed8425a245449f2582d2441f4b72da1e
10940620

***** GLOBAL STATISTICS (  7200 MPI TASKS) *****

$Id: gptl.c,v 1.157 2011-03-28 20:55:18 rosinski Exp $
'count' is cumulative. All other stats are max/min
name                           processes  threads        count      walltotal   wallmax (proc   thrd  )   wallmin (proc   thrd  )
"Total"                             7200     7200 7.200000e+03   2.173373e+06   301.895 (  1024      0)   301.829 (  6565      0)
"prim_init1"                        7200     7200 7.200000e+03   8.027052e+03     1.160 (  1025      0)     1.069 (  6304      0)
"PartitioningTime"                  7200     7200 7.200000e+03   3.938159e+01     0.008 (  4126      0)     0.003 (  4685      0)
"repro_sum_int"                     7200     7200 3.240000e+05   2.328455e+03     0.854 (     6      0)     0.036 (   740      0)
"prim_init2"                        7200     7200 7.200000e+03   3.175230e+03     0.987 (     1      0)     0.155 (  5687      0)
"prim_printstate"                   7200     7200 7.200000e+03   2.853613e+02     0.053 (  6356      0)     0.034 (  7006      0)
"interp_movie_output"               7200     7200 1.440000e+04   3.993848e+01     0.013 (  4030      0)     0.000 (  1427      0)
"prim_main_loop"                    7200     7200 7.200000e+03   2.123514e+06   294.951 (   884      0)   294.914 (  6917      0)
"prim_run"                          7200     7200 5.400000e+06   2.123488e+06   294.944 (  1562      0)   294.911 (  6917      0)
"ApplyCAMForcing"                   7200     7200 5.400000e+06   2.105231e+04     3.643 (  1653      0)     2.052 (  1230      0)
"prim_step_rX"                      7200     7200 1.620000e+07   1.966160e+06   274.708 (  5765      0)   271.731 (  2468      0)
"prim_step_dyn"                     7200     7200 1.620000e+07   4.145495e+05    74.721 (   750      0)    43.970 (  1635      0)
"prim_advance_exp"                  7200     7200 1.620000e+07   4.144729e+05    74.711 (   750      0)    43.959 (  1635      0)
"U3-5stage_timestep"                7200     7200 1.620000e+07   2.226217e+05    51.519 (  1806      0)    21.666 (  5628      0)
"compute_and_apply_rhs"             7200     7200 8.100000e+07   2.210608e+05    51.287 (  1806      0)    21.454 (  5628      0)
"caar_bexchV"                       7200     7200 8.100000e+07   1.555615e+05    41.988 (  1806      0)    12.196 (  5628      0)
"advance_hypervis_dp"               7200     7200 1.620000e+07   1.917736e+05    33.066 (  5378      0)    20.277 (  1620      0)
"biwkdp3d_bexchV"                   7200     7200 4.860000e+07   6.545716e+04    14.948 (   250      0)     5.840 (  6287      0)
"ahdp_bexchV2"                      7200     7200 4.860000e+07   6.650470e+04    15.187 (  1906      0)     5.814 (  1624      0)
"prim_step_advec"                   7200     7200 1.620000e+07   1.547172e+06   227.580 (  1635      0)   198.964 (  1422      0)
"PAT_remap"                         7200     7200 1.620000e+07   1.547127e+06   227.574 (  1635      0)   198.958 (  1422      0)
"prim_advec_tracers_remap_rk2"      7200     7200 1.620000e+07   1.547065e+06   227.566 (  1635      0)   198.950 (  1422      0)
"precomput_divdp"                   7200     7200 1.620000e+07   3.180857e+03     0.656 (  1631      0)     0.233 (  1846      0)
"euler_step_0"                      7200     7200 1.620000e+07   4.275797e+05    66.878 (  1659      0)    49.111 (  1038      0)
"bihmix_qminmax"                    7200     7200 4.860000e+07   7.218605e+05   110.034 (  3864      0)    86.873 (  5894      0)
"eus_neighbor_minmax1"              7200     7200 1.620000e+07   1.195667e+05    23.649 (  5571      0)    10.290 (   118      0)
"nmm_bexchV"                        7200     7200 1.620000e+07   7.400773e+04    18.757 (   252      0)     5.241 (   118      0)
"eus_2d_advec"                      7200     7200 4.860000e+07   7.839186e+05   123.964 (  6358      0)    95.502 (   174      0)
"eus_bexchV"                        7200     7200 4.860000e+07   2.760371e+05    52.976 (  1798      0)    26.735 (  5454      0)
"euler_step_1"                      7200     7200 1.620000e+07   3.049930e+05    46.546 (   334      0)    38.724 (  1330      0)
"euler_step_2"                      7200     7200 1.620000e+07   7.738172e+05   117.166 (  1638      0)    98.078 (  1326      0)
"nmm_bexchS_start"                  7200     7200 1.620000e+07   1.146908e+03     0.228 (  2241      0)     0.102 (  1003      0)
"biwksc_bexchV"                     7200     7200 1.620000e+07   1.136202e+05    20.930 (  4958      0)     9.011 (  5382      0)
"nmm_bexchS_fini"                   7200     7200 1.620000e+07   1.793408e+04     3.332 (  7184      0)     1.919 (  2177      0)
"qdp_tavg"                          7200     7200 1.620000e+07   3.722666e+04     6.638 (  1654      0)     3.779 (  1722      0)
"vertical_remap"                    7200     7200 5.400000e+06   9.599888e+04    13.913 (  1614      0)    13.009 (  5526      0)
"vertical_remap1_1"                 7200     7200 6.480000e+07   5.444150e+03     0.784 (  2478      0)     0.737 (   212      0)
"remap_Q_ppm"                       7200     7200 1.944000e+08   9.436171e+04    13.625 (  1614      0)    12.795 (  5768      0)
"vertical_remap1_2"                 7200     7200 6.480000e+07   7.196117e+03     1.025 (  2478      0)     0.990 (    66      0)
"vertical_remap1_3"                 7200     7200 6.480000e+07   8.192211e+04    11.873 (  1614      0)    11.076 (  5768      0)
"prim_run_subcyle_diags"            7200     7200 5.400000e+06   3.503170e+04     6.267 (  5208      0)     3.844 (  4974      0)
"t_prf"                                0        0 0.000000e+00   0.000000e+00     0.000 (     0      0)     0.000 (     0      0)

10940620
