LAST_GIT_COMMIT_SHA:STRING=adf77c97ed8425a245449f2582d2441f4b72da1e
10940623

***** GLOBAL STATISTICS ( 21600 MPI TASKS) *****

$Id: gptl.c,v 1.157 2011-03-28 20:55:18 rosinski Exp $
'count' is cumulative. All other stats are max/min
name                           processes  threads        count      walltotal   wallmax (proc   thrd  )   wallmin (proc   thrd  )
"Total"                            21600    21600 2.160000e+04   6.473290e+06   299.816 (    85      0)   299.632 ( 18604      0)
"prim_init1"                       21600    21600 2.160000e+04   4.969403e+04     2.469 (    58      0)     2.113 ( 18341      0)
"PartitioningTime"                 21600    21600 2.160000e+04   1.966293e+02     0.031 ( 13252      0)     0.002 ( 18877      0)
"repro_sum_int"                    21600    21600 9.720000e+05   1.206976e+04     1.666 (     8      0)     0.084 (  9592      0)
"prim_init2"                       21600    21600 2.160000e+04   2.024524e+04     2.115 (     9      0)     0.456 ( 15508      0)
"prim_printstate"                  21600    21600 2.160000e+04   2.439364e+03     0.155 (  9947      0)     0.081 (  2339      0)
"interp_movie_output"              21600    21600 4.320000e+04   2.360869e+02     0.063 ( 16368      0)     0.000 (  2469      0)
"prim_main_loop"                   21600    21600 2.160000e+04   6.267197e+06   290.194 (   863      0)   290.093 (  5993      0)
"prim_run"                         21600    21600 4.860000e+07   6.266934e+06   290.191 (   863      0)   290.080 (  5993      0)
"ApplyCAMForcing"                  21600    21600 4.860000e+07   4.539618e+04     2.598 (  2009      0)     1.721 ( 20418      0)
"prim_step_rX"                     21600    21600 1.458000e+08   5.825393e+06   271.517 (  9907      0)   267.344 (   320      0)
"prim_step_dyn"                    21600    21600 1.458000e+08   1.457527e+06    83.402 ( 15254      0)    52.500 ( 14809      0)
"prim_advance_exp"                 21600    21600 1.458000e+08   1.457025e+06    83.385 ( 15254      0)    52.479 ( 14809      0)
"U3-5stage_timestep"               21600    21600 1.458000e+08   7.724854e+05    53.065 (  1934      0)    24.854 ( 13663      0)
"compute_and_apply_rhs"            21600    21600 7.290000e+08   7.694910e+05    52.902 (  1934      0)    24.716 ( 13663      0)
"caar_bexchV"                      21600    21600 7.290000e+08   5.869175e+05    44.093 (  1934      0)    16.360 ( 13663      0)
"advance_hypervis_dp"              21600    21600 1.458000e+08   6.840535e+05    40.068 (   556      0)    25.220 ( 14826      0)
"biwkdp3d_bexchV"                  21600    21600 4.374000e+08   2.556446e+05    18.886 (   887      0)     8.215 ( 14700      0)
"ahdp_bexchV2"                     21600    21600 4.374000e+08   2.574756e+05    18.542 (   555      0)     8.268 ( 14696      0)
"prim_step_advec"                  21600    21600 1.458000e+08   4.357502e+06   216.357 ( 14810      0)   186.244 ( 15208      0)
"PAT_remap"                        21600    21600 1.458000e+08   4.357199e+06   216.344 ( 14810      0)   186.231 ( 15208      0)
"prim_advec_tracers_remap_rk2"     21600    21600 1.458000e+08   4.356687e+06   216.316 ( 14810      0)   186.214 ( 15208      0)
"precomput_divdp"                  21600    21600 1.458000e+08   1.047850e+04     0.764 ( 16453      0)     0.302 ( 19392      0)
"euler_step_0"                     21600    21600 1.458000e+08   1.234273e+06    67.645 ( 14810      0)    47.023 ( 16386      0)
"bihmix_qminmax"                   21600    21600 4.374000e+08   1.965257e+06   104.038 ( 14810      0)    77.459 ( 18343      0)
"eus_neighbor_minmax1"             21600    21600 1.458000e+08   3.466906e+05    23.158 ( 16191      0)    10.317 ( 16375      0)
"nmm_bexchV"                       21600    21600 1.458000e+08   2.339132e+05    18.017 ( 16191      0)     5.637 ( 14738      0)
"eus_2d_advec"                     21600    21600 4.374000e+08   2.292679e+06   123.159 (  9287      0)    92.000 (  1920      0)
"eus_bexchV"                       21600    21600 4.374000e+08   9.583437e+05    62.002 (  9287      0)    32.063 (  1600      0)
"euler_step_1"                     21600    21600 1.458000e+08   8.468826e+05    43.638 (   695      0)    35.322 (  1136      0)
"euler_step_2"                     21600    21600 1.458000e+08   2.180144e+06   108.251 ( 14834      0)    91.106 (  2781      0)
"nmm_bexchS_start"                 21600    21600 1.458000e+08   8.802501e+03     0.560 (  8833      0)     0.290 ( 18189      0)
"biwksc_bexchV"                    21600    21600 1.458000e+08   4.458046e+05    28.235 (  4159      0)    12.197 (   824      0)
"nmm_bexchS_fini"                  21600    21600 1.458000e+08   2.723373e+04     1.643 ( 20224      0)     1.019 (  5683      0)
"qdp_tavg"                         21600    21600 1.458000e+08   8.325122e+04     4.315 ( 19115      0)     3.639 ( 16597      0)
"vertical_remap"                   21600    21600 4.860000e+07   2.826532e+05    13.647 (   328      0)    12.684 (  7558      0)
"vertical_remap1_1"                21600    21600 1.944000e+08   1.669004e+04     0.819 (   328      0)     0.751 ( 20074      0)
"remap_Q_ppm"                      21600    21600 5.832000e+08   2.776762e+05    13.385 (   328      0)    12.468 (  7558      0)
"vertical_remap1_2"                21600    21600 1.944000e+08   2.164014e+04     1.043 (   328      0)     0.992 ( 14337      0)
"vertical_remap1_3"                21600    21600 1.944000e+08   2.399668e+05    11.556 (   340      0)    10.745 (  7558      0)
"prim_run_subcyle_diags"           21600    21600 4.860000e+07   9.859196e+04     6.500 (  3872      0)     3.187 ( 20436      0)
"t_prf"                                0        0 0.000000e+00   0.000000e+00     0.000 (     0      0)     0.000 (     0      0)

10940623
