LAST_GIT_COMMIT_SHA:STRING=4790f40f2fb6acbc051ce4c988681a628c18e83d

***** GLOBAL STATISTICS (   384 MPI TASKS) *****

$Id: gptl.c,v 1.157 2011-03-28 20:55:18 rosinski Exp $
'count' is cumulative. All other stats are max/min
name                               processes  threads        count      walltotal   wallmax (proc   thrd  )   wallmin (proc   thrd  )
Total                                    384      384 3.840000e+02   1.221726e+05   318.189 (    64      0)   318.122 (   200      0)
prim_init1                               384      384 3.840000e+02   1.209233e+02     0.317 (     1      0)     0.312 (   358      0)
repro_sum_int                            384      384 1.728000e+04   1.063721e+03    19.103 (    29      0)     0.005 (    64      0)
prim_init2                               384      384 3.840000e+02   1.187347e+03    19.425 (     0      0)     0.327 (    64      0)
prim_printstate                          384      384 3.840000e+02   1.975494e+01     0.052 (    34      0)     0.051 (     0      0)
interp_movie_output                      384      384 7.680000e+02   5.877090e-02     0.000 (   226      0)     0.000 (   270      0)
prim_main_loop                           384      384 3.840000e+02   1.141564e+05   297.314 (    64      0)   297.247 (   200      0)
prim_run                                 384      384 6.144000e+04   1.141561e+05   297.313 (    64      0)   297.246 (   200      0)
tl-sc prim_run_subcycle_c                384      384 6.144000e+04   1.141319e+05   297.250 (    64      0)   297.182 (   200      0)
tl-sc dp3d-from-ps                       384      384 6.144000e+04   1.508195e+01     0.052 (   296      0)     0.026 (    69      0)
tl-sc prim_step-loop                     384      384 6.144000e+04   1.069665e+05   279.124 (    95      0)   277.898 (   290      0)
tl-s prim_step                           384      384 1.843200e+05   1.069658e+05   279.123 (    95      0)   277.897 (   290      0)
tl-s deep_copy+derived_dp                384      384 1.843200e+05   2.712167e+02     0.866 (   314      0)     0.419 (    95      0)
tl-s prim_advance_exp-loop               384      384 1.843200e+05   2.053477e+04    58.473 (   204      0)    48.759 (    53      0)
tl-ae prim_advance_exp                   384      384 1.843200e+05   2.053379e+04    58.470 (   204      0)    48.757 (    53      0)
tl-ae U3-5stage_timestep                 384      384 1.843200e+05   1.015680e+04    33.012 (   222      0)    22.500 (   364      0)
caar compute                             384      384 9.216000e+05   3.598102e+03    10.776 (   106      0)     8.534 (   144      0)
caar_bexchV                              384      384 9.216000e+05   6.380140e+03    23.000 (   222      0)    12.261 (    96      0)
tl-ae advance_hypervis_dp                384      384 1.843200e+05   1.037498e+04    30.341 (     7      0)    23.911 (   203      0)
hvf-bhwk                                 384      384 5.529600e+05   5.698132e+03    17.559 (     7      0)    12.852 (   273      0)
hvf-bexch                                384      384 1.105920e+06   6.821091e+03    21.892 (   183      0)    14.479 (   112      0)
tl-s prim_advec_tracers_remap            384      384 1.843200e+05   8.615736e+04   229.023 (    53      0)   219.068 (   204      0)
tl-at prim_advec_tracers_remap_RK2       384      384 1.843200e+05   8.615618e+04   229.021 (    53      0)   219.065 (   204      0)
tl-at precompute_divdp                   384      384 1.843200e+05   1.705086e+02     0.600 (   122      0)     0.209 (    53      0)
tl-at esf-0                              384      384 1.843200e+05   2.452748e+04    66.342 (    74      0)    60.598 (   210      0)
tl-at esf-1                              384      384 1.843200e+05   1.887069e+04    52.079 (    77      0)    46.704 (    83      0)
tl-at esf-2                              384      384 1.843200e+05   3.946435e+04   106.149 (    30      0)    98.860 (   344      0)
tl-at qdp_time_avg                       384      384 1.843200e+05   3.116645e+03     8.998 (   288      0)     5.742 (    95      0)
tl-sc vertical_remap                     384      384 6.144000e+04   6.004757e+03    16.307 (    84      0)    15.142 (   287      0)
Remap Thickness Functor                  384      384 6.144000e+04   5.957419e+01     0.192 (   175      0)     0.112 (   287      0)
Remap Scale States Functor               384      384 6.144000e+04   4.645915e+01     0.183 (   382      0)     0.054 (   287      0)
Remap Compute Grids Functor              384      384 6.144000e+04   3.597039e+02     1.454 (   107      0)     0.592 (   287      0)
Remap Compute Remap Functor              384      384 6.144000e+04   5.490411e+03    14.777 (   290      0)    14.184 (   308      0)
Remap Rescale States Functor             384      384 6.144000e+04   4.530354e+01     0.149 (   352      0)     0.104 (   176      0)
tl-sc Q-from-qdp                         384      384 6.144000e+04   1.144593e+03     3.167 (   160      0)     2.578 (   222      0)
t_prf                                      0        0 0.000000e+00   0.000000e+00     0.000 (     0      0)     0.000 (     0      0)

