LAST_GIT_COMMIT_SHA:STRING=adf77c97ed8425a245449f2582d2441f4b72da1e
10940599

***** GLOBAL STATISTICS (   160 MPI TASKS) *****

$Id: gptl.c,v 1.157 2011-03-28 20:55:18 rosinski Exp $
'count' is cumulative. All other stats are max/min
name                           processes  threads        count      walltotal   wallmax (proc   thrd  )   wallmin (proc   thrd  )
"Total"                              160      160 1.600000e+02   4.664839e+04   291.665 (   154      0)   291.333 (     4      0)
"prim_init1"                         160      160 1.600000e+02   1.997850e+02     1.251 (   147      0)     1.242 (    68      0)
"PartitioningTime"                   160      160 1.600000e+02   8.239551e-01     0.007 (   128      0)     0.004 (    80      0)
"repro_sum_int"                      160      160 7.200000e+03   2.227596e+00     0.020 (    33      0)     0.008 (   135      0)
"prim_init2"                         160      160 1.600000e+02   1.570430e+02     0.986 (     0      0)     0.977 (     1      0)
"prim_printstate"                    160      160 1.600000e+02   3.217778e+01     0.205 (     0      0)     0.201 (   143      0)
"interp_movie_output"                160      160 3.200000e+02   3.123498e-02     0.000 (     0      0)     0.000 (   155      0)
"prim_main_loop"                     160      160 1.600000e+02   4.539778e+04   283.849 (   154      0)   283.516 (     4      0)
"prim_run"                           160      160 2.720000e+03   4.539775e+04   283.848 (   154      0)   283.516 (     4      0)
"ApplyCAMForcing"                    160      160 2.720000e+03   7.615635e+02     5.063 (   120      0)     3.922 (    84      0)
"prim_step_rX"                       160      160 8.160000e+03   4.155236e+04   260.978 (    84      0)   258.955 (   124      0)
"prim_step_dyn"                      160      160 8.160000e+03   7.396359e+03    50.462 (    84      0)    43.450 (    34      0)
"prim_advance_exp"                   160      160 8.160000e+03   7.396276e+03    50.462 (    84      0)    43.449 (    34      0)
"U3-5stage_timestep"                 160      160 8.160000e+03   3.653351e+03    27.176 (    84      0)    19.468 (    96      0)
"compute_and_apply_rhs"              160      160 4.080000e+04   3.571891e+03    26.788 (    84      0)    19.096 (    96      0)
"caar_bexchV"                        160      160 4.080000e+04   1.364343e+03    13.557 (    84      0)     3.937 (    36      0)
"advance_hypervis_dp"                160      160 8.160000e+03   3.742813e+03    24.921 (   123      0)    22.606 (   154      0)
"biwkdp3d_bexchV"                    160      160 2.448000e+04   6.623285e+02     6.881 (    95      0)     2.149 (    32      0)
"ahdp_bexchV2"                       160      160 2.448000e+04   6.807126e+02     6.558 (   112      0)     2.643 (    58      0)
"prim_step_advec"                    160      160 8.160000e+03   3.401685e+04   215.012 (    34      0)   209.386 (     4      0)
"PAT_remap"                          160      160 8.160000e+03   3.401682e+04   215.011 (    34      0)   209.386 (     4      0)
"prim_advec_tracers_remap_rk2"       160      160 8.160000e+03   3.401676e+04   215.011 (    34      0)   209.385 (     4      0)
"precomput_divdp"                    160      160 8.160000e+03   7.969770e+01     0.582 (   123      0)     0.335 (     9      0)
"euler_step_0"                       160      160 8.160000e+03   9.406367e+03    60.013 (     0      0)    57.164 (    69      0)
"bihmix_qminmax"                     160      160 2.448000e+04   1.628494e+04   104.103 (   100      0)    98.032 (   125      0)
"eus_neighbor_minmax1"               160      160 8.160000e+03   2.442738e+03    16.943 (   100      0)    13.423 (   123      0)
"nmm_bexchV"                         160      160 8.160000e+03   1.019962e+03     7.365 (   116      0)     4.873 (    60      0)
"eus_2d_advec"                       160      160 2.448000e+04   1.643439e+04   107.344 (   124      0)    97.791 (    84      0)
"eus_bexchV"                         160      160 2.448000e+04   3.889597e+03    29.081 (   127      0)    18.248 (   159      0)
"euler_step_1"                       160      160 8.160000e+03   6.670931e+03    42.715 (    83      0)    40.656 (    12      0)
"euler_step_2"                       160      160 8.160000e+03   1.664247e+04   106.146 (   105      0)   100.657 (     4      0)
"nmm_bexchS_start"                   160      160 8.160000e+03   5.664599e-01     0.005 (     0      0)     0.002 (    39      0)
"biwksc_bexchV"                      160      160 8.160000e+03   1.266958e+03     8.776 (    41      0)     6.679 (    11      0)
"nmm_bexchS_fini"                    160      160 8.160000e+03   7.905394e+02     5.445 (   136      0)     4.069 (   125      0)
"qdp_tavg"                           160      160 8.160000e+03   1.217038e+03     8.388 (    84      0)     6.070 (    18      0)
"vertical_remap"                     160      160 2.720000e+03   2.170885e+03    13.738 (   159      0)    13.409 (   131      0)
"vertical_remap1_1"                  160      160 1.468800e+06   1.214261e+02     0.766 (   159      0)     0.754 (   105      0)
"remap_Q_ppm"                        160      160 4.406400e+06   2.137859e+03    13.512 (   159      0)    13.207 (   131      0)
"vertical_remap1_2"                  160      160 1.468800e+06   1.633766e+02     1.026 (   159      0)     1.014 (    71      0)
"vertical_remap1_3"                  160      160 1.468800e+06   1.856973e+03    11.754 (    84      0)    11.459 (   131      0)
"prim_run_subcyle_diags"             160      160 2.720000e+03   7.566350e+02     5.528 (   124      0)     4.280 (    84      0)
"t_prf"                                0        0 0.000000e+00   0.000000e+00     0.000 (     0      0)     0.000 (     0      0)

10940599
