LAST_GIT_COMMIT_SHA:STRING=4790f40f2fb6acbc051ce4c988681a628c18e83d

***** GLOBAL STATISTICS (   320 MPI TASKS) *****

$Id: gptl.c,v 1.157 2011-03-28 20:55:18 rosinski Exp $
'count' is cumulative. All other stats are max/min
name                               processes  threads        count      walltotal   wallmax (proc   thrd  )   wallmin (proc   thrd  )
Total                                    320      320 3.200000e+02   8.768226e+04   274.148 (   310      0)   273.650 (     9      0)
prim_init1                               320      320 3.200000e+02   2.238270e+02     0.702 (    69      0)     0.690 (   277      0)
repro_sum_int                            320      320 1.440000e+04   7.201785e+00     0.041 (    12      0)     0.011 (    82      0)
prim_init2                               320      320 3.200000e+02   3.953518e+02     1.252 (    18      0)     1.221 (    80      0)
prim_printstate                          320      320 3.200000e+02   4.183597e+01     0.135 (     0      0)     0.131 (   230      0)
interp_movie_output                      320      320 6.400000e+02   6.660867e-02     0.000 (   318      0)     0.000 (    12      0)
prim_main_loop                           320      320 3.200000e+02   8.552837e+04   267.417 (   310      0)   266.919 (     9      0)
prim_run                                 320      320 1.088000e+04   8.552826e+04   267.417 (   310      0)   266.919 (     9      0)
tl-sc prim_run_subcycle_c                320      320 1.088000e+04   8.546504e+04   267.246 (   310      0)   266.845 (     9      0)
tl-sc dp3d-from-ps                       320      320 1.088000e+04   8.173732e+00     0.036 (   156      0)     0.020 (   114      0)
tl-sc prim_step-loop                     320      320 1.088000e+04   8.024562e+04   251.246 (   302      0)   249.884 (   121      0)
tl-s prim_step                           320      320 3.264000e+04   8.024551e+04   251.246 (   302      0)   249.883 (   121      0)
tl-s deep_copy+derived_dp                320      320 3.264000e+04   1.563757e+02     0.696 (   242      0)     0.310 (   209      0)
tl-s prim_advance_exp-loop               320      320 3.264000e+04   1.598087e+04    64.681 (   114      0)    40.452 (   310      0)
tl-ae prim_advance_exp                   320      320 3.264000e+04   1.598061e+04    64.681 (   114      0)    40.452 (   310      0)
tl-ae U3-5stage_timestep                 320      320 3.264000e+04   8.242113e+03    40.872 (     9      0)    16.361 (   283      0)
caar compute                             320      320 1.632000e+05   2.609517e+03     8.964 (    58      0)     7.559 (   193      0)
caar_bexchV                              320      320 1.632000e+05   5.493032e+03    32.205 (     9      0)     8.267 (   283      0)
tl-ae advance_hypervis_dp                320      320 3.264000e+04   7.738068e+03    27.591 (   254      0)    22.477 (    80      0)
hvf-bhwk                                 320      320 9.792000e+04   4.203990e+03    16.629 (   222      0)    11.492 (   172      0)
hvf-bexch                                320      320 1.958400e+05   4.495493e+03    18.387 (   255      0)    11.690 (    63      0)
tl-s prim_advec_tracers_remap            320      320 3.264000e+04   6.410779e+04   210.442 (   310      0)   185.522 (   114      0)
tl-at prim_advec_tracers_remap_RK2       320      320 3.264000e+04   6.410757e+04   210.441 (   310      0)   185.522 (   114      0)
tl-at precompute_divdp                   320      320 3.264000e+04   1.352367e+02     0.502 (   285      0)     0.305 (   256      0)
tl-at esf-0                              320      320 3.264000e+04   1.806777e+04    59.994 (   164      0)    54.145 (   120      0)
tl-at esf-1                              320      320 3.264000e+04   1.392129e+04    45.720 (   208      0)    41.635 (   201      0)
tl-at esf-2                              320      320 3.264000e+04   3.027108e+04   101.742 (    36      0)    81.451 (   115      0)
tl-at qdp_time_avg                       320      320 3.264000e+04   1.710876e+03     7.394 (   224      0)     4.127 (    19      0)
tl-sc vertical_remap                     320      320 1.088000e+04   4.458426e+03    14.742 (   121      0)    13.541 (   302      0)
Remap Thickness Functor                  320      320 1.088000e+04   3.805300e+01     0.152 (   242      0)     0.095 (   209      0)
Remap Scale States Functor               320      320 1.088000e+04   2.782286e+01     0.140 (   242      0)     0.043 (    18      0)
Remap Compute Grids Functor              320      320 1.088000e+04   2.452483e+02     1.149 (   133      0)     0.509 (   209      0)
Remap Compute Remap Functor              320      320 1.088000e+04   4.108564e+03    13.345 (   121      0)    12.571 (   232      0)
Remap Rescale States Functor             320      320 1.088000e+04   3.141664e+01     0.118 (   129      0)     0.093 (    82      0)
tl-sc Q-from-qdp                         320      320 1.088000e+04   7.526708e+02     2.630 (   234      0)     2.212 (    29      0)
t_prf                                      0        0 0.000000e+00   0.000000e+00     0.000 (     0      0)     0.000 (     0      0)

