LAST_GIT_COMMIT_SHA:STRING=4790f40f2fb6acbc051ce4c988681a628c18e83d

***** GLOBAL STATISTICS (  1024 MPI TASKS) *****

$Id: gptl.c,v 1.157 2011-03-28 20:55:18 rosinski Exp $
'count' is cumulative. All other stats are max/min
name                               processes  threads        count      walltotal   wallmax (proc   thrd  )   wallmin (proc   thrd  )
Total                                   1024     1024 1.024000e+03   2.997327e+05   292.715 (   543      0)   292.694 (   219      0)
prim_init1                              1024     1024 1.024000e+03   2.895481e+02     0.287 (   898      0)     0.277 (   602      0)
repro_sum_int                           1024     1024 4.608000e+04   4.130491e+01     0.153 (   291      0)     0.007 (   889      0)
prim_init2                              1024     1024 1.024000e+03   2.060925e+02     0.316 (   291      0)     0.168 (   142      0)
prim_printstate                         1024     1024 1.024000e+03   2.437200e+01     0.025 (   653      0)     0.023 (   847      0)
interp_movie_output                     1024     1024 2.048000e+03   5.478065e-01     0.001 (   988      0)     0.000 (   776      0)
prim_main_loop                          1024     1024 1.024000e+03   2.979189e+05   290.945 (   543      0)   290.922 (   219      0)
prim_run                                1024     1024 4.372480e+05   2.979174e+05   290.943 (   543      0)   290.921 (   219      0)
tl-sc prim_run_subcycle_c               1024     1024 4.372480e+05   2.978910e+05   290.919 (   543      0)   290.897 (   219      0)
tl-sc dp3d-from-ps                      1024     1024 4.372480e+05   3.670435e+01     0.046 (    23      0)     0.025 (   483      0)
tl-sc prim_step-loop                    1024     1024 4.372480e+05   2.789274e+05   273.043 (   655      0)   271.617 (   581      0)
tl-s prim_step                          1024     1024 1.311744e+06   2.789235e+05   273.041 (   655      0)   271.613 (   581      0)
tl-s deep_copy+derived_dp               1024     1024 1.311744e+06   6.688560e+02     0.866 (    18      0)     0.370 (   881      0)
tl-s prim_advance_exp-loop              1024     1024 1.311744e+06   4.025806e+04    47.317 (   219      0)    33.140 (    31      0)
tl-ae prim_advance_exp                  1024     1024 1.311744e+06   4.025224e+04    47.312 (   219      0)    33.135 (    31      0)
tl-ae U3-5stage_timestep                1024     1024 1.311744e+06   2.232751e+04    31.324 (   219      0)    15.342 (    31      0)
caar compute                            1024     1024 6.558720e+06   9.197202e+03     9.887 (   446      0)     7.959 (    81      0)
caar_bexchV                             1024     1024 6.558720e+06   1.262559e+04    21.437 (   219      0)     6.320 (    31      0)
tl-ae advance_hypervis_dp               1024     1024 1.311744e+06   1.791660e+04    21.172 (   721      0)    15.343 (    23      0)
hvf-bhwk                                1024     1024 3.935232e+06   1.016518e+04    13.681 (   643      0)     8.176 (   105      0)
hvf-bexch                               1024     1024 7.870464e+06   9.961538e+03    13.302 (   721      0)     6.856 (   436      0)
tl-s prim_advec_tracers_remap           1024     1024 1.311744e+06   2.379855e+05   239.014 (    31      0)   223.813 (   219      0)
tl-at prim_advec_tracers_remap_RK2      1024     1024 1.311744e+06   2.379780e+05   239.008 (    31      0)   223.806 (   219      0)
tl-at precompute_divdp                  1024     1024 1.311744e+06   4.950633e+02     0.651 (   416      0)     0.234 (    70      0)
tl-at esf-0                             1024     1024 1.311744e+06   6.884580e+04    73.361 (   426      0)    61.043 (   587      0)
tl-at esf-1                             1024     1024 1.311744e+06   5.171147e+04    52.833 (   641      0)    48.353 (   181      0)
tl-at esf-2                             1024     1024 1.311744e+06   1.091407e+05   114.284 (   137      0)   100.603 (   875      0)
tl-at qdp_time_avg                      1024     1024 1.311744e+06   7.744029e+03     8.784 (  1022      0)     4.772 (    81      0)
tl-sc vertical_remap                    1024     1024 4.372480e+05   1.601729e+04    16.585 (   219      0)    15.117 (   369      0)
Remap Thickness Functor                 1024     1024 4.372480e+05   1.610425e+02     0.199 (   396      0)     0.108 (   370      0)
Remap Scale States Functor              1024     1024 4.372480e+05   1.093617e+02     0.164 (   396      0)     0.042 (   370      0)
Remap Compute Grids Functor             1024     1024 4.372480e+05   9.522180e+02     1.483 (   219      0)     0.559 (    82      0)
Remap Compute Remap Functor             1024     1024 4.372480e+05   1.466300e+04    15.268 (   483      0)    14.174 (   765      0)
Remap Rescale States Functor            1024     1024 4.372480e+05   1.213804e+02     0.160 (   160      0)     0.104 (   363      0)
tl-sc Q-from-qdp                        1024     1024 4.372480e+05   2.904016e+03     3.050 (   996      0)     2.429 (   219      0)
t_prf                                      0        0 0.000000e+00   0.000000e+00     0.000 (     0      0)     0.000 (     0      0)

