LAST_GIT_COMMIT_SHA:STRING=adf77c97ed8425a245449f2582d2441f4b72da1e
11007459

***** GLOBAL STATISTICS (  1536 MPI TASKS) *****

$Id: gptl.c,v 1.157 2011-03-28 20:55:18 rosinski Exp $
'count' is cumulative. All other stats are max/min
name                           processes  threads        count      walltotal   wallmax (proc   thrd  )   wallmin (proc   thrd  )
"Total"                             1536     1536 1.536000e+03   8.773709e+04    57.124 (   411      0)    57.117 (   866      0)
"prim_init1"                        1536     1536 1.536000e+03   3.191232e+02     0.214 (   354      0)     0.202 (  1369      0)
"PartitioningTime"                  1536     1536 1.536000e+03   5.716075e+00     0.006 (  1464      0)     0.001 (    45      0)
"repro_sum_int"                     1536     1536 6.912000e+04   8.186536e+01     0.276 (    24      0)     0.010 (   514      0)
"prim_init2"                        1536     1536 1.536000e+03   1.264421e+02     0.309 (     0      0)     0.039 (   514      0)
"prim_printstate"                   1536     1536 1.536000e+03   1.743316e+01     0.013 (  1420      0)     0.010 (   955      0)
"interp_movie_output"               1536     1536 3.072000e+03   1.167883e+00     0.002 (     5      0)     0.000 (   753      0)
"prim_main_loop"                    1536     1536 1.536000e+03   8.671205e+04    56.455 (  1278      0)    56.451 (   866      0)
"prim_run"                          1536     1536 2.949120e+06   8.670798e+04    56.452 (  1274      0)    56.448 (    84      0)
"ApplyCAMForcing"                   1536     1536 2.949120e+06   5.279255e+02     0.365 (  1214      0)     0.337 (   823      0)
"prim_step_rX"                      1536     1536 8.847360e+06   8.099382e+04    52.816 (  1046      0)    52.558 (  1184      0)
"prim_step_dyn"                     1536     1536 8.847360e+06   2.103408e+04    19.861 (  1483      0)     8.813 (  1285      0)
"prim_advance_exp"                  1536     1536 8.847360e+06   2.101873e+04    19.850 (  1483      0)     8.802 (  1285      0)
"U3-5stage_timestep"                1536     1536 8.847360e+06   1.263158e+04    15.015 (  1524      0)     4.347 (   554      0)
"compute_and_apply_rhs"             1536     1536 4.423680e+07   1.256763e+04    14.976 (  1524      0)     4.304 (   554      0)
"caar_bexchV"                       1536     1536 4.423680e+07   9.965780e+03    13.254 (  1524      0)     2.650 (   554      0)
"advance_hypervis_dp"               1536     1536 8.847360e+06   8.366347e+03     7.903 (   576      0)     3.930 (  1264      0)
"biwkdp3d_bexchV"                   1536     1536 2.654208e+07   2.924151e+03     3.239 (  1471      0)     1.110 (  1295      0)
"ahdp_bexchV2"                      1536     1536 2.654208e+07   2.907588e+03     3.601 (  1002      0)     1.107 (  1263      0)
"prim_step_advec"                   1536     1536 8.847360e+06   5.981555e+04    43.783 (  1274      0)    32.744 (  1483      0)
"PAT_remap"                         1536     1536 8.847360e+06   5.980441e+04    43.776 (   421      0)    32.736 (  1483      0)
"prim_advec_tracers_remap_rk2"      1536     1536 8.847360e+06   5.978796e+04    43.764 (   421      0)    32.726 (  1483      0)
"precomput_divdp"                   1536     1536 8.847360e+06   5.603003e+01     0.052 (   576      0)     0.028 (  1038      0)
"euler_step_0"                      1536     1536 8.847360e+06   1.696957e+04    14.300 (   428      0)     8.204 (  1527      0)
"bihmix_qminmax"                    1536     1536 2.654208e+07   2.756425e+04    23.536 (   428      0)    13.557 (   481      0)
"eus_neighbor_minmax1"              1536     1536 8.847360e+06   5.604575e+03     6.325 (   428      0)     1.643 (   680      0)
"nmm_bexchV"                        1536     1536 8.847360e+06   4.304589e+03     5.319 (   428      0)     0.879 (   450      0)
"eus_2d_advec"                      1536     1536 2.654208e+07   3.084618e+04    26.755 (  1287      0)    15.929 (  1206      0)
"eus_bexchV"                        1536     1536 2.654208e+07   1.734820e+04    17.852 (  1287      0)     7.042 (  1206      0)
"euler_step_1"                      1536     1536 8.847360e+06   9.943135e+03     7.710 (  1336      0)     5.245 (  1504      0)
"euler_step_2"                      1536     1536 8.847360e+06   3.155748e+04    23.005 (   423      0)    17.052 (  1162      0)
"nmm_bexchS_start"                  1536     1536 8.847360e+06   1.690488e+02     0.246 (   428      0)     0.042 (  1480      0)
"biwksc_bexchV"                     1536     1536 8.847360e+06   8.373407e+03     8.405 (   213      0)     2.897 (   780      0)
"nmm_bexchS_fini"                   1536     1536 8.847360e+06   2.195671e+01     0.028 (    65      0)     0.009 (   343      0)
"qdp_tavg"                          1536     1536 8.847360e+06   1.213635e+03     0.832 (  1292      0)     0.759 (   789      0)
"vertical_remap"                    1536     1536 2.949120e+06   4.364684e+03     2.962 (  1292      0)     2.783 (   945      0)
"vertical_remap1_1"                 1536     1536 2.949120e+06   2.679374e+02     0.186 (  1314      0)     0.168 (  1046      0)
"remap_Q_ppm"                       1536     1536 8.847360e+06   4.280180e+03     2.901 (  1292      0)     2.731 (   945      0)
"vertical_remap1_2"                 1536     1536 2.949120e+06   3.315849e+02     0.225 (  1292      0)     0.211 (  1046      0)
"vertical_remap1_3"                 1536     1536 2.949120e+06   3.690973e+03     2.499 (  1184      0)     2.356 (   945      0)
"prim_run_subcyle_diags"            1536     1536 2.949120e+06   6.023255e+02     0.462 (  1285      0)     0.356 (  1526      0)
"t_prf"                                0        0 0.000000e+00   0.000000e+00     0.000 (     0      0)     0.000 (     0      0)

11007459
