LAST_GIT_COMMIT_SHA:STRING=adf77c97ed8425a245449f2582d2441f4b72da1e
10940545

***** GLOBAL STATISTICS (   384 MPI TASKS) *****

$Id: gptl.c,v 1.157 2011-03-28 20:55:18 rosinski Exp $
'count' is cumulative. All other stats are max/min
name                           processes  threads        count      walltotal   wallmax (proc   thrd  )   wallmin (proc   thrd  )
"Total"                              384      384 3.840000e+02   3.752082e+04    97.717 (   346      0)    97.702 (   139      0)
"prim_init1"                         384      384 3.840000e+02   3.876142e+01     0.105 (     0      0)     0.099 (   271      0)
"PartitioningTime"                   384      384 3.840000e+02   3.245161e-01     0.002 (   162      0)     0.000 (   112      0)
"repro_sum_int"                      384      384 1.728000e+04   3.613782e+00     0.017 (     9      0)     0.005 (   364      0)
"prim_init2"                         384      384 3.840000e+02   1.549137e+01     0.047 (     4      0)     0.036 (   304      0)
"prim_printstate"                    384      384 3.840000e+02   3.207894e+00     0.013 (     0      0)     0.008 (   338      0)
"interp_movie_output"                384      384 7.680000e+02   8.137703e-02     0.000 (   168      0)     0.000 (   318      0)
"prim_main_loop"                     384      384 3.840000e+02   3.733615e+04    97.236 (   346      0)    97.221 (   139      0)
"prim_run"                           384      384 7.680000e+04   3.733594e+04    97.236 (   346      0)    97.220 (   139      0)
"ApplyCAMForcing"                    384      384 7.680000e+04   4.696849e+02     1.428 (   364      0)     0.860 (   210      0)
"prim_step_rX"                       384      384 2.304000e+05   3.424442e+04    89.782 (   210      0)    88.807 (   187      0)
"prim_step_dyn"                      384      384 2.304000e+05   4.975274e+03    17.045 (   210      0)    10.309 (   356      0)
"prim_advance_exp"                   384      384 2.304000e+05   4.973909e+03    17.041 (   210      0)    10.306 (   356      0)
"U3-5stage_timestep"                 384      384 2.304000e+05   2.954408e+03    11.144 (   209      0)     5.641 (   346      0)
"compute_and_apply_rhs"              384      384 1.152000e+06   2.904506e+03    11.038 (   209      0)     5.453 (   346      0)
"caar_bexchV"                        384      384 1.152000e+06   1.515629e+03     7.435 (   209      0)     1.719 (   356      0)
"advance_hypervis_dp"                384      384 2.304000e+05   2.018106e+03     6.473 (   167      0)     4.407 (   336      0)
"biwkdp3d_bexchV"                    384      384 6.912000e+05   4.000252e+02     2.456 (   173      0)     0.537 (   352      0)
"ahdp_bexchV2"                       384      384 6.912000e+05   4.068611e+02     2.246 (   168      0)     0.547 (   352      0)
"prim_step_advec"                    384      384 2.304000e+05   2.917323e+04    78.346 (   356      0)    72.436 (   210      0)
"PAT_remap"                          384      384 2.304000e+05   2.917245e+04    78.344 (   356      0)    72.434 (   210      0)
"prim_advec_tracers_remap_rk2"       384      384 2.304000e+05   2.917139e+04    78.342 (   356      0)    72.431 (   210      0)
"precomput_divdp"                    384      384 2.304000e+05   7.529320e+01     0.245 (   262      0)     0.100 (   213      0)
"euler_step_0"                       384      384 2.304000e+05   8.144921e+03    23.381 (   356      0)    18.287 (   157      0)
"bihmix_qminmax"                     384      384 6.912000e+05   1.384817e+04    38.229 (   220      0)    32.713 (   199      0)
"eus_neighbor_minmax1"               384      384 2.304000e+05   2.143581e+03     7.343 (    32      0)     3.932 (   312      0)
"nmm_bexchV"                         384      384 2.304000e+05   1.106759e+03     4.454 (    31      0)     1.509 (   312      0)
"eus_2d_advec"                       384      384 6.912000e+05   1.441486e+04    41.679 (   317      0)    34.064 (   235      0)
"eus_bexchV"                         384      384 6.912000e+05   4.610897e+03    14.987 (   317      0)     9.034 (   235      0)
"euler_step_1"                       384      384 2.304000e+05   5.734145e+03    15.890 (   359      0)    14.135 (    20      0)
"euler_step_2"                       384      384 2.304000e+05   1.439370e+04    38.961 (   216      0)    35.686 (   235      0)
"nmm_bexchS_start"                   384      384 2.304000e+05   1.607378e+01     0.053 (   122      0)     0.031 (   215      0)
"biwksc_bexchV"                      384      384 2.304000e+05   1.713192e+03     6.027 (   197      0)     2.978 (   184      0)
"nmm_bexchS_fini"                    384      384 2.304000e+05   4.582153e+02     1.336 (   378      0)     1.048 (   135      0)
"qdp_tavg"                           384      384 2.304000e+05   8.190497e+02     2.580 (   370      0)     1.462 (   186      0)
"vertical_remap"                     384      384 7.680000e+04   1.831271e+03     4.905 (   235      0)     4.699 (   261      0)
"vertical_remap1_1"                  384      384 1.228800e+06   1.030713e+02     0.274 (    98      0)     0.265 (   257      0)
"remap_Q_ppm"                        384      384 3.686400e+06   1.800366e+03     4.806 (   235      0)     4.625 (   200      0)
"vertical_remap1_2"                  384      384 1.228800e+06   1.367551e+02     0.359 (   235      0)     0.354 (    71      0)
"vertical_remap1_3"                  384      384 1.228800e+06   1.564272e+03     4.186 (   235      0)     4.015 (   200      0)
"prim_run_subcyle_diags"             384      384 7.680000e+04   6.811567e+02     2.300 (   186      0)     1.467 (   210      0)
"t_prf"                                0        0 0.000000e+00   0.000000e+00     0.000 (     0      0)     0.000 (     0      0)

10940545
