LAST_GIT_COMMIT_SHA:STRING=adf77c97ed8425a245449f2582d2441f4b72da1e
10940546

***** GLOBAL STATISTICS (   512 MPI TASKS) *****

$Id: gptl.c,v 1.157 2011-03-28 20:55:18 rosinski Exp $
'count' is cumulative. All other stats are max/min
name                           processes  threads        count      walltotal   wallmax (proc   thrd  )   wallmin (proc   thrd  )
"Total"                              512      512 5.120000e+02   5.118178e+04    99.972 (    26      0)    99.949 (   429      0)
"prim_init1"                         512      512 5.120000e+02   1.235790e+02     0.242 (   351      0)     0.240 (   369      0)
"PartitioningTime"                   512      512 5.120000e+02   7.282975e-01     0.002 (   379      0)     0.000 (   303      0)
"repro_sum_int"                      512      512 2.304000e+04   7.846063e+00     0.029 (   210      0)     0.006 (    18      0)
"prim_init2"                         512      512 5.120000e+02   2.363618e+01     0.058 (    63      0)     0.038 (   266      0)
"prim_printstate"                    512      512 5.120000e+02   4.976013e+00     0.013 (     0      0)     0.010 (   338      0)
"interp_movie_output"                512      512 1.024000e+03   9.734988e-02     0.001 (   388      0)     0.000 (   242      0)
"prim_main_loop"                     512      512 5.120000e+02   5.048860e+04    98.618 (    20      0)    98.596 (   429      0)
"prim_run"                           512      512 1.367040e+05   5.048826e+04    98.617 (    26      0)    98.595 (   429      0)
"ApplyCAMForcing"                    512      512 1.367040e+05   5.707441e+02     1.291 (    89      0)     0.742 (    46      0)
"prim_step_rX"                       512      512 4.101120e+05   4.645990e+04    91.351 (    46      0)    90.295 (   390      0)
"prim_step_dyn"                      512      512 4.101120e+05   7.497339e+03    20.347 (   209      0)    12.216 (     6      0)
"prim_advance_exp"                   512      512 4.101120e+05   7.495436e+03    20.344 (   209      0)    12.213 (     6      0)
"U3-5stage_timestep"                 512      512 4.101120e+05   4.436836e+03    14.718 (   209      0)     6.112 (    94      0)
"compute_and_apply_rhs"              512      512 2.050560e+06   4.392549e+03    14.625 (   209      0)     6.031 (    94      0)
"caar_bexchV"                        512      512 2.050560e+06   2.726648e+03    11.329 (   209      0)     2.881 (    94      0)
"advance_hypervis_dp"                512      512 4.101120e+05   3.056627e+03     6.723 (   102      0)     5.437 (   383      0)
"biwkdp3d_bexchV"                    512      512 1.230336e+06   7.977205e+02     2.306 (   126      0)     1.280 (   319      0)
"ahdp_bexchV2"                       512      512 1.230336e+06   7.893300e+02     2.188 (   103      0)     1.237 (   384      0)
"prim_step_advec"                    512      512 4.101120e+05   3.884247e+04    78.043 (     6      0)    70.723 (   209      0)
"PAT_remap"                          512      512 4.101120e+05   3.884121e+04    78.041 (     6      0)    70.721 (   209      0)
"prim_advec_tracers_remap_rk2"       512      512 4.101120e+05   3.883961e+04    78.038 (     6      0)    70.718 (   209      0)
"precomput_divdp"                    512      512 4.101120e+05   9.042702e+01     0.239 (   325      0)     0.114 (   341      0)
"euler_step_0"                       512      512 4.101120e+05   1.088995e+04    23.153 (     7      0)    17.241 (   302      0)
"bihmix_qminmax"                     512      512 1.230336e+06   1.843110e+04    37.978 (   320      0)    32.994 (   230      0)
"eus_neighbor_minmax1"               512      512 4.101120e+05   2.912310e+03     6.846 (   268      0)     3.976 (   322      0)
"nmm_bexchV"                         512      512 4.101120e+05   1.635743e+03     4.235 (   348      0)     1.800 (   322      0)
"eus_2d_advec"                       512      512 1.230336e+06   1.929017e+04    41.706 (   230      0)    33.228 (   430      0)
"eus_bexchV"                         512      512 1.230336e+06   6.566215e+03    16.103 (   330      0)     9.705 (   430      0)
"euler_step_1"                       512      512 4.101120e+05   7.667440e+03    15.884 (   465      0)    14.245 (   306      0)
"euler_step_2"                       512      512 4.101120e+05   1.918024e+04    38.859 (   317      0)    35.834 (   209      0)
"nmm_bexchS_start"                   512      512 4.101120e+05   2.701145e+01     0.075 (   391      0)     0.035 (   322      0)
"biwksc_bexchV"                      512      512 4.101120e+05   2.592257e+03     6.167 (   284      0)     3.786 (   230      0)
"nmm_bexchS_fini"                    512      512 4.101120e+05   5.084427e+02     1.141 (   459      0)     0.852 (   410      0)
"qdp_tavg"                           512      512 4.101120e+05   1.004275e+03     2.358 (    82      0)     1.545 (   490      0)
"vertical_remap"                     512      512 1.367040e+05   2.449297e+03     5.005 (   410      0)     4.704 (    35      0)
"vertical_remap1_1"                  512      512 1.640448e+06   1.377959e+02     0.283 (   412      0)     0.265 (   327      0)
"remap_Q_ppm"                        512      512 4.921344e+06   2.407064e+03     4.912 (   410      0)     4.627 (    35      0)
"vertical_remap1_2"                  512      512 1.640448e+06   1.825615e+02     0.371 (   410      0)     0.353 (    35      0)
"vertical_remap1_3"                  512      512 1.640448e+06   2.091782e+03     4.270 (   410      0)     4.016 (    35      0)
"prim_run_subcyle_diags"             512      512 1.367040e+05   8.705920e+02     1.987 (   152      0)     1.352 (    46      0)
"t_prf"                                0        0 0.000000e+00   0.000000e+00     0.000 (     0      0)     0.000 (     0      0)

10940546
