LAST_GIT_COMMIT_SHA:STRING=adf77c97ed8425a245449f2582d2441f4b72da1e
10940531

***** GLOBAL STATISTICS (    96 MPI TASKS) *****

$Id: gptl.c,v 1.157 2011-03-28 20:55:18 rosinski Exp $
'count' is cumulative. All other stats are max/min
name                           processes  threads        count      walltotal   wallmax (proc   thrd  )   wallmin (proc   thrd  )
"Total"                               96       96 9.600000e+01   5.524649e+03    57.552 (    38      0)    57.542 (    79      0)
"prim_init1"                          96       96 9.600000e+01   8.926374e+00     0.098 (     0      0)     0.093 (    95      0)
"PartitioningTime"                    96       96 9.600000e+01   1.054785e-01     0.001 (    68      0)     0.001 (    23      0)
"repro_sum_int"                       96       96 4.320000e+03   3.821507e-01     0.005 (    41      0)     0.003 (    80      0)
"prim_init2"                          96       96 9.600000e+01   3.257050e+00     0.037 (     0      0)     0.032 (    11      0)
"prim_printstate"                     96       96 9.600000e+01   6.679463e-01     0.010 (     0      0)     0.007 (    14      0)
"interp_movie_output"                 96       96 1.920000e+02   2.576137e-02     0.000 (     9      0)     0.000 (    53      0)
"prim_main_loop"                      96       96 9.600000e+01   5.501417e+03    57.311 (    38      0)    57.300 (    79      0)
"prim_run"                            96       96 1.152000e+04   5.501375e+03    57.310 (    38      0)    57.300 (    79      0)
"ApplyCAMForcing"                     96       96 1.152000e+04   6.790852e+01     0.839 (    56      0)     0.566 (    81      0)
"prim_step_rX"                        96       96 3.456000e+04   5.038815e+03    52.794 (    81      0)    52.291 (    60      0)
"prim_step_dyn"                       96       96 3.456000e+04   6.863663e+02     9.258 (    81      0)     5.744 (    58      0)
"prim_advance_exp"                    96       96 3.456000e+04   6.861527e+02     9.255 (    81      0)     5.742 (    58      0)
"U3-5stage_timestep"                  96       96 3.456000e+04   4.315898e+02     6.608 (    81      0)     3.161 (    60      0)
"compute_and_apply_rhs"               96       96 1.728000e+05   4.217796e+02     6.519 (    81      0)     3.034 (    60      0)
"caar_bexchV"                         96       96 1.728000e+05   2.060979e+02     4.238 (    81      0)     0.766 (    60      0)
"advance_hypervis_dp"                 96       96 3.456000e+04   2.543428e+02     2.831 (    29      0)     2.466 (    52      0)
"biwkdp3d_bexchV"                     96       96 1.036800e+05   3.546484e+01     0.553 (    24      0)     0.256 (    56      0)
"ahdp_bexchV2"                        96       96 1.036800e+05   3.583539e+01     0.506 (    29      0)     0.282 (    42      0)
"prim_step_advec"                     96       96 3.456000e+04   4.338252e+03    46.447 (    58      0)    43.341 (    81      0)
"PAT_remap"                           96       96 3.456000e+04   4.338139e+03    46.446 (    58      0)    43.340 (    81      0)
"prim_advec_tracers_remap_rk2"        96       96 3.456000e+04   4.337969e+03    46.445 (    58      0)    43.338 (    81      0)
"precomput_divdp"                     96       96 3.456000e+04   1.199877e+01     0.149 (    92      0)     0.094 (    21      0)
"euler_step_0"                        96       96 3.456000e+04   1.223817e+03    13.963 (    68      0)    11.149 (    77      0)
"bihmix_qminmax"                      96       96 1.036800e+05   2.069213e+03    22.662 (    59      0)    20.133 (    71      0)
"eus_neighbor_minmax1"                96       96 3.456000e+04   3.165486e+02     4.083 (    62      0)     2.411 (    61      0)
"nmm_bexchV"                          96       96 3.456000e+04   1.592120e+02     2.388 (    62      0)     0.991 (    61      0)
"eus_2d_advec"                        96       96 1.036800e+05   2.132676e+03    24.491 (    71      0)    20.286 (    22      0)
"eus_bexchV"                          96       96 1.036800e+05   6.449674e+02     8.730 (    71      0)     4.900 (    26      0)
"euler_step_1"                        96       96 3.456000e+04   8.529683e+02     9.375 (    77      0)     8.407 (    75      0)
"euler_step_2"                        96       96 3.456000e+04   2.126616e+03    22.982 (    56      0)    21.323 (    26      0)
"nmm_bexchS_start"                    96       96 3.456000e+04   2.342111e+00     0.031 (    33      0)     0.018 (    55      0)
"biwksc_bexchV"                       96       96 3.456000e+04   2.364405e+02     3.054 (    67      0)     1.883 (    66      0)
"nmm_bexchS_fini"                     96       96 3.456000e+04   7.143161e+01     0.836 (    24      0)     0.635 (    79      0)
"qdp_tavg"                            96       96 3.456000e+04   1.218870e+02     1.533 (    20      0)     0.976 (    67      0)
"vertical_remap"                      96       96 1.152000e+04   2.746437e+02     2.918 (    45      0)     2.812 (    69      0)
"vertical_remap1_1"                   96       96 1.843200e+05   1.545744e+01     0.164 (    26      0)     0.159 (    69      0)
"remap_Q_ppm"                         96       96 5.529600e+05   2.699996e+02     2.861 (    45      0)     2.768 (    69      0)
"vertical_remap1_2"                   96       96 1.843200e+05   2.051702e+01     0.215 (    26      0)     0.212 (     1      0)
"vertical_remap1_3"                   96       96 1.843200e+05   2.345873e+02     2.490 (    44      0)     2.403 (    69      0)
"prim_run_subcyle_diags"              96       96 1.152000e+04   1.037285e+02     1.279 (    68      0)     0.888 (    81      0)
"t_prf"                                0        0 0.000000e+00   0.000000e+00     0.000 (     0      0)     0.000 (     0      0)

10940531
