LAST_GIT_COMMIT_SHA:STRING=4790f40f2fb6acbc051ce4c988681a628c18e83d

***** GLOBAL STATISTICS (  2560 MPI TASKS) *****

$Id: gptl.c,v 1.157 2011-03-28 20:55:18 rosinski Exp $
'count' is cumulative. All other stats are max/min
name                               processes  threads        count      walltotal   wallmax (proc   thrd  )   wallmin (proc   thrd  )
Total                                   2560     2560 2.560000e+03   5.967648e+05   233.121 (    24      0)   233.092 (  1832      0)
prim_init1                              2560     2560 2.560000e+03   1.478737e+03     0.589 (    97      0)     0.557 (  2046      0)
repro_sum_int                           2560     2560 1.152000e+05   5.222663e+02     0.398 (    30      0)     0.066 (  2413      0)
prim_init2                              2560     2560 2.560000e+03   2.665501e+03     1.243 (    15      0)     0.911 (  2411      0)
prim_printstate                         2560     2560 2.560000e+03   4.209940e+02     0.180 (  1183      0)     0.157 (   993      0)
interp_movie_output                     2560     2560 5.120000e+03   5.735368e+00     0.003 (   911      0)     0.001 (  2514      0)
prim_main_loop                          2560     2560 2.560000e+03   5.855704e+05   228.745 (   278      0)   228.723 (  1832      0)
prim_run                                2560     2560 1.367040e+06   5.855612e+05   228.741 (    92      0)   228.719 (  1832      0)
tl-sc prim_run_subcycle_c               2560     2560 1.367040e+06   5.855145e+05   228.726 (   349      0)   228.703 (  1243      0)
tl-sc dp3d-from-ps                      2560     2560 1.367040e+06   7.061822e+01     0.040 (  2545      0)     0.020 (   578      0)
tl-sc prim_step-loop                    2560     2560 1.367040e+06   5.487142e+05   214.857 (   343      0)   213.596 (  2118      0)
tl-s prim_step                          2560     2560 4.101120e+06   5.487025e+05   214.853 (   343      0)   213.590 (  2118      0)
tl-s deep_copy+derived_dp               2560     2560 4.101120e+06   1.228651e+03     0.655 (   254      0)     0.265 (   355      0)
tl-s prim_advance_exp-loop              2560     2560 4.101120e+06   6.978241e+04    35.414 (   616      0)    21.157 (  1528      0)
tl-ae prim_advance_exp                  2560     2560 4.101120e+06   6.976366e+04    35.407 (   616      0)    21.151 (  1528      0)
tl-ae U3-5stage_timestep                2560     2560 4.101120e+06   4.039106e+04    24.614 (  2290      0)    10.693 (   355      0)
caar compute                            2560     2560 2.050560e+07   1.630876e+04     7.138 (   407      0)     5.794 (   137      0)
caar_bexchV                             2560     2560 2.050560e+07   2.337726e+04    17.839 (  2290      0)     4.490 (  1318      0)
tl-ae advance_hypervis_dp               2560     2560 4.101120e+06   2.935305e+04    13.644 (  1565      0)     9.445 (   134      0)
hvf-bhwk                                2560     2560 1.230336e+07   1.755845e+04     8.606 (   180      0)     5.835 (   115      0)
hvf-bexch                               2560     2560 2.460672e+07   1.540846e+04     8.125 (  1565      0)     4.090 (   141      0)
tl-s prim_advec_tracers_remap           2560     2560 4.101120e+06   4.776606e+05   193.242 (  1528      0)   178.030 (   616      0)
tl-at prim_advec_tracers_remap_RK2      2560     2560 4.101120e+06   4.776406e+05   193.236 (  1528      0)   178.022 (   616      0)
tl-at precompute_divdp                  2560     2560 4.101120e+06   9.105912e+02     0.464 (   571      0)     0.210 (   367      0)
tl-at esf-0                             2560     2560 4.101120e+06   1.400082e+05    59.688 (   556      0)    47.728 (   616      0)
tl-at esf-1                             2560     2560 4.101120e+06   1.034271e+05    42.382 (   395      0)    39.108 (   751      0)
tl-at esf-2                             2560     2560 4.101120e+06   2.194392e+05    93.910 (  1322      0)    81.125 (   788      0)
tl-at qdp_time_avg                      2560     2560 4.101120e+06   1.374149e+04     6.608 (  1350      0)     3.522 (   578      0)
tl-sc vertical_remap                    2560     2560 1.367040e+06   3.138162e+04    13.051 (  2118      0)    11.844 (  1427      0)
Remap Thickness Functor                 2560     2560 1.367040e+06   3.584054e+02     0.182 (  1674      0)     0.097 (  2487      0)
Remap Scale States Functor              2560     2560 1.367040e+06   2.186994e+02     0.132 (   254      0)     0.040 (   564      0)
Remap Compute Grids Functor             2560     2560 1.367040e+06   1.867783e+03     1.135 (  2187      0)     0.455 (   578      0)
Remap Compute Remap Functor             2560     2560 1.367040e+06   2.859953e+04    11.649 (  2118      0)    11.037 (  2037      0)
Remap Rescale States Functor            2560     2560 1.367040e+06   2.325416e+02     0.118 (   280      0)     0.082 (  1550      0)
tl-sc Q-from-qdp                        2560     2560 1.367040e+06   5.332250e+03     2.312 (  1344      0)     1.852 (   548      0)
t_prf                                      0        0 0.000000e+00   0.000000e+00     0.000 (     0      0)     0.000 (     0      0)

