LAST_GIT_COMMIT_SHA:STRING=adf77c97ed8425a245449f2582d2441f4b72da1e
10940612

***** GLOBAL STATISTICS (  1920 MPI TASKS) *****

$Id: gptl.c,v 1.157 2011-03-28 20:55:18 rosinski Exp $
'count' is cumulative. All other stats are max/min
name                           processes  threads        count      walltotal   wallmax (proc   thrd  )   wallmin (proc   thrd  )
"Total"                             1920     1920 1.920000e+03   5.688819e+05   296.355 (    26      0)   296.231 (  1608      0)
"prim_init1"                        1920     1920 1.920000e+03   1.726102e+03     0.919 (    54      0)     0.882 (  1006      0)
"PartitioningTime"                  1920     1920 1.920000e+03   1.206091e+01     0.009 (  1037      0)     0.002 (   592      0)
"repro_sum_int"                     1920     1920 8.640000e+04   1.907488e+02     0.205 (    13      0)     0.035 (    93      0)
"prim_init2"                        1920     1920 1.920000e+03   6.768489e+02     0.466 (    28      0)     0.293 (    77      0)
"prim_printstate"                   1920     1920 1.920000e+03   1.950629e+02     0.104 (   599      0)     0.100 (  1791      0)
"interp_movie_output"               1920     1920 3.840000e+03   1.524107e+00     0.001 (   137      0)     0.000 (  1282      0)
"prim_main_loop"                    1920     1920 1.920000e+03   5.570939e+05   290.212 (    26      0)   290.089 (  1608      0)
"prim_run"                          1920     1920 3.840000e+05   5.570917e+05   290.211 (    26      0)   290.088 (  1608      0)
"ApplyCAMForcing"                   1920     1920 3.840000e+05   6.904564e+03     4.795 (  1061      0)     2.202 (  1450      0)
"prim_step_rX"                      1920     1920 1.152000e+06   5.135879e+05   269.641 (   862      0)   265.819 (   705      0)
"prim_step_dyn"                     1920     1920 1.152000e+06   1.074831e+05    67.079 (  1038      0)    44.670 (    26      0)
"prim_advance_exp"                  1920     1920 1.152000e+06   1.074721e+05    67.074 (  1038      0)    44.666 (    26      0)
"U3-5stage_timestep"                1920     1920 1.152000e+06   5.356861e+04    38.704 (  1448      0)    19.010 (   262      0)
"compute_and_apply_rhs"             1920     1920 5.760000e+06   5.295533e+04    38.432 (  1448      0)    18.683 (   262      0)
"caar_bexchV"                       1920     1920 5.760000e+06   3.126698e+04    27.154 (  1448      0)     5.387 (    26      0)
"advance_hypervis_dp"               1920     1920 1.152000e+06   5.389254e+04    33.790 (   715      0)    21.451 (   442      0)
"biwkdp3d_bexchV"                   1920     1920 3.456000e+06   1.587922e+04    16.498 (   742      0)     3.127 (     0      0)
"ahdp_bexchV2"                      1920     1920 3.456000e+06   1.635583e+04    16.231 (   741      0)     3.884 (    24      0)
"prim_step_advec"                   1920     1920 1.152000e+06   4.046900e+05   221.307 (    26      0)   201.226 (  1038      0)
"PAT_remap"                         1920     1920 1.152000e+06   4.046856e+05   221.305 (    26      0)   201.224 (  1038      0)
"prim_advec_tracers_remap_rk2"      1920     1920 1.152000e+06   4.046796e+05   221.302 (    26      0)   201.220 (  1038      0)
"precomput_divdp"                   1920     1920 1.152000e+06   8.216252e+02     0.590 (  1142      0)     0.208 (   739      0)
"euler_step_0"                      1920     1920 1.152000e+06   1.108375e+05    63.602 (     0      0)    51.604 (   385      0)
"bihmix_qminmax"                    1920     1920 3.456000e+06   1.901069e+05   109.370 (   737      0)    89.059 (  1544      0)
"eus_neighbor_minmax1"              1920     1920 1.152000e+06   3.040975e+04    22.326 (   736      0)    12.158 (    22      0)
"nmm_bexchV"                        1920     1920 1.152000e+06   1.561007e+04    16.459 (   737      0)     4.294 (     8      0)
"eus_2d_advec"                      1920     1920 3.456000e+06   2.015085e+05   118.779 (     8      0)    93.398 (  1129      0)
"eus_bexchV"                        1920     1920 3.456000e+06   5.561640e+04    44.384 (   828      0)    20.631 (   990      0)
"euler_step_1"                      1920     1920 1.152000e+06   7.962731e+04    47.648 (   642      0)    37.561 (   654      0)
"euler_step_2"                      1920     1920 1.152000e+06   2.012052e+05   112.852 (   733      0)    97.312 (  1129      0)
"nmm_bexchS_start"                  1920     1920 1.152000e+06   7.529073e+01     0.062 (  1901      0)     0.024 (    77      0)
"biwksc_bexchV"                     1920     1920 1.152000e+06   1.964800e+04    16.807 (  1155      0)     6.560 (   968      0)
"nmm_bexchS_fini"                   1920     1920 1.152000e+06   7.637755e+03     4.926 (  1061      0)     2.617 (    96      0)
"qdp_tavg"                          1920     1920 1.152000e+06   1.216318e+04     7.997 (  1059      0)     3.842 (    94      0)
"vertical_remap"                    1920     1920 3.840000e+05   2.552645e+04    13.824 (  1360      0)    12.998 (   871      0)
"vertical_remap1_1"                 1920     1920 1.728000e+07   1.428923e+03     0.768 (  1360      0)     0.736 (   871      0)
"remap_Q_ppm"                       1920     1920 5.184000e+07   2.511561e+04    13.560 (  1360      0)    12.798 (   871      0)
"vertical_remap1_2"                 1920     1920 1.728000e+07   1.922294e+03     1.029 (  1360      0)     0.993 (  1910      0)
"vertical_remap1_3"                 1920     1920 1.728000e+07   2.181385e+04    11.811 (   990      0)    11.092 (   871      0)
"prim_run_subcyle_diags"            1920     1920 3.840000e+05   9.524485e+03     7.002 (   787      0)     3.948 (  1232      0)
"t_prf"                                0        0 0.000000e+00   0.000000e+00     0.000 (     0      0)     0.000 (     0      0)

10940612
