LAST_GIT_COMMIT_SHA:STRING=4790f40f2fb6acbc051ce4c988681a628c18e83d

***** GLOBAL STATISTICS ( 24576 MPI TASKS) *****

$Id: gptl.c,v 1.157 2011-03-28 20:55:18 rosinski Exp $
'count' is cumulative. All other stats are max/min
name                               processes  threads        count      walltotal   wallmax (proc   thrd  )   wallmin (proc   thrd  )
Total                                  24576    24576 2.457600e+04   9.446797e+06   384.519 (   956      0)   384.325 ( 19911      0)
prim_init1                             24576    24576 2.457600e+04   6.764426e+04     2.930 (  7241      0)     2.594 ( 20236      0)
repro_sum_int                          24576    24576 5.382144e+06   1.283910e+04     2.325 (     8      0)     0.151 ( 21023      0)
prim_init2                             24576    24576 2.457600e+04   5.098323e+04     3.868 (     4      0)     1.461 (  7020      0)
prim_printstate                        24576    24576 9.830400e+04   8.258717e+03     0.422 ( 19492      0)     0.276 ( 10495      0)
interp_movie_output                    24576    24576 4.915200e+04   2.056653e+02     0.027 ( 10497      0)     0.000 (  1722      0)
prim_main_loop                         24576    24576 2.457600e+04   9.243689e+06   376.161 ( 14853      0)   376.083 (  6793      0)
prim_run                               24576    24576 2.516582e+08   9.243109e+06   376.150 ( 14598      0)   376.058 (  6796      0)
tl-sc prim_run_subcycle_c              24576    24576 2.516582e+08   9.238098e+06   375.973 ( 14594      0)   375.830 (  6785      0)
tl-sc dp3d-from-ps                     24576    24576 2.516582e+08   1.019817e+03     0.059 ( 23978      0)     0.029 ( 17218      0)
tl-sc prim_step-loop                   24576    24576 2.516582e+08   8.801500e+06   358.562 (  5059      0)   356.279 (  7456      0)
tl-s prim_step                         24576    24576 7.549747e+08   8.800565e+06   358.529 (  5059      0)   356.239 (  7456      0)
tl-s deep_copy+derived_dp              24576    24576 7.549747e+08   1.115763e+04     0.630 ( 15476      0)     0.262 (  2872      0)
tl-s prim_advance_exp-loop             24576    24576 7.549747e+08   3.659963e+06   173.974 ( 22730      0)   107.405 ( 21503      0)
tl-ae prim_advance_exp                 24576    24576 7.549747e+08   3.658641e+06   173.921 ( 22730      0)   107.347 ( 21503      0)
tl-ae U3-5stage_timestep               24576    24576 7.549747e+08   1.785176e+06   109.782 ( 15986      0)    43.992 ( 19797      0)
caar compute                           24576    24576 3.774874e+09   1.842948e+05     8.442 ( 15456      0)     7.200 ( 20073      0)
caar_bexchV                            24576    24576 3.774874e+09   1.588849e+06   101.766 ( 15986      0)    35.440 ( 18432      0)
tl-ae advance_hypervis_dp              24576    24576 7.549747e+08   1.871747e+06   108.140 ( 23694      0)    53.301 (   993      0)
hvf-bhwk                               24576    24576 2.264924e+09   9.795767e+05    64.440 ( 23693      0)    28.073 (  1010      0)
hvf-bexch                              24576    24576 4.529848e+09   1.688260e+06   100.494 ( 23694      0)    45.950 (  1011      0)
tl-s prim_advec_tracers_remap          24576    24576 7.549747e+08   5.126769e+06   249.927 (  7166      0)   183.546 ( 22730      0)
tl-at prim_advec_tracers_remap_RK2     24576    24576 7.549747e+08   5.125264e+06   249.867 (  7166      0)   183.482 ( 22730      0)
tl-at precompute_divdp                 24576    24576 7.549747e+08   6.670851e+03     0.411 ( 23680      0)     0.189 ( 19238      0)
tl-at esf-0                            24576    24576 7.549747e+08   1.505808e+06    86.220 ( 23716      0)    48.379 ( 16180      0)
tl-at esf-1                            24576    24576 7.549747e+08   9.490873e+05    55.825 ( 24406      0)    31.956 ( 23285      0)
tl-at esf-2                            24576    24576 7.549747e+08   2.557437e+06   137.099 (  1031      0)    87.595 (  1482      0)
tl-at qdp_time_avg                     24576    24576 7.549747e+08   1.011967e+05     4.529 ( 15456      0)     4.052 ( 24251      0)
tl-sc vertical_remap                   24576    24576 2.516582e+08   3.785328e+05    17.057 ( 15480      0)    15.027 (  3113      0)
Remap Thickness Functor                24576    24576 2.516582e+08   4.585528e+03     0.284 (  4193      0)     0.127 (  3370      0)
Remap Scale States Functor             24576    24576 2.516582e+08   1.776014e+03     0.150 (  2949      0)     0.040 ( 20006      0)
Remap Compute Grids Functor            24576    24576 2.516582e+08   1.543682e+04     0.764 (   346      0)     0.579 ( 20823      0)
Remap Compute Remap Functor            24576    24576 2.516582e+08   3.501338e+05    15.874 ( 15480      0)    14.005 ( 19859      0)
Remap Rescale States Functor           24576    24576 2.516582e+08   2.858537e+03     0.129 (   320      0)     0.113 (  3624      0)
tl-sc Q-from-qdp                       24576    24576 2.516582e+08   5.601729e+04     2.464 ( 15456      0)     2.248 ( 13619      0)
t_prf                                      0        0 0.000000e+00   0.000000e+00     0.000 (     0      0)     0.000 (     0      0)

