LAST_GIT_COMMIT_SHA:STRING=adf77c97ed8425a245449f2582d2441f4b72da1e
11090282

***** GLOBAL STATISTICS ( 86400 MPI TASKS) *****

$Id: gptl.c,v 1.157 2011-03-28 20:55:18 rosinski Exp $
'count' is cumulative. All other stats are max/min
name                           processes  threads        count      walltotal   wallmax (proc   thrd  )   wallmin (proc   thrd  )
"Total"                            86400    86400 8.640000e+04   2.390595e+07   277.558 ( 24933      0)   276.200 ( 63235      0)
"prim_init1"                       86400    86400 8.640000e+04   1.912193e+06    23.477 (  4166      0)    21.271 ( 52664      0)
"PartitioningTime"                 86400    86400 8.640000e+04   1.285156e+04     0.443 ( 17284      0)     0.009 ( 20257      0)
"repro_sum_int"                    86400    86400 3.888000e+06   2.487823e+05    13.987 (     0      0)     1.248 ( 62764      0)
"prim_init2"                       86400    86400 8.640000e+04   3.671867e+05    14.870 (     2      0)     3.611 (    36      0)
"prim_printstate"                  86400    86400 8.640000e+04   7.667054e+04     1.184 (  3627      0)     0.721 ( 42620      0)
"interp_movie_output"              86400    86400 1.728000e+05   8.684371e+03     0.249 ( 29061      0)     0.058 ( 31599      0)
"prim_main_loop"                   86400    86400 8.640000e+04   1.820031e+07   210.755 ( 67136      0)   210.418 ( 80249      0)
"prim_run"                         86400    86400 3.888000e+08   1.818973e+07   210.673 ( 22550      0)   210.302 ( 35161      0)
"ApplyCAMForcing"                  86400    86400 3.888000e+08   1.059008e+05     1.515 (  8256      0)     1.126 ( 43106      0)
"prim_step_rX"                     86400    86400 1.166400e+09   1.682621e+07   195.342 ( 28061      0)   191.257 ( 54617      0)
"prim_step_dyn"                    86400    86400 1.166400e+09   7.345355e+06    96.475 ( 54413      0)    72.498 ( 51052      0)
"prim_advance_exp"                 86400    86400 1.166400e+09   7.328746e+06    96.319 ( 54413      0)    72.270 ( 51052      0)
"U3-5stage_timestep"               86400    86400 1.166400e+09   3.765517e+06    55.612 ( 56717      0)    34.647 ( 21056      0)
"compute_and_apply_rhs"            86400    86400 5.832000e+09   3.716973e+06    55.101 ( 56717      0)    34.066 ( 21056      0)
"caar_bexchV"                      86400    86400 5.832000e+09   2.877666e+06    45.886 ( 56717      0)    23.157 ( 59200      0)
"advance_hypervis_dp"              86400    86400 1.166400e+09   3.549207e+06    49.238 ( 36694      0)    35.382 ( 51053      0)
"biwkdp3d_bexchV"                  86400    86400 3.499200e+09   1.426284e+06    21.337 ( 36694      0)    13.007 ( 51136      0)
"ahdp_bexchV2"                     86400    86400 3.499200e+09   1.419640e+06    21.344 (  9318      0)    13.120 ( 51138      0)
"prim_step_advec"                  86400    86400 1.166400e+09   9.450045e+06   121.660 ( 51052      0)    98.197 ( 81745      0)
"PAT_remap"                        86400    86400 1.166400e+09   9.443571e+06   121.583 ( 51052      0)    98.122 ( 81745      0)
"prim_advec_tracers_remap_rk2"     86400    86400 1.166400e+09   9.429932e+06   121.476 ( 51052      0)    97.994 ( 81745      0)
"precomput_divdp"                  86400    86400 1.166400e+09   1.546777e+04     0.223 ( 71328      0)     0.163 ( 38433      0)
"euler_step_0"                     86400    86400 1.166400e+09   2.605517e+06    36.949 ( 51052      0)    25.190 ( 20769      0)
"bihmix_qminmax"                   86400    86400 3.499200e+09   4.174329e+06    58.100 ( 51052      0)    41.262 ( 44369      0)
"eus_neighbor_minmax1"             86400    86400 1.166400e+09   8.457310e+05    14.161 ( 51052      0)     7.393 ( 81111      0)
"nmm_bexchV"                       86400    86400 1.166400e+09   7.007518e+05    12.523 ( 51052      0)     5.756 ( 16189      0)
"eus_2d_advec"                     86400    86400 3.499200e+09   5.044015e+06    70.766 ( 51128      0)    49.630 ( 36256      0)
"eus_bexchV"                       86400    86400 3.499200e+09   2.702809e+06    44.134 ( 51048      0)    21.580 ( 33440      0)
"euler_step_1"                     86400    86400 1.166400e+09   1.718639e+06    22.880 (    64      0)    17.651 ( 44336      0)
"euler_step_2"                     86400    86400 1.166400e+09   4.972347e+06    63.503 ( 56743      0)    50.833 ( 79569      0)
"nmm_bexchS_start"                 86400    86400 1.166400e+09   8.714764e+04     1.507 (    64      0)     0.616 ( 20471      0)
"biwksc_bexchV"                    86400    86400 1.166400e+09   1.203518e+06    20.424 ( 77269      0)     9.278 ( 44620      0)
"nmm_bexchS_fini"                  86400    86400 1.166400e+09   2.282319e+04     0.661 (  4622      0)     0.203 ( 13047      0)
"qdp_tavg"                         86400    86400 1.166400e+09   8.664371e+04     1.228 ( 55840      0)     0.929 ( 23255      0)
"vertical_remap"                   86400    86400 3.888000e+08   1.167126e+06    17.116 ( 54617      0)    13.069 ( 27757      0)
"vertical_remap1_1"                86400    86400 3.888000e+08   9.559466e+04     1.331 ( 54617      0)     0.905 ( 37245      0)
"remap_Q_ppm"                      86400    86400 1.166400e+09   1.114560e+06    16.495 ( 54617      0)    12.694 ( 60605      0)
"vertical_remap1_2"                86400    86400 3.888000e+08   7.507227e+04     1.236 ( 54617      0)     0.849 ( 71002      0)
"vertical_remap1_3"                86400    86400 3.888000e+08   9.662482e+05    14.386 ( 54603      0)    11.104 ( 58813      0)
"prim_run_subcyle_diags"           86400    86400 3.888000e+08   3.428297e+04     0.602 ( 44512      0)     0.346 ( 50355      0)
"t_prf"                                0        0 0.000000e+00   0.000000e+00     0.000 (     0      0)     0.000 (     0      0)

