LAST_GIT_COMMIT_SHA:STRING=4790f40f2fb6acbc051ce4c988681a628c18e83d
11094936

***** GLOBAL STATISTICS ( 86400 MPI TASKS) *****

$Id: gptl.c,v 1.157 2011-03-28 20:55:18 rosinski Exp $
'count' is cumulative. All other stats are max/min
name                               processes  threads        count      walltotal   wallmax (proc   thrd  )   wallmin (proc   thrd  )
Total                                  86400    86400 8.640000e+04   2.274079e+07   263.524 ( 77874      0)   262.602 ( 49090      0)
prim_init1                             86400    86400 8.640000e+04   1.654922e+06    19.510 ( 51770      0)    18.625 ( 84359      0)
repro_sum_int                          86400    86400 3.888000e+06   2.043557e+05     6.096 (    13      0)     0.685 ( 43850      0)
prim_init2                             86400    86400 8.640000e+04   1.325440e+06    19.059 (    12      0)    13.280 ( 69497      0)
prim_printstate                        86400    86400 8.640000e+04   1.077235e+05     1.480 ( 11345      0)     1.087 ( 57421      0)
interp_movie_output                    86400    86400 1.728000e+05   6.651264e+03     0.166 ( 38143      0)     0.058 ( 38000      0)
prim_main_loop                         86400    86400 8.640000e+04   1.777266e+07   205.897 ( 22954      0)   205.281 ( 49073      0)
prim_run                               86400    86400 3.888000e+08   1.776321e+07   205.808 ( 22955      0)   205.175 ( 49082      0)
tl-sc prim_run_subcycle_c              86400    86400 3.888000e+08   1.769805e+07   204.937 ( 24935      0)   204.676 (  1744      0)
tl-sc dp3d-from-ps                     86400    86400 3.888000e+08   1.978203e+04     0.312 (  1520      0)     0.193 (  2141      0)
tl-sc prim_step-loop                   86400    86400 3.888000e+08   1.700877e+07   197.433 ( 82666      0)   196.269 ( 34112      0)
tl-s prim_step                         86400    86400 1.166400e+09   1.700291e+07   197.367 ( 82666      0)   196.190 ( 34112      0)
tl-s deep_copy+derived_dp              86400    86400 1.166400e+09   2.161744e+04     0.353 ( 16656      0)     0.227 ( 59626      0)
tl-s prim_advance_exp-loop             86400    86400 1.166400e+09   9.333895e+06   120.241 ( 74077      0)    92.284 (  9100      0)
tl-ae prim_advance_exp                 86400    86400 1.166400e+09   9.320444e+06   120.086 ( 74077      0)    92.123 (  9100      0)
tl-ae U3-5stage_timestep               86400    86400 1.166400e+09   4.425725e+06    63.438 ( 74275      0)    41.217 ( 34102      0)
caar compute                           86400    86400 5.832000e+09   4.712436e+05     6.260 (  9280      0)     5.081 ( 77624      0)
caar_bexchV                            86400    86400 5.832000e+09   3.879185e+06    57.280 ( 17223      0)    34.472 ( 73648      0)
tl-ae advance_hypervis_dp              86400    86400 1.166400e+09   4.883015e+06    71.122 ( 74094      0)    47.620 ( 53516      0)
hvf-bhwk                               86400    86400 3.499200e+09   2.531272e+06    37.997 ( 74077      0)    24.461 (  9141      0)
hvf-bexch                              86400    86400 6.998400e+09   4.207037e+06    63.587 ( 74094      0)    39.613 ( 53521      0)
tl-s prim_advec_tracers_remap          86400    86400 1.166400e+09   7.625115e+06   104.016 (  9100      0)    76.436 ( 74077      0)
tl-at prim_advec_tracers_remap_RK2     86400    86400 1.166400e+09   7.616558e+06   103.917 (  9100      0)    76.344 ( 74077      0)
tl-at precompute_divdp                 86400    86400 1.166400e+09   4.669366e+04     0.745 ( 23072      0)     0.340 ( 29868      0)
tl-at esf-0                            86400    86400 1.166400e+09   2.313688e+06    33.517 ( 77105      0)    22.157 ( 76962      0)
tl-at esf-1                            86400    86400 1.166400e+09   1.343594e+06    19.156 ( 53496      0)    13.379 ( 75107      0)
tl-at esf-2                            86400    86400 1.166400e+09   3.814678e+06    52.210 ( 53517      0)    36.217 ( 74059      0)
tl-at qdp_time_avg                     86400    86400 1.166400e+09   6.126183e+04     0.842 ( 16656      0)     0.674 ( 72277      0)
tl-sc vertical_remap                   86400    86400 3.888000e+08   6.229100e+05     7.729 (  3080      0)     6.734 ( 83282      0)
Remap Thickness Functor                86400    86400 3.888000e+08   4.073870e+04     0.643 ( 59220      0)     0.398 ( 76504      0)
Remap Scale States Functor             86400    86400 3.888000e+08   2.117345e+04     0.399 ( 59824      0)     0.207 ( 78330      0)
Remap Compute Grids Functor            86400    86400 3.888000e+08   4.801151e+04     0.710 ( 61680      0)     0.472 ( 12147      0)
Remap Compute Remap Functor            86400    86400 3.888000e+08   3.556073e+05     4.637 (  3080      0)     3.616 ( 25511      0)
Remap Rescale States Functor           86400    86400 3.888000e+08   1.357873e+04     0.219 ( 39439      0)     0.095 ( 39672      0)
tl-sc Q-from-qdp                       86400    86400 3.888000e+08   3.992655e+04     0.507 ( 64640      0)     0.444 ( 72104      0)
t_prf                                      0        0 0.000000e+00   0.000000e+00     0.000 (     0      0)     0.000 (     0      0)

