LAST_GIT_COMMIT_SHA:STRING=adf77c97ed8425a245449f2582d2441f4b72da1e
11094936

***** GLOBAL STATISTICS ( 86400 MPI TASKS) *****

$Id: gptl.c,v 1.157 2011-03-28 20:55:18 rosinski Exp $
'count' is cumulative. All other stats are max/min
name                           processes  threads        count      walltotal   wallmax (proc   thrd  )   wallmin (proc   thrd  )
"Total"                            86400    86400 8.640000e+04   2.677300e+07   310.894 (   207      0)   309.222 ( 42996      0)
"prim_init1"                       86400    86400 8.640000e+04   2.023070e+06    24.722 (   548      0)    22.523 ( 42996      0)
"PartitioningTime"                 86400    86400 8.640000e+04   2.171546e+04     0.461 ( 52738      0)     0.117 (   259      0)
"repro_sum_int"                    86400    86400 3.888000e+06   2.652481e+05    11.145 (     0      0)     2.026 ( 50125      0)
"prim_init2"                       86400    86400 8.640000e+04   5.519368e+05    14.463 (     6      0)     5.446 ( 85553      0)
"prim_printstate"                  86400    86400 8.640000e+04   1.601327e+05     2.038 ( 56846      0)     1.687 ( 69351      0)
"interp_movie_output"              86400    86400 1.728000e+05   9.542067e+03     0.240 ( 75979      0)     0.073 ( 40801      0)
"prim_main_loop"                   86400    86400 8.640000e+04   2.165238e+07   250.724 ( 40800      0)   250.427 ( 36440      0)
"prim_run"                         86400    86400 3.888000e+08   2.164089e+07   250.610 ( 35940      0)   250.316 ( 30766      0)
"ApplyCAMForcing"                  86400    86400 3.888000e+08   7.283432e+04     1.034 ( 50192      0)     0.759 ( 31651      0)
"prim_step_rX"                     86400    86400 1.166400e+09   2.029300e+07   235.500 (  4152      0)   233.740 ( 50176      0)
"prim_step_dyn"                    86400    86400 1.166400e+09   1.135788e+07   145.345 ( 74264      0)   109.601 (  8682      0)
"prim_advance_exp"                 86400    86400 1.166400e+09   1.134087e+07   145.168 ( 74264      0)   109.375 (  8682      0)
"U3-5stage_timestep"               86400    86400 1.166400e+09   5.596180e+06    86.271 ( 74258      0)    48.723 ( 34106      0)
"compute_and_apply_rhs"            86400    86400 5.832000e+09   5.545122e+06    85.731 ( 74258      0)    48.143 ( 34106      0)
"caar_bexchV"                      86400    86400 5.832000e+09   4.620684e+06    76.677 ( 74258      0)    37.079 ( 34106      0)
"advance_hypervis_dp"              86400    86400 1.166400e+09   5.730857e+06    86.804 ( 74077      0)    53.508 ( 34168      0)
"biwkdp3d_bexchV"                  86400    86400 3.499200e+09   2.515848e+06    41.773 ( 17096      0)    21.663 ( 53520      0)
"ahdp_bexchV2"                     86400    86400 3.499200e+09   2.496179e+06    42.150 ( 48250      0)    21.649 ( 34177      0)
"prim_step_advec"                  86400    86400 1.166400e+09   8.904284e+06   125.055 (  9108      0)    89.464 ( 74264      0)
"PAT_remap"                        86400    86400 1.166400e+09   8.897858e+06   124.980 (  9108      0)    89.389 ( 74264      0)
"prim_advec_tracers_remap_rk2"     86400    86400 1.166400e+09   8.882446e+06   124.737 (  9108      0)    89.206 ( 74264      0)
"precomput_divdp"                  86400    86400 1.166400e+09   1.586469e+04     0.252 ( 16656      0)     0.170 ( 86151      0)
"euler_step_0"                     86400    86400 1.166400e+09   2.873471e+06    43.794 ( 60371      0)    27.279 ( 32877      0)
"bihmix_qminmax"                   86400    86400 3.499200e+09   3.823152e+06    55.679 (  9104      0)    37.171 ( 34200      0)
"eus_neighbor_minmax1"             86400    86400 1.166400e+09   1.158832e+06    20.538 ( 34080      0)     9.659 ( 34199      0)
"nmm_bexchV"                       86400    86400 1.166400e+09   1.004535e+06    18.682 ( 34080      0)     7.948 ( 34199      0)
"eus_2d_advec"                     86400    86400 3.499200e+09   4.857180e+06    71.428 (  9101      0)    46.646 ( 74080      0)
"eus_bexchV"                       86400    86400 3.499200e+09   3.391541e+06    54.984 (  9106      0)    28.967 (  1632      0)
"euler_step_1"                     86400    86400 1.166400e+09   1.627060e+06    25.029 ( 34088      0)    15.517 ( 21237      0)
"euler_step_2"                     86400    86400 1.166400e+09   4.249981e+06    58.536 (  8683      0)    41.793 ( 74082      0)
"nmm_bexchS_start"                 86400    86400 1.166400e+09   9.507203e+04     1.531 ( 57200      0)     0.661 ( 64519      0)
"biwksc_bexchV"                    86400    86400 1.166400e+09   1.288240e+06    21.348 (  8149      0)    10.728 (  5597      0)
"nmm_bexchS_fini"                  86400    86400 1.166400e+09   2.690501e+04     1.197 ( 80293      0)     0.184 (  1162      0)
"qdp_tavg"                         86400    86400 1.166400e+09   8.613633e+04     1.169 ( 14432      0)     0.944 ( 46914      0)
"vertical_remap"                   86400    86400 3.888000e+08   1.181074e+06    14.384 ( 50176      0)    13.301 ( 35853      0)
"vertical_remap1_1"                86400    86400 3.888000e+08   1.029649e+05     1.403 (  3504      0)     1.052 ( 64306      0)
"remap_Q_ppm"                      86400    86400 1.166400e+09   1.123716e+06    13.717 ( 34868      0)    12.830 ( 64306      0)
"vertical_remap1_2"                86400    86400 3.888000e+08   7.538289e+04     0.938 ( 16656      0)     0.853 ( 32596      0)
"vertical_remap1_3"                86400    86400 3.888000e+08   9.713131e+05    11.970 ( 34868      0)    11.148 ( 59826      0)
"prim_run_subcyle_diags"           86400    86400 3.888000e+08   3.574645e+04     0.677 ( 51136      0)     0.258 ( 85065      0)
"t_prf"                                0        0 0.000000e+00   0.000000e+00     0.000 (     0      0)     0.000 (     0      0)

