LAST_GIT_COMMIT_SHA:STRING=4790f40f2fb6acbc051ce4c988681a628c18e83d

***** GLOBAL STATISTICS (   576 MPI TASKS) *****

$Id: gptl.c,v 1.157 2011-03-28 20:55:18 rosinski Exp $
'count' is cumulative. All other stats are max/min
name                               processes  threads        count      walltotal   wallmax (proc   thrd  )   wallmin (proc   thrd  )
Total                                    576      576 5.760000e+02   2.050273e+05   356.029 (   128      0)   355.716 (   306      0)
prim_init1                               576      576 5.760000e+02   3.937584e+02     0.686 (   483      0)     0.678 (   359      0)
repro_sum_int                            576      576 2.592000e+04   1.752263e+01     0.059 (    13      0)     0.014 (   503      0)
prim_init2                               576      576 5.760000e+02   4.533292e+02     0.816 (     7      0)     0.764 (   219      0)
prim_printstate                          576      576 5.760000e+02   4.701816e+01     0.085 (     0      0)     0.080 (   571      0)
interp_movie_output                      576      576 1.152000e+03   2.847579e-01     0.001 (    57      0)     0.000 (   111      0)
prim_main_loop                           576      576 5.760000e+02   2.013901e+05   349.714 (   128      0)   349.401 (   306      0)
prim_run                                 576      576 4.608000e+04   2.013896e+05   349.713 (   128      0)   349.400 (   306      0)
tl-sc prim_run_subcycle_c                576      576 4.608000e+04   2.013266e+05   349.605 (   128      0)   349.357 (   306      0)
tl-sc dp3d-from-ps                       576      576 4.608000e+04   1.919820e+01     0.048 (   418      0)     0.027 (    66      0)
tl-sc prim_step-loop                     576      576 4.608000e+04   1.892387e+05   329.248 (   393      0)   327.413 (   433      0)
tl-s prim_step                           576      576 1.382400e+05   1.892382e+05   329.247 (   393      0)   327.412 (   433      0)
tl-s deep_copy+derived_dp                576      576 1.382400e+05   3.611804e+02     0.943 (   431      0)     0.341 (    66      0)
tl-s prim_advance_exp-loop               576      576 1.382400e+05   3.896545e+04    90.705 (   306      0)    54.500 (   558      0)
tl-ae prim_advance_exp                   576      576 1.382400e+05   3.896470e+04    90.704 (   306      0)    54.499 (   558      0)
tl-ae U3-5stage_timestep                 576      576 1.382400e+05   1.963158e+04    58.365 (   306      0)    22.213 (   543      0)
caar compute                             576      576 6.912000e+05   6.826303e+03    13.009 (   140      0)    11.033 (   377      0)
caar_bexchV                              576      576 6.912000e+05   1.251134e+04    46.482 (   306      0)    10.252 (   560      0)
tl-ae advance_hypervis_dp                576      576 1.382400e+05   1.933150e+04    39.185 (   241      0)    30.550 (   303      0)
hvf-bhwk                                 576      576 4.147200e+05   1.120770e+04    25.179 (   205      0)    16.507 (    42      0)
hvf-bexch                                576      576 8.294400e+05   1.012419e+04    24.020 (   211      0)    14.056 (    75      0)
tl-s prim_advec_tracers_remap            576      576 1.382400e+05   1.499096e+05   273.963 (   558      0)   237.306 (   306      0)
tl-at prim_advec_tracers_remap_RK2       576      576 1.382400e+05   1.499087e+05   273.962 (   558      0)   237.305 (   306      0)
tl-at precompute_divdp                   576      576 1.382400e+05   2.739819e+02     0.618 (   120      0)     0.311 (   270      0)
tl-at esf-0                              576      576 1.382400e+05   4.014758e+04    77.150 (   558      0)    65.966 (   141      0)
tl-at esf-1                              576      576 1.382400e+05   3.127277e+04    58.812 (   545      0)    49.696 (   568      0)
tl-at esf-2                              576      576 1.382400e+05   7.461730e+04   143.163 (   543      0)   111.316 (   306      0)
tl-at qdp_time_avg                       576      576 1.382400e+05   3.591277e+03     8.501 (   419      0)     4.524 (   559      0)
tl-sc vertical_remap                     576      576 4.608000e+04   1.055350e+04    19.422 (   433      0)    17.529 (   452      0)
Remap Thickness Functor                  576      576 4.608000e+04   8.814862e+01     0.186 (   325      0)     0.127 (   560      0)
Remap Scale States Functor               576      576 4.608000e+04   6.451390e+01     0.173 (   325      0)     0.049 (   378      0)
Remap Compute Grids Functor              576      576 4.608000e+04   5.787174e+02     1.507 (   265      0)     0.653 (   378      0)
Remap Compute Remap Functor              576      576 4.608000e+04   9.746494e+03    17.712 (   433      0)    16.411 (   452      0)
Remap Rescale States Functor             576      576 4.608000e+04   6.825899e+01     0.166 (   409      0)     0.109 (   402      0)
tl-sc Q-from-qdp                         576      576 4.608000e+04   1.514557e+03     3.014 (   411      0)     2.478 (   568      0)
t_prf                                      0        0 0.000000e+00   0.000000e+00     0.000 (     0      0)     0.000 (     0      0)

