LAST_GIT_COMMIT_SHA:STRING=adf77c97ed8425a245449f2582d2441f4b72da1e

***** GLOBAL STATISTICS (   960 MPI TASKS) *****

$Id: gptl.c,v 1.157 2011-03-28 20:55:18 rosinski Exp $
'count' is cumulative. All other stats are max/min
name                           processes  threads        count      walltotal   wallmax (proc   thrd  )   wallmin (proc   thrd  )
"Total"                              960      960 9.600000e+02   3.781965e+05   394.024 (   856      0)   393.878 (   548      0)
"prim_init1"                         960      960 9.600000e+02   7.564534e+02     0.800 (   662      0)     0.778 (   287      0)
"PartitioningTime"                   960      960 9.600000e+02   4.804068e+00     0.006 (   888      0)     0.003 (   910      0)
"repro_sum_int"                      960      960 4.320000e+04   2.883064e+01     0.066 (    20      0)     0.014 (    58      0)
"prim_init2"                         960      960 9.600000e+02   1.827279e+02     0.230 (     0      0)     0.174 (    49      0)
"prim_printstate"                    960      960 9.600000e+02   3.234019e+01     0.038 (     0      0)     0.033 (   273      0)
"interp_movie_output"                960      960 1.920000e+03   5.357423e-01     0.002 (   803      0)     0.000 (   339      0)
"prim_main_loop"                     960      960 9.600000e+02   3.722970e+05   387.886 (   856      0)   387.731 (   548      0)
"prim_run"                           960      960 1.286400e+05   3.722962e+05   387.885 (   856      0)   387.730 (   548      0)
"ApplyCAMForcing"                    960      960 1.286400e+05   6.752439e+03     7.943 (   672      0)     4.956 (   502      0)
"prim_step_rX"                       960      960 3.859200e+05   3.413688e+05   359.594 (   502      0)   353.448 (   823      0)
"prim_step_dyn"                      960      960 3.859200e+05   7.156274e+04    91.020 (   502      0)    61.141 (   931      0)
"prim_advance_exp"                   960      960 3.859200e+05   7.155977e+04    91.017 (   502      0)    61.138 (   931      0)
"U3-5stage_timestep"                 960      960 3.859200e+05   3.483027e+04    56.728 (   502      0)    26.320 (   172      0)
"compute_and_apply_rhs"              960      960 1.929600e+06   3.434736e+04    56.417 (   502      0)    25.725 (   172      0)
"caar_bexchV"                        960      960 1.929600e+06   1.887857e+04    40.834 (   502      0)     7.337 (   817      0)
"advance_hypervis_dp"                960      960 3.859200e+05   3.672491e+04    47.001 (   568      0)    32.061 (   482      0)
"biwkdp3d_bexchV"                    960      960 1.157760e+06   9.236027e+03    18.343 (   244      0)     4.485 (   823      0)
"ahdp_bexchV2"                       960      960 1.157760e+06   9.530315e+03    18.868 (   248      0)     4.687 (   819      0)
"prim_step_advec"                    960      960 3.859200e+05   2.687807e+05   292.719 (   931      0)   267.134 (   143      0)
"PAT_remap"                          960      960 3.859200e+05   2.687794e+05   292.718 (   931      0)   267.133 (   143      0)
"prim_advec_tracers_remap_rk2"       960      960 3.859200e+05   2.687772e+05   292.716 (   931      0)   267.130 (   143      0)
"precomput_divdp"                    960      960 3.859200e+05   5.347658e+02     0.736 (   888      0)     0.269 (   546      0)
"euler_step_0"                       960      960 3.859200e+05   7.332334e+04    82.554 (   136      0)    68.894 (   417      0)
"bihmix_qminmax"                     960      960 1.157760e+06   1.275812e+05   146.940 (   418      0)   117.447 (   164      0)
"eus_neighbor_minmax1"               960      960 3.859200e+05   1.989455e+04    29.269 (   435      0)    14.994 (   164      0)
"nmm_bexchV"                         960      960 3.859200e+05   1.035068e+04    20.290 (   418      0)     6.366 (   164      0)
"eus_2d_advec"                       960      960 1.157760e+06   1.329461e+05   154.920 (   696      0)   121.168 (   329      0)
"eus_bexchV"                         960      960 1.157760e+06   3.460092e+04    54.200 (    97      0)    25.980 (   601      0)
"euler_step_1"                       960      960 3.859200e+05   5.200785e+04    64.218 (   419      0)    46.268 (   393      0)
"euler_step_2"                       960      960 3.859200e+05   1.352186e+05   150.620 (   930      0)   131.859 (   597      0)
"nmm_bexchS_start"                   960      960 3.859200e+05   2.888808e+01     0.057 (   168      0)     0.010 (   474      0)
"biwksc_bexchV"                      960      960 3.859200e+05   1.138034e+04    18.089 (   418      0)     9.404 (   234      0)
"nmm_bexchS_fini"                    960      960 3.859200e+05   6.430834e+03     8.195 (   672      0)     3.782 (   166      0)
"qdp_tavg"                           960      960 3.859200e+05   7.679939e+03     9.817 (   676      0)     4.438 (   167      0)
"vertical_remap"                     960      960 1.286400e+05   1.672502e+04    18.666 (   827      0)    16.922 (   647      0)
"vertical_remap1_1"                  960      960 1.157760e+07   9.027494e+02     0.996 (   827      0)     0.929 (   400      0)
"remap_Q_ppm"                        960      960 3.473280e+07   1.646187e+04    18.353 (   827      0)    16.660 (   647      0)
"vertical_remap1_2"                  960      960 1.157760e+07   1.241861e+03     1.370 (   817      0)     1.272 (   378      0)
"vertical_remap1_3"                  960      960 1.157760e+07   1.435286e+04    16.033 (   827      0)    14.491 (   647      0)
"prim_run_subcyle_diags"             960      960 1.286400e+05   6.176471e+03     8.567 (   270      0)     4.748 (   502      0)
"t_prf"                                0        0 0.000000e+00   0.000000e+00     0.000 (     0      0)     0.000 (     0      0)

