LAST_GIT_COMMIT_SHA:STRING=adf77c97ed8425a245449f2582d2441f4b72da1e

***** GLOBAL STATISTICS (  6144 MPI TASKS) *****

$Id: gptl.c,v 1.157 2011-03-28 20:55:18 rosinski Exp $
'count' is cumulative. All other stats are max/min
name                           processes  threads        count      walltotal   wallmax (proc   thrd  )   wallmin (proc   thrd  )
"Total"                             6144     6144 6.144000e+03   9.267871e+05   150.889 (  1558      0)   150.824 (  5493      0)
"prim_init1"                        6144     6144 6.144000e+03   4.611476e+03     0.803 (  5074      0)     0.691 (  3241      0)
"PartitioningTime"                  6144     6144 6.144000e+03   2.941538e+01     0.014 (  4935      0)     0.000 (  3272      0)
"repro_sum_int"                     6144     6144 2.764800e+05   3.654693e+03     1.523 (  4513      0)     0.048 (  5177      0)
"prim_init2"                        6144     6144 6.144000e+03   4.744842e+03     1.512 (  3242      0)     0.227 (  5177      0)
"prim_printstate"                   6144     6144 6.144000e+03   4.347533e+02     0.087 (  5586      0)     0.062 (  1750      0)
"interp_movie_output"               6144     6144 1.228800e+04   2.826578e+01     0.012 (   116      0)     0.000 (  3257      0)
"prim_main_loop"                    6144     6144 6.144000e+03   9.095027e+05   148.042 (  4494      0)   148.021 (  1597      0)
"prim_run"                          6144     6144 2.621645e+07   9.094545e+05   148.039 (  4495      0)   148.013 (  1041      0)
"ApplyCAMForcing"                   6144     6144 2.621645e+07   4.538751e+03     0.779 (  1663      0)     0.726 (  2996      0)
"prim_step_rX"                      6144     6144 7.864934e+07   8.593124e+05   140.213 (  5086      0)   139.274 (  5696      0)
"prim_step_dyn"                     6144     6144 7.864934e+07   2.891476e+05    58.377 (  3169      0)    38.717 (  6128      0)
"prim_advance_exp"                  6144     6144 7.864934e+07   2.889774e+05    58.352 (  3169      0)    38.694 (  6128      0)
"U3-5stage_timestep"                6144     6144 7.864934e+07   1.464630e+05    36.132 (  6108      0)    14.481 (  2620      0)
"compute_and_apply_rhs"             6144     6144 3.932467e+08   1.457593e+05    36.021 (  6108      0)    14.367 (  2620      0)
"caar_bexchV"                       6144     6144 3.932467e+08   1.187258e+05    31.495 (  6108      0)     9.980 (  2620      0)
"advance_hypervis_dp"               6144     6144 7.864934e+07   1.423019e+05    29.918 (  5756      0)    17.741 (  2541      0)
"biwkdp3d_bexchV"                   6144     6144 2.359480e+08   5.535548e+04    13.331 (   468      0)     6.024 (  2542      0)
"ahdp_bexchV2"                      6144     6144 2.359480e+08   5.672752e+04    13.445 (  5755      0)     6.244 (  2540      0)
"prim_step_advec"                   6144     6144 7.864934e+07   5.688872e+05   100.648 (  6128      0)    81.424 (  3169      0)
"PAT_remap"                         6144     6144 7.864934e+07   5.687842e+05   100.631 (  6128      0)    81.406 (  3169      0)
"prim_advec_tracers_remap_rk2"      6144     6144 7.864934e+07   5.686424e+05   100.611 (  6128      0)    81.383 (  3169      0)
"precomput_divdp"                   6144     6144 7.864934e+07   8.486581e+02     0.183 (  5376      0)     0.098 (   964      0)
"euler_step_0"                      6144     6144 7.864934e+07   1.592575e+05    31.127 (  6129      0)    20.932 (  1054      0)
"bihmix_qminmax"                    6144     6144 2.359480e+08   2.633706e+05    51.267 (  6129      0)    34.563 (   883      0)
"eus_neighbor_minmax1"              6144     6144 7.864934e+07   4.985931e+04    11.735 (  6129      0)     5.194 (  2044      0)
"nmm_bexchV"                        6144     6144 7.864934e+07   3.956633e+04     9.874 (  4090      0)     3.595 (  1874      0)
"eus_2d_advec"                      6144     6144 2.359480e+08   2.940114e+05    59.386 (  6141      0)    40.047 (  2766      0)
"eus_bexchV"                        6144     6144 2.359480e+08   1.494115e+05    36.407 (  6141      0)    16.702 (  2766      0)
"euler_step_1"                      6144     6144 7.864934e+07   9.793529e+04    19.093 (  2474      0)    13.408 (  3168      0)
"euler_step_2"                      6144     6144 7.864934e+07   3.008076e+05    53.074 (  6141      0)    43.859 (  3169      0)
"nmm_bexchS_start"                  6144     6144 7.864934e+07   1.806488e+03     0.629 (  5889      0)     0.123 (  2487      0)
"biwksc_bexchV"                     6144     6144 7.864934e+07   7.757269e+04    17.600 (  5961      0)     7.242 (  2275      0)
"nmm_bexchS_fini"                   6144     6144 7.864934e+07   2.231732e+02     0.086 (  4890      0)     0.023 (  5211      0)
"qdp_tavg"                          6144     6144 7.864934e+07   9.325313e+03     1.606 (  1671      0)     1.484 (  1620      0)
"vertical_remap"                    6144     6144 2.621645e+07   3.775952e+04     6.421 (  1669      0)     5.980 (  1554      0)
"vertical_remap1_1"                 6144     6144 2.621645e+07   2.245282e+03     0.389 (  5688      0)     0.345 (   937      0)
"remap_Q_ppm"                       6144     6144 7.864934e+07   3.697342e+04     6.277 (  5986      0)     5.852 (  3378      0)
"vertical_remap1_2"                 6144     6144 2.621645e+07   2.815674e+03     0.479 (  1720      0)     0.447 (   513      0)
"vertical_remap1_3"                 6144     6144 2.621645e+07   3.206007e+04     5.445 (  5986      0)     5.067 (  3378      0)
"prim_run_subcyle_diags"            6144     6144 2.621645e+07   6.092639e+03     1.378 (  4012      0)     0.810 (  6002      0)
"t_prf"                                0        0 0.000000e+00   0.000000e+00     0.000 (     0      0)     0.000 (     0      0)

