LAST_GIT_COMMIT_SHA:STRING=4790f40f2fb6acbc051ce4c988681a628c18e83d

***** GLOBAL STATISTICS ( 12288 MPI TASKS) *****

$Id: gptl.c,v 1.157 2011-03-28 20:55:18 rosinski Exp $
'count' is cumulative. All other stats are max/min
name                               processes  threads        count      walltotal   wallmax (proc   thrd  )   wallmin (proc   thrd  )
Total                                  12288    12288 1.228800e+04   5.298923e+06   431.335 (    15      0)   431.185 (  5179      0)
prim_init1                             12288    12288 1.228800e+04   2.028858e+04     1.764 (    91      0)     1.553 ( 10684      0)
repro_sum_int                          12288    12288 5.529600e+05   3.755339e+03     1.162 (     0      0)     0.083 (  7400      0)
prim_init2                             12288    12288 1.228800e+04   1.706335e+04     2.297 (     8      0)     0.748 (  7759      0)
prim_printstate                        12288    12288 1.228800e+04   1.768577e+03     0.180 ( 11055      0)     0.114 (  9184      0)
interp_movie_output                    12288    12288 2.457600e+04   1.067587e+02     0.023 ( 11920      0)     0.000 (  9012      0)
prim_main_loop                         12288    12288 1.228800e+04   5.232673e+06   425.865 ( 11071      0)   425.808 (  1342      0)
prim_run                               12288    12288 8.389018e+07   5.232467e+06   425.853 ( 11069      0)   425.787 (  1336      0)
tl-sc prim_run_subcycle_c              12288    12288 8.389018e+07   5.231910e+06   425.807 (  7001      0)   425.739 (  3597      0)
tl-sc dp3d-from-ps                     12288    12288 8.389018e+07   5.623724e+02     0.067 (  6373      0)     0.037 (   654      0)
tl-sc prim_step-loop                   12288    12288 8.389018e+07   4.940448e+06   402.805 ( 11224      0)   400.288 (   436      0)
tl-s prim_step                         12288    12288 2.516705e+08   4.940060e+06   402.781 ( 11224      0)   400.253 (   436      0)
tl-s deep_copy+derived_dp              12288    12288 2.516705e+08   8.547758e+03     0.977 (  2628      0)     0.528 (   981      0)
tl-s prim_advance_exp-loop             12288    12288 2.516705e+08   1.319688e+06   133.044 (  7878      0)    81.984 (  7325      0)
tl-ae prim_advance_exp                 12288    12288 2.516705e+08   1.319293e+06   133.012 (  7878      0)    81.954 (  7325      0)
tl-ae U3-5stage_timestep               12288    12288 2.516705e+08   6.747136e+05    82.650 (   961      0)    37.126 ( 11733      0)
caar compute                           12288    12288 1.258353e+09   1.459437e+05    12.895 (  7431      0)    11.352 ( 11224      0)
caar_bexchV                            12288    12288 1.258353e+09   5.227327e+05    70.059 (   961      0)    25.064 ( 11733      0)
tl-ae advance_hypervis_dp              12288    12288 2.516705e+08   6.439202e+05    65.903 (  1143      0)    42.769 (  7326      0)
hvf-bhwk                               12288    12288 7.550116e+08   3.745086e+05    39.634 ( 11355      0)    25.587 (  7326      0)
hvf-bexch                              12288    12288 1.510023e+09   4.658130e+05    51.394 (  1143      0)    28.207 (  7009      0)
tl-s prim_advec_tracers_remap          12288    12288 2.516705e+08   3.610737e+06   319.524 (  7325      0)   268.212 (  7878      0)
tl-at prim_advec_tracers_remap_RK2     12288    12288 2.516705e+08   3.610149e+06   319.475 (  7325      0)   268.168 (  7878      0)
tl-at precompute_divdp                 12288    12288 2.516705e+08   7.315216e+03     0.926 ( 11808      0)     0.433 ( 11396      0)
tl-at esf-0                            12288    12288 2.516705e+08   1.123543e+06   103.023 (  6839      0)    78.993 (   966      0)
tl-at esf-1                            12288    12288 2.516705e+08   6.652604e+05    58.811 (  9215      0)    48.503 (  2883      0)
tl-at esf-2                            12288    12288 2.516705e+08   1.748257e+06   166.935 ( 11897      0)   127.894 (  7864      0)
tl-at qdp_time_avg                     12288    12288 2.516705e+08   6.302941e+04     5.854 (  2628      0)     4.836 ( 11264      0)
tl-sc vertical_remap                   12288    12288 8.389018e+07   2.565041e+05    22.529 (   436      0)    20.139 ( 11224      0)
Remap Thickness Functor                12288    12288 8.389018e+07   2.949884e+03     0.311 (  3002      0)     0.180 (  1533      0)
Remap Scale States Functor             12288    12288 8.389018e+07   1.062909e+03     0.136 (  2308      0)     0.060 (  1532      0)
Remap Compute Grids Functor            12288    12288 8.389018e+07   1.124474e+04     1.231 (  2628      0)     0.771 (  1534      0)
Remap Compute Remap Functor            12288    12288 8.389018e+07   2.378070e+05    20.890 (   436      0)    18.841 (   505      0)
Remap Rescale States Functor           12288    12288 8.389018e+07   1.638361e+03     0.143 (   552      0)     0.131 (  8945      0)
tl-sc Q-from-qdp                       12288    12288 8.389018e+07   3.397617e+04     2.942 (  7344      0)     2.742 (  6173      0)
t_prf                                      0        0 0.000000e+00   0.000000e+00     0.000 (     0      0)     0.000 (     0      0)

