LAST_GIT_COMMIT_SHA:STRING=4790f40f2fb6acbc051ce4c988681a628c18e83d

***** GLOBAL STATISTICS (  1920 MPI TASKS) *****

$Id: gptl.c,v 1.157 2011-03-28 20:55:18 rosinski Exp $
'count' is cumulative. All other stats are max/min
name                               processes  threads        count      walltotal   wallmax (proc   thrd  )   wallmin (proc   thrd  )
Total                                   1920     1920 1.920000e+03   7.306081e+05   380.596 (  1547      0)   380.438 (   889      0)
prim_init1                              1920     1920 1.920000e+03   1.536429e+03     0.809 (     4      0)     0.775 (   527      0)
repro_sum_int                           1920     1920 8.640000e+04   1.254383e+02     0.157 (  1882      0)     0.018 (  1640      0)
prim_init2                              1920     1920 1.920000e+03   7.425503e+02     0.476 (  1872      0)     0.330 (   997      0)
prim_printstate                         1920     1920 1.920000e+03   9.260510e+01     0.051 (   596      0)     0.045 (  1392      0)
interp_movie_output                     1920     1920 3.840000e+03   3.054182e+00     0.007 (  1038      0)     0.000 (   735      0)
prim_main_loop                          1920     1920 1.920000e+03   7.191941e+05   374.648 (  1547      0)   374.493 (   889      0)
prim_run                                1920     1920 5.126400e+05   7.191909e+05   374.647 (  1547      0)   374.492 (   889      0)
tl-sc prim_run_subcycle_c               1920     1920 5.126400e+05   7.191191e+05   374.605 (  1547      0)   374.475 (   694      0)
tl-sc dp3d-from-ps                      1920     1920 5.126400e+05   7.092216e+01     0.058 (  1471      0)     0.028 (  1114      0)
tl-sc prim_step-loop                    1920     1920 5.126400e+05   6.784653e+05   354.691 (  1572      0)   351.771 (  1528      0)
tl-s prim_step                          1920     1920 1.537920e+06   6.784598e+05   354.690 (  1572      0)   351.767 (  1528      0)
tl-s deep_copy+derived_dp               1920     1920 1.537920e+06   1.269836e+03     1.061 (   788      0)     0.320 (   263      0)
tl-s prim_advance_exp-loop              1920     1920 1.537920e+06   1.477394e+05   102.562 (  1128      0)    58.853 (  1547      0)
tl-ae prim_advance_exp                  1920     1920 1.537920e+06   1.477332e+05   102.559 (  1128      0)    58.850 (  1547      0)
tl-ae U3-5stage_timestep                1920     1920 1.537920e+06   7.474576e+04    62.577 (   169      0)    23.337 (   432      0)
caar compute                            1920     1920 7.689600e+06   2.245756e+04    14.399 (  1296      0)    10.326 (   262      0)
caar_bexchV                             1920     1920 7.689600e+06   5.144169e+04    50.594 (  1004      0)    11.166 (  1864      0)
tl-ae advance_hypervis_dp               1920     1920 1.537920e+06   7.297588e+04    52.657 (   888      0)    27.951 (    99      0)
hvf-bhwk                                1920     1920 4.613760e+06   4.233691e+04    33.796 (   696      0)    16.211 (   973      0)
hvf-bexch                               1920     1920 9.227520e+06   4.591617e+04    39.467 (   695      0)    13.480 (   417      0)
tl-s prim_advec_tracers_remap           1920     1920 1.537920e+06   5.294325e+05   294.354 (   433      0)   250.495 (   169      0)
tl-at prim_advec_tracers_remap_RK2      1920     1920 1.537920e+06   5.294243e+05   294.351 (   433      0)   250.491 (   169      0)
tl-at precompute_divdp                  1920     1920 1.537920e+06   8.362878e+02     0.648 (  1549      0)     0.246 (  1912      0)
tl-at esf-0                             1920     1920 1.537920e+06   1.408799e+05    83.715 (  1141      0)    67.239 (  1851      0)
tl-at esf-1                             1920     1920 1.537920e+06   1.093347e+05    62.741 (   434      0)    52.440 (  1135      0)
tl-at esf-2                             1920     1920 1.537920e+06   2.653612e+05   153.140 (  1817      0)   117.069 (   694      0)
tl-at qdp_time_avg                      1920     1920 1.537920e+06   1.296034e+04     9.364 (  1473      0)     4.351 (   263      0)
tl-sc vertical_remap                    1920     1920 5.126400e+05   3.533329e+04    20.037 (  1837      0)    17.262 (  1572      0)
Remap Thickness Functor                 1920     1920 5.126400e+05   3.089885e+02     0.209 (  1342      0)     0.128 (  1107      0)
Remap Scale States Functor              1920     1920 5.126400e+05   2.113983e+02     0.191 (  1537      0)     0.048 (   263      0)
Remap Compute Grids Functor             1920     1920 5.126400e+05   2.005107e+03     1.745 (  1539      0)     0.654 (  1107      0)
Remap Compute Remap Functor             1920     1920 5.126400e+05   3.255344e+04    18.481 (  1246      0)    16.213 (  1576      0)
Remap Rescale States Functor            1920     1920 5.126400e+05   2.354272e+02     0.178 (   376      0)     0.110 (  1122      0)
tl-sc Q-from-qdp                        1920     1920 5.126400e+05   5.243129e+03     3.337 (  1481      0)     2.462 (   237      0)
t_prf                                      0        0 0.000000e+00   0.000000e+00     0.000 (     0      0)     0.000 (     0      0)

