LAST_GIT_COMMIT_SHA:STRING=4790f40f2fb6acbc051ce4c988681a628c18e83d

***** GLOBAL STATISTICS ( 14400 MPI TASKS) *****

$Id: gptl.c,v 1.157 2011-03-28 20:55:18 rosinski Exp $
'count' is cumulative. All other stats are max/min
name                               processes  threads        count      walltotal   wallmax (proc   thrd  )   wallmin (proc   thrd  )
Total                                  14400    14400 1.440000e+04   5.720694e+06   397.517 ( 11512      0)   397.092 (  7533      0)
prim_init1                             14400    14400 1.440000e+04   3.973122e+04     2.941 (    54      0)     2.565 ( 13760      0)
repro_sum_int                          14400    14400 6.480000e+05   7.549698e+03     1.442 (     1      0)     0.121 (   784      0)
prim_init2                             14400    14400 1.440000e+04   3.064518e+04     2.898 (    12      0)     1.091 ( 11438      0)
prim_printstate                        14400    14400 1.440000e+04   3.068035e+03     0.256 ( 11370      0)     0.173 (  1373      0)
interp_movie_output                    14400    14400 2.880000e+04   1.939284e+02     0.048 (  8865      0)     0.000 ( 11250      0)
prim_main_loop                         14400    14400 1.440000e+04   5.561260e+06   386.333 ( 13073      0)   386.063 (  7539      0)
prim_run                               14400    14400 2.880000e+07   5.561084e+06   386.324 ( 13078      0)   386.049 (  7539      0)
tl-sc prim_run_subcycle_c              14400    14400 2.880000e+07   5.559258e+06   386.121 (  1993      0)   385.989 ( 10684      0)
tl-sc dp3d-from-ps                     14400    14400 2.880000e+07   8.011863e+02     0.122 (  5196      0)     0.036 (  3441      0)
tl-sc prim_step-loop                   14400    14400 2.880000e+07   5.252985e+06   365.913 ( 11423      0)   363.223 (  4314      0)
tl-s prim_step                         14400    14400 8.640000e+07   5.252767e+06   365.903 ( 11423      0)   363.198 (  4314      0)
tl-s deep_copy+derived_dp              14400    14400 8.640000e+07   9.199915e+03     1.108 (  3585      0)     0.361 (  8622      0)
tl-s prim_advance_exp-loop             14400    14400 8.640000e+07   1.022501e+06   101.904 (   570      0)    48.111 ( 13642      0)
tl-ae prim_advance_exp                 14400    14400 8.640000e+07   1.022297e+06   101.889 (   570      0)    48.095 ( 13642      0)
tl-ae U3-5stage_timestep               14400    14400 8.640000e+07   5.211471e+05    60.816 (  7539      0)    21.391 ( 14037      0)
caar compute                           14400    14400 4.320000e+08   1.495583e+05    11.675 ( 11446      0)     9.700 (  7825      0)
caar_bexchV                            14400    14400 4.320000e+08   3.667496e+05    49.694 (  7539      0)    10.793 ( 13642      0)
tl-ae advance_hypervis_dp              14400    14400 8.640000e+07   5.008571e+05    54.530 (   384      0)    24.542 (  1977      0)
hvf-bhwk                               14400    14400 2.592000e+08   3.019765e+05    33.786 (   384      0)    15.781 (  1972      0)
hvf-bexch                              14400    14400 5.184000e+08   3.215539e+05    41.990 (   384      0)    12.306 (  1979      0)
tl-s prim_advec_tracers_remap          14400    14400 8.640000e+07   4.220408e+06   315.400 ( 13642      0)   261.988 (   570      0)
tl-at prim_advec_tracers_remap_RK2     14400    14400 8.640000e+07   4.220116e+06   315.376 ( 13642      0)   261.971 (   570      0)
tl-at precompute_divdp                 14400    14400 8.640000e+07   6.550344e+03     0.750 ( 13656      0)     0.291 (  1846      0)
tl-at esf-0                            14400    14400 8.640000e+07   1.154176e+06    92.525 (  7261      0)    70.608 ( 12405      0)
tl-at esf-1                            14400    14400 8.640000e+07   8.567912e+05    64.710 (  5249      0)    55.594 (  1761      0)
tl-at esf-2                            14400    14400 8.640000e+07   2.118892e+06   162.859 ( 14038      0)   122.882 (  2873      0)
tl-at qdp_time_avg                     14400    14400 8.640000e+07   8.176333e+04     8.250 (  3585      0)     4.353 (  3441      0)
tl-sc vertical_remap                   14400    14400 2.880000e+07   2.668389e+05    20.104 ( 13846      0)    17.454 ( 11423      0)
Remap Thickness Functor                14400    14400 2.880000e+07   3.348702e+03     0.346 (  3216      0)     0.144 ( 12960      0)
Remap Scale States Functor             14400    14400 2.880000e+07   1.379389e+03     0.181 ( 10952      0)     0.049 ( 14012      0)
Remap Compute Grids Functor            14400    14400 2.880000e+07   1.395954e+04     1.527 ( 13614      0)     0.681 ( 12312      0)
Remap Compute Remap Functor            14400    14400 2.880000e+07   2.439872e+05    18.223 ( 13846      0)    16.128 (  6911      0)
Remap Rescale States Functor           14400    14400 2.880000e+07   1.809776e+03     0.184 ( 14025      0)     0.112 (  7540      0)
tl-sc Q-from-qdp                       14400    14400 2.880000e+07   3.837949e+04     3.315 (  3597      0)     2.453 (  7539      0)
t_prf                                      0        0 0.000000e+00   0.000000e+00     0.000 (     0      0)     0.000 (     0      0)

