LAST_GIT_COMMIT_SHA:STRING=adf77c97ed8425a245449f2582d2441f4b72da1e

***** GLOBAL STATISTICS (   600 MPI TASKS) *****

$Id: gptl.c,v 1.157 2011-03-28 20:55:18 rosinski Exp $
'count' is cumulative. All other stats are max/min
name                           processes  threads        count      walltotal   wallmax (proc   thrd  )   wallmin (proc   thrd  )
"Total"                              600      600 6.000000e+02   2.060808e+05   343.511 (   445      0)   343.417 (   291      0)
"prim_init1"                         600      600 6.000000e+02   2.456810e+02     0.411 (   138      0)     0.406 (   166      0)
"PartitioningTime"                   600      600 6.000000e+02   1.368904e+00     0.002 (   474      0)     0.002 (   110      0)
"repro_sum_int"                      600      600 2.700000e+04   1.044602e+01     0.030 (    45      0)     0.006 (   179      0)
"prim_init2"                         600      600 6.000000e+02   8.291774e+01     0.154 (     0      0)     0.128 (   114      0)
"prim_printstate"                    600      600 6.000000e+02   1.177600e+01     0.023 (     0      0)     0.019 (    71      0)
"interp_movie_output"                600      600 1.200000e+03   2.177176e-01     0.001 (   592      0)     0.000 (   448      0)
"prim_main_loop"                     600      600 6.000000e+02   2.041170e+05   340.238 (   445      0)   340.144 (   291      0)
"prim_run"                           600      600 1.002000e+05   2.041036e+05   340.216 (   445      0)   340.121 (   291      0)
"ApplyCAMForcing"                    600      600 1.002000e+05   3.757800e+03     6.899 (   484      0)     5.104 (   288      0)
"prim_step_rX"                       600      600 3.006000e+05   1.869337e+05   313.705 (   288      0)   310.240 (   488      0)
"prim_step_dyn"                      600      600 3.006000e+05   3.735188e+04    71.002 (   288      0)    53.685 (   439      0)
"prim_advance_exp"                   600      600 3.006000e+05   3.734939e+04    70.998 (   288      0)    53.681 (   439      0)
"U3-5stage_timestep"                 600      600 3.006000e+05   1.827221e+04    39.709 (   215      0)    23.319 (   439      0)
"compute_and_apply_rhs"              600      600 1.503000e+06   1.799590e+04    39.354 (   215      0)    22.646 (   439      0)
"caar_bexchV"                        600      600 1.503000e+06   9.486127e+03    25.377 (   215      0)     6.116 (   439      0)
"advance_hypervis_dp"                600      600 3.006000e+05   1.907366e+04    36.899 (   356      0)    28.677 (   376      0)
"biwkdp3d_bexchV"                    600      600 9.018000e+05   4.515941e+03    11.905 (   352      0)     4.152 (   502      0)
"ahdp_bexchV2"                       600      600 9.018000e+05   4.669425e+03    12.100 (   348      0)     4.745 (   494      0)
"prim_step_advec"                    600      600 3.006000e+05   1.490167e+05   255.743 (   439      0)   241.697 (   288      0)
"PAT_remap"                          600      600 3.006000e+05   1.490155e+05   255.741 (   439      0)   241.695 (   288      0)
"prim_advec_tracers_remap_rk2"       600      600 3.006000e+05   1.490138e+05   255.738 (   439      0)   241.692 (   288      0)
"precomput_divdp"                    600      600 3.006000e+05   3.086768e+02     0.642 (   594      0)     0.269 (     3      0)
"euler_step_0"                       600      600 3.006000e+05   4.105353e+04    71.656 (   240      0)    64.226 (   311      0)
"bihmix_qminmax"                     600      600 9.018000e+05   7.147560e+04   126.552 (   502      0)   110.064 (    21      0)
"eus_neighbor_minmax1"               600      600 3.006000e+05   1.121391e+04    24.302 (   215      0)    15.014 (   531      0)
"nmm_bexchV"                         600      600 3.006000e+05   5.834244e+03    15.855 (   215      0)     6.344 (   486      0)
"eus_2d_advec"                       600      600 9.018000e+05   7.285651e+04   131.502 (    19      0)   110.140 (   288      0)
"eus_bexchV"                         600      600 9.018000e+05   1.984204e+04    46.168 (    19      0)    24.117 (    24      0)
"euler_step_1"                       600      600 3.006000e+05   2.889875e+04    52.565 (   256      0)    43.354 (   291      0)
"euler_step_2"                       600      600 3.006000e+05   7.439618e+04   127.640 (     7      0)   118.972 (   202      0)
"nmm_bexchS_start"                   600      600 3.006000e+05   2.533198e+01     0.070 (   336      0)     0.024 (   491      0)
"biwksc_bexchV"                      600      600 3.006000e+05   6.654933e+03    14.199 (   290      0)     8.188 (   449      0)
"nmm_bexchS_fini"                    600      600 3.006000e+05   3.615101e+03     7.187 (   444      0)     3.837 (    29      0)
"qdp_tavg"                           600      600 3.006000e+05   4.347978e+03     8.511 (   500      0)     4.593 (    46      0)
"vertical_remap"                     600      600 1.002000e+05   9.281392e+03    16.253 (   441      0)    15.068 (    16      0)
"vertical_remap1_1"                  600      600 6.412800e+06   4.997240e+02     0.868 (   441      0)     0.823 (   489      0)
"remap_Q_ppm"                        600      600 1.923840e+07   9.136880e+03    15.991 (   441      0)    14.839 (    16      0)
"vertical_remap1_2"                  600      600 6.412800e+06   6.845075e+02     1.190 (   437      0)     1.122 (    16      0)
"vertical_remap1_3"                  600      600 6.412800e+06   7.971983e+03    13.969 (   441      0)    12.925 (    16      0)
"prim_run_subcyle_diags"             600      600 1.002000e+05   3.408257e+03     7.291 (    46      0)     4.577 (   214      0)
"t_prf"                                0        0 0.000000e+00   0.000000e+00     0.000 (     0      0)     0.000 (     0      0)

