LAST_GIT_COMMIT_SHA:STRING=adf77c97ed8425a245449f2582d2441f4b72da1e

***** GLOBAL STATISTICS (  3456 MPI TASKS) *****

$Id: gptl.c,v 1.157 2011-03-28 20:55:18 rosinski Exp $
'count' is cumulative. All other stats are max/min
name                           processes  threads        count      walltotal   wallmax (proc   thrd  )   wallmin (proc   thrd  )
"Total"                             3456     3456 3.456000e+03   1.378824e+06   399.017 (  2676      0)   398.921 (  1676      0)
"prim_init1"                        3456     3456 3.456000e+03   3.460895e+03     1.053 (  1158      0)     0.950 (  3046      0)
"PartitioningTime"                  3456     3456 3.456000e+03   1.796469e+01     0.010 (  1794      0)     0.003 (  2517      0)
"repro_sum_int"                     3456     3456 1.555200e+05   4.498182e+02     0.463 (  3385      0)     0.026 (  3147      0)
"prim_init2"                        3456     3456 3.456000e+03   9.505161e+02     0.579 (   348      0)     0.172 (  2446      0)
"prim_printstate"                   3456     3456 3.456000e+03   1.242455e+02     0.053 (   902      0)     0.031 (  3386      0)
"interp_movie_output"               3456     3456 6.912000e+03   8.812101e+00     0.007 (  2312      0)     0.000 (  3398      0)
"prim_main_loop"                    3456     3456 3.456000e+03   1.355890e+06   392.367 (  2676      0)   392.292 (  3229      0)
"prim_run"                          3456     3456 1.658880e+06   1.355878e+06   392.361 (  2680      0)   392.288 (  3241      0)
"ApplyCAMForcing"                   3456     3456 1.658880e+06   2.234601e+04     7.251 (  1213      0)     4.950 (  3219      0)
"prim_step_rX"                      3456     3456 4.976640e+06   1.247190e+06   363.615 (  3219      0)   358.898 (  1209      0)
"prim_step_dyn"                     3456     3456 4.976640e+06   2.523712e+05    89.809 (    17      0)    60.173 (  3250      0)
"prim_advance_exp"                  3456     3456 4.976640e+06   2.523326e+05    89.794 (    17      0)    60.163 (  3250      0)
"U3-5stage_timestep"                3456     3456 4.976640e+06   1.250054e+05    57.798 (    17      0)    27.396 (  1209      0)
"compute_and_apply_rhs"             3456     3456 2.488320e+07   1.234347e+05    57.342 (    17      0)    26.820 (  1209      0)
"caar_bexchV"                       3456     3456 2.488320e+07   7.284744e+04    42.636 (    17      0)    11.288 (  1209      0)
"advance_hypervis_dp"               3456     3456 4.976640e+06   1.272861e+05    44.157 (  2985      0)    28.821 (  3243      0)
"biwkdp3d_bexchV"                   3456     3456 1.492992e+07   3.505834e+04    18.471 (  2980      0)     4.688 (  3251      0)
"ahdp_bexchV2"                      3456     3456 1.492992e+07   3.681887e+04    18.301 (  2979      0)     4.931 (  3270      0)
"prim_step_advec"                   3456     3456 4.976640e+06   9.914053e+05   299.303 (  3250      0)   272.278 (    17      0)
"PAT_remap"                         3456     3456 4.976640e+06   9.913883e+05   299.297 (  3250      0)   272.273 (    17      0)
"prim_advec_tracers_remap_rk2"      3456     3456 4.976640e+06   9.913645e+05   299.289 (  3250      0)   272.265 (    17      0)
"precomput_divdp"                   3456     3456 4.976640e+06   1.894827e+03     0.751 (  1727      0)     0.327 (  2108      0)
"euler_step_0"                      3456     3456 4.976640e+06   2.712255e+05    86.407 (  3267      0)    71.150 (  1515      0)
"bihmix_qminmax"                    3456     3456 1.492992e+07   4.628839e+05   145.187 (  2999      0)   119.228 (  2045      0)
"eus_neighbor_minmax1"              3456     3456 4.976640e+06   7.526576e+04    29.155 (  1964      0)    16.047 (  1251      0)
"nmm_bexchV"                        3456     3456 4.976640e+06   4.243312e+04    20.977 (  1964      0)     7.870 (  1228      0)
"eus_2d_advec"                      3456     3456 1.492992e+07   5.010518e+05   157.840 (  2667      0)   127.072 (    17      0)
"eus_bexchV"                        3456     3456 1.492992e+07   1.491668e+05    57.613 (  2181      0)    30.029 (    17      0)
"euler_step_1"                      3456     3456 4.976640e+06   1.923976e+05    60.379 (  2667      0)    51.984 (    17      0)
"euler_step_2"                      3456     3456 4.976640e+06   5.005403e+05   153.244 (  3279      0)   135.797 (   570      0)
"nmm_bexchS_start"                  3456     3456 4.976640e+06   3.239579e+02     0.162 (  3168      0)     0.038 (   712      0)
"biwksc_bexchV"                     3456     3456 4.976640e+06   5.744758e+04    24.073 (  2177      0)     9.170 (  2150      0)
"nmm_bexchS_fini"                   3456     3456 4.976640e+06   1.533883e+04     6.465 (   774      0)     2.742 (  3243      0)
"qdp_tavg"                          3456     3456 4.976640e+06   2.519662e+04     9.016 (   592      0)     4.984 (  3363      0)
"vertical_remap"                    3456     3456 1.658880e+06   6.014418e+04    18.276 (  1722      0)    16.820 (  1650      0)
"vertical_remap1_1"                 3456     3456 4.147200e+07   3.258833e+03     0.990 (  1722      0)     0.928 (  3364      0)
"remap_Q_ppm"                       3456     3456 1.244160e+08   5.916187e+04    17.949 (  1722      0)    16.546 (  1650      0)
"vertical_remap1_2"                 3456     3456 4.147200e+07   4.438029e+03     1.335 (  1720      0)     1.260 (  3364      0)
"vertical_remap1_3"                 3456     3456 4.147200e+07   5.159691e+04    15.668 (  1722      0)    14.380 (  1650      0)
"prim_run_subcyle_diags"            3456     3456 1.658880e+06   2.208109e+04     7.930 (  2269      0)     4.897 (    17      0)
"t_prf"                                0        0 0.000000e+00   0.000000e+00     0.000 (     0      0)     0.000 (     0      0)

