LAST_GIT_COMMIT_SHA:STRING=adf77c97ed8425a245449f2582d2441f4b72da1e

***** GLOBAL STATISTICS (  1920 MPI TASKS) *****

$Id: gptl.c,v 1.157 2011-03-28 20:55:18 rosinski Exp $
'count' is cumulative. All other stats are max/min
name                           processes  threads        count      walltotal   wallmax (proc   thrd  )   wallmin (proc   thrd  )
"Total"                             1920     1920 1.920000e+03   6.672873e+05   347.578 (    56      0)   347.517 (  1882      0)
"prim_init1"                        1920     1920 1.920000e+03   8.680019e+02     0.462 (   441      0)     0.437 (   977      0)
"PartitioningTime"                  1920     1920 1.920000e+03   4.048249e+00     0.003 (   381      0)     0.001 (   164      0)
"repro_sum_int"                     1920     1920 8.640000e+04   1.363441e+02     0.184 (    63      0)     0.025 (  1913      0)
"prim_init2"                        1920     1920 1.920000e+03   2.908421e+02     0.225 (     0      0)     0.108 (  1905      0)
"prim_printstate"                   1920     1920 1.920000e+03   7.744399e+01     0.043 (     0      0)     0.039 (    40      0)
"interp_movie_output"               1920     1920 3.840000e+03   3.224559e+00     0.004 (  1365      0)     0.000 (  1677      0)
"prim_main_loop"                    1920     1920 1.920000e+03   6.609007e+05   344.245 (    56      0)   344.194 (  1882      0)
"prim_run"                          1920     1920 1.025280e+06   6.608982e+05   344.244 (    56      0)   344.193 (  1882      0)
"ApplyCAMForcing"                   1920     1920 1.025280e+06   1.102968e+04     6.700 (   374      0)     4.479 (   411      0)
"prim_step_rX"                      1920     1920 3.075840e+06   6.073214e+05   319.042 (    92      0)   314.426 (   169      0)
"prim_step_dyn"                     1920     1920 3.075840e+06   1.146886e+05    77.092 (  1306      0)    43.348 (    52      0)
"prim_advance_exp"                  1920     1920 3.075840e+06   1.146715e+05    77.083 (  1306      0)    43.341 (    52      0)
"U3-5stage_timestep"                1920     1920 3.075840e+06   5.846515e+04    50.493 (    86      0)    17.600 (   274      0)
"compute_and_apply_rhs"             1920     1920 1.537920e+07   5.768736e+04    50.132 (    86      0)    17.224 (   274      0)
"caar_bexchV"                       1920     1920 1.537920e+07   3.315601e+04    37.361 (    86      0)     4.825 (   274      0)
"advance_hypervis_dp"               1920     1920 3.075840e+06   5.618371e+04    36.844 (  1102      0)    21.167 (    53      0)
"biwkdp3d_bexchV"                   1920     1920 9.227520e+06   1.444947e+04    15.131 (   793      0)     2.311 (    60      0)
"ahdp_bexchV2"                      1920     1920 9.227520e+06   1.525864e+04    17.783 (   796      0)     2.724 (    62      0)
"prim_step_advec"                   1920     1920 3.075840e+06   4.909600e+05   271.003 (    52      0)   240.718 (  1306      0)
"PAT_remap"                         1920     1920 3.075840e+06   4.909499e+05   270.998 (    52      0)   240.712 (  1306      0)
"prim_advec_tracers_remap_rk2"      1920     1920 3.075840e+06   4.909358e+05   270.992 (    52      0)   240.704 (  1306      0)
"precomput_divdp"                   1920     1920 3.075840e+06   1.003470e+03     0.733 (    60      0)     0.253 (   886      0)
"euler_step_0"                      1920     1920 3.075840e+06   1.354964e+05    79.519 (    52      0)    57.577 (  1452      0)
"bihmix_qminmax"                    1920     1920 9.227520e+06   2.314852e+05   132.005 (    52      0)   107.901 (   390      0)
"eus_neighbor_minmax1"              1920     1920 3.075840e+06   3.745012e+04    30.567 (   878      0)    12.291 (   390      0)
"nmm_bexchV"                        1920     1920 3.075840e+06   2.097730e+04    24.439 (   878      0)     5.008 (   390      0)
"eus_2d_advec"                      1920     1920 9.227520e+06   2.457960e+05   145.690 (    53      0)   112.361 (   411      0)
"eus_bexchV"                        1920     1920 9.227520e+06   7.761035e+04    54.353 (   316      0)    28.321 (   309      0)
"euler_step_1"                      1920     1920 3.075840e+06   9.580833e+04    55.597 (    53      0)    45.784 (   468      0)
"euler_step_2"                      1920     1920 3.075840e+06   2.461130e+05   136.370 (    53      0)   118.479 (   296      0)
"nmm_bexchS_start"                  1920     1920 3.075840e+06   1.975744e+02     0.174 (  1174      0)     0.051 (   111      0)
"biwksc_bexchV"                     1920     1920 3.075840e+06   2.982538e+04    22.634 (   163      0)     8.864 (  1516      0)
"nmm_bexchS_fini"                   1920     1920 3.075840e+06   7.140663e+03     5.194 (    60      0)     2.453 (   403      0)
"qdp_tavg"                          1920     1920 3.075840e+06   1.245086e+04     8.285 (   364      0)     4.160 (    39      0)
"vertical_remap"                    1920     1920 1.025280e+06   2.989104e+04    16.349 (  1579      0)    15.092 (  1227      0)
"vertical_remap1_1"                 1920     1920 2.050560e+07   1.612629e+03     0.879 (     7      0)     0.825 (    75      0)
"remap_Q_ppm"                       1920     1920 6.151680e+07   2.940066e+04    16.083 (  1589      0)    14.856 (  1227      0)
"vertical_remap1_2"                 1920     1920 2.050560e+07   2.205805e+03     1.202 (  1589      0)     1.128 (   688      0)
"vertical_remap1_3"                 1920     1920 2.050560e+07   2.564846e+04    14.038 (  1589      0)    12.933 (  1227      0)
"prim_run_subcyle_diags"            1920     1920 1.025280e+06   1.059006e+04     7.336 (   169      0)     4.144 (   411      0)
"t_prf"                                0        0 0.000000e+00   0.000000e+00     0.000 (     0      0)     0.000 (     0      0)

