LAST_GIT_COMMIT_SHA:STRING=4790f40f2fb6acbc051ce4c988681a628c18e83d

***** GLOBAL STATISTICS (  1152 MPI TASKS) *****

$Id: gptl.c,v 1.157 2011-03-28 20:55:18 rosinski Exp $
'count' is cumulative. All other stats are max/min
name                               processes  threads        count      walltotal   wallmax (proc   thrd  )   wallmin (proc   thrd  )
Total                                   1152     1152 1.152000e+03   4.272555e+05   370.974 (  1036      0)   370.764 (   101      0)
prim_init1                              1152     1152 1.152000e+03   8.415190e+02     0.741 (  1089      0)     0.719 (   574      0)
repro_sum_int                           1152     1152 5.184000e+04   4.527957e+01     0.099 (    22      0)     0.017 (   850      0)
prim_init2                              1152     1152 1.152000e+03   5.119679e+02     0.504 (     7      0)     0.416 (  1145      0)
prim_printstate                         1152     1152 1.152000e+03   6.498792e+01     0.059 (     0      0)     0.054 (   611      0)
interp_movie_output                     1152     1152 2.304000e+03   8.065040e-01     0.002 (   704      0)     0.000 (  1026      0)
prim_main_loop                          1152     1152 1.152000e+03   4.204258e+05   365.046 (  1036      0)   364.834 (   101      0)
prim_run                                1152     1152 1.843200e+05   4.204244e+05   365.045 (  1036      0)   364.833 (   101      0)
tl-sc prim_run_subcycle_c               1152     1152 1.843200e+05   4.203565e+05   364.980 (  1036      0)   364.808 (   101      0)
tl-sc dp3d-from-ps                      1152     1152 1.843200e+05   4.080519e+01     0.053 (    12      0)     0.027 (   723      0)
tl-sc prim_step-loop                    1152     1152 1.843200e+05   3.960225e+05   344.857 (   931      0)   342.353 (   726      0)
tl-s prim_step                          1152     1152 5.529600e+05   3.960206e+05   344.856 (   931      0)   342.351 (   726      0)
tl-s deep_copy+derived_dp               1152     1152 5.529600e+05   7.399842e+02     1.038 (   855      0)     0.317 (   355      0)
tl-s prim_advance_exp-loop              1152     1152 5.529600e+05   8.728101e+04   100.018 (   916      0)    54.993 (   259      0)
tl-ae prim_advance_exp                  1152     1152 5.529600e+05   8.727848e+04   100.016 (   916      0)    54.992 (   259      0)
tl-ae U3-5stage_timestep                1152     1152 5.529600e+05   4.308030e+04    65.111 (   101      0)    23.099 (   302      0)
caar compute                            1152     1152 2.764800e+06   1.353848e+04    13.942 (  1048      0)    10.533 (   601      0)
caar_bexchV                             1152     1152 2.764800e+06   2.904231e+04    52.705 (   148      0)    10.590 (   259      0)
tl-ae advance_hypervis_dp               1152     1152 5.529600e+05   4.419293e+04    53.300 (   524      0)    29.093 (  1151      0)
hvf-bhwk                                1152     1152 1.658880e+06   2.557757e+04    34.255 (   486      0)    17.228 (  1147      0)
hvf-bexch                               1152     1152 3.317760e+06   2.702439e+04    38.982 (   524      0)    14.115 (  1151      0)
tl-s prim_advec_tracers_remap           1152     1152 5.529600e+05   3.079924e+05   288.803 (   259      0)   243.170 (   916      0)
tl-at prim_advec_tracers_remap_RK2      1152     1152 5.529600e+05   3.079892e+05   288.801 (   259      0)   243.168 (   916      0)
tl-at precompute_divdp                  1152     1152 5.529600e+05   4.966000e+02     0.737 (  1052      0)     0.228 (   192      0)
tl-at esf-0                             1152     1152 5.529600e+05   8.160791e+04    80.181 (  1117      0)    62.765 (   680      0)
tl-at esf-1                             1152     1152 5.529600e+05   6.369483e+04    61.126 (   588      0)    48.936 (  1015      0)
tl-at esf-2                             1152     1152 5.529600e+05   1.545745e+05   148.417 (   580      0)   114.140 (   724      0)
tl-at qdp_time_avg                      1152     1152 5.529600e+05   7.595179e+03     8.928 (   853      0)     4.338 (   355      0)
tl-sc vertical_remap                    1152     1152 1.843200e+05   2.118854e+04    19.929 (   726      0)    17.436 (   549      0)
Remap Thickness Functor                 1152     1152 1.843200e+05   1.816744e+02     0.200 (  1052      0)     0.127 (   592      0)
Remap Scale States Functor              1152     1152 1.843200e+05   1.305781e+02     0.190 (   855      0)     0.047 (   592      0)
Remap Compute Grids Functor             1152     1152 1.843200e+05   1.192298e+03     1.729 (   646      0)     0.647 (   380      0)
Remap Compute Remap Functor             1152     1152 1.843200e+05   1.953314e+04    18.298 (   724      0)    16.338 (   889      0)
Remap Rescale States Functor            1152     1152 1.843200e+05   1.396941e+02     0.177 (   843      0)     0.109 (   727      0)
tl-sc Q-from-qdp                        1152     1152 1.843200e+05   3.102274e+03     3.213 (   630      0)     2.454 (   340      0)
t_prf                                      0        0 0.000000e+00   0.000000e+00     0.000 (     0      0)     0.000 (     0      0)

