LAST_GIT_COMMIT_SHA:STRING=adf77c97ed8425a245449f2582d2441f4b72da1e

***** GLOBAL STATISTICS ( 28800 MPI TASKS) *****

$Id: gptl.c,v 1.157 2011-03-28 20:55:18 rosinski Exp $
'count' is cumulative. All other stats are max/min
name                           processes  threads        count      walltotal   wallmax (proc   thrd  )   wallmin (proc   thrd  )
"Total"                            28800    28800 2.880000e+04   1.190235e+07   413.511 ( 13414      0)   413.176 (  8230      0)
"prim_init1"                       28800    28800 2.880000e+04   1.169644e+05     4.487 (    47      0)     3.768 (  5028      0)
"PartitioningTime"                 28800    28800 2.880000e+04   2.354480e+02     0.036 (  1474      0)     0.003 (  9808      0)
"repro_sum_int"                    28800    28800 1.296000e+06   2.308507e+04     5.093 (  7941      0)     0.149 ( 17113      0)
"prim_init2"                       28800    28800 2.880000e+04   4.784668e+04     4.849 ( 15943      0)     1.022 ( 12863      0)
"prim_printstate"                  28800    28800 2.880000e+04   4.417202e+03     0.234 ( 15200      0)     0.120 ( 22754      0)
"interp_movie_output"              28800    28800 5.760000e+04   8.156705e+02     0.099 (  7234      0)     0.000 ( 13405      0)
"prim_main_loop"                   28800    28800 2.880000e+04   1.149197e+07   399.096 ( 15909      0)   398.934 (  8169      0)
"prim_run"                         28800    28800 1.152000e+08   1.149128e+07   399.091 ( 15909      0)   398.919 (  8169      0)
"ApplyCAMForcing"                  28800    28800 1.152000e+08   1.010368e+05     6.185 ( 27942      0)     2.073 ( 23878      0)
"prim_step_rX"                     28800    28800 3.456000e+08   1.072353e+07   376.323 ( 23878      0)   366.797 ( 27296      0)
"prim_step_dyn"                    28800    28800 3.456000e+08   2.795966e+06   129.505 ( 12106      0)    67.779 ( 18362      0)
"prim_advance_exp"                 28800    28800 3.456000e+08   2.794437e+06   129.450 ( 12106      0)    67.733 ( 18362      0)
"U3-5stage_timestep"               28800    28800 3.456000e+08   1.456255e+06    83.123 ( 23598      0)    27.685 ( 12217      0)
"compute_and_apply_rhs"            28800    28800 1.728000e+09   1.449623e+06    82.893 ( 23598      0)    27.447 ( 12217      0)
"caar_bexchV"                      28800    28800 1.728000e+09   1.099234e+06    70.385 ( 23598      0)    15.608 (  3854      0)
"advance_hypervis_dp"              28800    28800 3.456000e+08   1.337062e+06    64.293 ( 11889      0)    32.724 ( 26436      0)
"biwkdp3d_bexchV"                  28800    28800 1.036800e+09   4.683594e+05    27.983 ( 12065      0)     8.705 ( 26369      0)
"ahdp_bexchV2"                     28800    28800 1.036800e+09   4.781878e+05    27.806 ( 11917      0)     8.893 ( 26432      0)
"prim_step_advec"                  28800    28800 3.456000e+08   7.908472e+06   300.000 ( 18362      0)   245.590 ( 12106      0)
"PAT_remap"                        28800    28800 3.456000e+08   7.907780e+06   299.979 ( 18362      0)   245.566 ( 12106      0)
"prim_advec_tracers_remap_rk2"     28800    28800 3.456000e+08   7.906917e+06   299.955 ( 18362      0)   245.537 ( 12106      0)
"precomput_divdp"                  28800    28800 3.456000e+08   1.677456e+04     1.058 ( 27853      0)     0.351 ( 10656      0)
"euler_step_0"                     28800    28800 3.456000e+08   2.206443e+06    93.611 ( 16060      0)    59.510 ( 28782      0)
"bihmix_qminmax"                   28800    28800 1.036800e+09   3.628084e+06   145.975 (  4695      0)   101.383 ( 27572      0)
"eus_neighbor_minmax1"             28800    28800 3.456000e+08   6.466902e+05    32.957 ( 27982      0)    12.177 ( 28226      0)
"nmm_bexchV"                       28800    28800 3.456000e+08   4.668857e+05    26.962 ( 27020      0)     6.386 ( 27851      0)
"eus_2d_advec"                     28800    28800 1.036800e+09   4.123771e+06   171.800 (  4710      0)   123.221 (  2476      0)
"eus_bexchV"                       28800    28800 1.036800e+09   1.750755e+06    92.346 (  4710      0)    41.618 ( 27793      0)
"euler_step_1"                     28800    28800 3.456000e+08   1.480453e+06    58.668 ( 16041      0)    44.151 (  1515      0)
"euler_step_2"                     28800    28800 3.456000e+08   4.071223e+06   155.558 (  4710      0)   125.731 ( 12119      0)
"nmm_bexchS_start"                 28800    28800 3.456000e+08   1.883358e+04     1.362 ( 28480      0)     0.313 ( 27828      0)
"biwksc_bexchV"                    28800    28800 3.456000e+08   9.163633e+05    42.806 ( 16629      0)    17.632 (   607      0)
"nmm_bexchS_fini"                  28800    28800 3.456000e+08   2.707683e+04     1.319 (  1167      0)     0.551 ( 13841      0)
"qdp_tavg"                         28800    28800 3.456000e+08   1.288276e+05     5.036 ( 16411      0)     4.192 ( 27760      0)
"vertical_remap"                   28800    28800 1.152000e+08   4.992952e+05    18.482 (  7269      0)    16.665 ( 13790      0)
"vertical_remap1_1"                28800    28800 3.456000e+08   2.986181e+04     1.127 (  8209      0)     0.940 ( 27966      0)
"remap_Q_ppm"                      28800    28800 1.036800e+09   4.887326e+05    18.116 (  7269      0)    16.329 ( 11102      0)
"vertical_remap1_2"                28800    28800 3.456000e+08   3.716928e+04     1.358 (  7269      0)     1.260 ( 25024      0)
"vertical_remap1_3"                28800    28800 3.456000e+08   4.241359e+05    15.747 (  7269      0)    14.125 ( 11102      0)
"prim_run_subcyle_diags"           28800    28800 1.152000e+08   1.425008e+05     7.840 ( 27290      0)     2.840 (   621      0)
"t_prf"                                0        0 0.000000e+00   0.000000e+00     0.000 (     0      0)     0.000 (     0      0)

