LAST_GIT_COMMIT_SHA:STRING=adf77c97ed8425a245449f2582d2441f4b72da1e

***** GLOBAL STATISTICS (   192 MPI TASKS) *****

$Id: gptl.c,v 1.157 2011-03-28 20:55:18 rosinski Exp $
'count' is cumulative. All other stats are max/min
name                           processes  threads        count      walltotal   wallmax (proc   thrd  )   wallmin (proc   thrd  )
"Total"                              192      192 1.920000e+02   1.541381e+04    80.282 (   120      0)    80.278 (    34      0)
"prim_init1"                         192      192 1.920000e+02   1.140574e+01     0.061 (     0      0)     0.059 (   158      0)
"PartitioningTime"                   192      192 1.920000e+02   7.082796e-02     0.000 (   102      0)     0.000 (    46      0)
"repro_sum_int"                      192      192 8.640000e+03   1.625481e+00     0.012 (    66      0)     0.004 (     0      0)
"prim_init2"                         192      192 1.920000e+02   4.137625e+00     0.026 (    70      0)     0.018 (    24      0)
"prim_printstate"                    192      192 1.920000e+02   1.049755e+00     0.008 (     0      0)     0.005 (    32      0)
"interp_movie_output"                192      192 3.840000e+02   3.527498e-02     0.000 (   104      0)     0.000 (    74      0)
"prim_main_loop"                     192      192 1.920000e+02   1.538413e+04    80.127 (   120      0)    80.124 (    71      0)
"prim_run"                           192      192 2.561280e+05   1.538386e+04    80.126 (   122      0)    80.123 (    34      0)
"ApplyCAMForcing"                    192      192 2.561280e+05   9.321418e+01     0.529 (   120      0)     0.465 (   167      0)
"prim_step_rX"                       192      192 7.683840e+05   1.437510e+04    75.096 (    71      0)    74.612 (   142      0)
"prim_step_dyn"                      192      192 7.683840e+05   2.707274e+03    18.570 (    32      0)    10.426 (   142      0)
"prim_advance_exp"                   192      192 7.683840e+05   2.705532e+03    18.559 (    32      0)    10.418 (   142      0)
"U3-5stage_timestep"                 192      192 7.683840e+05   1.674415e+03    12.826 (    32      0)     5.219 (   142      0)
"compute_and_apply_rhs"              192      192 3.841920e+06   1.664431e+03    12.772 (    32      0)     5.168 (   142      0)
"caar_bexchV"                        192      192 3.841920e+06   1.128343e+03     9.905 (    32      0)     2.359 (   142      0)
"advance_hypervis_dp"                192      192 7.683840e+05   1.028748e+03     6.149 (    60      0)     5.149 (   129      0)
"biwkdp3d_bexchV"                    192      192 2.305152e+06   2.248532e+02     1.749 (    60      0)     0.958 (   120      0)
"ahdp_bexchV2"                       192      192 2.305152e+06   2.171861e+02     1.376 (    34      0)     0.947 (   120      0)
"prim_step_advec"                    192      192 7.683840e+05   1.163747e+04    64.034 (   142      0)    56.208 (    32      0)
"PAT_remap"                          192      192 7.683840e+05   1.163623e+04    64.028 (   142      0)    56.201 (    32      0)
"prim_advec_tracers_remap_rk2"       192      192 7.683840e+05   1.163456e+04    64.019 (   142      0)    56.192 (    32      0)
"precomput_divdp"                    192      192 7.683840e+05   2.491612e+01     0.181 (   145      0)     0.096 (   164      0)
"euler_step_0"                       192      192 7.683840e+05   3.569389e+03    20.756 (   144      0)    15.413 (    78      0)
"bihmix_qminmax"                     192      192 2.305152e+06   5.641133e+03    32.275 (   146      0)    24.189 (   174      0)
"eus_neighbor_minmax1"               192      192 7.683840e+05   1.188639e+03     7.690 (    45      0)     3.527 (   113      0)
"nmm_bexchV"                         192      192 7.683840e+05   8.725082e+02     5.917 (    45      0)     1.948 (   174      0)
"eus_2d_advec"                       192      192 2.305152e+06   5.763283e+03    36.582 (   153      0)    26.544 (    69      0)
"eus_bexchV"                         192      192 2.305152e+06   2.572355e+03    20.924 (   153      0)     9.578 (    69      0)
"euler_step_1"                       192      192 7.683840e+05   2.009553e+03    11.631 (   153      0)     9.397 (    72      0)
"euler_step_2"                       192      192 7.683840e+05   5.835248e+03    32.728 (   153      0)    28.280 (    59      0)
"nmm_bexchS_start"                   192      192 7.683840e+05   3.116790e+01     0.267 (   190      0)     0.085 (    78      0)
"biwksc_bexchV"                      192      192 7.683840e+05   1.449833e+03     9.087 (   141      0)     5.377 (   174      0)
"nmm_bexchS_fini"                    192      192 7.683840e+05   2.332946e+01     0.170 (    45      0)     0.101 (   161      0)
"qdp_tavg"                           192      192 7.683840e+05   1.891095e+02     1.075 (    35      0)     0.936 (    50      0)
"vertical_remap"                     192      192 2.561280e+05   7.407159e+02     4.012 (   160      0)     3.742 (     1      0)
"vertical_remap1_1"                  192      192 5.122560e+05   4.218658e+01     0.232 (   126      0)     0.211 (   190      0)
"remap_Q_ppm"                        192      192 1.536768e+06   7.273401e+02     3.931 (   160      0)     3.672 (     1      0)
"vertical_remap1_2"                  192      192 5.122560e+05   5.544980e+01     0.299 (    96      0)     0.282 (    71      0)
"vertical_remap1_3"                  192      192 5.122560e+05   6.315409e+02     3.414 (   160      0)     3.183 (     1      0)
"prim_run_subcyle_diags"             192      192 2.561280e+05   1.389207e+02     0.839 (    50      0)     0.635 (   167      0)
"t_prf"                                0        0 0.000000e+00   0.000000e+00     0.000 (     0      0)     0.000 (     0      0)

