LAST_GIT_COMMIT_SHA:STRING=adf77c97ed8425a245449f2582d2441f4b72da1e

***** GLOBAL STATISTICS (  1152 MPI TASKS) *****

$Id: gptl.c,v 1.157 2011-03-28 20:55:18 rosinski Exp $
'count' is cumulative. All other stats are max/min
name                           processes  threads        count      walltotal   wallmax (proc   thrd  )   wallmin (proc   thrd  )
"Total"                             1152     1152 1.152000e+03   4.526044e+05   392.950 (  1058      0)   392.819 (    99      0)
"prim_init1"                        1152     1152 1.152000e+03   1.008443e+03     0.880 (   109      0)     0.868 (   638      0)
"PartitioningTime"                  1152     1152 1.152000e+03   5.638105e+00     0.006 (     0      0)     0.003 (   959      0)
"repro_sum_int"                     1152     1152 5.184000e+04   6.817755e+01     0.085 (  1075      0)     0.020 (   270      0)
"prim_init2"                        1152     1152 1.152000e+03   2.330998e+02     0.224 (  1075      0)     0.188 (   598      0)
"prim_printstate"                   1152     1152 1.152000e+03   3.509164e+01     0.033 (   996      0)     0.029 (   577      0)
"interp_movie_output"               1152     1152 2.304000e+03   7.862949e-01     0.003 (  1014      0)     0.000 (    45      0)
"prim_main_loop"                    1152     1152 1.152000e+03   4.453142e+05   386.623 (  1058      0)   386.488 (    44      0)
"prim_run"                          1152     1152 1.843200e+05   4.453128e+05   386.622 (  1058      0)   386.487 (    99      0)
"ApplyCAMForcing"                   1152     1152 1.843200e+05   8.008574e+03     7.901 (  1144      0)     5.149 (   565      0)
"prim_step_rX"                      1152     1152 5.529600e+05   4.084887e+05   357.701 (   647      0)   352.620 (   970      0)
"prim_step_dyn"                     1152     1152 5.529600e+05   8.357527e+04    89.980 (   553      0)    59.956 (   833      0)
"prim_advance_exp"                  1152     1152 5.529600e+05   8.357108e+04    89.976 (   553      0)    59.953 (   833      0)
"U3-5stage_timestep"                1152     1152 5.529600e+05   4.082508e+04    52.900 (   553      0)    25.311 (   644      0)
"compute_and_apply_rhs"             1152     1152 2.764800e+06   4.023979e+04    52.608 (   553      0)    24.833 (   644      0)
"caar_bexchV"                       1152     1152 2.764800e+06   2.169232e+04    37.094 (   553      0)     6.711 (   836      0)
"advance_hypervis_dp"               1152     1152 5.529600e+05   4.273962e+04    46.514 (   532      0)    29.843 (   505      0)
"biwkdp3d_bexchV"                   1152     1152 1.658880e+06   1.036152e+04    19.544 (   411      0)     3.589 (  1079      0)
"ahdp_bexchV2"                      1152     1152 1.658880e+06   1.080487e+04    20.203 (   415      0)     4.414 (  1064      0)
"prim_step_advec"                   1152     1152 5.529600e+05   3.236846e+05   292.985 (   833      0)   265.536 (   681      0)
"PAT_remap"                         1152     1152 5.529600e+05   3.236826e+05   292.984 (   833      0)   265.534 (   681      0)
"prim_advec_tracers_remap_rk2"      1152     1152 5.529600e+05   3.236795e+05   292.981 (   833      0)   265.531 (   681      0)
"precomput_divdp"                   1152     1152 5.529600e+05   6.458225e+02     0.743 (  1130      0)     0.264 (   509      0)
"euler_step_0"                      1152     1152 5.529600e+05   8.845234e+04    83.130 (  1052      0)    68.527 (   649      0)
"bihmix_qminmax"                    1152     1152 1.658880e+06   1.535230e+05   147.568 (   887      0)   115.788 (   651      0)
"eus_neighbor_minmax1"              1152     1152 5.529600e+05   2.413389e+04    28.971 (   886      0)    14.817 (   649      0)
"nmm_bexchV"                        1152     1152 5.529600e+05   1.249778e+04    19.777 (   509      0)     5.462 (  1072      0)
"eus_2d_advec"                      1152     1152 1.658880e+06   1.601601e+05   154.458 (   650      0)   122.042 (   803      0)
"eus_bexchV"                        1152     1152 1.658880e+06   4.223918e+04    58.673 (   526      0)    24.641 (   336      0)
"euler_step_1"                      1152     1152 5.529600e+05   6.249868e+04    62.625 (   261      0)    48.199 (   512      0)
"euler_step_2"                      1152     1152 5.529600e+05   1.627631e+05   151.808 (   267      0)   128.175 (   717      0)
"nmm_bexchS_start"                  1152     1152 5.529600e+05   4.173776e+01     0.075 (   288      0)     0.014 (   520      0)
"biwksc_bexchV"                     1152     1152 5.529600e+05   1.433413e+04    17.300 (   171      0)     8.787 (   182      0)
"nmm_bexchS_fini"                   1152     1152 5.529600e+05   7.499827e+03     8.258 (   464      0)     2.966 (   528      0)
"qdp_tavg"                          1152     1152 5.529600e+05   9.302010e+03     9.854 (   852      0)     4.544 (   564      0)
"vertical_remap"                    1152     1152 1.843200e+05   1.994043e+04    18.285 (   720      0)    16.690 (   934      0)
"vertical_remap1_1"                 1152     1152 1.382400e+07   1.078090e+03     0.978 (   271      0)     0.921 (   402      0)
"remap_Q_ppm"                       1152     1152 4.147200e+07   1.962570e+04    17.955 (   271      0)    16.428 (   934      0)
"vertical_remap1_2"                 1152     1152 1.382400e+07   1.481841e+03     1.344 (   271      0)     1.260 (   497      0)
"vertical_remap1_3"                 1152     1152 1.382400e+07   1.710832e+04    15.675 (   271      0)    14.280 (   934      0)
"prim_run_subcyle_diags"            1152     1152 1.843200e+05   7.339030e+03     8.541 (   565      0)     4.818 (   647      0)
"t_prf"                                0        0 0.000000e+00   0.000000e+00     0.000 (     0      0)     0.000 (     0      0)

