LAST_GIT_COMMIT_SHA:STRING=adf77c97ed8425a245449f2582d2441f4b72da1e

***** GLOBAL STATISTICS (   600 MPI TASKS) *****

$Id: gptl.c,v 1.157 2011-03-28 20:55:18 rosinski Exp $
'count' is cumulative. All other stats are max/min
name                           processes  threads        count      walltotal   wallmax (proc   thrd  )   wallmin (proc   thrd  )
"Total"                              600      600 6.000000e+02   2.330955e+05   388.575 (   440      0)   388.382 (   289      0)
"prim_init1"                         600      600 6.000000e+02   5.375864e+02     0.904 (   548      0)     0.887 (    50      0)
"PartitioningTime"                   600      600 6.000000e+02   2.982630e+00     0.006 (   543      0)     0.003 (    67      0)
"repro_sum_int"                      600      600 2.700000e+04   2.340984e+01     0.088 (    20      0)     0.021 (   375      0)
"prim_init2"                         600      600 6.000000e+02   1.498040e+02     0.268 (    20      0)     0.245 (   559      0)
"prim_printstate"                    600      600 6.000000e+02   2.407852e+01     0.046 (     0      0)     0.040 (   504      0)
"interp_movie_output"                600      600 1.200000e+03   1.524332e-01     0.000 (   375      0)     0.000 (    14      0)
"prim_main_loop"                     600      600 6.000000e+02   2.292528e+05   382.172 (   440      0)   381.976 (   289      0)
"prim_run"                           600      600 5.040000e+04   2.292525e+05   382.172 (   440      0)   381.976 (   289      0)
"ApplyCAMForcing"                    600      600 5.040000e+04   4.261264e+03     8.107 (   558      0)     5.072 (   289      0)
"prim_step_rX"                       600      600 1.512000e+05   2.098006e+05   353.330 (   288      0)   347.548 (    97      0)
"prim_step_dyn"                      600      600 1.512000e+05   4.246470e+04    91.009 (   289      0)    60.367 (   536      0)
"prim_advance_exp"                   600      600 1.512000e+05   4.246344e+04    91.008 (   289      0)    60.365 (   536      0)
"U3-5stage_timestep"                 600      600 1.512000e+05   2.095140e+04    56.804 (   289      0)    25.706 (     7      0)
"compute_and_apply_rhs"              600      600 7.560000e+05   2.062134e+04    56.377 (   289      0)    24.922 (     7      0)
"caar_bexchV"                        600      600 7.560000e+05   1.054097e+04    40.542 (   289      0)     5.770 (     7      0)
"advance_hypervis_dp"                600      600 1.512000e+05   2.151006e+04    45.582 (   116      0)    30.714 (   577      0)
"biwkdp3d_bexchV"                    600      600 4.536000e+05   4.754813e+03    16.424 (   116      0)     3.692 (   442      0)
"ahdp_bexchV2"                       600      600 4.536000e+05   4.971204e+03    17.245 (    14      0)     4.091 (   436      0)
"prim_step_advec"                    600      600 1.512000e+05   1.666863e+05   287.332 (   536      0)   261.390 (   289      0)
"PAT_remap"                          600      600 1.512000e+05   1.666858e+05   287.331 (   536      0)   261.390 (   289      0)
"prim_advec_tracers_remap_rk2"       600      600 1.512000e+05   1.666849e+05   287.330 (   536      0)   261.389 (   289      0)
"precomput_divdp"                    600      600 1.512000e+05   3.462974e+02     0.740 (   509      0)     0.287 (   336      0)
"euler_step_0"                       600      600 1.512000e+05   4.540996e+04    80.460 (   578      0)    69.003 (   123      0)
"bihmix_qminmax"                     600      600 4.536000e+05   7.959107e+04   145.318 (   275      0)   118.735 (   142      0)
"eus_neighbor_minmax1"               600      600 1.512000e+05   1.201073e+04    26.922 (   502      0)    14.826 (    44      0)
"nmm_bexchV"                         600      600 1.512000e+05   6.041950e+03    17.161 (   289      0)     6.144 (    44      0)
"eus_2d_advec"                       600      600 4.536000e+05   8.183631e+04   151.831 (   359      0)   118.572 (   288      0)
"eus_bexchV"                         600      600 4.536000e+05   2.084923e+04    54.815 (   141      0)    23.489 (    68      0)
"euler_step_1"                       600      600 1.512000e+05   3.219910e+04    60.685 (   271      0)    47.397 (    69      0)
"euler_step_2"                       600      600 1.512000e+05   8.382778e+04   149.171 (     8      0)   127.985 (   177      0)
"nmm_bexchS_start"                   600      600 1.512000e+05   1.259325e+01     0.038 (   240      0)     0.008 (   347      0)
"biwksc_bexchV"                      600      600 1.512000e+05   6.790190e+03    17.837 (   275      0)     8.281 (    19      0)
"nmm_bexchS_fini"                    600      600 1.512000e+05   4.107543e+03     8.369 (   524      0)     4.094 (   289      0)
"qdp_tavg"                           600      600 1.512000e+05   4.896166e+03     9.902 (   400      0)     4.464 (   309      0)
"vertical_remap"                     600      600 5.040000e+04   1.049677e+04    18.489 (    13      0)    16.970 (   461      0)
"vertical_remap1_1"                  600      600 7.257600e+06   5.607775e+02     0.983 (    13      0)     0.922 (   461      0)
"remap_Q_ppm"                        600      600 2.177280e+07   1.033258e+04    18.207 (    13      0)    16.708 (   461      0)
"vertical_remap1_2"                  600      600 7.257600e+06   7.766994e+02     1.364 (     1      0)     1.272 (   461      0)
"vertical_remap1_3"                  600      600 7.257600e+06   9.017462e+03    15.899 (    13      0)    14.549 (   461      0)
"prim_run_subcyle_diags"             600      600 5.040000e+04   3.885567e+03     8.533 (    57      0)     4.875 (   289      0)
"t_prf"                                0        0 0.000000e+00   0.000000e+00     0.000 (     0      0)     0.000 (     0      0)

