LAST_GIT_COMMIT_SHA:STRING=4790f40f2fb6acbc051ce4c988681a628c18e83d

***** GLOBAL STATISTICS (   120 MPI TASKS) *****

$Id: gptl.c,v 1.157 2011-03-28 20:55:18 rosinski Exp $
'count' is cumulative. All other stats are max/min
name                               processes  threads        count      walltotal   wallmax (proc   thrd  )   wallmin (proc   thrd  )
Total                                    120      120 1.200000e+02   3.714348e+04   309.591 (     4      0)   309.455 (    57      0)
prim_init1                               120      120 1.200000e+02   4.174411e+01     0.349 (    25      0)     0.346 (    37      0)
repro_sum_int                            120      120 5.400000e+03   1.026080e+00     0.011 (     9      0)     0.007 (     0      0)
prim_init2                               120      120 1.200000e+02   1.800908e+02     1.516 (    83      0)     1.483 (    96      0)
prim_printstate                          120      120 1.200000e+02   1.650129e+01     0.141 (     0      0)     0.137 (   102      0)
interp_movie_output                      120      120 2.400000e+02   2.343059e-02     0.000 (    17      0)     0.000 (    46      0)
prim_main_loop                           120      120 1.200000e+02   3.657323e+04   304.839 (     4      0)   304.702 (    57      0)
prim_run                                 120      120 4.080000e+03   3.657318e+04   304.839 (     4      0)   304.701 (    57      0)
tl-sc prim_run_subcycle_c                120      120 4.080000e+03   3.653868e+04   304.559 (     6      0)   304.406 (    57      0)
tl-sc dp3d-from-ps                       120      120 4.080000e+03   5.326434e+00     0.056 (   105      0)     0.027 (    69      0)
tl-sc prim_step-loop                     120      120 4.080000e+03   3.417024e+04   285.596 (    51      0)   283.772 (    22      0)
tl-s prim_step                           120      120 1.224000e+04   3.417017e+04   285.595 (    51      0)   283.771 (    22      0)
tl-s deep_copy+derived_dp                120      120 1.224000e+04   9.539300e+01     1.012 (    42      0)     0.379 (    27      0)
tl-s prim_advance_exp-loop               120      120 1.224000e+04   6.539776e+03    62.631 (    57      0)    50.212 (    81      0)
tl-ae prim_advance_exp                   120      120 1.224000e+04   6.539698e+03    62.630 (    57      0)    50.212 (    81      0)
tl-ae U3-5stage_timestep                 120      120 1.224000e+04   3.080562e+03    34.476 (    57      0)    21.710 (     4      0)
caar compute                             120      120 6.120000e+04   1.338630e+03    13.343 (    22      0)    10.317 (    26      0)
caar_bexchV                              120      120 6.120000e+04   1.679710e+03    22.406 (    57      0)     9.467 (     4      0)
tl-ae advance_hypervis_dp                120      120 1.224000e+04   3.458969e+03    30.823 (    97      0)    26.987 (    38      0)
hvf-bhwk                                 120      120 3.672000e+04   2.002326e+03    18.394 (    81      0)    15.508 (    14      0)
hvf-bexch                                120      120 7.344000e+04   1.663382e+03    16.113 (    97      0)    11.183 (    22      0)
tl-s prim_advec_tracers_remap            120      120 1.224000e+04   2.753476e+04   233.569 (     4      0)   221.359 (    57      0)
tl-at prim_advec_tracers_remap_RK2       120      120 1.224000e+04   2.753466e+04   233.569 (     4      0)   221.358 (    57      0)
tl-at precompute_divdp                   120      120 1.224000e+04   5.335782e+01     0.660 (    20      0)     0.256 (    81      0)
tl-at esf-0                              120      120 1.224000e+04   7.461528e+03    63.912 (    81      0)    60.072 (    56      0)
tl-at esf-1                              120      120 1.224000e+04   5.832459e+03    50.134 (   119      0)    46.931 (    55      0)
tl-at esf-2                              120      120 1.224000e+04   1.323994e+04   113.208 (     7      0)   105.980 (    57      0)
tl-at qdp_time_avg                       120      120 1.224000e+04   9.467597e+02     8.724 (    84      0)     5.098 (    71      0)
tl-sc vertical_remap                     120      120 4.080000e+03   2.019987e+03    18.062 (    22      0)    16.194 (    51      0)
Remap Thickness Functor                  120      120 4.080000e+03   1.868144e+01     0.186 (    22      0)     0.116 (    69      0)
Remap Scale States Functor               120      120 4.080000e+03   1.585973e+01     0.191 (    22      0)     0.052 (    68      0)
Remap Compute Grids Functor              120      120 4.080000e+03   1.148333e+02     1.566 (    22      0)     0.597 (    68      0)
Remap Compute Remap Functor              120      120 4.080000e+03   1.852521e+03    16.027 (    14      0)    15.126 (    95      0)
Remap Rescale States Functor             120      120 4.080000e+03   1.480089e+01     0.168 (     4      0)     0.099 (    57      0)
tl-sc Q-from-qdp                         120      120 4.080000e+03   3.430268e+02     3.046 (    96      0)     2.270 (    57      0)
t_prf                                      0        0 0.000000e+00   0.000000e+00     0.000 (     0      0)     0.000 (     0      0)

