LAST_GIT_COMMIT_SHA:STRING=4790f40f2fb6acbc051ce4c988681a628c18e83d

***** GLOBAL STATISTICS (   288 MPI TASKS) *****

$Id: gptl.c,v 1.157 2011-03-28 20:55:18 rosinski Exp $
'count' is cumulative. All other stats are max/min
name                               processes  threads        count      walltotal   wallmax (proc   thrd  )   wallmin (proc   thrd  )
Total                                    288      288 2.880000e+02   1.030699e+05   357.984 (   225      0)   357.473 (   153      0)
prim_init1                               288      288 2.880000e+02   1.986374e+02     0.692 (    28      0)     0.684 (   272      0)
repro_sum_int                            288      288 1.296000e+04   4.699254e+00     0.019 (   262      0)     0.013 (   201      0)
prim_init2                               288      288 2.880000e+02   4.144447e+02     1.452 (    53      0)     1.429 (   114      0)
prim_printstate                          288      288 2.880000e+02   4.141954e+01     0.150 (     0      0)     0.144 (    55      0)
interp_movie_output                      288      288 5.760000e+02   7.360387e-02     0.000 (   230      0)     0.000 (    37      0)
prim_main_loop                           288      288 2.880000e+02   1.009480e+05   350.617 (   225      0)   350.105 (   153      0)
prim_run                                 288      288 1.152000e+04   1.009479e+05   350.616 (   225      0)   350.105 (   153      0)
tl-sc prim_run_subcycle_c                288      288 1.152000e+04   1.008802e+05   350.416 (    81      0)   350.021 (   153      0)
tl-sc dp3d-from-ps                       288      288 1.152000e+04   1.050716e+01     0.051 (   130      0)     0.028 (   256      0)
tl-sc prim_step-loop                     288      288 1.152000e+04   9.476880e+04   329.766 (   263      0)   328.209 (   133      0)
tl-s prim_step                           288      288 3.456000e+04   9.476866e+04   329.766 (   263      0)   328.208 (   133      0)
tl-s deep_copy+derived_dp                288      288 3.456000e+04   1.968058e+02     1.024 (   130      0)     0.356 (   256      0)
tl-s prim_advance_exp-loop               288      288 3.456000e+04   1.890371e+04    82.172 (   104      0)    55.300 (   280      0)
tl-ae prim_advance_exp                   288      288 3.456000e+04   1.890350e+04    82.171 (   104      0)    55.300 (   280      0)
tl-ae U3-5stage_timestep                 288      288 3.456000e+04   9.332171e+03    50.446 (   152      0)    23.175 (    14      0)
caar compute                             288      288 1.728000e+05   3.493755e+03    13.131 (   216      0)    11.394 (    96      0)
caar_bexchV                              288      288 1.728000e+05   5.674207e+03    37.722 (   152      0)    10.938 (    14      0)
tl-ae advance_hypervis_dp                288      288 3.456000e+04   9.570876e+03    38.312 (   132      0)    30.579 (   153      0)
hvf-bhwk                                 288      288 1.036800e+05   5.486427e+03    23.868 (   104      0)    17.330 (   185      0)
hvf-bexch                                288      288 2.073600e+05   4.820193e+03    22.347 (   132      0)    14.101 (    80      0)
tl-s prim_advec_tracers_remap            288      288 3.456000e+04   7.566754e+04   273.798 (   280      0)   245.667 (   104      0)
tl-at prim_advec_tracers_remap_RK2       288      288 3.456000e+04   7.566729e+04   273.797 (   280      0)   245.666 (   104      0)
tl-at precompute_divdp                   288      288 3.456000e+04   1.419150e+02     0.715 (    93      0)     0.287 (    27      0)
tl-at esf-0                              288      288 3.456000e+04   2.033184e+04    75.858 (    72      0)    68.270 (   249      0)
tl-at esf-1                              288      288 3.456000e+04   1.581916e+04    58.139 (   167      0)    52.020 (   247      0)
tl-at esf-2                              288      288 3.456000e+04   3.740933e+04   139.858 (   280      0)   114.318 (     8      0)
tl-at qdp_time_avg                       288      288 3.456000e+04   1.963461e+03     8.841 (   134      0)     4.809 (   257      0)
tl-sc vertical_remap                     288      288 1.152000e+04   5.309055e+03    19.282 (   133      0)    17.787 (   221      0)
Remap Thickness Functor                  288      288 1.152000e+04   4.542861e+01     0.193 (   204      0)     0.129 (    88      0)
Remap Scale States Functor               288      288 1.152000e+04   3.550071e+01     0.192 (   199      0)     0.056 (   256      0)
Remap Compute Grids Functor              288      288 1.152000e+04   3.009226e+02     1.591 (   133      0)     0.670 (   256      0)
Remap Compute Remap Functor              288      288 1.152000e+04   4.884277e+03    17.474 (   104      0)    16.466 (   221      0)
Remap Rescale States Functor             288      288 1.152000e+04   3.553062e+01     0.173 (   120      0)     0.110 (   284      0)
tl-sc Q-from-qdp                         288      288 1.152000e+04   7.916798e+02     3.146 (   122      0)     2.504 (   245      0)
t_prf                                      0        0 0.000000e+00   0.000000e+00     0.000 (     0      0)     0.000 (     0      0)

