LAST_GIT_COMMIT_SHA:STRING=adf77c97ed8425a245449f2582d2441f4b72da1e

***** GLOBAL STATISTICS (   384 MPI TASKS) *****

$Id: gptl.c,v 1.157 2011-03-28 20:55:18 rosinski Exp $
'count' is cumulative. All other stats are max/min
name                           processes  threads        count      walltotal   wallmax (proc   thrd  )   wallmin (proc   thrd  )
"Total"                              384      384 3.840000e+02   1.667964e+05   434.394 (   174      0)   434.324 (    22      0)
"prim_init1"                         384      384 3.840000e+02   1.438930e+02     0.377 (    32      0)     0.358 (    23      0)
"PartitioningTime"                   384      384 3.840000e+02   6.089036e-01     0.002 (   357      0)     0.001 (   336      0)
"repro_sum_int"                      384      384 1.728000e+04   8.402688e+00     0.031 (    21      0)     0.010 (   166      0)
"prim_init2"                         384      384 3.840000e+02   5.705377e+01     0.163 (     0      0)     0.138 (   166      0)
"prim_printstate"                    384      384 3.840000e+02   1.107498e+01     0.033 (     0      0)     0.028 (   349      0)
"interp_movie_output"                384      384 7.680000e+02   1.047983e-01     0.000 (   321      0)     0.000 (     1      0)
"prim_main_loop"                     384      384 3.840000e+02   1.661141e+05   432.616 (   174      0)   432.560 (   287      0)
"prim_run"                           384      384 8.217600e+04   1.661138e+05   432.615 (   174      0)   432.559 (   287      0)
"ApplyCAMForcing"                    384      384 8.217600e+04   3.129989e+03     8.898 (    71      0)     6.335 (   361      0)
"prim_step_rX"                       384      384 2.465280e+05   1.520053e+05   398.779 (    22      0)   394.559 (   357      0)
"prim_step_dyn"                      384      384 2.465280e+05   2.904176e+04    86.323 (   381      0)    67.621 (   177      0)
"prim_advance_exp"                   384      384 2.465280e+05   2.903986e+04    86.317 (   381      0)    67.617 (   177      0)
"U3-5stage_timestep"                 384      384 2.465280e+05   1.402179e+04    47.200 (    93      0)    30.275 (    65      0)
"compute_and_apply_rhs"              384      384 1.232640e+06   1.377337e+04    46.645 (    93      0)    29.479 (    65      0)
"caar_bexchV"                        384      384 1.232640e+06   6.580770e+03    28.667 (    17      0)     7.578 (   170      0)
"advance_hypervis_dp"                384      384 2.465280e+05   1.501526e+04    44.588 (   252      0)    34.513 (   287      0)
"biwkdp3d_bexchV"                    384      384 7.395840e+05   3.262889e+03    13.866 (   244      0)     4.232 (   183      0)
"ahdp_bexchV2"                       384      384 7.395840e+05   3.453310e+03    14.646 (   238      0)     5.018 (   175      0)
"prim_step_advec"                    384      384 2.465280e+05   1.224904e+05   326.275 (   177      0)   309.323 (    12      0)
"PAT_remap"                          384      384 2.465280e+05   1.224895e+05   326.273 (   177      0)   309.320 (    12      0)
"prim_advec_tracers_remap_rk2"       384      384 2.465280e+05   1.224881e+05   326.270 (   177      0)   309.316 (    12      0)
"precomput_divdp"                    384      384 2.465280e+05   2.562779e+02     0.831 (    30      0)     0.326 (   235      0)
"euler_step_0"                       384      384 2.465280e+05   3.378368e+04    92.619 (   206      0)    81.720 (   369      0)
"bihmix_qminmax"                     384      384 7.395840e+05   5.887391e+04   164.023 (   239      0)   139.814 (   360      0)
"eus_neighbor_minmax1"               384      384 2.465280e+05   9.260256e+03    32.622 (   239      0)    18.880 (   360      0)
"nmm_bexchV"                         384      384 2.465280e+05   4.700544e+03    22.105 (    22      0)     7.909 (   189      0)
"eus_2d_advec"                       384      384 7.395840e+05   5.967146e+04   169.571 (   113      0)   142.119 (    23      0)
"eus_bexchV"                         384      384 7.395840e+05   1.595195e+04    56.072 (   331      0)    30.754 (   286      0)
"euler_step_1"                       384      384 2.465280e+05   2.369074e+04    66.672 (   273      0)    57.211 (   285      0)
"euler_step_2"                       384      384 2.465280e+05   6.108467e+04   164.948 (   264      0)   152.007 (    12      0)
"nmm_bexchS_start"                   384      384 2.465280e+05   1.964069e+01     0.100 (   336      0)     0.029 (   115      0)
"biwksc_bexchV"                      384      384 2.465280e+05   5.410590e+03    18.678 (   149      0)     7.713 (    56      0)
"nmm_bexchS_fini"                    384      384 2.465280e+05   3.032454e+03     9.219 (   349      0)     4.968 (   362      0)
"qdp_tavg"                           384      384 2.465280e+05   3.665302e+03    11.072 (   184      0)     5.369 (     3      0)
"vertical_remap"                     384      384 8.217600e+04   7.591717e+03    20.235 (    18      0)    19.299 (   241      0)
"vertical_remap1_1"                  384      384 5.259264e+06   4.064153e+02     1.077 (    18      0)     1.045 (   241      0)
"remap_Q_ppm"                        384      384 1.577779e+07   7.474160e+03    19.879 (    18      0)    18.997 (   241      0)
"vertical_remap1_2"                  384      384 5.259264e+06   5.607329e+02     1.474 (   278      0)     1.440 (   241      0)
"vertical_remap1_3"                  384      384 5.259264e+06   6.522923e+03    17.380 (    18      0)    16.553 (   241      0)
"prim_run_subcyle_diags"             384      384 8.217600e+04   2.780403e+03     9.711 (   361      0)     5.832 (    22      0)
"t_prf"                                0        0 0.000000e+00   0.000000e+00     0.000 (     0      0)     0.000 (     0      0)

