LAST_GIT_COMMIT_SHA:STRING=4790f40f2fb6acbc051ce4c988681a628c18e83d

***** GLOBAL STATISTICS (   384 MPI TASKS) *****

$Id: gptl.c,v 1.157 2011-03-28 20:55:18 rosinski Exp $
'count' is cumulative. All other stats are max/min
name                               processes  threads        count      walltotal   wallmax (proc   thrd  )   wallmin (proc   thrd  )
Total                                    384      384 3.840000e+02   4.740692e+04   123.460 (    15      0)   123.450 (    40      0)
prim_init1                               384      384 3.840000e+02   4.263762e+01     0.112 (    70      0)     0.110 (   268      0)
repro_sum_int                            384      384 1.728000e+04   6.945107e+00     0.283 (    16      0)     0.014 (   330      0)
prim_init2                               384      384 3.840000e+02   5.396137e+01     0.404 (    16      0)     0.134 (   294      0)
prim_printstate                          384      384 3.840000e+02   1.022085e+01     0.030 (     0      0)     0.025 (   336      0)
interp_movie_output                      384      384 7.680000e+02   8.619857e-02     0.000 (   230      0)     0.000 (    59      0)
prim_main_loop                           384      384 3.840000e+02   4.707433e+04   122.593 (    15      0)   122.583 (    40      0)
prim_run                                 384      384 1.025280e+05   4.707387e+04   122.592 (    15      0)   122.582 (    40      0)
tl-sc prim_run_subcycle_c                384      384 1.025280e+05   4.706743e+04   122.577 (   201      0)   122.563 (    40      0)
tl-sc dp3d-from-ps                       384      384 1.025280e+05   6.357281e+00     0.023 (    23      0)     0.011 (    32      0)
tl-sc prim_step-loop                     384      384 1.025280e+05   4.410522e+04   115.176 (   229      0)   114.450 (    21      0)
tl-s prim_step                           384      384 3.075840e+05   4.410412e+04   115.174 (   229      0)   114.446 (    21      0)
tl-s deep_copy+derived_dp                384      384 3.075840e+05   1.057396e+02     0.385 (    23      0)     0.141 (    32      0)
tl-s prim_advance_exp-loop               384      384 3.075840e+05   6.075377e+03    18.836 (   237      0)    13.217 (    15      0)
tl-ae prim_advance_exp                   384      384 3.075840e+05   6.074387e+03    18.833 (   237      0)    13.215 (    15      0)
tl-ae U3-5stage_timestep                 384      384 3.075840e+05   3.301298e+03    12.123 (   237      0)     6.222 (   201      0)
caar compute                             384      384 1.537920e+06   1.523419e+03     4.420 (    23      0)     3.663 (   166      0)
caar_bexchV                              384      384 1.537920e+06   1.713538e+03     7.831 (   237      0)     2.228 (   201      0)
tl-ae advance_hypervis_dp                384      384 3.075840e+05   2.771488e+03     8.028 (   264      0)     6.650 (   204      0)
hvf-bhwk                                 384      384 9.227520e+05   1.828885e+03     5.714 (   269      0)     4.422 (   271      0)
hvf-bexch                                384      384 1.845504e+06   1.016123e+03     3.545 (   264      0)     2.024 (    13      0)
tl-s prim_advec_tracers_remap            384      384 3.075840e+05   3.792040e+04   101.361 (   197      0)    95.597 (   237      0)
tl-at prim_advec_tracers_remap_RK2       384      384 3.075840e+05   3.791887e+04   101.358 (   197      0)    95.593 (   237      0)
tl-at precompute_divdp                   384      384 3.075840e+05   7.502404e+01     0.247 (    29      0)     0.115 (    43      0)
tl-at esf-0                              384      384 3.075840e+05   1.071420e+04    30.333 (   201      0)    25.847 (   231      0)
tl-at esf-1                              384      384 3.075840e+05   7.949945e+03    21.515 (     7      0)    20.017 (    85      0)
tl-at esf-2                              384      384 3.075840e+05   1.812541e+04    49.389 (    13      0)    45.169 (   243      0)
tl-at qdp_time_avg                       384      384 3.075840e+05   1.044611e+03     3.090 (     7      0)     1.851 (   170      0)
tl-sc vertical_remap                     384      384 1.025280e+05   2.549199e+03     7.061 (    23      0)     6.347 (   335      0)
Remap Thickness Functor                  384      384 1.025280e+05   2.474679e+01     0.080 (    23      0)     0.048 (   249      0)
Remap Scale States Functor               384      384 1.025280e+05   1.653450e+01     0.064 (    20      0)     0.019 (   166      0)
Remap Compute Grids Functor              384      384 1.025280e+05   1.482117e+02     0.615 (    20      0)     0.240 (    53      0)
Remap Compute Remap Functor              384      384 1.025280e+05   2.338042e+03     6.351 (    11      0)     5.936 (     4      0)
Remap Rescale States Functor             384      384 1.025280e+05   1.877310e+01     0.068 (   368      0)     0.040 (    36      0)
tl-sc Q-from-qdp                         384      384 1.025280e+05   4.052172e+02     1.136 (     3      0)     0.915 (   237      0)
t_prf                                      0        0 0.000000e+00   0.000000e+00     0.000 (     0      0)     0.000 (     0      0)

