LAST_GIT_COMMIT_SHA:STRING=adf77c97ed8425a245449f2582d2441f4b72da1e

***** GLOBAL STATISTICS (    96 MPI TASKS) *****

$Id: gptl.c,v 1.157 2011-03-28 20:55:18 rosinski Exp $
'count' is cumulative. All other stats are max/min
name                           processes  threads        count      walltotal   wallmax (proc   thrd  )   wallmin (proc   thrd  )
"Total"                               96       96 9.600000e+01   3.164164e+04   329.632 (     2      0)   329.562 (    35      0)
"prim_init1"                          96       96 9.600000e+01   7.935720e+01     0.828 (    87      0)     0.826 (    16      0)
"PartitioningTime"                    96       96 9.600000e+01   2.147295e-01     0.002 (    83      0)     0.002 (    48      0)
"repro_sum_int"                       96       96 4.320000e+03   1.796517e+00     0.036 (    46      0)     0.006 (    25      0)
"prim_init2"                          96       96 9.600000e+01   6.296710e+01     0.671 (     5      0)     0.645 (    25      0)
"prim_printstate"                     96       96 9.600000e+01   1.218736e+01     0.132 (     0      0)     0.127 (    82      0)
"interp_movie_output"                 96       96 1.920000e+02   1.665640e-02     0.000 (    30      0)     0.000 (     9      0)
"prim_main_loop"                      96       96 9.600000e+01   3.120031e+04   325.034 (     2      0)   324.965 (    35      0)
"prim_run"                            96       96 2.592000e+03   3.120028e+04   325.034 (     2      0)   324.965 (    35      0)
"ApplyCAMForcing"                     96       96 2.592000e+03   6.339194e+02     7.184 (    22      0)     6.215 (    41      0)
"prim_step_rX"                        96       96 7.776000e+03   2.839570e+04   296.655 (    47      0)   295.314 (    54      0)
"prim_step_dyn"                       96       96 7.776000e+03   5.224222e+03    56.237 (    69      0)    53.015 (    17      0)
"prim_advance_exp"                    96       96 7.776000e+03   5.224146e+03    56.236 (    69      0)    53.014 (    17      0)
"U3-5stage_timestep"                  96       96 7.776000e+03   2.471273e+03    27.582 (    95      0)    24.488 (    12      0)
"compute_and_apply_rhs"               96       96 3.888000e+04   2.406038e+03    27.051 (    95      0)    23.605 (    12      0)
"caar_bexchV"                         96       96 3.888000e+04   8.048562e+02    10.936 (    95      0)     5.425 (    17      0)
"advance_hypervis_dp"                 96       96 7.776000e+03   2.752752e+03    29.860 (    72      0)    27.380 (    90      0)
"biwkdp3d_bexchV"                     96       96 2.332800e+04   4.116074e+02     6.058 (    73      0)     3.021 (    43      0)
"ahdp_bexchV2"                        96       96 2.332800e+04   4.822403e+02     7.737 (    66      0)     3.341 (    12      0)
"prim_step_advec"                     96       96 7.776000e+03   2.307048e+04   241.567 (    89      0)   238.447 (    79      0)
"PAT_remap"                           96       96 7.776000e+03   2.307044e+04   241.567 (    89      0)   238.446 (    79      0)
"prim_advec_tracers_remap_rk2"        96       96 7.776000e+03   2.307039e+04   241.566 (    89      0)   238.446 (    79      0)
"precomput_divdp"                     96       96 7.776000e+03   5.166815e+01     0.625 (    73      0)     0.350 (    93      0)
"euler_step_0"                        96       96 7.776000e+03   6.287120e+03    66.601 (    55      0)    63.914 (    79      0)
"bihmix_qminmax"                      96       96 2.332800e+04   1.123500e+04   121.009 (    46      0)   112.402 (    73      0)
"eus_neighbor_minmax1"                96       96 7.776000e+03   1.622022e+03    19.276 (    93      0)    14.910 (    75      0)
"nmm_bexchV"                          96       96 7.776000e+03   7.105880e+02     9.513 (    93      0)     6.130 (    56      0)
"eus_2d_advec"                        96       96 2.332800e+04   1.098200e+04   119.944 (    54      0)   110.061 (    46      0)
"eus_bexchV"                          96       96 2.332800e+04   2.488287e+03    30.255 (    73      0)    23.279 (    65      0)
"euler_step_1"                        96       96 7.776000e+03   4.450114e+03    47.704 (    86      0)    43.957 (    46      0)
"euler_step_2"                        96       96 7.776000e+03   1.148029e+04   121.780 (    46      0)   118.026 (    66      0)
"nmm_bexchS_start"                    96       96 7.776000e+03   6.927028e-01     0.012 (    47      0)     0.002 (    14      0)
"biwksc_bexchV"                       96       96 7.776000e+03   8.507145e+02    10.938 (    47      0)     7.601 (    56      0)
"nmm_bexchS_fini"                     96       96 7.776000e+03   5.933366e+02     7.488 (    46      0)     5.709 (    74      0)
"qdp_tavg"                            96       96 7.776000e+03   8.008766e+02     8.880 (    10      0)     6.786 (    55      0)
"vertical_remap"                      96       96 2.592000e+03   1.491740e+03    15.718 (    46      0)    15.242 (    29      0)
"vertical_remap1_1"                   96       96 1.036800e+06   8.034459e+01     0.841 (    23      0)     0.830 (    22      0)
"remap_Q_ppm"                         96       96 3.110400e+06   1.469286e+03    15.469 (    46      0)    15.008 (    29      0)
"vertical_remap1_2"                   96       96 1.036800e+06   1.103498e+02     1.157 (    23      0)     1.135 (    29      0)
"vertical_remap1_3"                   96       96 1.036800e+06   1.281588e+03    13.507 (    46      0)    13.074 (    29      0)
"prim_run_subcyle_diags"              96       96 2.592000e+03   5.314688e+02     6.580 (    54      0)     4.948 (    95      0)
"t_prf"                                0        0 0.000000e+00   0.000000e+00     0.000 (     0      0)     0.000 (     0      0)

