LAST_GIT_COMMIT_SHA:STRING=adf77c97ed8425a245449f2582d2441f4b72da1e

***** GLOBAL STATISTICS (   384 MPI TASKS) *****

$Id: gptl.c,v 1.157 2011-03-28 20:55:18 rosinski Exp $
'count' is cumulative. All other stats are max/min
name                           processes  threads        count      walltotal   wallmax (proc   thrd  )   wallmin (proc   thrd  )
"Total"                              384      384 3.840000e+02   3.013808e+04    78.487 (     0      0)    78.481 (   328      0)
"prim_init1"                         384      384 3.840000e+02   2.684641e+01     0.078 (     0      0)     0.069 (    68      0)
"PartitioningTime"                   384      384 3.840000e+02   1.360686e-01     0.000 (   351      0)     0.000 (   377      0)
"repro_sum_int"                      384      384 1.728000e+04   9.165280e+00     0.029 (   203      0)     0.005 (   313      0)
"prim_init2"                         384      384 3.840000e+02   1.628258e+01     0.048 (   243      0)     0.024 (   313      0)
"prim_printstate"                    384      384 3.840000e+02   3.099901e+00     0.013 (     0      0)     0.008 (   311      0)
"interp_movie_output"                384      384 7.680000e+02   9.518695e-02     0.000 (   347      0)     0.000 (   150      0)
"prim_main_loop"                     384      384 3.840000e+02   2.990896e+04    77.890 (   213      0)    77.885 (   350      0)
"prim_run"                           384      384 2.457600e+05   2.990852e+04    77.889 (   276      0)    77.884 (   350      0)
"ApplyCAMForcing"                    384      384 2.457600e+05   3.578769e+02     1.124 (   163      0)     0.687 (   348      0)
"prim_step_rX"                       384      384 7.372800e+05   2.766923e+04    72.589 (    11      0)    71.640 (   155      0)
"prim_step_dyn"                      384      384 7.372800e+05   4.763898e+03    16.497 (    93      0)    10.004 (   211      0)
"prim_advance_exp"                   384      384 7.372800e+05   4.761392e+03    16.490 (    93      0)     9.997 (   211      0)
"U3-5stage_timestep"                 384      384 7.372800e+05   2.750364e+03    10.862 (   348      0)     4.956 (   126      0)
"compute_and_apply_rhs"              384      384 3.686400e+06   2.734327e+03    10.819 (   348      0)     4.915 (   126      0)
"caar_bexchV"                        384      384 3.686400e+06   1.728790e+03     8.073 (   348      0)     2.359 (   211      0)
"advance_hypervis_dp"                384      384 7.372800e+05   2.008641e+03     6.169 (    82      0)     4.592 (   364      0)
"biwkdp3d_bexchV"                    384      384 2.211840e+06   4.613681e+02     1.895 (   103      0)     0.763 (   368      0)
"ahdp_bexchV2"                       384      384 2.211840e+06   4.470368e+02     1.680 (    93      0)     0.754 (   370      0)
"prim_step_advec"                    384      384 7.372800e+05   2.284154e+04    61.721 (   197      0)    55.898 (    93      0)
"PAT_remap"                          384      384 7.372800e+05   2.284003e+04    61.718 (   197      0)    55.894 (    93      0)
"prim_advec_tracers_remap_rk2"       384      384 7.372800e+05   2.283799e+04    61.713 (   197      0)    55.889 (    93      0)
"precomput_divdp"                    384      384 7.372800e+05   4.967685e+01     0.214 (   293      0)     0.072 (    71      0)
"euler_step_0"                       384      384 7.372800e+05   6.579265e+03    19.156 (   368      0)    14.345 (    93      0)
"bihmix_qminmax"                     384      384 2.211840e+06   1.074428e+04    30.177 (   250      0)    24.304 (    56      0)
"eus_neighbor_minmax1"               384      384 7.372800e+05   1.843142e+03     6.445 (   198      0)     2.599 (    55      0)
"nmm_bexchV"                         384      384 7.372800e+05   1.206870e+03     4.663 (   198      0)     1.208 (    56      0)
"eus_2d_advec"                       384      384 2.211840e+06   1.161548e+04    33.836 (     2      0)    27.201 (    30      0)
"eus_bexchV"                         384      384 2.211840e+06   4.705012e+03    16.893 (   248      0)     8.655 (    30      0)
"euler_step_1"                       384      384 7.372800e+05   4.368002e+03    12.114 (   157      0)    10.346 (    30      0)
"euler_step_2"                       384      384 7.372800e+05   1.142889e+04    31.194 (   280      0)    28.548 (   353      0)
"nmm_bexchS_start"                   384      384 7.372800e+05   4.055860e+01     0.162 (   144      0)     0.064 (    27      0)
"biwksc_bexchV"                      384      384 7.372800e+05   2.263344e+03     6.927 (   212      0)     4.186 (    56      0)
"nmm_bexchS_fini"                    384      384 7.372800e+05   1.489633e+02     0.504 (   167      0)     0.284 (     8      0)
"qdp_tavg"                           384      384 7.372800e+05   4.039913e+02     1.195 (   151      0)     0.914 (    58      0)
"vertical_remap"                     384      384 2.457600e+05   1.419628e+03     3.888 (   157      0)     3.587 (     4      0)
"vertical_remap1_1"                  384      384 9.830400e+05   7.854375e+01     0.217 (   157      0)     0.199 (   293      0)
"remap_Q_ppm"                        384      384 2.949120e+06   1.395021e+03     3.810 (   157      0)     3.528 (     4      0)
"vertical_remap1_2"                  384      384 9.830400e+05   1.056651e+02     0.286 (   276      0)     0.270 (     4      0)
"vertical_remap1_3"                  384      384 9.830400e+05   1.214214e+03     3.319 (   157      0)     3.064 (     4      0)
"prim_run_subcyle_diags"             384      384 2.457600e+05   3.709070e+02     1.350 (    58      0)     0.678 (    11      0)
"t_prf"                                0        0 0.000000e+00   0.000000e+00     0.000 (     0      0)     0.000 (     0      0)

