LAST_GIT_COMMIT_SHA:STRING=4790f40f2fb6acbc051ce4c988681a628c18e83d

***** GLOBAL STATISTICS (   192 MPI TASKS) *****

$Id: gptl.c,v 1.157 2011-03-28 20:55:18 rosinski Exp $
'count' is cumulative. All other stats are max/min
name                               processes  threads        count      walltotal   wallmax (proc   thrd  )   wallmin (proc   thrd  )
Total                                    192      192 1.920000e+02   2.377926e+04   123.862 (     8      0)   123.840 (   162      0)
prim_init1                               192      192 1.920000e+02   2.564840e+01     0.136 (     0      0)     0.133 (   101      0)
repro_sum_int                            192      192 8.640000e+03   2.650076e+00     0.019 (    53      0)     0.011 (   128      0)
prim_init2                               192      192 1.920000e+02   4.086570e+01     0.218 (    12      0)     0.209 (    48      0)
prim_printstate                          192      192 1.920000e+02   5.860349e+00     0.033 (     0      0)     0.030 (   126      0)
interp_movie_output                      192      192 3.840000e+02   3.196144e-02     0.000 (   135      0)     0.000 (     3      0)
prim_main_loop                           192      192 1.920000e+02   2.365346e+04   123.206 (     8      0)   123.184 (   162      0)
prim_run                                 192      192 2.572800e+04   2.365333e+04   123.206 (     8      0)   123.183 (   162      0)
tl-sc prim_run_subcycle_c                192      192 2.572800e+04   2.364766e+04   123.177 (     8      0)   123.153 (   162      0)
tl-sc dp3d-from-ps                       192      192 2.572800e+04   3.016928e+00     0.021 (    66      0)     0.011 (   146      0)
tl-sc prim_step-loop                     192      192 2.572800e+04   2.216789e+04   115.756 (   109      0)   115.045 (    10      0)
tl-s prim_step                           192      192 7.718400e+04   2.216759e+04   115.756 (   109      0)   115.043 (    10      0)
tl-s deep_copy+derived_dp                192      192 7.718400e+04   5.287055e+01     0.389 (    21      0)     0.142 (   146      0)
tl-s prim_advance_exp-loop               192      192 7.718400e+04   4.057668e+03    24.423 (    89      0)    17.708 (     6      0)
tl-ae prim_advance_exp                   192      192 7.718400e+04   4.057365e+03    24.421 (    89      0)    17.706 (     6      0)
tl-ae U3-5stage_timestep                 192      192 7.718400e+04   2.078127e+03    14.286 (    89      0)     8.306 (     8      0)
caar compute                             192      192 3.859200e+05   8.048928e+02     4.720 (    21      0)     3.816 (    84      0)
caar_bexchV                              192      192 3.859200e+05   1.238611e+03     9.910 (    89      0)     3.532 (     8      0)
tl-ae advance_hypervis_dp                192      192 7.718400e+04   1.978709e+03    11.919 (   174      0)     9.241 (    22      0)
hvf-bhwk                                 192      192 2.315520e+05   1.197769e+03     7.992 (   130      0)     5.593 (     9      0)
hvf-bexch                                192      192 4.631040e+05   1.026029e+03     7.218 (   174      0)     3.919 (    22      0)
tl-s prim_advec_tracers_remap            192      192 7.718400e+04   1.805620e+04    97.287 (     6      0)    90.546 (    89      0)
tl-at prim_advec_tracers_remap_RK2       192      192 7.718400e+04   1.805577e+04    97.285 (     6      0)    90.544 (    89      0)
tl-at precompute_divdp                   192      192 7.718400e+04   3.289475e+01     0.216 (    55      0)     0.095 (   164      0)
tl-at esf-0                              192      192 7.718400e+04   5.002815e+03    27.314 (    28      0)    24.784 (    92      0)
tl-at esf-1                              192      192 7.718400e+04   3.813858e+03    20.517 (     6      0)    19.128 (   118      0)
tl-at esf-2                              192      192 7.718400e+04   8.672355e+03    47.824 (    15      0)    42.754 (   103      0)
tl-at qdp_time_avg                       192      192 7.718400e+04   5.312607e+02     3.304 (    12      0)     1.751 (    85      0)
tl-sc vertical_remap                     192      192 2.572800e+04   1.273921e+03     6.953 (    10      0)     6.413 (   170      0)
Remap Thickness Functor                  192      192 2.572800e+04   1.190250e+01     0.077 (    67      0)     0.047 (    82      0)
Remap Scale States Functor               192      192 2.572800e+04   8.362965e+00     0.067 (    66      0)     0.019 (    82      0)
Remap Compute Grids Functor              192      192 2.572800e+04   7.262643e+01     0.571 (   188      0)     0.237 (    82      0)
Remap Compute Remap Functor              192      192 2.572800e+04   1.170736e+03     6.343 (     8      0)     5.973 (     3      0)
Remap Rescale States Functor             192      192 2.572800e+04   9.084576e+00     0.068 (   168      0)     0.039 (   161      0)
tl-sc Q-from-qdp                         192      192 2.572800e+04   2.024467e+02     1.186 (    14      0)     0.912 (   100      0)
t_prf                                      0        0 0.000000e+00   0.000000e+00     0.000 (     0      0)     0.000 (     0      0)

