LAST_GIT_COMMIT_SHA:STRING=adf77c97ed8425a245449f2582d2441f4b72da1e

***** GLOBAL STATISTICS (  6144 MPI TASKS) *****

$Id: gptl.c,v 1.157 2011-03-28 20:55:18 rosinski Exp $
'count' is cumulative. All other stats are max/min
name                           processes  threads        count      walltotal   wallmax (proc   thrd  )   wallmin (proc   thrd  )
"Total"                             6144     6144 6.144000e+03   2.689203e+06   437.741 (  4012      0)   437.674 (  1293      0)
"prim_init1"                        6144     6144 6.144000e+03   4.837547e+03     0.832 (  4202      0)     0.730 (  4824      0)
"PartitioningTime"                  6144     6144 6.144000e+03   1.608072e+01     0.010 (  4936      0)     0.001 (     0      0)
"repro_sum_int"                     6144     6144 2.764800e+05   1.593532e+03     0.767 (  3683      0)     0.045 (  4126      0)
"prim_init2"                        6144     6144 6.144000e+03   2.694480e+03     0.745 (  3673      0)     0.227 (  3282      0)
"prim_printstate"                   6144     6144 6.144000e+03   4.044732e+02     0.079 (  3327      0)     0.057 (  1273      0)
"interp_movie_output"               6144     6144 1.228800e+04   3.399402e+01     0.021 (  3126      0)     0.000 (  4287      0)
"prim_main_loop"                    6144     6144 6.144000e+03   2.671192e+06   434.784 (  4012      0)   434.744 (  4894      0)
"prim_run"                          6144     6144 2.097562e+07   2.671151e+06   434.779 (  4008      0)   434.736 (  1401      0)
"ApplyCAMForcing"                   6144     6144 2.097562e+07   2.995858e+04     7.150 (  3592      0)     2.424 (  3166      0)
"prim_step_rX"                      6144     6144 6.292685e+07   2.477848e+06   408.481 (   670      0)   397.176 (  5108      0)
"prim_step_dyn"                     6144     6144 6.292685e+07   5.188596e+05   118.538 (  3169      0)    59.079 (  5892      0)
"prim_advance_exp"                  6144     6144 6.292685e+07   5.186465e+05   118.506 (  3169      0)    59.049 (  5892      0)
"U3-5stage_timestep"                6144     6144 6.292685e+07   2.879046e+05    86.327 (  3167      0)    26.073 (  4396      0)
"compute_and_apply_rhs"             6144     6144 3.146342e+08   2.865036e+05    86.036 (  3167      0)    25.848 (  4396      0)
"caar_bexchV"                       6144     6144 3.146342e+08   2.006571e+05    71.599 (  3167      0)    12.204 (  4396      0)
"advance_hypervis_dp"               6144     6144 6.292685e+07   2.305232e+05    52.515 (  3203      0)    28.139 (  4640      0)
"biwkdp3d_bexchV"                   6144     6144 1.887805e+08   6.665624e+04    20.853 (  3203      0)     5.777 (  3680      0)
"ahdp_bexchV2"                      6144     6144 1.887805e+08   6.777997e+04    21.476 (  3293      0)     5.841 (  3676      0)
"prim_step_advec"                   6144     6144 6.292685e+07   1.953982e+06   339.067 (  5893      0)   288.332 (  3169      0)
"PAT_remap"                         6144     6144 6.292685e+07   1.953854e+06   339.049 (  5893      0)   288.313 (  3169      0)
"prim_advec_tracers_remap_rk2"      6144     6144 6.292685e+07   1.953680e+06   339.023 (  5893      0)   288.283 (  3169      0)
"precomput_divdp"                   6144     6144 6.292685e+07   4.174155e+03     1.142 (  3930      0)     0.380 (  2159      0)
"euler_step_0"                      6144     6144 6.292685e+07   5.514524e+05   104.075 (  5360      0)    71.027 (  3166      0)
"bihmix_qminmax"                    6144     6144 1.887805e+08   9.073094e+05   164.311 (  3674      0)   121.975 (  1912      0)
"eus_neighbor_minmax1"              6144     6144 6.292685e+07   1.553748e+05    36.294 (  3962      0)    13.996 (   199      0)
"nmm_bexchV"                        6144     6144 6.292685e+07   1.070210e+05    29.945 (  3962      0)     6.851 (  3976      0)
"eus_2d_advec"                      6144     6144 1.887805e+08   1.007272e+06   189.249 (  3655      0)   142.583 (  3167      0)
"eus_bexchV"                        6144     6144 1.887805e+08   4.203926e+05    99.147 (  1730      0)    47.328 (  3168      0)
"euler_step_1"                      6144     6144 6.292685e+07   3.779472e+05    67.609 (  5901      0)    53.250 (  3168      0)
"euler_step_2"                      6144     6144 6.292685e+07   9.864980e+05   174.290 (  5954      0)   148.007 (  3168      0)
"nmm_bexchS_start"                  6144     6144 6.292685e+07   3.775533e+03     0.881 (  5856      0)     0.379 (  2199      0)
"biwksc_bexchV"                     6144     6144 6.292685e+07   2.005700e+05    41.387 (  3525      0)    20.839 (  1906      0)
"nmm_bexchS_fini"                   6144     6144 6.292685e+07   1.210387e+04     2.591 (  5674      0)     1.365 (  3166      0)
"qdp_tavg"                          6144     6144 6.292685e+07   3.294316e+04     6.614 (  3986      0)     4.810 (  3157      0)
"vertical_remap"                    6144     6144 2.097562e+07   1.205056e+05    20.763 (  5277      0)    18.821 (  5840      0)
"vertical_remap1_1"                 6144     6144 8.390246e+07   6.695021e+03     1.151 (  5277      0)     1.056 (   235      0)
"remap_Q_ppm"                       6144     6144 2.517074e+08   1.183949e+05    20.373 (  5277      0)    18.495 (  5840      0)
"vertical_remap1_2"                 6144     6144 8.390246e+07   8.948726e+03     1.526 (  5699      0)     1.421 (  5840      0)
"vertical_remap1_3"                 6144     6144 8.390246e+07   1.030750e+05    17.761 (  5277      0)    16.062 (  5840      0)
"prim_run_subcyle_diags"            6144     6144 2.097562e+07   3.591520e+04    10.520 (  3604      0)     3.397 (   478      0)
"t_prf"                                0        0 0.000000e+00   0.000000e+00     0.000 (     0      0)     0.000 (     0      0)

