LAST_GIT_COMMIT_SHA:STRING=4790f40f2fb6acbc051ce4c988681a628c18e83d

***** GLOBAL STATISTICS (   720 MPI TASKS) *****

$Id: gptl.c,v 1.157 2011-03-28 20:55:18 rosinski Exp $
'count' is cumulative. All other stats are max/min
name                               processes  threads        count      walltotal   wallmax (proc   thrd  )   wallmin (proc   thrd  )
Total                                    720      720 7.200000e+02   2.623797e+05   364.513 (    83      0)   364.243 (   262      0)
prim_init1                               720      720 7.200000e+02   5.691196e+02     0.792 (   297      0)     0.789 (   340      0)
repro_sum_int                            720      720 3.240000e+04   1.703483e+01     0.048 (    10      0)     0.013 (    24      0)
prim_init2                               720      720 7.200000e+02   4.399147e+02     0.635 (    97      0)     0.598 (   309      0)
prim_printstate                          720      720 7.200000e+02   4.505066e+01     0.066 (     0      0)     0.062 (   606      0)
interp_movie_output                      720      720 1.440000e+03   2.490032e-01     0.001 (   121      0)     0.000 (   369      0)
prim_main_loop                           720      720 7.200000e+02   2.578975e+05   358.287 (    83      0)   358.017 (   262      0)
prim_run                                 720      720 7.200000e+04   2.578969e+05   358.286 (    83      0)   358.016 (   262      0)
tl-sc prim_run_subcycle_c                720      720 7.200000e+04   2.578370e+05   358.198 (    83      0)   357.982 (   262      0)
tl-sc dp3d-from-ps                       720      720 7.200000e+04   2.355293e+01     0.050 (   588      0)     0.027 (   302      0)
tl-sc prim_step-loop                     720      720 7.200000e+04   2.426622e+05   338.013 (   489      0)   335.510 (    89      0)
tl-s prim_step                           720      720 2.160000e+05   2.426614e+05   338.013 (   489      0)   335.508 (    89      0)
tl-s deep_copy+derived_dp                720      720 2.160000e+05   4.337950e+02     1.014 (   592      0)     0.329 (   428      0)
tl-s prim_advance_exp-loop               720      720 2.160000e+05   5.179684e+04   100.425 (   262      0)    55.189 (    42      0)
tl-ae prim_advance_exp                   720      720 2.160000e+05   5.179573e+04   100.423 (   262      0)    55.187 (    42      0)
tl-ae U3-5stage_timestep                 720      720 2.160000e+05   2.646019e+04    65.058 (   383      0)    22.636 (    42      0)
caar compute                             720      720 1.080000e+06   8.500784e+03    13.861 (    73      0)    10.720 (   286      0)
caar_bexchV                              720      720 1.080000e+06   1.759530e+04    52.741 (   383      0)     9.923 (    42      0)
tl-ae advance_hypervis_dp                720      720 2.160000e+05   2.533308e+04    43.712 (   260      0)    30.963 (   148      0)
hvf-bhwk                                 720      720 6.480000e+05   1.473864e+04    27.567 (   334      0)    17.296 (   643      0)
hvf-bexch                                720      720 1.296000e+06   1.396325e+04    28.587 (   333      0)    13.870 (   646      0)
tl-s prim_advec_tracers_remap            720      720 2.160000e+05   1.904278e+05   281.832 (    42      0)   235.628 (   262      0)
tl-at prim_advec_tracers_remap_RK2       720      720 2.160000e+05   1.904265e+05   281.831 (    42      0)   235.626 (   262      0)
tl-at precompute_divdp                   720      720 2.160000e+05   3.418023e+02     0.696 (    94      0)     0.265 (   572      0)
tl-at esf-0                              720      720 2.160000e+05   5.100906e+04    79.571 (   698      0)    65.410 (   259      0)
tl-at esf-1                              720      720 2.160000e+05   3.974926e+04    61.432 (   105      0)    50.779 (   382      0)
tl-at esf-2                              720      720 2.160000e+05   9.491097e+04   144.986 (   479      0)   106.857 (   262      0)
tl-at qdp_time_avg                       720      720 2.160000e+05   4.406717e+03     8.776 (   576      0)     4.361 (   289      0)
tl-sc vertical_remap                     720      720 7.200000e+04   1.326092e+04    19.986 (    89      0)    17.431 (   489      0)
Remap Thickness Functor                  720      720 7.200000e+04   1.098593e+02     0.200 (   592      0)     0.127 (   429      0)
Remap Scale States Functor               720      720 7.200000e+04   7.904552e+01     0.193 (   588      0)     0.047 (   429      0)
Remap Compute Grids Functor              720      720 7.200000e+04   7.216179e+02     1.669 (   586      0)     0.647 (   428      0)
Remap Compute Remap Functor              720      720 7.200000e+04   1.225732e+04    18.469 (    93      0)    16.352 (   584      0)
Remap Rescale States Functor             720      720 7.200000e+04   8.524753e+01     0.172 (   596      0)     0.109 (   186      0)
tl-sc Q-from-qdp                         720      720 7.200000e+04   1.889479e+03     3.167 (   580      0)     2.459 (   303      0)
t_prf                                      0        0 0.000000e+00   0.000000e+00     0.000 (     0      0)     0.000 (     0      0)

