LAST_GIT_COMMIT_SHA:STRING=4790f40f2fb6acbc051ce4c988681a628c18e83d

***** GLOBAL STATISTICS ( 28800 MPI TASKS) *****

$Id: gptl.c,v 1.157 2011-03-28 20:55:18 rosinski Exp $
'count' is cumulative. All other stats are max/min
name                               processes  threads        count      walltotal   wallmax (proc   thrd  )   wallmin (proc   thrd  )
Total                                  28800    28800 2.880000e+04   1.179582e+07   409.759 ( 18522      0)   409.390 (  6675      0)
prim_init1                             28800    28800 2.880000e+04   1.258552e+05     4.696 ( 18507      0)     4.129 ( 21948      0)
repro_sum_int                          28800    28800 1.296000e+06   2.259621e+04     3.382 (    11      0)     0.210 ( 20302      0)
prim_init2                             28800    28800 2.880000e+04   1.025518e+05     6.236 ( 22467      0)     2.570 ( 26579      0)
prim_printstate                        28800    28800 2.880000e+04   1.017983e+04     0.457 ( 24898      0)     0.280 (  1649      0)
interp_movie_output                    28800    28800 5.760000e+04   6.971697e+02     0.064 ( 25500      0)     0.003 ( 23387      0)
prim_main_loop                         28800    28800 2.880000e+04   1.133444e+07   393.615 ( 26718      0)   393.480 (  3380      0)
prim_run                               28800    28800 1.152000e+08   1.133402e+07   393.602 ( 14441      0)   393.461 (  3432      0)
tl-sc prim_run_subcycle_c              28800    28800 1.152000e+08   1.133182e+07   393.536 ( 14441      0)   393.390 (  7052      0)
tl-sc dp3d-from-ps                     28800    28800 1.152000e+08   1.921134e+03     0.124 (  6388      0)     0.046 (  9350      0)
tl-sc prim_step-loop                   28800    28800 1.152000e+08   1.072401e+07   373.287 ( 22415      0)   370.829 ( 27602      0)
tl-s prim_step                         28800    28800 3.456000e+08   1.072340e+07   373.271 ( 22415      0)   370.804 ( 27602      0)
tl-s deep_copy+derived_dp              28800    28800 3.456000e+08   1.639087e+04     0.852 ( 10299      0)     0.374 (   718      0)
tl-s prim_advance_exp-loop             28800    28800 3.456000e+08   2.801883e+06   128.527 ( 10434      0)    66.754 ( 14348      0)
tl-ae prim_advance_exp                 28800    28800 3.456000e+08   2.801218e+06   128.502 ( 10434      0)    66.734 ( 14348      0)
tl-ae U3-5stage_timestep               28800    28800 3.456000e+08   1.371026e+06    75.884 ( 15213      0)    29.618 ( 19022      0)
caar compute                           28800    28800 1.728000e+09   3.002726e+05    11.625 (  1235      0)     9.784 ( 19918      0)
caar_bexchV                            28800    28800 1.728000e+09   1.059165e+06    64.773 ( 15213      0)    18.879 ( 19022      0)
tl-ae advance_hypervis_dp              28800    28800 3.456000e+08   1.429193e+06    71.728 ( 10887      0)    33.221 ( 19346      0)
hvf-bhwk                               28800    28800 1.036800e+09   8.191047e+05    43.316 (  2521      0)    19.955 ( 19346      0)
hvf-bexch                              28800    28800 2.073600e+09   1.064401e+06    58.696 ( 10887      0)    19.878 ( 19347      0)
tl-s prim_advec_tracers_remap          28800    28800 3.456000e+08   7.902937e+06   304.973 ( 14348      0)   242.450 ( 10434      0)
tl-at prim_advec_tracers_remap_RK2     28800    28800 3.456000e+08   7.902031e+06   304.949 ( 14348      0)   242.415 ( 10434      0)
tl-at precompute_divdp                 28800    28800 3.456000e+08   1.426060e+04     0.893 ( 28115      0)     0.314 ( 10841      0)
tl-at esf-0                            28800    28800 3.456000e+08   2.213061e+06    91.544 ( 14333      0)    66.175 (   873      0)
tl-at esf-1                            28800    28800 3.456000e+08   1.522319e+06    58.619 ( 20098      0)    47.728 ( 10244      0)
tl-at esf-2                            28800    28800 3.456000e+08   4.013218e+06   158.473 ( 14347      0)   113.635 ( 15211      0)
tl-at qdp_time_avg                     28800    28800 3.456000e+08   1.343784e+05     5.688 ( 14840      0)     4.247 ( 15284      0)
tl-sc vertical_remap                   28800    28800 1.152000e+08   5.341336e+05    20.015 ( 27602      0)    17.591 (  6791      0)
Remap Thickness Functor                28800    28800 1.152000e+08   8.387641e+03     0.458 ( 20683      0)     0.190 (  3036      0)
Remap Scale States Functor             28800    28800 1.152000e+08   2.754360e+03     0.196 (  2369      0)     0.050 (  3718      0)
Remap Compute Grids Functor            28800    28800 1.152000e+08   2.534045e+04     1.317 ( 14001      0)     0.661 (  9912      0)
Remap Compute Remap Functor            28800    28800 1.152000e+08   4.862059e+05    18.102 ( 27602      0)    16.058 ( 22002      0)
Remap Rescale States Functor           28800    28800 1.152000e+08   3.321533e+03     0.127 ( 18288      0)     0.113 ( 15067      0)
tl-sc Q-from-qdp                       28800    28800 1.152000e+08   7.104471e+04     2.661 (  9964      0)     2.431 (  4225      0)
t_prf                                      0        0 0.000000e+00   0.000000e+00     0.000 (     0      0)     0.000 (     0      0)

