LAST_GIT_COMMIT_SHA:STRING=4790f40f2fb6acbc051ce4c988681a628c18e83d

***** GLOBAL STATISTICS (   360 MPI TASKS) *****

$Id: gptl.c,v 1.157 2011-03-28 20:55:18 rosinski Exp $
'count' is cumulative. All other stats are max/min
name                               processes  threads        count      walltotal   wallmax (proc   thrd  )   wallmin (proc   thrd  )
Total                                    360      360 3.600000e+02   1.295570e+05   360.021 (   109      0)   359.546 (   191      0)
prim_init1                               360      360 3.600000e+02   2.399871e+02     0.669 (    83      0)     0.664 (   279      0)
repro_sum_int                            360      360 1.620000e+04   6.659357e+00     0.031 (    16      0)     0.010 (   321      0)
prim_init2                               360      360 3.600000e+02   4.130184e+02     1.164 (   111      0)     1.130 (   308      0)
prim_printstate                          360      360 3.600000e+02   3.901737e+01     0.112 (     0      0)     0.108 (   332      0)
interp_movie_output                      360      360 7.200000e+02   9.573841e-02     0.001 (   350      0)     0.000 (   203      0)
prim_main_loop                           360      360 3.600000e+02   1.271044e+05   353.208 (   109      0)   352.733 (   191      0)
prim_run                                 360      360 1.800000e+04   1.271042e+05   353.208 (   109      0)   352.732 (   191      0)
tl-sc prim_run_subcycle_c                360      360 1.800000e+04   1.270440e+05   353.061 (    81      0)   352.667 (   191      0)
tl-sc dp3d-from-ps                       360      360 1.800000e+04   1.150710e+01     0.042 (   261      0)     0.027 (   189      0)
tl-sc prim_step-loop                     360      360 1.800000e+04   1.194680e+05   332.741 (   277      0)   330.546 (   106      0)
tl-s prim_step                           360      360 5.400000e+04   1.194678e+05   332.741 (   277      0)   330.546 (   106      0)
tl-s deep_copy+derived_dp                360      360 5.400000e+04   2.134118e+02     0.873 (   253      0)     0.337 (   185      0)
tl-s prim_advance_exp-loop               360      360 5.400000e+04   2.630100e+04    94.338 (   190      0)    55.621 (   349      0)
tl-ae prim_advance_exp                   360      360 5.400000e+04   2.630071e+04    94.337 (   190      0)    55.620 (   349      0)
tl-ae U3-5stage_timestep                 360      360 5.400000e+04   1.355935e+04    61.717 (   190      0)    22.730 (    21      0)
caar compute                             360      360 2.700000e+05   4.192996e+03    13.038 (    95      0)    10.596 (   144      0)
caar_bexchV                              360      360 2.700000e+05   9.191061e+03    49.500 (   190      0)    10.292 (   349      0)
tl-ae advance_hypervis_dp                360      360 5.400000e+04   1.274073e+04    42.844 (   206      0)    31.694 (   335      0)
hvf-bhwk                                 360      360 1.620000e+05   7.392456e+03    29.527 (   265      0)    17.407 (   326      0)
hvf-bexch                                360      360 3.240000e+05   7.023690e+03    27.921 (   262      0)    13.912 (    75      0)
tl-s prim_advec_tracers_remap            360      360 5.400000e+04   9.295257e+04   275.995 (   349      0)   236.016 (   190      0)
tl-at prim_advec_tracers_remap_RK2       360      360 5.400000e+04   9.295223e+04   275.995 (   349      0)   236.015 (   190      0)
tl-at precompute_divdp                   360      360 5.400000e+04   1.674151e+02     0.740 (    74      0)     0.269 (   161      0)
tl-at esf-0                              360      360 5.400000e+04   2.498116e+04    75.758 (    52      0)    65.327 (   178      0)
tl-at esf-1                              360      360 5.400000e+04   1.952740e+04    58.744 (   183      0)    50.738 (   221      0)
tl-at esf-2                              360      360 5.400000e+04   4.613594e+04   139.344 (   101      0)   110.526 (   190      0)
tl-at qdp_time_avg                       360      360 5.400000e+04   2.137971e+03     7.660 (   253      0)     4.412 (    41      0)
tl-sc vertical_remap                     360      360 1.800000e+04   6.627838e+03    19.695 (   106      0)    17.583 (   277      0)
Remap Thickness Functor                  360      360 1.800000e+04   5.394544e+01     0.179 (   133      0)     0.126 (    41      0)
Remap Scale States Functor               360      360 1.800000e+04   3.870700e+01     0.160 (   133      0)     0.049 (   144      0)
Remap Compute Grids Functor              360      360 1.800000e+04   3.528709e+02     1.435 (    65      0)     0.649 (   145      0)
Remap Compute Remap Functor              360      360 1.800000e+04   6.132720e+03    18.089 (   106      0)    16.457 (   292      0)
Remap Rescale States Functor             360      360 1.800000e+04   4.227904e+01     0.153 (   244      0)     0.109 (   130      0)
tl-sc Q-from-qdp                         360      360 1.800000e+04   9.364529e+02     2.856 (   245      0)     2.464 (   128      0)
t_prf                                      0        0 0.000000e+00   0.000000e+00     0.000 (     0      0)     0.000 (     0      0)

