LAST_GIT_COMMIT_SHA:STRING=adf77c97ed8425a245449f2582d2441f4b72da1e

***** GLOBAL STATISTICS (   768 MPI TASKS) *****

$Id: gptl.c,v 1.157 2011-03-28 20:55:18 rosinski Exp $
'count' is cumulative. All other stats are max/min
name                           processes  threads        count      walltotal   wallmax (proc   thrd  )   wallmin (proc   thrd  )
"Total"                              768      768 7.680000e+02   1.058195e+05   137.790 (   233      0)   137.777 (    75      0)
"prim_init1"                         768      768 7.680000e+02   1.462988e+02     0.194 (   276      0)     0.185 (   100      0)
"PartitioningTime"                   768      768 7.680000e+02   1.063738e+00     0.002 (   316      0)     0.001 (   108      0)
"repro_sum_int"                      768      768 3.456000e+04   6.157124e+01     1.054 (   107      0)     0.016 (   482      0)
"prim_init2"                         768      768 7.680000e+02   9.293733e+01     1.094 (   107      0)     0.057 (   313      0)
"prim_printstate"                    768      768 7.680000e+02   2.152798e+01     0.032 (     0      0)     0.027 (   108      0)
"interp_movie_output"                768      768 1.536000e+03   3.057964e-01     0.001 (   130      0)     0.000 (    16      0)
"prim_main_loop"                     768      768 7.680000e+02   1.045727e+05   136.167 (   233      0)   136.155 (    75      0)
"prim_run"                           768      768 4.101120e+05   1.045718e+05   136.165 (   219      0)   136.153 (    75      0)
"ApplyCAMForcing"                    768      768 4.101120e+05   1.700572e+03     2.534 (   536      0)     1.849 (   655      0)
"prim_step_rX"                       768      768 1.230336e+06   9.599702e+04   125.696 (   655      0)   124.260 (   528      0)
"prim_step_dyn"                      768      768 1.230336e+06   1.489999e+04    26.254 (    36      0)    14.750 (   253      0)
"prim_advance_exp"                   768      768 1.230336e+06   1.489456e+04    26.247 (    36      0)    14.743 (   253      0)
"U3-5stage_timestep"                 768      768 1.230336e+06   8.630462e+03    18.395 (   655      0)     7.173 (   528      0)
"compute_and_apply_rhs"              768      768 6.151680e+06   8.572356e+03    18.318 (   655      0)     7.090 (   528      0)
"caar_bexchV"                        768      768 6.151680e+06   5.178016e+03    13.758 (   655      0)     2.585 (   528      0)
"advance_hypervis_dp"                768      768 1.230336e+06   6.259057e+03     9.913 (    63      0)     7.062 (   250      0)
"biwkdp3d_bexchV"                    768      768 3.691008e+06   1.316882e+03     3.040 (    63      0)     1.057 (   255      0)
"ahdp_bexchV2"                       768      768 3.691008e+06   1.272270e+03     2.768 (    60      0)     1.065 (   247      0)
"prim_step_advec"                    768      768 1.230336e+06   8.083753e+04   109.515 (   254      0)    99.052 (    36      0)
"PAT_remap"                          768      768 1.230336e+06   8.083440e+04   109.511 (   254      0)    99.048 (    36      0)
"prim_advec_tracers_remap_rk2"       768      768 1.230336e+06   8.083010e+04   109.506 (   254      0)    99.042 (    36      0)
"precomput_divdp"                    768      768 1.230336e+06   1.610745e+02     0.320 (   264      0)     0.135 (   276      0)
"euler_step_0"                       768      768 1.230336e+06   2.277166e+04    32.969 (   254      0)    25.112 (   401      0)
"bihmix_qminmax"                     768      768 3.691008e+06   3.849725e+04    53.015 (   254      0)    44.691 (   441      0)
"eus_neighbor_minmax1"               768      768 1.230336e+06   6.382452e+03     9.940 (   380      0)     4.998 (   665      0)
"nmm_bexchV"                         768      768 1.230336e+06   3.903458e+03     6.685 (   380      0)     2.196 (   665      0)
"eus_2d_advec"                       768      768 3.691008e+06   4.022389e+04    58.812 (   537      0)    47.980 (    36      0)
"eus_bexchV"                         768      768 3.691008e+06   1.455369e+04    24.796 (   593      0)    15.207 (   648      0)
"euler_step_1"                       768      768 1.230336e+06   1.569208e+04    22.218 (   686      0)    19.285 (   579      0)
"euler_step_2"                       768      768 1.230336e+06   4.030446e+04    55.593 (   270      0)    49.412 (    36      0)
"nmm_bexchS_start"                   768      768 1.230336e+06   7.785708e+01     0.151 (   695      0)     0.064 (   422      0)
"biwksc_bexchV"                      768      768 1.230336e+06   6.264896e+03    10.320 (   599      0)     6.199 (   110      0)
"nmm_bexchS_fini"                    768      768 1.230336e+06   8.609623e+02     1.545 (   528      0)     0.751 (   209      0)
"qdp_tavg"                           768      768 1.230336e+06   1.879276e+03     3.070 (   546      0)     1.649 (   599      0)
"vertical_remap"                     768      768 4.101120e+05   4.781856e+03     6.515 (   243      0)     6.014 (   598      0)
"vertical_remap1_1"                  768      768 3.280896e+06   2.593671e+02     0.354 (   209      0)     0.329 (   598      0)
"remap_Q_ppm"                        768      768 9.842688e+06   4.699426e+03     6.392 (   243      0)     5.918 (   598      0)
"vertical_remap1_2"                  768      768 3.280896e+06   3.519622e+02     0.477 (   207      0)     0.450 (   224      0)
"vertical_remap1_3"                  768      768 3.280896e+06   4.099300e+03     5.582 (   764      0)     5.152 (   598      0)
"prim_run_subcyle_diags"             768      768 4.101120e+05   1.769303e+03     2.638 (   598      0)     1.922 (    36      0)
"t_prf"                                0        0 0.000000e+00   0.000000e+00     0.000 (     0      0)     0.000 (     0      0)

