LAST_GIT_COMMIT_SHA:STRING=adf77c97ed8425a245449f2582d2441f4b72da1e

***** GLOBAL STATISTICS (   768 MPI TASKS) *****

$Id: gptl.c,v 1.157 2011-03-28 20:55:18 rosinski Exp $
'count' is cumulative. All other stats are max/min
name                           processes  threads        count      walltotal   wallmax (proc   thrd  )   wallmin (proc   thrd  )
"Total"                              768      768 7.680000e+02   2.669076e+05   347.578 (   516      0)   347.489 (   123      0)
"prim_init1"                         768      768 7.680000e+02   3.137614e+02     0.415 (   676      0)     0.403 (    63      0)
"PartitioningTime"                   768      768 7.680000e+02   1.661407e+00     0.002 (   580      0)     0.002 (   405      0)
"repro_sum_int"                      768      768 3.456000e+04   1.941605e+01     0.043 (    26      0)     0.009 (   193      0)
"prim_init2"                         768      768 7.680000e+02   9.101451e+01     0.136 (   282      0)     0.105 (   483      0)
"prim_printstate"                    768      768 7.680000e+02   1.832762e+01     0.026 (   286      0)     0.023 (    70      0)
"interp_movie_output"                768      768 1.536000e+03   7.302639e-01     0.002 (   534      0)     0.000 (   677      0)
"prim_main_loop"                     768      768 7.680000e+02   2.644361e+05   344.360 (   516      0)   344.271 (   123      0)
"prim_run"                           768      768 1.643520e+05   2.644350e+05   344.359 (   516      0)   344.269 (   123      0)
"ApplyCAMForcing"                    768      768 1.643520e+05   4.761835e+03     6.875 (   422      0)     4.993 (   397      0)
"prim_step_rX"                       768      768 4.930560e+05   2.424966e+05   317.781 (   505      0)   314.243 (   491      0)
"prim_step_dyn"                      768      768 4.930560e+05   4.771855e+04    70.859 (   399      0)    54.034 (   546      0)
"prim_advance_exp"                   768      768 4.930560e+05   4.771470e+04    70.854 (   399      0)    54.029 (   546      0)
"U3-5stage_timestep"                 768      768 4.930560e+05   2.318797e+04    40.347 (   565      0)    23.260 (   421      0)
"compute_and_apply_rhs"              768      768 2.465280e+06   2.283412e+04    39.877 (   565      0)    22.827 (   421      0)
"caar_bexchV"                        768      768 2.465280e+06   1.189740e+04    26.364 (   644      0)     7.505 (   546      0)
"advance_hypervis_dp"                768      768 4.930560e+05   2.452128e+04    37.816 (   680      0)    27.918 (   507      0)
"biwkdp3d_bexchV"                    768      768 1.479168e+06   5.833594e+03    12.501 (    60      0)     3.464 (   548      0)
"ahdp_bexchV2"                       768      768 1.479168e+06   6.110827e+03    13.240 (    82      0)     3.261 (   493      0)
"prim_step_advec"                    768      768 4.930560e+05   1.940521e+05   260.352 (   546      0)   244.590 (   399      0)
"PAT_remap"                          768      768 4.930560e+05   1.940504e+05   260.350 (   546      0)   244.588 (   399      0)
"prim_advec_tracers_remap_rk2"       768      768 4.930560e+05   1.940478e+05   260.347 (   546      0)   244.584 (   399      0)
"precomput_divdp"                    768      768 4.930560e+05   3.945291e+02     0.651 (   761      0)     0.271 (    89      0)
"euler_step_0"                       768      768 4.930560e+05   5.346747e+04    73.876 (   164      0)    64.223 (   149      0)
"bihmix_qminmax"                     768      768 1.479168e+06   9.261871e+04   128.722 (   423      0)   110.897 (   149      0)
"eus_neighbor_minmax1"               768      768 4.930560e+05   1.470481e+04    25.455 (   239      0)    14.342 (   408      0)
"nmm_bexchV"                         768      768 4.930560e+05   7.655301e+03    17.235 (   239      0)     5.064 (   542      0)
"eus_2d_advec"                       768      768 1.479168e+06   9.541318e+04   135.205 (   542      0)   114.211 (   170      0)
"eus_bexchV"                         768      768 1.479168e+06   2.690340e+04    46.288 (   265      0)    26.440 (   170      0)
"euler_step_1"                       768      768 4.930560e+05   3.763444e+04    52.865 (   149      0)    44.480 (   169      0)
"euler_step_2"                       768      768 4.930560e+05   9.695675e+04   130.350 (   542      0)   119.636 (   644      0)
"nmm_bexchS_start"                   768      768 4.930560e+05   3.574403e+01     0.096 (   192      0)     0.020 (   582      0)
"biwksc_bexchV"                      768      768 4.930560e+05   9.556043e+03    16.494 (   162      0)     8.040 (   338      0)
"nmm_bexchS_fini"                    768      768 4.930560e+05   4.072227e+03     6.968 (   420      0)     2.732 (   542      0)
"qdp_tavg"                           768      768 4.930560e+05   5.581207e+03     8.521 (   420      0)     4.489 (   626      0)
"vertical_remap"                     768      768 1.643520e+05   1.192067e+04    16.194 (   508      0)    15.121 (   416      0)
"vertical_remap1_1"                  768      768 8.217600e+06   6.361839e+02     0.864 (   487      0)     0.817 (   241      0)
"remap_Q_ppm"                        768      768 2.465280e+07   1.173359e+04    15.937 (   508      0)    14.887 (   270      0)
"vertical_remap1_2"                  768      768 8.217600e+06   8.793762e+02     1.192 (   487      0)     1.125 (   270      0)
"vertical_remap1_3"                  768      768 8.217600e+06   1.024343e+04    13.920 (   508      0)    12.975 (   416      0)
"prim_run_subcyle_diags"             768      768 1.643520e+05   4.330655e+03     7.217 (   626      0)     4.485 (   505      0)
"t_prf"                                0        0 0.000000e+00   0.000000e+00     0.000 (     0      0)     0.000 (     0      0)

