LAST_GIT_COMMIT_SHA:STRING=4790f40f2fb6acbc051ce4c988681a628c18e83d

***** GLOBAL STATISTICS (   384 MPI TASKS) *****

$Id: gptl.c,v 1.157 2011-03-28 20:55:18 rosinski Exp $
'count' is cumulative. All other stats are max/min
name                               processes  threads        count      walltotal   wallmax (proc   thrd  )   wallmin (proc   thrd  )
Total                                    384      384 3.840000e+02   1.521611e+05   396.289 (   303      0)   396.217 (   138      0)
prim_init1                               384      384 3.840000e+02   8.613929e+01     0.226 (   230      0)     0.223 (    16      0)
repro_sum_int                            384      384 1.728000e+04   6.986606e+00     0.036 (    17      0)     0.007 (   364      0)
prim_init2                               384      384 3.840000e+02   1.266257e+02     0.346 (     5      0)     0.317 (   167      0)
prim_printstate                          384      384 3.840000e+02   1.327877e+01     0.037 (     0      0)     0.034 (   140      0)
interp_movie_output                      384      384 7.680000e+02   8.608365e-02     0.000 (   293      0)     0.000 (    15      0)
prim_main_loop                           384      384 3.840000e+02   1.514958e+05   394.557 (   303      0)   394.484 (   138      0)
prim_run                                 384      384 8.217600e+04   1.514953e+05   394.556 (   303      0)   394.483 (   138      0)
tl-sc prim_run_subcycle_c                384      384 8.217600e+04   1.514731e+05   394.497 (   299      0)   394.428 (   159      0)
tl-sc dp3d-from-ps                       384      384 8.217600e+04   1.809696e+01     0.064 (   295      0)     0.032 (   317      0)
tl-sc prim_step-loop                     384      384 8.217600e+04   1.421129e+05   371.252 (   318      0)   369.121 (   358      0)
tl-s prim_step                           384      384 2.465280e+05   1.421120e+05   371.251 (   318      0)   369.116 (   358      0)
tl-s deep_copy+derived_dp                384      384 2.465280e+05   3.323054e+02     1.266 (   357      0)     0.391 (   317      0)
tl-s prim_advance_exp-loop               384      384 2.465280e+05   2.987911e+04    89.167 (   326      0)    65.920 (   223      0)
tl-ae prim_advance_exp                   384      384 2.465280e+05   2.987798e+04    89.164 (   326      0)    65.918 (   223      0)
tl-ae U3-5stage_timestep                 384      384 2.465280e+05   1.466783e+04    50.214 (   333      0)    27.243 (   216      0)
caar compute                             384      384 1.232640e+06   5.190064e+03    15.788 (    70      0)    12.031 (   263      0)
caar_bexchV                              384      384 1.232640e+06   9.264159e+03    36.312 (   333      0)    12.037 (   216      0)
tl-ae advance_hypervis_dp                384      384 2.465280e+05   1.520780e+04    47.278 (    50      0)    32.606 (   206      0)
hvf-bhwk                                 384      384 7.395840e+05   8.885810e+03    32.314 (   250      0)    18.615 (   131      0)
hvf-bexch                                384      384 1.479168e+06   8.774780e+03    31.377 (   368      0)    15.963 (   177      0)
tl-s prim_advec_tracers_remap            384      384 2.465280e+05   1.118971e+05   303.104 (   223      0)   279.260 (   381      0)
tl-at prim_advec_tracers_remap_RK2       384      384 2.465280e+05   1.118956e+05   303.101 (   223      0)   279.255 (   381      0)
tl-at precompute_divdp                   384      384 2.465280e+05   1.974896e+02     0.831 (   293      0)     0.267 (   160      0)
tl-at esf-0                              384      384 2.465280e+05   3.067019e+04    83.739 (   291      0)    75.992 (   167      0)
tl-at esf-1                              384      384 2.465280e+05   2.391299e+04    66.783 (   132      0)    59.221 (   335      0)
tl-at esf-2                              384      384 2.465280e+05   5.377849e+04   148.099 (   365      0)   130.131 (   381      0)
tl-at qdp_time_avg                       384      384 2.465280e+05   3.327136e+03    11.047 (   290      0)     5.239 (   261      0)
tl-sc vertical_remap                     384      384 8.217600e+04   8.075117e+03    22.085 (   139      0)    20.163 (   366      0)
Remap Thickness Functor                  384      384 8.217600e+04   7.302796e+01     0.244 (   358      0)     0.145 (   262      0)
Remap Scale States Functor               384      384 8.217600e+04   5.562943e+01     0.238 (   358      0)     0.054 (   262      0)
Remap Compute Grids Functor              384      384 8.217600e+04   4.703489e+02     1.951 (   181      0)     0.737 (   262      0)
Remap Compute Remap Functor              384      384 8.217600e+04   7.414795e+03    19.665 (   162      0)    18.873 (   184      0)
Remap Rescale States Functor             384      384 8.217600e+04   5.687683e+01     0.216 (   303      0)     0.125 (   333      0)
tl-sc Q-from-qdp                         384      384 8.217600e+04   1.265719e+03     3.855 (   336      0)     2.827 (   138      0)
t_prf                                      0        0 0.000000e+00   0.000000e+00     0.000 (     0      0)     0.000 (     0      0)

