LAST_GIT_COMMIT_SHA:STRING=4790f40f2fb6acbc051ce4c988681a628c18e83d

***** GLOBAL STATISTICS (    48 MPI TASKS) *****

$Id: gptl.c,v 1.157 2011-03-28 20:55:18 rosinski Exp $
'count' is cumulative. All other stats are max/min
name                               processes  threads        count      walltotal   wallmax (proc   thrd  )   wallmin (proc   thrd  )
Total                                     48       48 4.800000e+01   1.869036e+04   389.432 (    24      0)   389.277 (    15      0)
prim_init1                                48       48 4.800000e+01   1.443036e+01     0.301 (    29      0)     0.300 (     2      0)
repro_sum_int                             48       48 2.160000e+03   3.194737e-01     0.008 (    16      0)     0.005 (    24      0)
prim_init2                                48       48 4.800000e+01   1.140419e+02     2.404 (    27      0)     2.335 (    44      0)
prim_printstate                           48       48 4.800000e+01   1.019586e+01     0.217 (     0      0)     0.212 (     4      0)
interp_movie_output                       48       48 9.600000e+01   1.383543e-02     0.000 (    26      0)     0.000 (     5      0)
prim_main_loop                            48       48 4.800000e+01   1.845525e+04   384.534 (    24      0)   384.378 (    15      0)
prim_run                                  48       48 1.296000e+03   1.845523e+04   384.533 (    24      0)   384.377 (    15      0)
tl-sc prim_run_subcycle_c                 48       48 1.296000e+03   1.843320e+04   384.082 (     0      0)   383.903 (    15      0)
tl-sc dp3d-from-ps                        48       48 1.296000e+03   2.770516e+00     0.067 (    36      0)     0.043 (    21      0)
tl-sc prim_step-loop                      48       48 1.296000e+03   1.723417e+04   359.634 (    23      0)   358.577 (    41      0)
tl-s prim_step                            48       48 3.888000e+03   1.723415e+04   359.633 (    23      0)   358.577 (    41      0)
tl-s deep_copy+derived_dp                 48       48 3.888000e+03   4.902729e+01     1.205 (    40      0)     0.691 (     1      0)
tl-s prim_advance_exp-loop                48       48 3.888000e+03   3.279444e+03    73.452 (    18      0)    64.713 (    26      0)
tl-ae prim_advance_exp                    48       48 3.888000e+03   3.279418e+03    73.452 (    18      0)    64.712 (    26      0)
tl-ae U3-5stage_timestep                  48       48 3.888000e+03   1.509545e+03    37.105 (    18      0)    27.734 (    26      0)
caar compute                              48       48 1.944000e+04   6.969218e+02    15.317 (    18      0)    13.720 (     1      0)
caar_bexchV                               48       48 1.944000e+04   7.663230e+02    20.932 (    18      0)    12.427 (    26      0)
tl-ae advance_hypervis_dp                 48       48 3.888000e+03   1.769816e+03    37.398 (    40      0)    36.344 (    31      0)
hvf-bhwk                                  48       48 1.166400e+04   9.758013e+02    21.018 (    19      0)    19.828 (    29      0)
hvf-bexch                                 48       48 2.332800e+04   7.826234e+02    16.962 (    18      0)    15.746 (    35      0)
tl-s prim_advec_tracers_remap             48       48 3.888000e+03   1.390559e+04   293.799 (    26      0)   284.238 (    18      0)
tl-at prim_advec_tracers_remap_RK2        48       48 3.888000e+03   1.390555e+04   293.799 (    26      0)   284.237 (    18      0)
tl-at precompute_divdp                    48       48 3.888000e+03   3.027061e+01     0.721 (    44      0)     0.510 (    18      0)
tl-at esf-0                               48       48 3.888000e+03   3.771269e+03    84.637 (    26      0)    77.419 (    44      0)
tl-at esf-1                               48       48 3.888000e+03   2.954922e+03    64.570 (    26      0)    60.096 (    15      0)
tl-at esf-2                               48       48 3.888000e+03   6.660105e+03   140.828 (     2      0)   135.044 (    26      0)
tl-at qdp_time_avg                        48       48 3.888000e+03   4.887892e+02    10.972 (    45      0)     8.732 (    21      0)
tl-sc vertical_remap                      48       48 1.296000e+03   1.021568e+03    21.787 (     8      0)    20.738 (    23      0)
Remap Thickness Functor                   48       48 1.296000e+03   9.368115e+00     0.225 (    18      0)     0.163 (     0      0)
Remap Scale States Functor                48       48 1.296000e+03   8.016564e+00     0.220 (    18      0)     0.106 (     1      0)
Remap Compute Grids Functor               48       48 1.296000e+03   5.819918e+01     1.737 (    18      0)     0.883 (     1      0)
Remap Compute Remap Functor               48       48 1.296000e+03   9.359247e+02    19.749 (    39      0)    19.217 (    29      0)
Remap Rescale States Functor              48       48 1.296000e+03   7.515836e+00     0.199 (     0      0)     0.126 (    18      0)
tl-sc Q-from-qdp                          48       48 1.296000e+03   1.746563e+02     3.785 (    35      0)     3.256 (    18      0)
t_prf                                      0        0 0.000000e+00   0.000000e+00     0.000 (     0      0)     0.000 (     0      0)

