LAST_GIT_COMMIT_SHA:STRING=4790f40f2fb6acbc051ce4c988681a628c18e83d

***** GLOBAL STATISTICS (   192 MPI TASKS) *****

$Id: gptl.c,v 1.157 2011-03-28 20:55:18 rosinski Exp $
'count' is cumulative. All other stats are max/min
name                               processes  threads        count      walltotal   wallmax (proc   thrd  )   wallmin (proc   thrd  )
Total                                    192      192 1.920000e+02   6.051242e+04   315.232 (   156      0)   315.075 (    70      0)
prim_init1                               192      192 1.920000e+02   6.520538e+01     0.340 (   185      0)     0.338 (   134      0)
repro_sum_int                            192      192 8.640000e+03   1.856280e+00     0.013 (   115      0)     0.008 (    63      0)
prim_init2                               192      192 1.920000e+02   1.823234e+02     0.961 (    99      0)     0.941 (    43      0)
prim_printstate                          192      192 1.920000e+02   1.617657e+01     0.087 (     0      0)     0.084 (   134      0)
interp_movie_output                      192      192 3.840000e+02   3.632712e-02     0.000 (    34      0)     0.000 (    11      0)
prim_main_loop                           192      192 1.920000e+02   5.973563e+04   311.186 (   156      0)   311.028 (    70      0)
prim_run                                 192      192 1.036800e+04   5.973553e+04   311.186 (   150      0)   311.027 (     0      0)
tl-sc prim_run_subcycle_c                192      192 1.036800e+04   5.970063e+04   311.003 (   152      0)   310.863 (    70      0)
tl-sc dp3d-from-ps                       192      192 1.036800e+04   8.200827e+00     0.053 (    27      0)     0.025 (    50      0)
tl-sc prim_step-loop                     192      192 1.036800e+04   5.594271e+04   292.283 (    50      0)   290.091 (   164      0)
tl-s prim_step                           192      192 3.110400e+04   5.594256e+04   292.283 (    50      0)   290.090 (   164      0)
tl-s deep_copy+derived_dp                192      192 3.110400e+04   1.493612e+02     1.021 (    33      0)     0.332 (    50      0)
tl-s prim_advance_exp-loop               192      192 3.110400e+04   1.095584e+04    64.656 (    70      0)    51.756 (   156      0)
tl-ae prim_advance_exp                   192      192 3.110400e+04   1.095565e+04    64.655 (    70      0)    51.755 (   156      0)
tl-ae U3-5stage_timestep                 192      192 3.110400e+04   5.227260e+03    35.293 (   123      0)    22.275 (   102      0)
caar compute                             192      192 1.555200e+05   2.124446e+03    13.076 (   164      0)    10.127 (    50      0)
caar_bexchV                              192      192 1.555200e+05   3.011845e+03    23.890 (    68      0)     9.941 (   166      0)
tl-ae advance_hypervis_dp                192      192 3.110400e+04   5.727997e+03    32.052 (    93      0)    28.288 (   126      0)
hvf-bhwk                                 192      192 9.331200e+04   3.323730e+03    19.371 (   108      0)    15.678 (   149      0)
hvf-bexch                                192      192 1.866240e+05   2.889668e+03    17.478 (    93      0)    12.327 (   148      0)
tl-s prim_advec_tracers_remap            192      192 3.110400e+04   4.483678e+04   238.422 (    31      0)   225.874 (    70      0)
tl-at prim_advec_tracers_remap_RK2       192      192 3.110400e+04   4.483655e+04   238.421 (    31      0)   225.873 (    70      0)
tl-at precompute_divdp                   192      192 3.110400e+04   8.666806e+01     0.636 (   146      0)     0.271 (   174      0)
tl-at esf-0                              192      192 3.110400e+04   1.224738e+04    65.794 (   130      0)    61.269 (    67      0)
tl-at esf-1                              192      192 3.110400e+04   9.508302e+03    51.166 (   174      0)    47.865 (   188      0)
tl-at esf-2                              192      192 3.110400e+04   2.150531e+04   116.010 (    77      0)   105.404 (   137      0)
tl-at qdp_time_avg                       192      192 3.110400e+04   1.487405e+03     8.835 (   112      0)     4.688 (    50      0)
tl-sc vertical_remap                     192      192 1.036800e+04   3.207484e+03    18.135 (   164      0)    16.004 (   131      0)
Remap Thickness Functor                  192      192 1.036800e+04   2.987315e+01     0.192 (   164      0)     0.115 (    51      0)
Remap Scale States Functor               192      192 1.036800e+04   2.520721e+01     0.195 (    34      0)     0.047 (    46      0)
Remap Compute Grids Functor              192      192 1.036800e+04   1.882276e+02     1.629 (   164      0)     0.592 (    46      0)
Remap Compute Remap Functor              192      192 1.036800e+04   2.936848e+03    15.990 (   164      0)    15.010 (    79      0)
Remap Rescale States Functor             192      192 1.036800e+04   2.367886e+01     0.171 (   132      0)     0.098 (    70      0)
tl-sc Q-from-qdp                         192      192 1.036800e+04   5.420216e+02     3.061 (   102      0)     2.229 (    70      0)
t_prf                                      0        0 0.000000e+00   0.000000e+00     0.000 (     0      0)     0.000 (     0      0)

