LAST_GIT_COMMIT_SHA:STRING=4790f40f2fb6acbc051ce4c988681a628c18e83d

***** GLOBAL STATISTICS (  6144 MPI TASKS) *****

$Id: gptl.c,v 1.157 2011-03-28 20:55:18 rosinski Exp $
'count' is cumulative. All other stats are max/min
name                               processes  threads        count      walltotal   wallmax (proc   thrd  )   wallmin (proc   thrd  )
Total                                   6144     6144 6.144000e+03   8.997514e+05   146.480 (     7      0)   146.427 (  1294      0)
prim_init1                              6144     6144 6.144000e+03   4.857575e+03     0.835 (  3472      0)     0.765 (  5147      0)
repro_sum_int                           6144     6144 2.764800e+05   1.954515e+03     1.316 (     8      0)     0.076 (  3589      0)
prim_init2                              6144     6144 6.144000e+03   5.311805e+03     1.845 (    14      0)     0.555 (  4153      0)
prim_printstate                         6144     6144 6.144000e+03   7.975552e+02     0.146 (  1326      0)     0.119 (  5114      0)
interp_movie_output                     6144     6144 1.228800e+04   2.587488e+01     0.010 (  4564      0)     0.001 (  2300      0)
prim_main_loop                          6144     6144 6.144000e+03   8.807663e+05   143.368 (  5281      0)   143.340 (  1899      0)
prim_run                                6144     6144 2.621645e+07   8.807072e+05   143.362 (  5289      0)   143.328 (  1030      0)
tl-sc prim_run_subcycle_c               6144     6144 2.621645e+07   8.805592e+05   143.332 (  3685      0)   143.298 (  5926      0)
tl-sc dp3d-from-ps                      6144     6144 2.621645e+07   1.134570e+02     0.035 (  4325      0)     0.014 (  4492      0)
tl-sc prim_step-loop                    6144     6144 2.621645e+07   8.348225e+05   136.051 (  5034      0)   135.445 (  1669      0)
tl-s prim_step                          6144     6144 7.864934e+07   8.347210e+05   136.037 (  5034      0)   135.425 (  1669      0)
tl-s deep_copy+derived_dp               6144     6144 7.864934e+07   1.110339e+03     0.217 (   711      0)     0.142 (  3814      0)
tl-s prim_advance_exp-loop              6144     6144 7.864934e+07   3.108521e+05    57.685 (   478      0)    40.400 (  5887      0)
tl-ae prim_advance_exp                  6144     6144 7.864934e+07   3.107426e+05    57.668 (   478      0)    40.382 (  5887      0)
tl-ae U3-5stage_timestep                6144     6144 7.864934e+07   1.512192e+05    33.400 (  5853      0)    17.050 (  5952      0)
caar compute                            6144     6144 3.932467e+08   2.346677e+04     4.101 (  2208      0)     3.677 (  3812      0)
caar_bexchV                             6144     6144 3.932467e+08   1.265121e+05    29.396 (  5853      0)    13.014 (  5952      0)
tl-ae advance_hypervis_dp               6144     6144 7.864934e+07   1.593343e+05    34.296 (  5755      0)    20.737 (  5976      0)
hvf-bhwk                                6144     6144 2.359480e+08   8.779878e+04    20.607 (   467      0)    11.590 (  5975      0)
hvf-bexch                               6144     6144 4.718961e+08   1.302477e+05    29.577 (  5755      0)    15.707 (  5976      0)
tl-s prim_advec_tracers_remap           6144     6144 7.864934e+07   5.224729e+05    95.252 (  5887      0)    77.905 (   478      0)
tl-at prim_advec_tracers_remap_RK2      6144     6144 7.864934e+07   5.223259e+05    95.228 (  5887      0)    77.882 (   478      0)
tl-at precompute_divdp                  6144     6144 7.864934e+07   1.112453e+03     0.251 (  5874      0)     0.128 (   280      0)
tl-at esf-0                             6144     6144 7.864934e+07   1.540423e+05    29.897 (  5804      0)    21.065 (  6109      0)
tl-at esf-1                             6144     6144 7.864934e+07   9.504325e+04    18.041 (  5802      0)    13.451 (  5279      0)
tl-at esf-2                             6144     6144 7.864934e+07   2.622091e+05    50.763 (  3501      0)    38.457 (   458      0)
tl-at qdp_time_avg                      6144     6144 7.864934e+07   9.344957e+03     1.614 (  1671      0)     1.498 (  1449      0)
tl-sc vertical_remap                    6144     6144 2.621645e+07   4.026331e+04     6.939 (  1669      0)     6.385 (  1159      0)
Remap Thickness Functor                 6144     6144 2.621645e+07   5.025358e+02     0.103 (  2117      0)     0.062 (  2995      0)
Remap Scale States Functor              6144     6144 2.621645e+07   1.646433e+02     0.036 (  2421      0)     0.021 (  2992      0)
Remap Compute Grids Functor             6144     6144 2.621645e+07   1.711068e+03     0.313 (  1669      0)     0.253 (  1216      0)
Remap Compute Remap Functor             6144     6144 2.621645e+07   3.717716e+04     6.402 (   725      0)     5.901 (  4951      0)
Remap Rescale States Functor            6144     6144 2.621645e+07   2.741665e+02     0.048 (  5688      0)     0.044 (   237      0)
tl-sc Q-from-qdp                        6144     6144 2.621645e+07   5.250604e+03     0.904 (   600      0)     0.847 (  4434      0)
t_prf                                      0        0 0.000000e+00   0.000000e+00     0.000 (     0      0)     0.000 (     0      0)

