LAST_GIT_COMMIT_SHA:STRING=adf77c97ed8425a245449f2582d2441f4b72da1e

***** GLOBAL STATISTICS (  7200 MPI TASKS) *****

$Id: gptl.c,v 1.157 2011-03-28 20:55:18 rosinski Exp $
'count' is cumulative. All other stats are max/min
name                           processes  threads        count      walltotal   wallmax (proc   thrd  )   wallmin (proc   thrd  )
"Total"                             7200     7200 7.200000e+03   2.822875e+06   392.131 (   473      0)   392.025 (  2573      0)
"prim_init1"                        7200     7200 7.200000e+03   1.037715e+04     1.514 (   980      0)     1.350 (  2295      0)
"PartitioningTime"                  7200     7200 7.200000e+03   3.577643e+01     0.006 (  1483      0)     0.003 (  5973      0)
"repro_sum_int"                     7200     7200 3.240000e+05   2.643013e+03     0.950 (  5886      0)     0.084 (  3611      0)
"prim_init2"                        7200     7200 7.200000e+03   4.634822e+03     1.123 (  2617      0)     0.365 (  5154      0)
"prim_printstate"                   7200     7200 7.200000e+03   8.489530e+02     0.135 (  5164      0)     0.110 (  5924      0)
"interp_movie_output"               7200     7200 1.440000e+04   5.941103e+01     0.030 (  1762      0)     0.000 (  4923      0)
"prim_main_loop"                    7200     7200 7.200000e+03   2.768169e+06   384.489 (   473      0)   384.441 (  5858      0)
"prim_run"                          7200     7200 7.200000e+06   2.768134e+06   384.487 (   473      0)   384.423 (  1201      0)
"ApplyCAMForcing"                   7200     7200 7.200000e+06   4.436535e+04     7.301 (  6436      0)     4.608 (  4782      0)
"prim_step_rX"                      7200     7200 2.160000e+07   2.545469e+06   356.774 (  3978      0)   350.262 (  6444      0)
"prim_step_dyn"                     7200     7200 2.160000e+07   4.394242e+05    86.750 (  4782      0)    42.197 (  6444      0)
"prim_advance_exp"                  7200     7200 2.160000e+07   4.392952e+05    86.733 (  4782      0)    42.182 (  6444      0)
"U3-5stage_timestep"                7200     7200 2.160000e+07   2.375713e+05    60.009 (  4782      0)    20.573 (  6444      0)
"compute_and_apply_rhs"             7200     7200 1.080000e+08   2.353261e+05    59.698 (  4782      0)    20.130 (  6444      0)
"caar_bexchV"                       7200     7200 1.080000e+08   1.433191e+05    46.500 (  4782      0)     6.944 (  6444      0)
"advance_hypervis_dp"               7200     7200 2.160000e+07   2.016078e+05    36.850 (  5928      0)    19.286 (   898      0)
"biwkdp3d_bexchV"                   7200     7200 6.480000e+07   4.938068e+04    15.401 (   603      0)     2.460 (   899      0)
"ahdp_bexchV2"                      7200     7200 6.480000e+07   5.195863e+04    16.312 (   602      0)     2.614 (   867      0)
"prim_step_advec"                   7200     7200 2.160000e+07   2.099332e+06   309.855 (   912      0)   268.730 (  4782      0)
"PAT_remap"                         7200     7200 2.160000e+07   2.099268e+06   309.847 (   912      0)   268.721 (  4782      0)
"prim_advec_tracers_remap_rk2"      7200     7200 2.160000e+07   2.099181e+06   309.835 (   912      0)   268.709 (  4782      0)
"precomput_divdp"                   7200     7200 2.160000e+07   4.191539e+03     0.873 (  6025      0)     0.288 (  3938      0)
"euler_step_0"                      7200     7200 2.160000e+07   5.765979e+05    93.542 (   252      0)    67.173 (  3445      0)
"bihmix_qminmax"                    7200     7200 6.480000e+07   9.782433e+05   148.423 (   252      0)   118.521 (  5958      0)
"eus_neighbor_minmax1"              7200     7200 2.160000e+07   1.589431e+05    35.536 (   252      0)    13.523 (  5958      0)
"nmm_bexchV"                        7200     7200 2.160000e+07   9.571172e+04    29.003 (   252      0)     6.446 (  2214      0)
"eus_2d_advec"                      7200     7200 6.480000e+07   1.066417e+06   162.462 (   870      0)   128.328 (  4782      0)
"eus_bexchV"                        7200     7200 6.480000e+07   3.564821e+05    63.957 (   333      0)    33.817 (  4782      0)
"euler_step_1"                      7200     7200 2.160000e+07   4.079952e+05    63.972 (   921      0)    53.183 (  7139      0)
"euler_step_2"                      7200     7200 2.160000e+07   1.060985e+06   159.032 (   909      0)   136.732 (  3973      0)
"nmm_bexchS_start"                  7200     7200 2.160000e+07   1.350358e+03     0.316 (  2328      0)     0.103 (  2205      0)
"biwksc_bexchV"                     7200     7200 2.160000e+07   1.452710e+05    29.194 (   215      0)    13.298 (  5958      0)
"nmm_bexchS_fini"                   7200     7200 2.160000e+07   2.429586e+04     4.397 (  6716      0)     2.344 (   201      0)
"qdp_tavg"                          7200     7200 2.160000e+07   4.900081e+04     8.766 (  6438      0)     4.401 (  4792      0)
"vertical_remap"                    7200     7200 7.200000e+06   1.252536e+05    18.494 (  3581      0)    16.658 (   972      0)
"vertical_remap1_1"                 7200     7200 8.640000e+07   6.904224e+03     1.014 (  3581      0)     0.920 (   472      0)
"remap_Q_ppm"                       7200     7200 2.592000e+08   1.230965e+05    18.127 (  3581      0)    16.387 (   972      0)
"vertical_remap1_2"                 7200     7200 8.640000e+07   9.237567e+03     1.345 (  4082      0)     1.245 (   972      0)
"vertical_remap1_3"                 7200     7200 8.640000e+07   1.072709e+05    15.838 (   901      0)    14.260 (   972      0)
"prim_run_subcyle_diags"            7200     7200 7.200000e+06   4.496812e+04     9.012 (  6072      0)     4.451 (  4782      0)
"t_prf"                                0        0 0.000000e+00   0.000000e+00     0.000 (     0      0)     0.000 (     0      0)

