LAST_GIT_COMMIT_SHA:STRING=adf77c97ed8425a245449f2582d2441f4b72da1e

***** GLOBAL STATISTICS (    48 MPI TASKS) *****

$Id: gptl.c,v 1.157 2011-03-28 20:55:18 rosinski Exp $
'count' is cumulative. All other stats are max/min
name                           processes  threads        count      walltotal   wallmax (proc   thrd  )   wallmin (proc   thrd  )
"Total"                               48       48 4.800000e+01   6.479578e+03   134.997 (     4      0)   134.973 (    47      0)
"prim_init1"                          48       48 4.800000e+01   1.414644e+01     0.295 (    38      0)     0.294 (    21      0)
"PartitioningTime"                    48       48 4.800000e+01   3.316164e-02     0.001 (    18      0)     0.001 (    37      0)
"repro_sum_int"                       48       48 2.160000e+03   1.599953e-01     0.004 (    44      0)     0.003 (     0      0)
"prim_init2"                          48       48 4.800000e+01   9.312998e+00     0.197 (     0      0)     0.194 (     3      0)
"prim_printstate"                     48       48 4.800000e+01   1.247796e+00     0.029 (     0      0)     0.026 (    12      0)
"interp_movie_output"                 48       48 9.600000e+01   2.638125e-02     0.001 (     8      0)     0.000 (    26      0)
"prim_main_loop"                      48       48 4.800000e+01   6.439916e+03   134.170 (    28      0)   134.147 (    47      0)
"prim_run"                            48       48 1.632000e+03   6.439894e+03   134.170 (    28      0)   134.147 (    47      0)
"ApplyCAMForcing"                     48       48 1.632000e+03   1.276168e+02     2.885 (    20      0)     2.519 (    37      0)
"prim_step_rX"                        48       48 4.896000e+03   5.875295e+03   122.719 (    43      0)   122.235 (    36      0)
"prim_step_dyn"                       48       48 4.896000e+03   1.055827e+03    23.181 (    47      0)    21.552 (    36      0)
"prim_advance_exp"                    48       48 4.896000e+03   1.055784e+03    23.179 (    47      0)    21.551 (    36      0)
"U3-5stage_timestep"                  48       48 4.896000e+03   4.979602e+02    11.782 (    47      0)     9.930 (    36      0)
"compute_and_apply_rhs"               48       48 2.448000e+04   4.810349e+02    11.426 (    47      0)     9.585 (    36      0)
"caar_bexchV"                         48       48 2.448000e+04   1.319626e+02     3.814 (    47      0)     2.396 (    38      0)
"advance_hypervis_dp"                 48       48 4.896000e+03   5.577556e+02    11.705 (    15      0)    11.362 (    30      0)
"biwkdp3d_bexchV"                     48       48 1.468800e+04   6.793139e+01     1.518 (    40      0)     1.257 (    31      0)
"ahdp_bexchV2"                        48       48 1.468800e+04   7.850775e+01     1.835 (    43      0)     1.493 (     6      0)
"prim_step_advec"                     48       48 4.896000e+03   4.798973e+03   100.283 (    36      0)    98.989 (    47      0)
"PAT_remap"                           48       48 4.896000e+03   4.798952e+03   100.283 (    36      0)    98.988 (    47      0)
"prim_advec_tracers_remap_rk2"        48       48 4.896000e+03   4.798923e+03   100.282 (    36      0)    98.987 (    47      0)
"precomput_divdp"                     48       48 4.896000e+03   1.045396e+01     0.229 (    37      0)     0.208 (    20      0)
"euler_step_0"                        48       48 4.896000e+03   1.317761e+03    27.787 (    36      0)    26.812 (    47      0)
"bihmix_qminmax"                      48       48 1.468800e+04   2.347115e+03    49.199 (    44      0)    48.522 (    37      0)
"eus_neighbor_minmax1"                48       48 4.896000e+03   3.542901e+02     7.514 (    28      0)     7.200 (    47      0)
"nmm_bexchV"                          48       48 4.896000e+03   1.520054e+02     3.404 (    37      0)     2.824 (    47      0)
"eus_2d_advec"                        48       48 1.468800e+04   2.274324e+03    48.026 (    37      0)    46.471 (    47      0)
"eus_bexchV"                          48       48 1.468800e+04   5.538356e+02    12.582 (    41      0)    10.690 (     9      0)
"euler_step_1"                        48       48 4.896000e+03   9.209188e+02    19.296 (    30      0)    19.010 (    18      0)
"euler_step_2"                        48       48 4.896000e+03   2.383023e+03    49.855 (    46      0)    49.244 (    47      0)
"nmm_bexchS_start"                    48       48 4.896000e+03   3.476527e-01     0.011 (    23      0)     0.005 (    11      0)
"biwksc_bexchV"                       48       48 4.896000e+03   1.991556e+02     4.457 (    21      0)     3.847 (    32      0)
"nmm_bexchS_fini"                     48       48 4.896000e+03   1.254244e+02     2.780 (    18      0)     2.473 (    37      0)
"qdp_tavg"                            48       48 4.896000e+03   1.666143e+02     3.562 (    32      0)     3.405 (    37      0)
"vertical_remap"                      48       48 1.632000e+03   2.993998e+02     6.308 (    22      0)     6.060 (    33      0)
"vertical_remap1_1"                   48       48 2.088960e+05   1.617944e+01     0.339 (     6      0)     0.333 (    33      0)
"remap_Q_ppm"                         48       48 6.266880e+05   2.948772e+02     6.215 (    22      0)     5.966 (    33      0)
"vertical_remap1_2"                   48       48 2.088960e+05   2.217178e+01     0.466 (    22      0)     0.453 (    33      0)
"vertical_remap1_3"                   48       48 2.088960e+05   2.571339e+02     5.424 (    22      0)     5.192 (    33      0)
"prim_run_subcyle_diags"              48       48 1.632000e+03   1.062014e+02     2.480 (    37      0)     1.995 (    47      0)
"t_prf"                                0        0 0.000000e+00   0.000000e+00     0.000 (     0      0)     0.000 (     0      0)

