LAST_GIT_COMMIT_SHA:STRING=adf77c97ed8425a245449f2582d2441f4b72da1e

***** GLOBAL STATISTICS (  3072 MPI TASKS) *****

$Id: gptl.c,v 1.157 2011-03-28 20:55:18 rosinski Exp $
'count' is cumulative. All other stats are max/min
name                           processes  threads        count      walltotal   wallmax (proc   thrd  )   wallmin (proc   thrd  )
"Total"                             3072     3072 3.072000e+03   4.155262e+05   135.279 (  1096      0)   135.251 (  1515      0)
"prim_init1"                        3072     3072 3.072000e+03   1.142381e+03     0.392 (   837      0)     0.353 (  1083      0)
"PartitioningTime"                  3072     3072 3.072000e+03   5.773860e+00     0.008 (  2255      0)     0.000 (  1080      0)
"repro_sum_int"                     3072     3072 1.382400e+05   2.678519e+02     0.286 (  1103      0)     0.032 (  2926      0)
"prim_init2"                        3072     3072 3.072000e+03   5.593774e+02     0.370 (  1100      0)     0.129 (  1855      0)
"prim_printstate"                   3072     3072 3.072000e+03   1.427400e+02     0.053 (     0      0)     0.043 (  1691      0)
"interp_movie_output"               3072     3072 6.144000e+03   4.720462e+00     0.002 (   729      0)     0.000 (  1086      0)
"prim_main_loop"                    3072     3072 3.072000e+03   4.120898e+05   134.147 (   336      0)   134.139 (  2535      0)
"prim_run"                          3072     3072 6.555648e+06   4.120739e+05   134.144 (  1101      0)   134.133 (   852      0)
"ApplyCAMForcing"                   3072     3072 6.555648e+06   2.349593e+03     0.814 (  2840      0)     0.742 (  1340      0)
"prim_step_rX"                      3072     3072 1.966694e+07   3.864787e+05   126.076 (  1343      0)   125.384 (  2848      0)
"prim_step_dyn"                     3072     3072 1.966694e+07   8.651690e+04    37.730 (  2336      0)    22.363 (  1066      0)
"prim_advance_exp"                  3072     3072 1.966694e+07   8.647038e+04    37.714 (  2336      0)    22.349 (  1066      0)
"U3-5stage_timestep"                3072     3072 1.966694e+07   4.720948e+04    24.804 (  2336      0)    10.893 (  1066      0)
"compute_and_apply_rhs"             3072     3072 9.833472e+07   4.694969e+04    24.713 (  2336      0)    10.811 (  1066      0)
"caar_bexchV"                       3072     3072 9.833472e+07   3.335923e+04    20.146 (  2336      0)     6.474 (  1066      0)
"advance_hypervis_dp"               3072     3072 1.966694e+07   3.920284e+04    16.219 (  2283      0)    10.774 (  2756      0)
"biwkdp3d_bexchV"                   3072     3072 5.900083e+07   1.211464e+04     5.543 (    23      0)     2.877 (  2779      0)
"ahdp_bexchV2"                      3072     3072 5.900083e+07   1.218420e+04     5.852 (  2283      0)     2.894 (  2794      0)
"prim_step_advec"                   3072     3072 1.966694e+07   2.992164e+05   103.063 (  2858      0)    87.885 (  2336      0)
"PAT_remap"                         3072     3072 1.966694e+07   2.991835e+05   103.053 (  2858      0)    87.874 (  2336      0)
"prim_advec_tracers_remap_rk2"      3072     3072 1.966694e+07   2.991399e+05   103.040 (  2858      0)    87.859 (  2336      0)
"precomput_divdp"                   3072     3072 1.966694e+07   6.317179e+02     0.317 (   362      0)     0.141 (  2372      0)
"euler_step_0"                      3072     3072 1.966694e+07   8.928268e+04    32.757 (  2856      0)    24.559 (  2265      0)
"bihmix_qminmax"                    3072     3072 5.900083e+07   1.423247e+05    51.252 (  1580      0)    37.324 (  2478      0)
"eus_neighbor_minmax1"              3072     3072 1.966694e+07   2.939092e+04    12.060 (   226      0)     4.853 (   102      0)
"nmm_bexchV"                        3072     3072 1.966694e+07   2.194402e+04     9.809 (   226      0)     2.569 (   102      0)
"eus_2d_advec"                      3072     3072 5.900083e+07   1.510394e+05    58.281 (  2009      0)    43.061 (  2271      0)
"eus_bexchV"                        3072     3072 5.900083e+07   7.020658e+04    33.455 (  2009      0)    16.716 (  2343      0)
"euler_step_1"                      3072     3072 1.966694e+07   5.262171e+04    18.772 (  2849      0)    14.941 (  2343      0)
"euler_step_2"                      3072     3072 1.966694e+07   1.517063e+05    52.933 (  2001      0)    45.225 (  2271      0)
"nmm_bexchS_start"                  3072     3072 1.966694e+07   9.086186e+02     0.625 (  1064      0)     0.133 (  1593      0)
"biwksc_bexchV"                     3072     3072 1.966694e+07   3.840434e+04    15.044 (  2013      0)     8.433 (  2465      0)
"nmm_bexchS_fini"                   3072     3072 1.966694e+07   5.864557e+02     0.253 (   168      0)     0.153 (  2654      0)
"qdp_tavg"                          3072     3072 1.966694e+07   4.739751e+03     1.655 (  2832      0)     1.487 (    88      0)
"vertical_remap"                    3072     3072 6.555648e+06   1.881396e+04     6.416 (  2832      0)     5.966 (  1150      0)
"vertical_remap1_1"                 3072     3072 1.311130e+07   1.080108e+03     0.370 (  2832      0)     0.340 (   632      0)
"remap_Q_ppm"                       3072     3072 3.933389e+07   1.847143e+04     6.294 (  2832      0)     5.860 (  1150      0)
"vertical_remap1_2"                 3072     3072 1.311130e+07   1.406495e+03     0.479 (  2832      0)     0.449 (  2293      0)
"vertical_remap1_3"                 3072     3072 1.311130e+07   1.603688e+04     5.465 (  2832      0)     5.082 (  1150      0)
"prim_run_subcyle_diags"            3072     3072 6.555648e+06   3.542004e+03     1.357 (   426      0)     1.007 (   695      0)
"t_prf"                                0        0 0.000000e+00   0.000000e+00     0.000 (     0      0)     0.000 (     0      0)

