LAST_GIT_COMMIT_SHA:STRING=adf77c97ed8425a245449f2582d2441f4b72da1e

***** GLOBAL STATISTICS (   240 MPI TASKS) *****

$Id: gptl.c,v 1.157 2011-03-28 20:55:18 rosinski Exp $
'count' is cumulative. All other stats are max/min
name                           processes  threads        count      walltotal   wallmax (proc   thrd  )   wallmin (proc   thrd  )
"Total"                              240      240 2.400000e+02   9.196492e+04   383.310 (   175      0)   383.062 (   207      0)
"prim_init1"                         240      240 2.400000e+02   2.564233e+02     1.070 (   173      0)     1.067 (   140      0)
"PartitioningTime"                   240      240 2.400000e+02   1.179538e+00     0.005 (   191      0)     0.003 (    93      0)
"repro_sum_int"                      240      240 1.080000e+04   3.117971e+00     0.018 (    33      0)     0.009 (   192      0)
"prim_init2"                         240      240 2.400000e+02   1.445050e+02     0.606 (     0      0)     0.599 (    91      0)
"prim_printstate"                    240      240 2.400000e+02   2.756934e+01     0.119 (     0      0)     0.115 (   158      0)
"interp_movie_output"                240      240 4.800000e+02   3.666520e-02     0.000 (   174      0)     0.000 (    23      0)
"prim_main_loop"                     240      240 2.400000e+02   9.019985e+04   375.955 (   175      0)   375.707 (   207      0)
"prim_run"                           240      240 8.160000e+03   9.019978e+04   375.955 (   175      0)   375.707 (   207      0)
"ApplyCAMForcing"                    240      240 8.160000e+03   1.745969e+03     8.171 (   171      0)     6.175 (    24      0)
"prim_step_rX"                       240      240 2.448000e+04   8.233104e+04   344.680 (   207      0)   341.936 (   156      0)
"prim_step_dyn"                      240      240 2.448000e+04   1.636650e+04    78.133 (   207      0)    60.633 (   175      0)
"prim_advance_exp"                   240      240 2.448000e+04   1.636627e+04    78.132 (   207      0)    60.632 (   175      0)
"U3-5stage_timestep"                 240      240 2.448000e+04   7.949309e+03    43.718 (     6      0)    27.179 (    92      0)
"compute_and_apply_rhs"              240      240 1.224000e+05   7.807665e+03    43.272 (     6      0)    26.518 (    92      0)
"caar_bexchV"                        240      240 1.224000e+05   3.651370e+03    26.514 (     6      0)     5.467 (   187      0)
"advance_hypervis_dp"                240      240 2.448000e+04   8.416596e+03    40.196 (    76      0)    32.146 (   150      0)
"biwkdp3d_bexchV"                    240      240 7.344000e+04   1.731233e+03    13.096 (    38      0)     3.296 (   191      0)
"ahdp_bexchV2"                       240      240 7.344000e+04   1.797926e+03    13.199 (    92      0)     3.878 (   179      0)
"prim_step_advec"                    240      240 2.448000e+04   6.569631e+04   280.420 (   175      0)   265.165 (   207      0)
"PAT_remap"                          240      240 2.448000e+04   6.569620e+04   280.420 (   175      0)   265.164 (   207      0)
"prim_advec_tracers_remap_rk2"       240      240 2.448000e+04   6.569605e+04   280.419 (   175      0)   265.164 (   207      0)
"precomput_divdp"                    240      240 2.448000e+04   1.406649e+02     0.722 (    72      0)     0.290 (   223      0)
"euler_step_0"                       240      240 2.448000e+04   1.787262e+04    77.925 (   197      0)    70.149 (   205      0)
"bihmix_qminmax"                     240      240 7.344000e+04   3.163410e+04   139.837 (   117      0)   121.618 (   238      0)
"eus_neighbor_minmax1"               240      240 2.448000e+04   4.626271e+03    25.086 (   215      0)    14.702 (    28      0)
"nmm_bexchV"                         240      240 2.448000e+04   2.196754e+03    14.843 (   215      0)     6.540 (   123      0)
"eus_2d_advec"                       240      240 7.344000e+04   3.187257e+04   145.479 (    24      0)   120.513 (     6      0)
"eus_bexchV"                         240      240 7.344000e+04   7.661393e+03    46.099 (    23      0)    24.800 (   216      0)
"euler_step_1"                       240      240 2.448000e+04   1.268276e+04    56.389 (   111      0)    49.296 (   207      0)
"euler_step_2"                       240      240 2.448000e+04   3.295298e+04   141.853 (   117      0)   129.948 (   221      0)
"nmm_bexchS_start"                   240      240 2.448000e+04   2.274961e+00     0.017 (   144      0)     0.004 (   177      0)
"biwksc_bexchV"                      240      240 2.448000e+04   2.449782e+03    14.303 (   117      0)     8.267 (   220      0)
"nmm_bexchS_fini"                    240      240 2.448000e+04   1.677145e+03     8.763 (   100      0)     5.246 (    24      0)
"qdp_tavg"                           240      240 2.448000e+04   2.045975e+03     9.953 (   191      0)     4.737 (    24      0)
"vertical_remap"                     240      240 8.160000e+03   4.223229e+03    18.429 (   156      0)    16.821 (    83      0)
"vertical_remap1_1"                  240      240 2.937600e+06   2.260722e+02     0.979 (   156      0)     0.923 (    83      0)
"remap_Q_ppm"                        240      240 8.812800e+06   4.157797e+03    18.146 (   156      0)    16.555 (    83      0)
"vertical_remap1_2"                  240      240 2.937600e+06   3.131298e+02     1.359 (   156      0)     1.268 (    83      0)
"vertical_remap1_3"                  240      240 2.937600e+06   3.627499e+03    15.846 (   156      0)    14.399 (    83      0)
"prim_run_subcyle_diags"             240      240 8.160000e+03   1.556940e+03     8.254 (    56      0)     5.340 (   207      0)
"t_prf"                                0        0 0.000000e+00   0.000000e+00     0.000 (     0      0)     0.000 (     0      0)

