LAST_GIT_COMMIT_SHA:STRING=4790f40f2fb6acbc051ce4c988681a628c18e83d

***** GLOBAL STATISTICS (    96 MPI TASKS) *****

$Id: gptl.c,v 1.157 2011-03-28 20:55:18 rosinski Exp $
'count' is cumulative. All other stats are max/min
name                               processes  threads        count      walltotal   wallmax (proc   thrd  )   wallmin (proc   thrd  )
Total                                     96       96 9.600000e+01   1.194075e+04   124.401 (     3      0)   124.365 (    44      0)
prim_init1                                96       96 9.600000e+01   1.010657e+01     0.106 (     0      0)     0.105 (    28      0)
repro_sum_int                             96       96 4.320000e+03   6.973422e-01     0.009 (    92      0)     0.006 (    45      0)
prim_init2                                96       96 9.600000e+01   2.987781e+01     0.313 (    41      0)     0.308 (    50      0)
prim_printstate                           96       96 9.600000e+01   2.877038e+00     0.032 (     0      0)     0.030 (    11      0)
interp_movie_output                       96       96 1.920000e+02   1.927590e-02     0.000 (     2      0)     0.000 (    34      0)
prim_main_loop                            96       96 9.600000e+01   1.187121e+04   123.676 (     3      0)   123.640 (    44      0)
prim_run                                  96       96 6.432000e+03   1.187116e+04   123.676 (     3      0)   123.640 (    44      0)
tl-sc prim_run_subcycle_c                 96       96 6.432000e+03   1.186566e+04   123.618 (     3      0)   123.581 (    47      0)
tl-sc dp3d-from-ps                        96       96 6.432000e+03   1.530720e+00     0.021 (    10      0)     0.010 (    57      0)
tl-sc prim_step-loop                      96       96 6.432000e+03   1.112583e+04   116.219 (    30      0)   115.657 (    90      0)
tl-s prim_step                            96       96 1.929600e+04   1.112575e+04   116.219 (    30      0)   115.655 (    90      0)
tl-s deep_copy+derived_dp                 96       96 1.929600e+04   2.720066e+01     0.400 (    21      0)     0.147 (    24      0)
tl-s prim_advance_exp-loop                96       96 1.929600e+04   2.243845e+03    26.390 (    45      0)    20.995 (     3      0)
tl-ae prim_advance_exp                    96       96 1.929600e+04   2.243740e+03    26.389 (    45      0)    20.994 (     3      0)
tl-ae U3-5stage_timestep                  96       96 1.929600e+04   1.109854e+03    15.038 (    45      0)     9.209 (     3      0)
caar compute                              96       96 9.648000e+04   4.134018e+02     4.929 (    22      0)     3.940 (    53      0)
caar_bexchV                               96       96 9.648000e+04   6.771972e+02    10.560 (    45      0)     4.420 (    13      0)
tl-ae advance_hypervis_dp                 96       96 1.929600e+04   1.133689e+03    12.861 (    72      0)    10.989 (    47      0)
hvf-bhwk                                  96       96 5.788800e+04   6.589845e+02     7.485 (    75      0)     6.344 (    10      0)
hvf-bexch                                 96       96 1.157760e+05   5.981716e+02     7.534 (    71      0)     5.357 (     8      0)
tl-s prim_advec_tracers_remap             96       96 1.929600e+04   8.854413e+03    94.615 (     3      0)    89.132 (    45      0)
tl-at prim_advec_tracers_remap_RK2        96       96 1.929600e+04   8.854292e+03    94.613 (     3      0)    89.130 (    45      0)
tl-at precompute_divdp                    96       96 1.929600e+04   1.779458e+01     0.263 (    17      0)     0.093 (    92      0)
tl-at esf-0                               96       96 1.929600e+04   2.431909e+03    26.314 (    37      0)    23.893 (    46      0)
tl-at esf-1                               96       96 1.929600e+04   1.877609e+03    20.576 (    60      0)    18.841 (    49      0)
tl-at esf-2                               96       96 1.929600e+04   4.253619e+03    45.475 (    58      0)    42.299 (    44      0)
tl-at qdp_time_avg                        96       96 1.929600e+04   2.726338e+02     3.444 (    15      0)     1.765 (    53      0)
tl-sc vertical_remap                      96       96 6.432000e+03   6.352711e+02     6.953 (    47      0)     6.338 (    30      0)
Remap Thickness Functor                   96       96 6.432000e+03   5.738503e+00     0.077 (    22      0)     0.046 (    53      0)
Remap Scale States Functor                96       96 6.432000e+03   4.479628e+00     0.075 (    22      0)     0.018 (    73      0)
Remap Compute Grids Functor               96       96 6.432000e+03   3.695565e+01     0.589 (    46      0)     0.233 (    73      0)
Remap Compute Remap Functor               96       96 6.432000e+03   5.827850e+02     6.184 (    47      0)     5.949 (    76      0)
Remap Rescale States Functor              96       96 6.432000e+03   4.579966e+00     0.067 (    73      0)     0.039 (    45      0)
tl-sc Q-from-qdp                          96       96 6.432000e+03   1.029276e+02     1.203 (    15      0)     0.888 (    45      0)
t_prf                                      0        0 0.000000e+00   0.000000e+00     0.000 (     0      0)     0.000 (     0      0)

