LAST_GIT_COMMIT_SHA:STRING=adf77c97ed8425a245449f2582d2441f4b72da1e

***** GLOBAL STATISTICS (   192 MPI TASKS) *****

$Id: gptl.c,v 1.157 2011-03-28 20:55:18 rosinski Exp $
'count' is cumulative. All other stats are max/min
name                           processes  threads        count      walltotal   wallmax (proc   thrd  )   wallmin (proc   thrd  )
"Total"                              192      192 1.920000e+02   1.517949e+04    79.062 (   148      0)    79.054 (     8      0)
"prim_init1"                         192      192 1.920000e+02   1.474741e+01     0.081 (     0      0)     0.076 (    39      0)
"PartitioningTime"                   192      192 1.920000e+02   8.877945e-02     0.001 (    91      0)     0.000 (   179      0)
"repro_sum_int"                      192      192 8.640000e+03   2.117880e+00     0.039 (   101      0)     0.004 (   130      0)
"prim_init2"                         192      192 1.920000e+02   6.320256e+00     0.062 (   101      0)     0.026 (    77      0)
"prim_printstate"                    192      192 1.920000e+02   1.329213e+00     0.010 (     0      0)     0.007 (    17      0)
"interp_movie_output"                192      192 3.840000e+02   4.814029e-02     0.001 (   179      0)     0.000 (    67      0)
"prim_main_loop"                     192      192 1.920000e+02   1.512600e+04    78.783 (   148      0)    78.775 (     8      0)
"prim_run"                           192      192 6.144000e+04   1.512586e+04    78.783 (   148      0)    78.775 (     8      0)
"ApplyCAMForcing"                    192      192 6.144000e+04   2.607990e+02     1.453 (    30      0)     1.226 (    59      0)
"prim_step_rX"                       192      192 1.843200e+05   1.383438e+04    72.357 (    43      0)    71.880 (    34      0)
"prim_step_dyn"                      192      192 1.843200e+05   1.759405e+03    11.166 (   173      0)     7.533 (    37      0)
"prim_advance_exp"                   192      192 1.843200e+05   1.758645e+03    11.161 (   173      0)     7.530 (    37      0)
"U3-5stage_timestep"                 192      192 1.843200e+05   1.044657e+03     7.366 (   173      0)     3.911 (    35      0)
"compute_and_apply_rhs"              192      192 9.216000e+05   1.035931e+03     7.320 (   173      0)     3.865 (    35      0)
"caar_bexchV"                        192      192 9.216000e+05   5.298710e+02     4.601 (   173      0)     1.308 (    35      0)
"advance_hypervis_dp"                192      192 1.843200e+05   7.132769e+02     4.193 (    98      0)     3.580 (    27      0)
"biwkdp3d_bexchV"                    192      192 5.529600e+05   8.868411e+01     0.853 (    98      0)     0.366 (    24      0)
"ahdp_bexchV2"                       192      192 5.529600e+05   8.346338e+01     0.596 (   124      0)     0.376 (    48      0)
"prim_step_advec"                    192      192 1.843200e+05   1.203511e+04    64.278 (    37      0)    60.924 (   173      0)
"PAT_remap"                          192      192 1.843200e+05   1.203468e+04    64.276 (    37      0)    60.921 (   173      0)
"prim_advec_tracers_remap_rk2"       192      192 1.843200e+05   1.203406e+04    64.274 (    37      0)    60.917 (   173      0)
"precomput_divdp"                    192      192 1.843200e+05   2.289669e+01     0.176 (   170      0)     0.073 (   162      0)
"euler_step_0"                       192      192 1.843200e+05   3.429948e+03    19.398 (    59      0)    15.159 (   161      0)
"bihmix_qminmax"                     192      192 5.529600e+05   5.743489e+03    31.101 (    48      0)    27.037 (    57      0)
"eus_neighbor_minmax1"               192      192 1.843200e+05   9.716257e+02     5.819 (    23      0)     3.132 (   174      0)
"nmm_bexchV"                         192      192 1.843200e+05   5.907820e+02     3.803 (    48      0)     1.515 (   174      0)
"eus_2d_advec"                       192      192 5.529600e+05   5.960985e+03    34.420 (    57      0)    29.300 (   164      0)
"eus_bexchV"                         192      192 5.529600e+05   2.093321e+03    14.075 (    17      0)     9.066 (   178      0)
"euler_step_1"                       192      192 1.843200e+05   2.327223e+03    13.004 (    62      0)    11.536 (   160      0)
"euler_step_2"                       192      192 1.843200e+05   5.954597e+03    32.709 (    62      0)    29.913 (   173      0)
"nmm_bexchS_start"                   192      192 1.843200e+05   1.152129e+01     0.082 (     2      0)     0.038 (    62      0)
"biwksc_bexchV"                      192      192 1.843200e+05   8.926475e+02     5.244 (    23      0)     3.745 (   185      0)
"nmm_bexchS_fini"                    192      192 1.843200e+05   1.312274e+02     0.849 (    37      0)     0.441 (    38      0)
"qdp_tavg"                           192      192 1.843200e+05   2.959223e+02     1.817 (   161      0)     1.205 (    59      0)
"vertical_remap"                     192      192 6.144000e+04   7.107332e+02     3.803 (    42      0)     3.582 (    61      0)
"vertical_remap1_1"                  192      192 4.915200e+05   3.866158e+01     0.207 (    42      0)     0.197 (    61      0)
"remap_Q_ppm"                        192      192 1.474560e+06   6.984629e+02     3.727 (    42      0)     3.525 (    61      0)
"vertical_remap1_2"                  192      192 4.915200e+05   5.245121e+01     0.276 (    96      0)     0.269 (    81      0)
"vertical_remap1_3"                  192      192 4.915200e+05   6.090104e+02     3.255 (    42      0)     3.067 (    61      0)
"prim_run_subcyle_diags"             192      192 6.144000e+04   2.697701e+02     1.575 (    48      0)     1.198 (    67      0)
"t_prf"                                0        0 0.000000e+00   0.000000e+00     0.000 (     0      0)     0.000 (     0      0)

