LAST_GIT_COMMIT_SHA:STRING=4790f40f2fb6acbc051ce4c988681a628c18e83d

***** GLOBAL STATISTICS (  6144 MPI TASKS) *****

$Id: gptl.c,v 1.157 2011-03-28 20:55:18 rosinski Exp $
'count' is cumulative. All other stats are max/min
name                               processes  threads        count      walltotal   wallmax (proc   thrd  )   wallmin (proc   thrd  )
Total                                   6144     6144 6.144000e+03   2.546420e+06   414.490 (  4236      0)   414.435 (  6074      0)
prim_init1                              6144     6144 6.144000e+03   5.230129e+03     0.892 (  1175      0)     0.800 (  5701      0)
repro_sum_int                           6144     6144 2.764800e+05   1.119136e+03     0.550 (    13      0)     0.047 (  5001      0)
prim_init2                              6144     6144 6.144000e+03   4.448873e+03     1.076 (    17      0)     0.501 (  6073      0)
prim_printstate                         6144     6144 6.144000e+03   5.618434e+02     0.110 (  6052      0)     0.079 (    56      0)
interp_movie_output                     6144     6144 1.228800e+04   2.585811e+01     0.010 (  4059      0)     0.001 (  2481      0)
prim_main_loop                          6144     6144 6.144000e+03   2.527054e+06   411.323 (  4225      0)   411.286 (   860      0)
prim_run                                6144     6144 2.097562e+07   2.526993e+06   411.312 (  5174      0)   411.274 (   861      0)
tl-sc prim_run_subcycle_c               6144     6144 2.097562e+07   2.526836e+06   411.288 (  5317      0)   411.246 (  2651      0)
tl-sc dp3d-from-ps                      6144     6144 2.097562e+07   3.363068e+02     0.079 (  3415      0)     0.046 (  3165      0)
tl-sc prim_step-loop                    6144     6144 2.097562e+07   2.380437e+06   388.131 (  1198      0)   386.068 (  5273      0)
tl-s prim_step                          6144     6144 6.292685e+07   2.380317e+06   388.115 (  1198      0)   386.043 (  5273      0)
tl-s deep_copy+derived_dp               6144     6144 6.292685e+07   4.023607e+03     1.078 (  4040      0)     0.410 (  1792      0)
tl-s prim_advance_exp-loop              6144     6144 6.292685e+07   4.663331e+05    98.858 (  1864      0)    53.617 (  5371      0)
tl-ae prim_advance_exp                  6144     6144 6.292685e+07   4.662075e+05    98.839 (  1864      0)    53.601 (  5371      0)
tl-ae U3-5stage_timestep                6144     6144 6.292685e+07   2.422432e+05    62.491 (  1543      0)    23.663 (  1833      0)
caar compute                            6144     6144 3.146342e+08   7.201595e+04    12.985 (  4226      0)    11.056 (  3503      0)
caar_bexchV                             6144     6144 3.146342e+08   1.678117e+05    50.267 (  1544      0)    11.778 (  1833      0)
tl-ae advance_hypervis_dp               6144     6144 6.292685e+07   2.237784e+05    52.340 (  2282      0)    27.772 (  4124      0)
hvf-bhwk                                6144     6144 1.887805e+08   1.372713e+05    31.979 (  1128      0)    17.535 (  4127      0)
hvf-bexch                               6144     6144 3.775611e+08   1.369808e+05    37.544 (  1982      0)    13.379 (  4314      0)
tl-s prim_advec_tracers_remap           6144     6144 6.292685e+07   1.909626e+06   333.331 (  5371      0)   287.735 (  1864      0)
tl-at prim_advec_tracers_remap_RK2      6144     6144 6.292685e+07   1.909456e+06   333.309 (  5371      0)   287.714 (  1864      0)
tl-at precompute_divdp                  6144     6144 6.292685e+07   3.360987e+03     0.917 (  1847      0)     0.337 (  2298      0)
tl-at esf-0                             6144     6144 6.292685e+07   5.572856e+05   105.687 (  4592      0)    74.071 (  2296      0)
tl-at esf-1                             6144     6144 6.292685e+07   3.951073e+05    69.789 (  4955      0)    59.406 (  4363      0)
tl-at esf-2                             6144     6144 6.292685e+07   9.189908e+05   170.933 (  5368      0)   133.324 (   822      0)
tl-at qdp_time_avg                      6144     6144 6.292685e+07   3.364889e+04     6.986 (  3419      0)     4.805 (   405      0)
tl-sc vertical_remap                    6144     6144 2.097562e+07   1.280882e+05    22.153 (  5723      0)    20.164 (  4578      0)
Remap Thickness Functor                 6144     6144 2.097562e+07   1.330180e+03     0.286 (  5723      0)     0.169 (  2111      0)
Remap Scale States Functor              6144     6144 2.097562e+07   5.487389e+02     0.152 (  1826      0)     0.055 (  1916      0)
Remap Compute Grids Functor             6144     6144 2.097562e+07   6.016114e+03     1.430 (  4226      0)     0.756 (   406      0)
Remap Compute Remap Functor             6144     6144 2.097562e+07   1.188959e+05    20.358 (  2650      0)    18.803 (  4593      0)
Remap Rescale States Functor            6144     6144 2.097562e+07   8.296896e+02     0.175 (  5142      0)     0.127 (  2014      0)
tl-sc Q-from-qdp                        6144     6144 2.097562e+07   1.782467e+04     3.335 (  3417      0)     2.776 (   776      0)
t_prf                                      0        0 0.000000e+00   0.000000e+00     0.000 (     0      0)     0.000 (     0      0)

