LAST_GIT_COMMIT_SHA:STRING=4790f40f2fb6acbc051ce4c988681a628c18e83d

***** GLOBAL STATISTICS (    48 MPI TASKS) *****

$Id: gptl.c,v 1.157 2011-03-28 20:55:18 rosinski Exp $
'count' is cumulative. All other stats are max/min
name                               processes  threads        count      walltotal   wallmax (proc   thrd  )   wallmin (proc   thrd  )
Total                                     48       48 4.800000e+01   5.980343e+03   124.604 (    27      0)   124.560 (    18      0)
prim_init1                                48       48 4.800000e+01   5.813883e+00     0.122 (     0      0)     0.121 (    37      0)
repro_sum_int                             48       48 2.160000e+03   2.696688e-01     0.006 (    20      0)     0.005 (    47      0)
prim_init2                                48       48 4.800000e+01   2.917297e+01     0.609 (     5      0)     0.607 (    27      0)
prim_printstate                           48       48 4.800000e+01   2.648860e+00     0.058 (     0      0)     0.055 (     4      0)
interp_movie_output                       48       48 9.600000e+01   3.778911e-02     0.001 (     0      0)     0.000 (    27      0)
prim_main_loop                            48       48 4.800000e+01   5.929607e+03   123.548 (    27      0)   123.502 (    18      0)
prim_run                                  48       48 1.632000e+03   5.929581e+03   123.547 (    27      0)   123.501 (    18      0)
tl-sc prim_run_subcycle_c                 48       48 1.632000e+03   5.924054e+03   123.432 (    44      0)   123.381 (    18      0)
tl-sc dp3d-from-ps                        48       48 1.632000e+03   8.733678e-01     0.021 (    31      0)     0.013 (     4      0)
tl-sc prim_step-loop                      48       48 1.632000e+03   5.546278e+03   115.747 (     5      0)   115.354 (    27      0)
tl-s prim_step                            48       48 4.896000e+03   5.546255e+03   115.746 (     5      0)   115.353 (    27      0)
tl-s deep_copy+derived_dp                 48       48 4.896000e+03   1.564044e+01     0.403 (    42      0)     0.200 (    23      0)
tl-s prim_advance_exp-loop                48       48 4.896000e+03   1.051562e+03    24.011 (    18      0)    20.865 (    24      0)
tl-ae prim_advance_exp                    48       48 4.896000e+03   1.051533e+03    24.010 (    18      0)    20.865 (    24      0)
tl-ae U3-5stage_timestep                  48       48 4.896000e+03   4.847403e+02    12.598 (    18      0)     9.085 (    24      0)
caar compute                              48       48 2.448000e+04   2.206116e+02     5.121 (    42      0)     4.297 (    23      0)
caar_bexchV                               48       48 2.448000e+04   2.499853e+02     7.563 (    18      0)     4.149 (    24      0)
tl-ae advance_hypervis_dp                 48       48 4.896000e+03   5.667301e+02    12.013 (    10      0)    11.411 (    18      0)
hvf-bhwk                                  48       48 1.468800e+04   3.140625e+02     7.054 (    19      0)     6.307 (    24      0)
hvf-bexch                                 48       48 2.937600e+04   2.582171e+02     5.919 (    10      0)     5.015 (    44      0)
tl-s prim_advec_tracers_remap             48       48 4.896000e+03   4.478962e+03    94.480 (    24      0)    91.038 (    18      0)
tl-at prim_advec_tracers_remap_RK2        48       48 4.896000e+03   4.478926e+03    94.479 (    24      0)    91.037 (    18      0)
tl-at precompute_divdp                    48       48 4.896000e+03   1.025491e+01     0.269 (    42      0)     0.110 (     8      0)
tl-at esf-0                               48       48 4.896000e+03   1.218591e+03    25.871 (    24      0)    24.715 (    41      0)
tl-at esf-1                               48       48 4.896000e+03   9.460781e+02    19.977 (    46      0)    19.374 (    27      0)
tl-at esf-2                               48       48 4.896000e+03   2.148577e+03    45.641 (    41      0)    43.230 (    18      0)
tl-at qdp_time_avg                        48       48 4.896000e+03   1.551991e+02     3.502 (    33      0)     2.727 (    22      0)
tl-sc vertical_remap                      48       48 1.632000e+03   3.216212e+02     6.977 (    18      0)     6.500 (     5      0)
Remap Thickness Functor                   48       48 1.632000e+03   2.988236e+00     0.076 (    42      0)     0.051 (    22      0)
Remap Scale States Functor                48       48 1.632000e+03   2.464540e+00     0.076 (    42      0)     0.029 (    23      0)
Remap Compute Grids Functor               48       48 1.632000e+03   1.826662e+01     0.618 (    18      0)     0.263 (    22      0)
Remap Compute Remap Functor               48       48 1.632000e+03   2.949285e+02     6.223 (    27      0)     6.064 (    30      0)
Remap Rescale States Functor              48       48 1.632000e+03   2.405924e+00     0.066 (    11      0)     0.040 (    18      0)
tl-sc Q-from-qdp                          48       48 1.632000e+03   5.524905e+01     1.216 (    24      0)     0.965 (    18      0)
t_prf                                      0        0 0.000000e+00   0.000000e+00     0.000 (     0      0)     0.000 (     0      0)

