LAST_GIT_COMMIT_SHA:STRING=adf77c97ed8425a245449f2582d2441f4b72da1e

***** GLOBAL STATISTICS ( 12288 MPI TASKS) *****

$Id: gptl.c,v 1.157 2011-03-28 20:55:18 rosinski Exp $
'count' is cumulative. All other stats are max/min
name                           processes  threads        count      walltotal   wallmax (proc   thrd  )   wallmin (proc   thrd  )
"Total"                            12288    12288 1.228800e+04   5.699338e+06   463.898 (   129      0)   463.778 (  2295      0)
"prim_init1"                       12288    12288 1.228800e+04   1.792663e+04     1.566 (  3347      0)     1.333 (  5537      0)
"PartitioningTime"                 12288    12288 1.228800e+04   9.129754e+01     0.019 (  5264      0)     0.001 (   951      0)
"repro_sum_int"                    12288    12288 5.529600e+05   3.390328e+03     1.283 (  8172      0)     0.071 (  4867      0)
"prim_init2"                       12288    12288 1.228800e+04   7.895374e+03     1.251 (  9465      0)     0.437 ( 10989      0)
"prim_printstate"                  12288    12288 1.228800e+04   1.396034e+03     0.136 ( 11519      0)     0.095 (  1847      0)
"interp_movie_output"              12288    12288 2.457600e+04   1.653780e+02     0.044 (  4713      0)     0.000 (   141      0)
"prim_main_loop"                   12288    12288 1.228800e+04   5.644732e+06   459.394 (  7800      0)   459.334 (  1522      0)
"prim_run"                         12288    12288 8.389018e+07   5.644591e+06   459.388 (  7806      0)   459.317 (  1522      0)
"ApplyCAMForcing"                  12288    12288 8.389018e+07   3.503319e+04     4.628 (   398      0)     2.351 (   857      0)
"prim_step_rX"                     12288    12288 2.516705e+08   5.296741e+06   433.883 (  4153      0)   424.599 (  7659      0)
"prim_step_dyn"                    12288    12288 2.516705e+08   1.386240e+06   142.000 ( 11248      0)    87.687 (  8824      0)
"prim_advance_exp"                 12288    12288 2.516705e+08   1.385605e+06   141.949 ( 11248      0)    87.639 (  8824      0)
"U3-5stage_timestep"               12288    12288 2.516705e+08   7.346715e+05    90.627 (  5455      0)    39.733 (  8824      0)
"compute_and_apply_rhs"            12288    12288 1.258353e+09   7.313816e+05    90.354 (  5455      0)    39.461 (  8824      0)
"caar_bexchV"                      12288    12288 1.258353e+09   5.588939e+05    75.815 (  5455      0)    25.025 (  8824      0)
"advance_hypervis_dp"              12288    12288 2.516705e+08   6.502135e+05    68.480 (  1962      0)    44.498 (  4551      0)
"biwkdp3d_bexchV"                  12288    12288 7.550116e+08   2.271490e+05    27.956 (  2917      0)    13.894 (  9656      0)
"ahdp_bexchV2"                     12288    12288 7.550116e+08   2.300702e+05    27.667 (  1962      0)    14.247 (  4551      0)
"prim_step_advec"                  12288    12288 2.516705e+08   3.901194e+06   339.784 (  4533      0)   288.244 (  2883      0)
"PAT_remap"                        12288    12288 2.516705e+08   3.900771e+06   339.754 (  4533      0)   288.211 (  2883      0)
"prim_advec_tracers_remap_rk2"     12288    12288 2.516705e+08   3.900219e+06   339.713 (  4533      0)   288.164 (  2883      0)
"precomput_divdp"                  12288    12288 2.516705e+08   7.854683e+03     1.016 (  8833      0)     0.440 (    18      0)
"euler_step_0"                     12288    12288 2.516705e+08   1.143383e+06   106.471 (  6839      0)    77.472 (   654      0)
"bihmix_qminmax"                   12288    12288 7.550116e+08   1.853198e+06   170.852 (  5064      0)   120.589 (  1817      0)
"eus_neighbor_minmax1"             12288    12288 2.516705e+08   3.747145e+05    40.609 (  6839      0)    16.482 (  8838      0)
"nmm_bexchV"                       12288    12288 2.516705e+08   2.857242e+05    33.356 (  8930      0)     8.968 (  8958      0)
"eus_2d_advec"                     12288    12288 7.550116e+08   1.973496e+06   193.722 (  5081      0)   139.148 ( 11255      0)
"eus_bexchV"                       12288    12288 7.550116e+08   9.365545e+05   114.911 (  5081      0)    53.857 ( 11930      0)
"euler_step_1"                     12288    12288 2.516705e+08   6.898105e+05    63.442 (  8807      0)    48.719 ( 11258      0)
"euler_step_2"                     12288    12288 2.516705e+08   1.996623e+06   175.530 (  5081      0)   147.959 (  3002      0)
"nmm_bexchS_start"                 12288    12288 2.516705e+08   1.239562e+04     2.188 (  7552      0)     0.419 (   953      0)
"biwksc_bexchV"                    12288    12288 2.516705e+08   5.126245e+05    51.071 (  5061      0)    26.925 (   665      0)
"nmm_bexchS_fini"                  12288    12288 2.516705e+08   7.648388e+03     0.900 (  4104      0)     0.498 (  4529      0)
"qdp_tavg"                         12288    12288 2.516705e+08   6.058839e+04     5.377 (   696      0)     4.745 (  1226      0)
"vertical_remap"                   12288    12288 8.389018e+07   2.401931e+05    23.827 (  7659      0)    18.984 (  4184      0)
"vertical_remap1_1"                12288    12288 1.677804e+08   1.376192e+04     1.252 (  7659      0)     1.076 (   127      0)
"remap_Q_ppm"                      12288    12288 5.033411e+08   2.356471e+05    23.432 (  7659      0)    18.628 (  4184      0)
"vertical_remap1_2"                12288    12288 1.677804e+08   1.791279e+04     1.677 (  7659      0)     1.428 (  4184      0)
"vertical_remap1_3"                12288    12288 1.677804e+08   2.047490e+05    20.574 (  7659      0)    16.166 (  5284      0)
"prim_run_subcyle_diags"           12288    12288 8.389018e+07   6.167716e+04     6.832 (  8672      0)     3.107 (  5448      0)
"t_prf"                                0        0 0.000000e+00   0.000000e+00     0.000 (     0      0)     0.000 (     0      0)

