LAST_GIT_COMMIT_SHA:STRING=adf77c97ed8425a245449f2582d2441f4b72da1e

***** GLOBAL STATISTICS (   864 MPI TASKS) *****

$Id: gptl.c,v 1.157 2011-03-28 20:55:18 rosinski Exp $
'count' is cumulative. All other stats are max/min
name                           processes  threads        count      walltotal   wallmax (proc   thrd  )   wallmin (proc   thrd  )
"Total"                              864      864 8.640000e+02   3.375414e+05   390.750 (   657      0)   390.591 (   783      0)
"prim_init1"                         864      864 8.640000e+02   6.897615e+02     0.805 (   460      0)     0.793 (   110      0)
"PartitioningTime"                   864      864 8.640000e+02   4.264001e+00     0.006 (   173      0)     0.003 (   430      0)
"repro_sum_int"                      864      864 3.888000e+04   3.496331e+01     0.106 (   116      0)     0.012 (   221      0)
"prim_init2"                         864      864 8.640000e+02   2.432655e+02     0.344 (     0      0)     0.255 (   705      0)
"prim_printstate"                    864      864 8.640000e+02   4.270536e+01     0.052 (     0      0)     0.049 (   414      0)
"interp_movie_output"                864      864 1.728000e+03   6.697075e-01     0.002 (   371      0)     0.000 (   648      0)
"prim_main_loop"                     864      864 8.640000e+02   3.321051e+05   384.457 (   657      0)   384.300 (   783      0)
"prim_run"                           864      864 1.036800e+05   3.321045e+05   384.456 (   657      0)   384.299 (   783      0)
"ApplyCAMForcing"                    864      864 1.036800e+05   6.091355e+03     7.934 (   571      0)     5.294 (   740      0)
"prim_step_rX"                       864      864 3.110400e+05   3.043673e+05   355.832 (   740      0)   350.510 (   201      0)
"prim_step_dyn"                      864      864 3.110400e+05   6.240270e+04    92.767 (    75      0)    58.011 (   194      0)
"prim_advance_exp"                   864      864 3.110400e+05   6.240026e+04    92.764 (    75      0)    58.009 (   194      0)
"U3-5stage_timestep"                 864      864 3.110400e+05   3.109995e+04    57.513 (   848      0)    25.330 (   193      0)
"compute_and_apply_rhs"              864      864 1.555200e+06   3.064592e+04    57.045 (   848      0)    24.628 (   193      0)
"caar_bexchV"                        864      864 1.555200e+06   1.660909e+04    41.825 (    75      0)     6.067 (   193      0)
"advance_hypervis_dp"                864      864 3.110400e+05   3.129640e+04    47.980 (    27      0)    31.487 (   185      0)
"biwkdp3d_bexchV"                    864      864 9.331200e+05   7.238132e+03    19.222 (    27      0)     3.820 (   175      0)
"ahdp_bexchV2"                       864      864 9.331200e+05   7.501239e+03    17.985 (    34      0)     4.637 (   657      0)
"prim_step_advec"                    864      864 3.110400e+05   2.410375e+05   292.557 (   194      0)   261.576 (    75      0)
"PAT_remap"                          864      864 3.110400e+05   2.410361e+05   292.556 (   194      0)   261.575 (    75      0)
"prim_advec_tracers_remap_rk2"       864      864 3.110400e+05   2.410343e+05   292.555 (   194      0)   261.573 (    75      0)
"precomput_divdp"                    864      864 3.110400e+05   4.987653e+02     0.732 (   225      0)     0.289 (   743      0)
"euler_step_0"                       864      864 3.110400e+05   6.584325e+04    82.633 (   503      0)    70.305 (   372      0)
"bihmix_qminmax"                     864      864 9.331200e+05   1.151120e+05   144.782 (   488      0)   121.152 (   334      0)
"eus_neighbor_minmax1"               864      864 3.110400e+05   1.769778e+04    28.671 (   505      0)    15.724 (    68      0)
"nmm_bexchV"                         864      864 3.110400e+05   8.882299e+03    18.495 (   432      0)     6.338 (    68      0)
"eus_2d_advec"                       864      864 9.331200e+05   1.183928e+05   154.062 (   498      0)   121.140 (   743      0)
"eus_bexchV"                         864      864 9.331200e+05   3.050751e+04    51.914 (   732      0)    25.886 (   852      0)
"euler_step_1"                       864      864 3.110400e+05   4.652261e+04    59.827 (   483      0)    47.897 (   849      0)
"euler_step_2"                       864      864 3.110400e+05   1.211571e+05   150.217 (   192      0)   128.417 (   740      0)
"nmm_bexchS_start"                   864      864 3.110400e+05   2.360289e+01     0.051 (   187      0)     0.012 (   413      0)
"biwksc_bexchV"                      864      864 3.110400e+05   1.019867e+04    15.957 (    10      0)     8.971 (   739      0)
"nmm_bexchS_fini"                    864      864 3.110400e+05   5.898776e+03     8.155 (   582      0)     4.123 (   863      0)
"qdp_tavg"                           864      864 3.110400e+05   7.002029e+03     9.872 (   211      0)     4.406 (   732      0)
"vertical_remap"                     864      864 1.036800e+05   1.496271e+04    18.080 (   651      0)    16.694 (   301      0)
"vertical_remap1_1"                  864      864 1.036800e+07   8.094507e+02     0.975 (    11      0)     0.919 (   190      0)
"remap_Q_ppm"                        864      864 3.110400e+07   1.472807e+04    17.799 (   651      0)    16.435 (   301      0)
"vertical_remap1_2"                  864      864 1.036800e+07   1.107344e+03     1.334 (     9      0)     1.252 (   190      0)
"vertical_remap1_3"                  864      864 1.036800e+07   1.284273e+04    15.536 (   651      0)    14.293 (   301      0)
"prim_run_subcyle_diags"             864      864 1.036800e+05   5.509625e+03     8.275 (   120      0)     4.786 (   740      0)
"t_prf"                                0        0 0.000000e+00   0.000000e+00     0.000 (     0      0)     0.000 (     0      0)

