LAST_GIT_COMMIT_SHA:STRING=adf77c97ed8425a245449f2582d2441f4b72da1e

***** GLOBAL STATISTICS (  5400 MPI TASKS) *****

$Id: gptl.c,v 1.157 2011-03-28 20:55:18 rosinski Exp $
'count' is cumulative. All other stats are max/min
name                           processes  threads        count      walltotal   wallmax (proc   thrd  )   wallmin (proc   thrd  )
"Total"                             5400     5400 5.400000e+03   2.180961e+06   403.935 (  2821      0)   403.832 (  1011      0)
"prim_init1"                        5400     5400 5.400000e+03   7.016899e+03     1.381 (   530      0)     1.227 (  4106      0)
"PartitioningTime"                  5400     5400 5.400000e+03   2.702955e+01     0.006 (  3779      0)     0.003 (  4485      0)
"repro_sum_int"                     5400     5400 2.430000e+05   1.539430e+03     0.795 (  4740      0)     0.083 (   821      0)
"prim_init2"                        5400     5400 5.400000e+03   2.908423e+03     0.987 (     0      0)     0.340 (   677      0)
"prim_printstate"                   5400     5400 5.400000e+03   7.026261e+02     0.153 (  3991      0)     0.122 (  2821      0)
"interp_movie_output"               5400     5400 1.080000e+04   3.283996e+01     0.020 (  2673      0)     0.000 (   895      0)
"prim_main_loop"                    5400     5400 5.400000e+03   2.141272e+06   396.562 (  3838      0)   396.488 (  2054      0)
"prim_run"                          5400     5400 4.050000e+06   2.141251e+06   396.560 (  3618      0)   396.483 (  2054      0)
"ApplyCAMForcing"                   5400     5400 4.050000e+06   3.500169e+04     7.498 (  4384      0)     4.825 (  4629      0)
"prim_step_rX"                      5400     5400 1.215000e+07   1.971303e+06   367.956 (  4629      0)   363.052 (   444      0)
"prim_step_dyn"                     5400     5400 1.215000e+07   3.766958e+05    93.108 (   423      0)    49.600 (  3680      0)
"prim_advance_exp"                  5400     5400 1.215000e+07   3.766202e+05    93.091 (   423      0)    49.581 (  3680      0)
"U3-5stage_timestep"                5400     5400 1.215000e+07   1.969885e+05    66.491 (  3663      0)    23.381 (   438      0)
"compute_and_apply_rhs"             5400     5400 6.075000e+07   1.949283e+05    66.097 (  3663      0)    22.661 (   438      0)
"caar_bexchV"                       5400     5400 6.075000e+07   1.222989e+05    52.783 (  3663      0)     7.228 (   438      0)
"advance_hypervis_dp"               5400     5400 1.215000e+07   1.795551e+05    43.459 (  1362      0)    23.258 (  5049      0)
"biwkdp3d_bexchV"                   5400     5400 3.645000e+07   4.928556e+04    22.208 (  1400      0)     3.234 (  5051      0)
"ahdp_bexchV2"                      5400     5400 3.645000e+07   5.138406e+04    22.606 (  1362      0)     3.291 (  4689      0)
"prim_step_advec"                   5400     5400 1.215000e+07   1.589416e+06   312.654 (  3678      0)   272.918 (   423      0)
"PAT_remap"                         5400     5400 1.215000e+07   1.589380e+06   312.646 (  3678      0)   272.912 (   423      0)
"prim_advec_tracers_remap_rk2"      5400     5400 1.215000e+07   1.589328e+06   312.636 (  3678      0)   272.902 (   423      0)
"precomput_divdp"                   5400     5400 1.215000e+07   3.036952e+03     0.838 (  4302      0)     0.275 (  1942      0)
"euler_step_0"                      5400     5400 1.215000e+07   4.352589e+05    91.148 (  3458      0)    69.914 (  3663      0)
"bihmix_qminmax"                    5400     5400 3.645000e+07   7.452164e+05   152.396 (  3334      0)   121.311 (   357      0)
"eus_neighbor_minmax1"              5400     5400 1.215000e+07   1.234547e+05    35.661 (  4689      0)    14.515 (  3423      0)
"nmm_bexchV"                        5400     5400 1.215000e+07   7.482871e+04    28.753 (  4689      0)     6.235 (  3423      0)
"eus_2d_advec"                      5400     5400 3.645000e+07   8.019149e+05   167.879 (  3423      0)   131.001 (  1071      0)
"eus_bexchV"                        5400     5400 3.645000e+07   2.565020e+05    66.421 (  2931      0)    34.103 (  5029      0)
"euler_step_1"                      5400     5400 1.215000e+07   3.062807e+05    63.426 (  4740      0)    52.471 (  1013      0)
"euler_step_2"                      5400     5400 1.215000e+07   8.061407e+05   158.603 (  2769      0)   135.641 (  1930      0)
"nmm_bexchS_start"                  5400     5400 1.215000e+07   8.788225e+02     0.268 (  1009      0)     0.100 (  1149      0)
"biwksc_bexchV"                     5400     5400 1.215000e+07   1.079161e+05    29.036 (  4726      0)    10.339 (  4936      0)
"nmm_bexchS_fini"                   5400     5400 1.215000e+07   2.205900e+04     5.360 (  5340      0)     2.866 (   335      0)
"qdp_tavg"                          5400     5400 1.215000e+07   3.834974e+04     9.058 (  5332      0)     4.561 (  2929      0)
"vertical_remap"                    5400     5400 4.050000e+06   9.405229e+04    18.446 (    20      0)    16.774 (  2449      0)
"vertical_remap1_1"                 5400     5400 6.480000e+07   5.069594e+03     0.986 (    20      0)     0.920 (  2449      0)
"remap_Q_ppm"                       5400     5400 1.944000e+08   9.247292e+04    18.092 (    20      0)    16.507 (  2449      0)
"vertical_remap1_2"                 5400     5400 6.480000e+07   6.910594e+03     1.339 (    76      0)     1.254 (  2180      0)
"vertical_remap1_3"                 5400     5400 6.480000e+07   8.071186e+04    15.821 (    20      0)    14.366 (  2449      0)
"prim_run_subcyle_diags"            5400     5400 4.050000e+06   3.471230e+04     8.127 (  4726      0)     4.999 (  3663      0)
"t_prf"                                0        0 0.000000e+00   0.000000e+00     0.000 (     0      0)     0.000 (     0      0)

