LAST_GIT_COMMIT_SHA:STRING=adf77c97ed8425a245449f2582d2441f4b72da1e

***** GLOBAL STATISTICS (  1728 MPI TASKS) *****

$Id: gptl.c,v 1.157 2011-03-28 20:55:18 rosinski Exp $
'count' is cumulative. All other stats are max/min
name                           processes  threads        count      walltotal   wallmax (proc   thrd  )   wallmin (proc   thrd  )
"Total"                             1728     1728 1.728000e+03   6.828376e+05   395.209 (   251      0)   395.103 (  1578      0)
"prim_init1"                        1728     1728 1.728000e+03   1.330773e+03     0.782 (    91      0)     0.757 (   938      0)
"PartitioningTime"                  1728     1728 1.728000e+03   8.458113e+00     0.006 (     0      0)     0.003 (  1072      0)
"repro_sum_int"                     1728     1728 7.776000e+04   9.646633e+01     0.137 (   229      0)     0.018 (   324      0)
"prim_init2"                        1728     1728 1.728000e+03   2.937693e+02     0.251 (   229      0)     0.133 (  1205      0)
"prim_printstate"                   1728     1728 1.728000e+03   6.068160e+01     0.039 (     0      0)     0.033 (   138      0)
"interp_movie_output"               1728     1728 3.456000e+03   1.997164e+00     0.002 (   522      0)     0.001 (   752      0)
"prim_main_loop"                    1728     1728 1.728000e+03   6.724193e+05   389.180 (   251      0)   389.075 (  1578      0)
"prim_run"                          1728     1728 4.147200e+05   6.724167e+05   389.179 (   251      0)   389.074 (  1578      0)
"ApplyCAMForcing"                   1728     1728 4.147200e+05   1.179162e+04     7.531 (  1208      0)     5.536 (   728      0)
"prim_step_rX"                      1728     1728 1.244160e+06   6.173604e+05   359.574 (   406      0)   355.369 (  1393      0)
"prim_step_dyn"                     1728     1728 1.244160e+06   1.233328e+05    84.751 (   728      0)    60.027 (   242      0)
"prim_advance_exp"                  1728     1728 1.244160e+06   1.233235e+05    84.746 (   728      0)    60.022 (   242      0)
"U3-5stage_timestep"                1728     1728 1.244160e+06   5.965118e+04    49.621 (   728      0)    26.993 (   525      0)
"compute_and_apply_rhs"             1728     1728 6.220800e+06   5.879085e+04    49.184 (   728      0)    26.476 (   525      0)
"caar_bexchV"                       1728     1728 6.220800e+06   3.156777e+04    32.966 (   399      0)     8.498 (   240      0)
"advance_hypervis_dp"               1728     1728 1.244160e+06   6.365926e+04    43.051 (   502      0)    31.263 (  1536      0)
"biwkdp3d_bexchV"                   1728     1728 3.732480e+06   1.577633e+04    14.297 (   365      0)     4.411 (   240      0)
"ahdp_bexchV2"                      1728     1728 3.732480e+06   1.664220e+04    15.328 (   652      0)     5.414 (   200      0)
"prim_step_advec"                   1728     1728 1.244160e+06   4.922398e+05   295.920 (   242      0)   273.510 (   728      0)
"PAT_remap"                         1728     1728 1.244160e+06   4.922351e+05   295.917 (   242      0)   273.507 (   728      0)
"prim_advec_tracers_remap_rk2"      1728     1728 1.244160e+06   4.922285e+05   295.914 (   242      0)   273.504 (   728      0)
"precomput_divdp"                   1728     1728 1.244160e+06   9.672434e+02     0.711 (  1073      0)     0.327 (   912      0)
"euler_step_0"                      1728     1728 1.244160e+06   1.349370e+05    82.805 (   279      0)    71.930 (   657      0)
"bihmix_qminmax"                    1728     1728 3.732480e+06   2.314848e+05   142.906 (   164      0)   121.232 (   549      0)
"eus_neighbor_minmax1"              1728     1728 1.244160e+06   3.729038e+04    28.243 (   164      0)    16.035 (  1395      0)
"nmm_bexchV"                        1728     1728 1.244160e+06   1.981916e+04    19.009 (   524      0)     6.454 (   250      0)
"eus_2d_advec"                      1728     1728 3.732480e+06   2.461583e+05   160.606 (   250      0)   129.356 (    46      0)
"eus_bexchV"                        1728     1728 3.732480e+06   6.809319e+04    51.362 (   250      0)    31.012 (  1278      0)
"euler_step_1"                      1728     1728 1.244160e+06   9.512741e+04    60.881 (   813      0)    50.800 (  1253      0)
"euler_step_2"                      1728     1728 1.244160e+06   2.476458e+05   154.151 (   486      0)   133.703 (   726      0)
"nmm_bexchS_start"                  1728     1728 1.244160e+06   9.034871e+01     0.092 (   216      0)     0.023 (   923      0)
"biwksc_bexchV"                     1728     1728 1.244160e+06   2.422101e+04    18.322 (   525      0)     9.464 (  1539      0)
"nmm_bexchS_fini"                   1728     1728 1.244160e+06   9.561087e+03     7.263 (   251      0)     3.175 (   250      0)
"qdp_tavg"                          1728     1728 1.244160e+06   1.351641e+04     9.256 (    82      0)     5.023 (   380      0)
"vertical_remap"                    1728     1728 4.147200e+05   3.005631e+04    18.367 (  1480      0)    16.866 (   652      0)
"vertical_remap1_1"                 1728     1728 2.073600e+07   1.622858e+03     0.983 (  1452      0)     0.925 (   100      0)
"remap_Q_ppm"                       1728     1728 6.220800e+07   2.957923e+04    18.051 (  1480      0)    16.599 (   652      0)
"vertical_remap1_2"                 1728     1728 2.073600e+07   2.229523e+03     1.349 (  1462      0)     1.269 (   100      0)
"vertical_remap1_3"                 1728     1728 2.073600e+07   2.579126e+04    15.773 (  1480      0)    14.437 (   652      0)
"prim_run_subcyle_diags"            1728     1728 4.147200e+05   1.101859e+04     8.096 (   380      0)     5.020 (   406      0)
"t_prf"                                0        0 0.000000e+00   0.000000e+00     0.000 (     0      0)     0.000 (     0      0)

