LAST_GIT_COMMIT_SHA:STRING=4790f40f2fb6acbc051ce4c988681a628c18e83d

***** GLOBAL STATISTICS (  1920 MPI TASKS) *****

$Id: gptl.c,v 1.157 2011-03-28 20:55:18 rosinski Exp $
'count' is cumulative. All other stats are max/min
name                               processes  threads        count      walltotal   wallmax (proc   thrd  )   wallmin (proc   thrd  )
Total                                   1920     1920 1.920000e+03   6.016088e+05   313.361 (    13      0)   313.313 (  1855      0)
prim_init1                              1920     1920 1.920000e+03   9.579057e+02     0.515 (    14      0)     0.482 (  1151      0)
repro_sum_int                           1920     1920 8.640000e+04   1.218452e+02     0.179 (    11      0)     0.022 (  1056      0)
prim_init2                              1920     1920 1.920000e+03   5.692136e+02     0.404 (    10      0)     0.241 (   937      0)
prim_printstate                         1920     1920 1.920000e+03   8.785526e+01     0.051 (   932      0)     0.042 (   936      0)
interp_movie_output                     1920     1920 3.840000e+03   4.033312e+00     0.005 (  1802      0)     0.000 (   978      0)
prim_main_loop                          1920     1920 1.920000e+03   5.949245e+05   309.872 (    62      0)   309.833 (  1855      0)
prim_run                                1920     1920 1.025280e+06   5.949192e+05   309.869 (    62      0)   309.831 (  1855      0)
tl-sc prim_run_subcycle_c               1920     1920 1.025280e+06   5.948769e+05   309.849 (    62      0)   309.814 (  1807      0)
tl-sc dp3d-from-ps                      1920     1920 1.025280e+06   7.471363e+01     0.056 (   364      0)     0.027 (    75      0)
tl-sc prim_step-loop                    1920     1920 1.025280e+06   5.582157e+05   291.555 (    74      0)   289.416 (    68      0)
tl-s prim_step                          1920     1920 3.075840e+06   5.582046e+05   291.552 (    74      0)   289.408 (    68      0)
tl-s deep_copy+derived_dp               1920     1920 3.075840e+06   1.258438e+03     0.972 (   368      0)     0.334 (   166      0)
tl-s prim_advance_exp-loop              1920     1920 3.075840e+06   9.676195e+04    59.059 (   159      0)    37.855 (    62      0)
tl-ae prim_advance_exp                  1920     1920 3.075840e+06   9.675149e+04    59.053 (   159      0)    37.850 (    62      0)
tl-ae U3-5stage_timestep                1920     1920 3.075840e+06   4.948039e+04    38.003 (   159      0)    17.647 (   265      0)
caar compute                            1920     1920 1.537920e+07   1.909777e+04    11.540 (    68      0)     9.098 (   238      0)
caar_bexchV                             1920     1920 1.537920e+07   2.964052e+04    27.482 (    86      0)     7.054 (     5      0)
tl-ae advance_hypervis_dp               1920     1920 3.075840e+06   4.725480e+04    30.127 (   310      0)    19.118 (    69      0)
hvf-bhwk                                1920     1920 9.227520e+06   2.872589e+04    21.106 (   263      0)    11.673 (   440      0)
hvf-bexch                               1920     1920 1.845504e+07   2.492102e+04    18.415 (   310      0)     7.033 (    52      0)
tl-s prim_advec_tracers_remap           1920     1920 3.075840e+06   4.601557e+05   251.691 (    62      0)   230.548 (   159      0)
tl-at prim_advec_tracers_remap_RK2      1920     1920 3.075840e+06   4.601402e+05   251.684 (    62      0)   230.539 (   159      0)
tl-at precompute_divdp                  1920     1920 3.075840e+06   8.130669e+02     0.559 (    60      0)     0.240 (   862      0)
tl-at esf-0                             1920     1920 3.075840e+06   1.285168e+05    72.675 (    54      0)    60.943 (  1452      0)
tl-at esf-1                             1920     1920 3.075840e+06   9.695651e+04    53.688 (    53      0)    48.450 (   471      0)
tl-at esf-2                             1920     1920 3.075840e+06   2.211475e+05   126.815 (   582      0)   108.871 (   242      0)
tl-at qdp_time_avg                      1920     1920 3.075840e+06   1.260917e+04     8.050 (   176      0)     4.169 (  1703      0)
tl-sc vertical_remap                    1920     1920 1.025280e+06   3.166908e+04    17.744 (    68      0)    15.860 (  1613      0)
Remap Thickness Functor                 1920     1920 1.025280e+06   3.053917e+02     0.201 (   368      0)     0.118 (    75      0)
Remap Scale States Functor              1920     1920 1.025280e+06   1.944126e+02     0.162 (   368      0)     0.044 (  1703      0)
Remap Compute Grids Functor             1920     1920 1.025280e+06   1.808539e+03     1.439 (    68      0)     0.588 (  1703      0)
Remap Compute Remap Functor             1920     1920 1.025280e+06   2.910247e+04    15.910 (  1582      0)    14.819 (  1532      0)
Remap Rescale States Functor            1920     1920 1.025280e+06   2.229557e+02     0.170 (   169      0)     0.099 (   560      0)
tl-sc Q-from-qdp                        1920     1920 1.025280e+06   4.903598e+03     2.920 (   185      0)     2.223 (    87      0)
t_prf                                      0        0 0.000000e+00   0.000000e+00     0.000 (     0      0)     0.000 (     0      0)

