LAST_GIT_COMMIT_SHA:STRING=adf77c97ed8425a245449f2582d2441f4b72da1e

***** GLOBAL STATISTICS (   384 MPI TASKS) *****

$Id: gptl.c,v 1.157 2011-03-28 20:55:18 rosinski Exp $
'count' is cumulative. All other stats are max/min
name                           processes  threads        count      walltotal   wallmax (proc   thrd  )   wallmin (proc   thrd  )
"Total"                              384      384 3.840000e+02   5.289655e+04   137.759 (    60      0)   137.737 (   255      0)
"prim_init1"                         384      384 3.840000e+02   4.660959e+01     0.123 (     0      0)     0.121 (     2      0)
"PartitioningTime"                   384      384 3.840000e+02   2.570193e-01     0.001 (   116      0)     0.001 (   115      0)
"repro_sum_int"                      384      384 1.728000e+04   1.176854e+01     0.041 (    32      0)     0.014 (   190      0)
"prim_init2"                         384      384 3.840000e+02   2.928945e+01     0.088 (     0      0)     0.061 (   261      0)
"prim_printstate"                    384      384 3.840000e+02   9.594566e+00     0.051 (     0      0)     0.025 (   110      0)
"interp_movie_output"                384      384 7.680000e+02   8.302045e-02     0.000 (   256      0)     0.000 (    42      0)
"prim_main_loop"                     384      384 3.840000e+02   5.267675e+04   137.188 (    60      0)   137.165 (   255      0)
"prim_run"                           384      384 1.025280e+05   5.267646e+04   137.187 (    63      0)   137.164 (   255      0)
"ApplyCAMForcing"                    384      384 1.025280e+05   9.152854e+02     2.719 (    62      0)     1.886 (   156      0)
"prim_step_rX"                       384      384 3.075840e+05   4.831249e+04   126.750 (   156      0)   125.313 (     5      0)
"prim_step_dyn"                      384      384 3.075840e+05   7.870471e+03    28.195 (   156      0)    15.781 (    48      0)
"prim_advance_exp"                   384      384 3.075840e+05   7.868752e+03    28.190 (   156      0)    15.777 (    48      0)
"U3-5stage_timestep"                 384      384 3.075840e+05   4.327826e+03    20.491 (   156      0)     8.189 (    57      0)
"compute_and_apply_rhs"              384      384 1.537920e+06   4.258261e+03    20.337 (   156      0)     7.917 (    57      0)
"caar_bexchV"                        384      384 1.537920e+06   2.319567e+03    15.265 (   156      0)     2.301 (    48      0)
"advance_hypervis_dp"                384      384 3.075840e+05   3.538794e+03    11.412 (   183      0)     7.401 (    50      0)
"biwkdp3d_bexchV"                    384      384 9.227520e+05   7.492342e+02     4.613 (   183      0)     0.895 (    57      0)
"ahdp_bexchV2"                       384      384 9.227520e+05   7.551580e+02     4.347 (   189      0)     1.023 (    50      0)
"prim_step_advec"                    384      384 3.075840e+05   4.030551e+04   109.349 (    57      0)    98.196 (   156      0)
"PAT_remap"                          384      384 3.075840e+05   4.030444e+04   109.346 (    57      0)    98.193 (   156      0)
"prim_advec_tracers_remap_rk2"       384      384 3.075840e+05   4.030298e+04   109.342 (    57      0)    98.190 (   156      0)
"precomput_divdp"                    384      384 3.075840e+05   9.095173e+01     0.306 (   293      0)     0.113 (   256      0)
"euler_step_0"                       384      384 3.075840e+05   1.124569e+04    32.515 (    57      0)    24.860 (   156      0)
"bihmix_qminmax"                     384      384 9.227520e+05   1.906846e+04    53.124 (    49      0)    45.635 (     8      0)
"eus_neighbor_minmax1"               384      384 3.075840e+05   3.051674e+03    10.374 (   256      0)     5.386 (    56      0)
"nmm_bexchV"                         384      384 3.075840e+05   1.627864e+03     7.170 (   256      0)     2.088 (     8      0)
"eus_2d_advec"                       384      384 9.227520e+05   2.009351e+04    58.053 (     8      0)    46.736 (   156      0)
"eus_bexchV"                         384      384 9.227520e+05   6.502283e+03    21.155 (     8      0)    12.774 (   327      0)
"euler_step_1"                       384      384 3.075840e+05   7.847736e+03    22.504 (     7      0)    19.128 (    23      0)
"euler_step_2"                       384      384 3.075840e+05   2.008207e+04    56.235 (    55      0)    50.422 (   162      0)
"nmm_bexchS_start"                   384      384 3.075840e+05   2.077200e+01     0.078 (   353      0)     0.035 (    61      0)
"biwksc_bexchV"                      384      384 3.075840e+05   2.426802e+03     7.620 (   258      0)     4.536 (   280      0)
"nmm_bexchS_fini"                    384      384 3.075840e+05   6.270521e+02     2.018 (    59      0)     1.108 (   156      0)
"qdp_tavg"                           384      384 3.075840e+05   1.030150e+03     3.369 (    50      0)     1.805 (   153      0)
"vertical_remap"                     384      384 1.025280e+05   2.391995e+03     6.577 (   109      0)     6.049 (     4      0)
"vertical_remap1_1"                  384      384 1.640448e+06   1.296598e+02     0.354 (    23      0)     0.330 (   339      0)
"remap_Q_ppm"                        384      384 4.921344e+06   2.352316e+03     6.452 (   109      0)     5.954 (     4      0)
"vertical_remap1_2"                  384      384 1.640448e+06   1.756023e+02     0.475 (    23      0)     0.450 (    10      0)
"vertical_remap1_3"                  384      384 1.640448e+06   2.052391e+03     5.641 (   109      0)     5.185 (     4      0)
"prim_run_subcyle_diags"             384      384 1.025280e+05   8.886275e+02     2.849 (     6      0)     1.808 (   156      0)
"t_prf"                                0        0 0.000000e+00   0.000000e+00     0.000 (     0      0)     0.000 (     0      0)

