LAST_GIT_COMMIT_SHA:STRING=adf77c97ed8425a245449f2582d2441f4b72da1e

***** GLOBAL STATISTICS (   192 MPI TASKS) *****

$Id: gptl.c,v 1.157 2011-03-28 20:55:18 rosinski Exp $
'count' is cumulative. All other stats are max/min
name                           processes  threads        count      walltotal   wallmax (proc   thrd  )   wallmin (proc   thrd  )
"Total"                              192      192 1.920000e+02   6.550824e+04   341.243 (   154      0)   341.157 (   112      0)
"prim_init1"                         192      192 1.920000e+02   1.055726e+02     0.551 (   155      0)     0.548 (    30      0)
"PartitioningTime"                   192      192 1.920000e+02   4.197619e-01     0.003 (   131      0)     0.001 (    91      0)
"repro_sum_int"                      192      192 8.640000e+03   1.538776e+00     0.012 (    97      0)     0.005 (    68      0)
"prim_init2"                         192      192 1.920000e+02   6.130886e+01     0.323 (    97      0)     0.317 (   119      0)
"prim_printstate"                    192      192 1.920000e+02   9.072695e+00     0.051 (     0      0)     0.047 (   180      0)
"interp_movie_output"                192      192 3.840000e+02   3.161931e-02     0.000 (   172      0)     0.000 (    95      0)
"prim_main_loop"                     192      192 1.920000e+02   6.479197e+04   337.512 (   154      0)   337.427 (   112      0)
"prim_run"                           192      192 1.036800e+04   6.479191e+04   337.512 (   154      0)   337.426 (   112      0)
"ApplyCAMForcing"                    192      192 1.036800e+04   1.293497e+03     7.190 (    16      0)     6.207 (    50      0)
"prim_step_rX"                       192      192 3.110400e+04   5.914541e+04   309.204 (   125      0)   306.940 (   152      0)
"prim_step_dyn"                      192      192 3.110400e+04   1.118552e+04    61.185 (    67      0)    54.394 (   156      0)
"prim_advance_exp"                   192      192 3.110400e+04   1.118523e+04    61.183 (    67      0)    54.392 (   156      0)
"U3-5stage_timestep"                 192      192 3.110400e+04   5.390996e+03    31.020 (   126      0)    24.558 (    85      0)
"compute_and_apply_rhs"              192      192 1.555200e+05   5.279141e+03    30.579 (   125      0)    23.895 (    85      0)
"caar_bexchV"                        192      192 1.555200e+05   2.172438e+03    14.889 (   125      0)     6.373 (   156      0)
"advance_hypervis_dp"                192      192 3.110400e+04   5.793790e+03    32.105 (    76      0)    28.635 (   177      0)
"biwkdp3d_bexchV"                    192      192 9.331200e+04   1.039687e+03     8.072 (    94      0)     3.364 (   164      0)
"ahdp_bexchV2"                       192      192 9.331200e+04   1.141460e+03     9.185 (    93      0)     3.814 (   154      0)
"prim_step_advec"                    192      192 3.110400e+04   4.775821e+04   252.056 (   166      0)   245.916 (    67      0)
"PAT_remap"                          192      192 3.110400e+04   4.775808e+04   252.056 (   166      0)   245.915 (    67      0)
"prim_advec_tracers_remap_rk2"       192      192 3.110400e+04   4.775787e+04   252.054 (   166      0)   245.914 (    67      0)
"precomput_divdp"                    192      192 3.110400e+04   1.063401e+02     0.643 (    50      0)     0.375 (     1      0)
"euler_step_0"                       192      192 3.110400e+04   1.310592e+04    70.284 (   110      0)    65.107 (    67      0)
"bihmix_qminmax"                     192      192 9.331200e+04   2.312935e+04   124.987 (    71      0)   113.934 (    46      0)
"eus_neighbor_minmax1"               192      192 3.110400e+04   3.433039e+03    21.135 (    71      0)    14.906 (    49      0)
"nmm_bexchV"                         192      192 3.110400e+04   1.554685e+03    11.076 (    71      0)     6.568 (   119      0)
"eus_2d_advec"                       192      192 9.331200e+04   2.295521e+04   128.065 (    46      0)   114.017 (   126      0)
"eus_bexchV"                         192      192 9.331200e+04   5.526217e+03    37.181 (    51      0)    24.667 (   107      0)
"euler_step_1"                       192      192 3.110400e+04   9.224113e+03    49.969 (    79      0)    46.524 (    65      0)
"euler_step_2"                       192      192 3.110400e+04   2.375656e+04   126.011 (   171      0)   121.336 (   187      0)
"nmm_bexchS_start"                   192      192 3.110400e+04   2.775028e+00     0.025 (   165      0)     0.007 (   135      0)
"biwksc_bexchV"                      192      192 3.110400e+04   1.885429e+03    12.224 (   167      0)     8.533 (    87      0)
"nmm_bexchS_fini"                    192      192 3.110400e+04   1.248876e+03     7.311 (   164      0)     5.627 (    50      0)
"qdp_tavg"                           192      192 3.110400e+04   1.563711e+03     8.871 (    11      0)     5.759 (    46      0)
"vertical_remap"                     192      192 1.036800e+04   2.994021e+03    16.152 (   162      0)    15.249 (    98      0)
"vertical_remap1_1"                  192      192 2.073600e+06   1.604266e+02     0.859 (   162      0)     0.823 (    98      0)
"remap_Q_ppm"                        192      192 6.220800e+06   2.948375e+03    15.908 (   162      0)    15.009 (    98      0)
"vertical_remap1_2"                  192      192 2.073600e+06   2.213569e+02     1.195 (   162      0)     1.135 (    16      0)
"vertical_remap1_3"                  192      192 2.073600e+06   2.572736e+03    13.886 (   162      0)    13.083 (    98      0)
"prim_run_subcyle_diags"             192      192 1.036800e+04   1.090215e+03     6.717 (    46      0)     4.936 (   125      0)
"t_prf"                                0        0 0.000000e+00   0.000000e+00     0.000 (     0      0)     0.000 (     0      0)

