LAST_GIT_COMMIT_SHA:STRING=4790f40f2fb6acbc051ce4c988681a628c18e83d

***** GLOBAL STATISTICS ( 21600 MPI TASKS) *****

$Id: gptl.c,v 1.157 2011-03-28 20:55:18 rosinski Exp $
'count' is cumulative. All other stats are max/min
name                               processes  threads        count      walltotal   wallmax (proc   thrd  )   wallmin (proc   thrd  )
Total                                  21600    21600 2.160000e+04   8.730445e+06   404.316 (    22      0)   404.092 ( 14864      0)
prim_init1                             21600    21600 2.160000e+04   1.003204e+05     4.824 (  1418      0)     4.469 ( 10085      0)
repro_sum_int                          21600    21600 9.720000e+05   1.254653e+04     1.633 (    13      0)     0.184 (  5785      0)
prim_init2                             21600    21600 2.160000e+04   5.826787e+04     3.798 (     6      0)     1.836 ( 12835      0)
prim_printstate                        21600    21600 2.160000e+04   9.046696e+03     0.478 (   711      0)     0.374 ( 14922      0)
interp_movie_output                    21600    21600 4.320000e+04   3.734852e+02     0.115 ( 16370      0)     0.000 ( 19549      0)
prim_main_loop                         21600    21600 2.160000e+04   8.413601e+06   390.172 (  7497      0)   388.919 ( 17660      0)
prim_run                               21600    21600 6.480000e+07   8.413418e+06   390.128 ( 11574      0)   388.911 ( 17656      0)
tl-sc prim_run_subcycle_c              21600    21600 6.480000e+07   8.412460e+06   390.060 (  9775      0)   388.869 ( 17656      0)
tl-sc dp3d-from-ps                     21600    21600 6.480000e+07   1.021146e+03     0.069 ( 19185      0)     0.039 (   644      0)
tl-sc prim_step-loop                   21600    21600 6.480000e+07   7.956720e+06   369.966 ( 16182      0)   366.244 (   955      0)
tl-s prim_step                         21600    21600 1.944000e+08   7.956338e+06   369.953 ( 16182      0)   366.218 (   955      0)
tl-s deep_copy+derived_dp              21600    21600 1.944000e+08   1.284391e+04     1.035 (    27      0)     0.353 (   700      0)
tl-s prim_advance_exp-loop             21600    21600 1.944000e+08   1.807428e+06   118.581 ( 20807      0)    55.510 (  9595      0)
tl-ae prim_advance_exp                 21600    21600 1.944000e+08   1.807031e+06   118.563 ( 20807      0)    55.495 (  9595      0)
tl-ae U3-5stage_timestep               21600    21600 1.944000e+08   8.998043e+05    71.800 ( 11307      0)    23.836 (  2291      0)
caar compute                           21600    21600 9.720000e+08   2.232133e+05    11.621 (  4368      0)     9.683 (  1414      0)
caar_bexchV                            21600    21600 9.720000e+08   6.692112e+05    61.043 ( 11307      0)    13.224 (  2291      0)
tl-ae advance_hypervis_dp              21600    21600 1.944000e+08   9.066199e+05    67.315 (  1905      0)    28.666 (  2307      0)
hvf-bhwk                               21600    21600 5.832000e+08   5.304910e+05    45.073 (  1898      0)    16.895 (  2591      0)
hvf-bexch                              21600    21600 1.166400e+09   6.379306e+05    54.858 (  1905      0)    16.233 (  2307      0)
tl-s prim_advec_tracers_remap          21600    21600 1.944000e+08   6.135060e+06   312.033 (  9595      0)   248.833 ( 20807      0)
tl-at prim_advec_tracers_remap_RK2     21600    21600 1.944000e+08   6.134503e+06   312.011 (  9595      0)   248.810 ( 20807      0)
tl-at precompute_divdp                 21600    21600 1.944000e+08   1.014156e+04     0.832 (  1105      0)     0.297 (   218      0)
tl-at esf-0                            21600    21600 1.944000e+08   1.682059e+06    91.624 (  9593      0)    65.286 (  5608      0)
tl-at esf-1                            21600    21600 1.944000e+08   1.225127e+06    66.058 (  2295      0)    51.244 (   955      0)
tl-at esf-2                            21600    21600 1.944000e+08   3.106725e+06   162.488 (  9619      0)   116.038 ( 20802      0)
tl-at qdp_time_avg                     21600    21600 1.944000e+08   1.070500e+05     6.934 (  2299      0)     4.265 (   696      0)
tl-sc vertical_remap                   21600    21600 6.480000e+07   3.986438e+05    20.165 (   955      0)    17.298 ( 16105      0)
Remap Thickness Functor                21600    21600 6.480000e+07   5.441252e+03     0.334 (  3964      0)     0.159 ( 13152      0)
Remap Scale States Functor             21600    21600 6.480000e+07   1.961462e+03     0.163 (  7824      0)     0.048 (  1418      0)
Remap Compute Grids Functor            21600    21600 6.480000e+07   1.929487e+04     1.379 (  2299      0)     0.673 (  1418      0)
Remap Compute Remap Functor            21600    21600 6.480000e+07   3.650071e+05    18.150 (  4554      0)    15.975 ( 16348      0)
Remap Rescale States Functor           21600    21600 6.480000e+07   2.656741e+03     0.172 ( 11557      0)     0.115 (  9895      0)
tl-sc Q-from-qdp                       21600    21600 6.480000e+07   5.559153e+04     3.119 (  9897      0)     2.443 (  4099      0)
t_prf                                      0        0 0.000000e+00   0.000000e+00     0.000 (     0      0)     0.000 (     0      0)

