LAST_GIT_COMMIT_SHA:STRING=adf77c97ed8425a245449f2582d2441f4b72da1e

***** GLOBAL STATISTICS (    48 MPI TASKS) *****

$Id: gptl.c,v 1.157 2011-03-28 20:55:18 rosinski Exp $
'count' is cumulative. All other stats are max/min
name                           processes  threads        count      walltotal   wallmax (proc   thrd  )   wallmin (proc   thrd  )
"Total"                               48       48 4.800000e+01   3.935494e+03    81.992 (    34      0)    81.980 (    18      0)
"prim_init1"                          48       48 4.800000e+01   5.530762e+00     0.116 (    21      0)     0.114 (    37      0)
"PartitioningTime"                    48       48 4.800000e+01   1.871872e-02     0.000 (    35      0)     0.000 (     6      0)
"repro_sum_int"                       48       48 2.160000e+03   1.566780e-01     0.004 (    21      0)     0.003 (     0      0)
"prim_init2"                          48       48 4.800000e+01   2.555391e+00     0.055 (     0      0)     0.053 (    46      0)
"prim_printstate"                     48       48 4.800000e+01   4.064801e-01     0.011 (     0      0)     0.008 (    28      0)
"interp_movie_output"                 48       48 9.600000e+01   8.852482e-03     0.000 (     6      0)     0.000 (    28      0)
"prim_main_loop"                      48       48 4.800000e+01   3.921245e+03    81.697 (    34      0)    81.681 (    18      0)
"prim_run"                            48       48 3.840000e+03   3.921231e+03    81.697 (    34      0)    81.681 (    18      0)
"ApplyCAMForcing"                     48       48 3.840000e+03   7.303112e+01     1.680 (    42      0)     1.328 (     2      0)
"prim_step_rX"                        48       48 1.152000e+04   3.591051e+03    75.205 (    18      0)    74.637 (    34      0)
"prim_step_dyn"                       48       48 1.152000e+04   6.186987e+02    15.397 (    18      0)    12.085 (    34      0)
"prim_advance_exp"                    48       48 1.152000e+04   6.186084e+02    15.395 (    18      0)    12.083 (    34      0)
"U3-5stage_timestep"                  48       48 1.152000e+04   3.088360e+02     9.032 (    18      0)     5.608 (    34      0)
"compute_and_apply_rhs"               48       48 5.760000e+04   2.995018e+02     8.925 (    18      0)     5.395 (    34      0)
"caar_bexchV"                         48       48 5.760000e+04   1.165358e+02     5.392 (    18      0)     1.313 (    26      0)
"advance_hypervis_dp"                 48       48 1.152000e+04   3.096248e+02     6.616 (    22      0)     6.131 (    15      0)
"biwkdp3d_bexchV"                     48       48 3.456000e+04   4.119126e+01     1.248 (    18      0)     0.649 (    43      0)
"ahdp_bexchV2"                        48       48 3.456000e+04   5.431739e+01     1.427 (    20      0)     0.900 (    25      0)
"prim_step_advec"                     48       48 1.152000e+04   2.961594e+03    62.345 (    38      0)    59.514 (    18      0)
"PAT_remap"                           48       48 1.152000e+04   2.961546e+03    62.344 (    38      0)    59.513 (    18      0)
"prim_advec_tracers_remap_rk2"        48       48 1.152000e+04   2.961480e+03    62.343 (    38      0)    59.512 (    18      0)
"precomput_divdp"                     48       48 1.152000e+04   7.115151e+00     0.160 (    22      0)     0.104 (    15      0)
"euler_step_0"                        48       48 1.152000e+04   8.227964e+02    17.510 (     4      0)    16.301 (    17      0)
"bihmix_qminmax"                      48       48 3.456000e+04   1.430460e+03    30.510 (    37      0)    28.966 (    20      0)
"eus_neighbor_minmax1"                48       48 1.152000e+04   2.272783e+02     4.968 (    42      0)     4.476 (    20      0)
"nmm_bexchV"                          48       48 1.152000e+04   1.095153e+02     2.538 (    14      0)     1.875 (    20      0)
"eus_2d_advec"                        48       48 3.456000e+04   1.434542e+03    31.111 (     3      0)    27.507 (    18      0)
"eus_bexchV"                          48       48 3.456000e+04   4.144787e+02    10.089 (     3      0)     6.478 (    18      0)
"euler_step_1"                        48       48 1.152000e+04   5.719405e+02    12.065 (     6      0)    11.364 (    18      0)
"euler_step_2"                        48       48 1.152000e+04   1.470820e+03    31.038 (     5      0)    29.515 (     8      0)
"nmm_bexchS_start"                    48       48 1.152000e+04   7.568421e-01     0.025 (    42      0)     0.011 (    18      0)
"biwksc_bexchV"                       48       48 1.152000e+04   1.523462e+02     3.538 (    28      0)     2.717 (    14      0)
"nmm_bexchS_fini"                     48       48 1.152000e+04   6.876266e+01     1.659 (    46      0)     1.128 (    18      0)
"qdp_tavg"                            48       48 1.152000e+04   8.853946e+01     2.059 (    40      0)     1.436 (     2      0)
"vertical_remap"                      48       48 3.840000e+03   1.768864e+02     3.775 (     8      0)     3.622 (    29      0)
"vertical_remap1_1"                   48       48 1.228800e+05   9.582972e+00     0.202 (    18      0)     0.198 (     3      0)
"remap_Q_ppm"                         48       48 3.686400e+05   1.741009e+02     3.706 (     8      0)     3.564 (    43      0)
"vertical_remap1_2"                   48       48 1.228800e+05   1.305992e+01     0.274 (    19      0)     0.269 (    43      0)
"vertical_remap1_3"                   48       48 1.228800e+05   1.518336e+02     3.239 (     8      0)     3.103 (    43      0)
"prim_run_subcyle_diags"              48       48 3.840000e+03   6.476489e+01     1.582 (     2      0)     1.109 (    18      0)
"t_prf"                                0        0 0.000000e+00   0.000000e+00     0.000 (     0      0)     0.000 (     0      0)

