LAST_GIT_COMMIT_SHA:STRING=4790f40f2fb6acbc051ce4c988681a628c18e83d

***** GLOBAL STATISTICS ( 43200 MPI TASKS) *****

$Id: gptl.c,v 1.157 2011-03-28 20:55:18 rosinski Exp $
'count' is cumulative. All other stats are max/min
name                               processes  threads        count      walltotal   wallmax (proc   thrd  )   wallmin (proc   thrd  )
Total                                  43200    43200 4.320000e+04   1.778135e+07   411.960 (   833      0)   411.356 ( 34678      0)
prim_init1                             43200    43200 4.320000e+04   2.499583e+05     6.261 (   212      0)     5.457 ( 32882      0)
repro_sum_int                          43200    43200 1.944000e+06   3.284044e+04     3.167 (     6      0)     0.291 ( 34678      0)
prim_init2                             43200    43200 4.320000e+04   2.039552e+05     7.025 (    23      0)     3.929 (  2037      0)
prim_printstate                        43200    43200 4.320000e+04   2.619925e+04     0.693 ( 19079      0)     0.519 (  9803      0)
interp_movie_output                    43200    43200 8.640000e+04   1.386630e+03     0.084 ( 10821      0)     0.012 ( 27968      0)
prim_main_loop                         43200    43200 4.320000e+04   1.688410e+07   390.915 ( 37373      0)   390.729 ( 32652      0)
prim_run                               43200    43200 2.592000e+08   1.688270e+07   390.892 ( 37380      0)   390.694 ( 33811      0)
tl-sc prim_run_subcycle_c              43200    43200 2.592000e+08   1.687751e+07   390.754 ( 16568      0)   390.569 ( 18250      0)
tl-sc dp3d-from-ps                     43200    43200 2.592000e+08   2.984740e+03     0.123 ( 29571      0)     0.045 ( 14078      0)
tl-sc prim_step-loop                   43200    43200 2.592000e+08   1.596399e+07   370.470 ( 15325      0)   367.490 ( 40584      0)
tl-s prim_step                         43200    43200 7.776000e+08   1.596275e+07   370.445 ( 15325      0)   367.458 ( 40584      0)
tl-s deep_copy+derived_dp              43200    43200 7.776000e+08   2.642900e+04     0.854 (  8955      0)     0.463 ( 17205      0)
tl-s prim_advance_exp-loop             43200    43200 7.776000e+08   4.557094e+06   134.873 ( 16071      0)    77.336 (  7722      0)
tl-ae prim_advance_exp                 43200    43200 7.776000e+08   4.555824e+06   134.844 ( 16071      0)    77.309 (  7722      0)
tl-ae U3-5stage_timestep               43200    43200 7.776000e+08   2.236633e+06    75.585 ( 12740      0)    34.342 (  6845      0)
caar compute                           43200    43200 3.888000e+09   4.529335e+05    11.513 ( 30420      0)     9.963 (  2997      0)
caar_bexchV                            43200    43200 3.888000e+09   1.763024e+06    64.325 ( 12740      0)    23.248 (  6845      0)
tl-ae advance_hypervis_dp              43200    43200 7.776000e+08   2.317126e+06    73.372 (  8948      0)    39.545 ( 35935      0)
hvf-bhwk                               43200    43200 2.332800e+09   1.316081e+06    43.414 ( 11178      0)    22.872 ( 35935      0)
hvf-bexch                              43200    43200 4.665600e+09   1.762591e+06    60.634 (  8949      0)    26.706 ( 35943      0)
tl-s prim_advec_tracers_remap          43200    43200 7.776000e+08   1.137467e+07   291.691 (  7722      0)   233.679 ( 16071      0)
tl-at prim_advec_tracers_remap_RK2     43200    43200 7.776000e+08   1.137264e+07   291.630 (  7722      0)   233.636 ( 16071      0)
tl-at precompute_divdp                 43200    43200 7.776000e+08   2.400608e+04     0.985 ( 26570      0)     0.378 (  6090      0)
tl-at esf-0                            43200    43200 7.776000e+08   3.307064e+06    90.428 (  7703      0)    66.629 ( 13647      0)
tl-at esf-1                            43200    43200 7.776000e+08   2.007258e+06    51.922 ( 35982      0)    39.920 ( 13658      0)
tl-at esf-2                            43200    43200 7.776000e+08   5.830677e+06   151.678 ( 41936      0)   113.981 ( 16071      0)
tl-at qdp_time_avg                     43200    43200 7.776000e+08   1.949311e+05     5.376 (  8955      0)     4.250 ( 12088      0)
tl-sc vertical_remap                   43200    43200 2.592000e+08   8.041034e+05    20.289 ( 40584      0)    17.648 ( 15325      0)
Remap Thickness Functor                43200    43200 2.592000e+08   1.464869e+04     0.463 (  1956      0)     0.241 ( 12170      0)
Remap Scale States Functor             43200    43200 2.592000e+08   4.201798e+03     0.177 (  7556      0)     0.063 (  6082      0)
Remap Compute Grids Functor            43200    43200 2.592000e+08   3.639920e+04     1.169 ( 17028      0)     0.683 ( 12170      0)
Remap Compute Remap Functor            43200    43200 2.592000e+08   7.278773e+05    18.355 ( 40584      0)    15.945 ( 33105      0)
Remap Rescale States Functor           43200    43200 2.592000e+08   5.057615e+03     0.126 (  8064      0)     0.116 ( 30446      0)
tl-sc Q-from-qdp                       43200    43200 2.592000e+08   1.051208e+05     2.798 ( 40584      0)     2.418 (  5896      0)
t_prf                                      0        0 0.000000e+00   0.000000e+00     0.000 (     0      0)     0.000 (     0      0)

