LAST_GIT_COMMIT_SHA:STRING=4790f40f2fb6acbc051ce4c988681a628c18e83d

***** GLOBAL STATISTICS (  7680 MPI TASKS) *****

$Id: gptl.c,v 1.157 2011-03-28 20:55:18 rosinski Exp $
'count' is cumulative. All other stats are max/min
name                               processes  threads        count      walltotal   wallmax (proc   thrd  )   wallmin (proc   thrd  )
Total                                   7680     7680 7.680000e+03   2.618023e+06   340.956 (  2598      0)   340.832 (  4766      0)
prim_init1                              7680     7680 7.680000e+03   1.147142e+04     1.603 (   826      0)     1.400 (  5720      0)
repro_sum_int                           7680     7680 3.456000e+05   2.213988e+03     0.932 (     2      0)     0.075 (  3007      0)
prim_init2                              7680     7680 7.680000e+03   9.255229e+03     1.874 (     6      0)     0.667 (   263      0)
prim_printstate                         7680     7680 7.680000e+03   9.961705e+02     0.176 (  7582      0)     0.105 (  3261      0)
interp_movie_output                     7680     7680 1.536000e+04   6.970952e+01     0.018 (  6319      0)     0.000 (  6718      0)
prim_main_loop                          7680     7680 7.680000e+03   2.570815e+06   334.780 (  6206      0)   334.710 (  4686      0)
prim_run                                7680     7680 1.638912e+07   2.570735e+06   334.774 (  6209      0)   334.697 (  4683      0)
tl-sc prim_run_subcycle_c               7680     7680 1.638912e+07   2.570475e+06   334.725 (  6997      0)   334.654 (  1725      0)
tl-sc dp3d-from-ps                      7680     7680 1.638912e+07   3.618569e+02     0.089 (   556      0)     0.033 (  2278      0)
tl-sc prim_step-loop                    7680     7680 1.638912e+07   2.426027e+06   316.607 (  7343      0)   314.697 (   191      0)
tl-s prim_step                          7680     7680 4.916736e+07   2.425923e+06   316.596 (  7343      0)   314.675 (   191      0)
tl-s deep_copy+derived_dp               7680     7680 4.916736e+07   4.056247e+03     0.916 (   181      0)     0.307 (  7338      0)
tl-s prim_advance_exp-loop              7680     7680 4.916736e+07   4.884140e+05    78.974 (  7455      0)    48.604 (  2280      0)
tl-ae prim_advance_exp                  7680     7680 4.916736e+07   4.883068e+05    78.959 (  7455      0)    48.591 (  2280      0)
tl-ae U3-5stage_timestep                7680     7680 4.916736e+07   2.498048e+05    49.481 (   446      0)    21.114 (  7099      0)
caar compute                            7680     7680 2.458368e+08   7.067205e+04    10.208 (  2243      0)     8.656 (   916      0)
caar_bexchV                             7680     7680 2.458368e+08   1.768226e+05    39.928 (   446      0)    11.349 (  7099      0)
tl-ae advance_hypervis_dp               7680     7680 4.916736e+07   2.383447e+05    42.640 (  5837      0)    24.587 (  6250      0)
hvf-bhwk                                7680     7680 1.475021e+08   1.437526e+05    26.347 (  5834      0)    15.284 (  6233      0)
hvf-bexch                               7680     7680 2.950042e+08   1.535573e+05    31.663 (  5837      0)    13.482 (  6250      0)
tl-s prim_advec_tracers_remap           7680     7680 4.916736e+07   1.933117e+06   267.056 (  2280      0)   236.203 (  5758      0)
tl-at prim_advec_tracers_remap_RK2      7680     7680 4.916736e+07   1.932967e+06   267.038 (  2280      0)   236.186 (  5758      0)
tl-at precompute_divdp                  7680     7680 4.916736e+07   3.202983e+03     0.694 (  1506      0)     0.251 (  5753      0)
tl-at esf-0                             7680     7680 4.916736e+07   5.590576e+05    83.473 (  2261      0)    61.224 (  5761      0)
tl-at esf-1                             7680     7680 4.916736e+07   4.066014e+05    57.105 (  3351      0)    49.315 (  2071      0)
tl-at esf-2                             7680     7680 4.916736e+07   9.278134e+05   135.200 (  1064      0)   109.042 (  1722      0)
tl-at qdp_time_avg                      7680     7680 4.916736e+07   3.531530e+04     6.441 (   176      0)     3.785 (  6856      0)
tl-sc vertical_remap                    7680     7680 1.638912e+07   1.261583e+05    17.481 (  2588      0)    15.802 (  5815      0)
Remap Thickness Functor                 7680     7680 1.638912e+07   1.423399e+03     0.273 (  7541      0)     0.130 (  7338      0)
Remap Scale States Functor              7680     7680 1.638912e+07   5.934100e+02     0.142 (  7087      0)     0.041 (  7338      0)
Remap Compute Grids Functor             7680     7680 1.638912e+07   6.193617e+03     1.229 (  7087      0)     0.592 (  7338      0)
Remap Compute Remap Functor             7680     7680 1.638912e+07   1.163173e+05    15.996 (  4619      0)    14.740 (  6130      0)
Remap Rescale States Functor            7680     7680 1.638912e+07   8.396977e+02     0.150 (   187      0)     0.100 (  7365      0)
tl-sc Q-from-qdp                        7680     7680 1.638912e+07   1.779876e+04     2.730 (  7091      0)     2.175 (   446      0)
t_prf                                      0        0 0.000000e+00   0.000000e+00     0.000 (     0      0)     0.000 (     0      0)

