LAST_GIT_COMMIT_SHA:STRING=4790f40f2fb6acbc051ce4c988681a628c18e83d

***** GLOBAL STATISTICS (   480 MPI TASKS) *****

$Id: gptl.c,v 1.157 2011-03-28 20:55:18 rosinski Exp $
'count' is cumulative. All other stats are max/min
name                               processes  threads        count      walltotal   wallmax (proc   thrd  )   wallmin (proc   thrd  )
Total                                    480      480 4.800000e+02   1.523712e+05   317.503 (    62      0)   317.336 (   245      0)
prim_init1                               480      480 4.800000e+02   2.000394e+02     0.418 (   339      0)     0.415 (   147      0)
repro_sum_int                            480      480 2.160000e+04   1.468080e+01     0.035 (   337      0)     0.025 (    24      0)
prim_init2                               480      480 4.800000e+02   2.185859e+02     0.465 (   292      0)     0.446 (   338      0)
prim_printstate                          480      480 4.800000e+02   2.426079e+01     0.054 (     0      0)     0.050 (   461      0)
interp_movie_output                      480      480 9.600000e+02   1.467924e-01     0.001 (   197      0)     0.000 (    47      0)
prim_main_loop                           480      480 4.800000e+02   1.506769e+05   313.974 (    62      0)   313.806 (   245      0)
prim_run                                 480      480 6.432000e+04   1.506765e+05   313.973 (    62      0)   313.805 (   245      0)
tl-sc prim_run_subcycle_c                480      480 6.432000e+04   1.506434e+05   313.900 (    62      0)   313.778 (   245      0)
tl-sc dp3d-from-ps                       480      480 6.432000e+04   1.714265e+01     0.051 (   311      0)     0.024 (    44      0)
tl-sc prim_step-loop                     480      480 6.432000e+04   1.414847e+05   295.669 (   371      0)   293.954 (   267      0)
tl-s prim_step                           480      480 1.929600e+05   1.414839e+05   295.668 (   371      0)   293.952 (   267      0)
tl-s deep_copy+derived_dp                480      480 1.929600e+05   3.173128e+02     1.010 (   311      0)     0.297 (    14      0)
tl-s prim_advance_exp-loop               480      480 1.929600e+05   3.134907e+04    75.356 (   165      0)    51.798 (    64      0)
tl-ae prim_advance_exp                   480      480 1.929600e+05   3.134801e+04    75.354 (   165      0)    51.796 (    64      0)
tl-ae U3-5stage_timestep                 480      480 1.929600e+05   1.516886e+04    46.559 (   117      0)    21.523 (   135      0)
caar compute                             480      480 9.648000e+05   5.117839e+03    12.777 (   302      0)     9.505 (    46      0)
caar_bexchV                              480      480 9.648000e+05   9.849411e+03    35.625 (   117      0)     9.947 (   346      0)
tl-ae advance_hypervis_dp                480      480 1.929600e+05   1.617719e+04    41.890 (   388      0)    25.323 (   245      0)
hvf-bhwk                                 480      480 5.788800e+05   9.377432e+03    29.054 (   160      0)    14.247 (   448      0)
hvf-bexch                                480      480 1.157760e+06   9.768013e+03    29.269 (   388      0)    12.501 (   245      0)
tl-s prim_advec_tracers_remap            480      480 1.929600e+05   1.098147e+05   242.232 (    64      0)   218.342 (   165      0)
tl-at prim_advec_tracers_remap_RK2       480      480 1.929600e+05   1.098135e+05   242.230 (    64      0)   218.339 (   165      0)
tl-at precompute_divdp                   480      480 1.929600e+05   1.933492e+02     0.672 (    49      0)     0.201 (   245      0)
tl-at esf-0                              480      480 1.929600e+05   3.014241e+04    68.560 (   414      0)    56.617 (   469      0)
tl-at esf-1                              480      480 1.929600e+05   2.344997e+04    52.280 (   318      0)    45.308 (   326      0)
tl-at esf-2                              480      480 1.929600e+05   5.282147e+04   118.468 (    65      0)   102.406 (   245      0)
tl-at qdp_time_avg                       480      480 1.929600e+05   3.198773e+03     8.606 (    58      0)     3.993 (    13      0)
tl-sc vertical_remap                     480      480 6.432000e+04   7.913595e+03    17.310 (   214      0)    15.796 (   332      0)
Remap Thickness Functor                  480      480 6.432000e+04   7.068819e+01     0.192 (   302      0)     0.113 (    13      0)
Remap Scale States Functor               480      480 6.432000e+04   5.438396e+01     0.193 (   267      0)     0.041 (   428      0)
Remap Compute Grids Functor              480      480 6.432000e+04   4.563923e+02     1.607 (   266      0)     0.576 (   428      0)
Remap Compute Remap Functor              480      480 6.432000e+04   7.272820e+03    15.543 (   117      0)    14.854 (   337      0)
Remap Rescale States Functor             480      480 6.432000e+04   5.471604e+01     0.174 (   283      0)     0.098 (   116      0)
tl-sc Q-from-qdp                         480      480 6.432000e+04   1.227027e+03     3.001 (   288      0)     2.200 (   315      0)
t_prf                                      0        0 0.000000e+00   0.000000e+00     0.000 (     0      0)     0.000 (     0      0)

