LAST_GIT_COMMIT_SHA:STRING=4790f40f2fb6acbc051ce4c988681a628c18e83d

***** GLOBAL STATISTICS (  9600 MPI TASKS) *****

$Id: gptl.c,v 1.157 2011-03-28 20:55:18 rosinski Exp $
'count' is cumulative. All other stats are max/min
name                               processes  threads        count      walltotal   wallmax (proc   thrd  )   wallmin (proc   thrd  )
Total                                   9600     9600 9.600000e+03   3.752014e+06   391.031 (  3094      0)   390.737 (  6098      0)
prim_init1                              9600     9600 9.600000e+03   1.825273e+04     1.982 (  6948      0)     1.800 (  6373      0)
repro_sum_int                           9600     9600 4.320000e+05   4.455917e+03     1.992 (  1813      0)     0.101 (  9022      0)
prim_init2                              9600     9600 9.600000e+03   1.444566e+04     3.090 (  5394      0)     0.802 (  6861      0)
prim_printstate                         9600     9600 9.600000e+03   1.763822e+03     0.245 (  7497      0)     0.158 (   450      0)
interp_movie_output                     9600     9600 1.920000e+04   8.083996e+01     0.028 (  6896      0)     0.001 (  1227      0)
prim_main_loop                          9600     9600 9.600000e+03   3.657888e+06   381.195 (  2790      0)   380.945 (  6900      0)
prim_run                                9600     9600 1.280640e+07   3.657790e+06   381.186 (  2806      0)   380.932 (  6900      0)
tl-sc prim_run_subcycle_c               9600     9600 1.280640e+07   3.657154e+06   380.986 (  3813      0)   380.915 (  6900      0)
tl-sc dp3d-from-ps                      9600     9600 1.280640e+07   4.684548e+02     0.086 (  7090      0)     0.037 (  3813      0)
tl-sc prim_step-loop                    9600     9600 1.280640e+07   3.452903e+06   360.861 (  7515      0)   358.053 (  9122      0)
tl-s prim_step                          9600     9600 3.841920e+07   3.452792e+06   360.854 (  7515      0)   358.037 (  9122      0)
tl-s deep_copy+derived_dp               9600     9600 3.841920e+07   6.712347e+03     1.113 (  3699      0)     0.349 (   208      0)
tl-s prim_advance_exp-loop              9600     9600 3.841920e+07   6.280417e+05    97.603 (   320      0)    42.737 (  1566      0)
tl-ae prim_advance_exp                  9600     9600 3.841920e+07   6.279428e+05    97.592 (   320      0)    42.728 (  1566      0)
tl-ae U3-5stage_timestep                9600     9600 3.841920e+07   3.220462e+05    58.727 (   320      0)    19.618 (  2958      0)
caar compute                            9600     9600 1.920960e+08   1.008871e+05    11.928 (  7336      0)     9.696 (  3527      0)
caar_bexchV                             9600     9600 1.920960e+08   2.180357e+05    47.657 (   320      0)     8.817 (  2958      0)
tl-ae advance_hypervis_dp               9600     9600 3.841920e+07   3.057486e+05    50.869 (   309      0)    21.473 (  4924      0)
hvf-bhwk                                9600     9600 1.152576e+08   1.858602e+05    35.219 (   250      0)    13.964 (  4924      0)
hvf-bexch                               9600     9600 2.305152e+08   1.862939e+05    38.437 (   309      0)     9.108 (  4924      0)
tl-s prim_advec_tracers_remap           9600     9600 3.841920e+07   2.817710e+06   316.077 (  1566      0)   261.298 (   320      0)
tl-at prim_advec_tracers_remap_RK2      9600     9600 3.841920e+07   2.817565e+06   316.063 (  1566      0)   261.285 (   320      0)
tl-at precompute_divdp                  9600     9600 3.841920e+07   4.252772e+03     0.679 (  5711      0)     0.270 (  5734      0)
tl-at esf-0                             9600     9600 3.841920e+07   7.649479e+05    90.115 (  4974      0)    69.937 (   332      0)
tl-at esf-1                             9600     9600 3.841920e+07   5.710551e+05    63.948 (  4950      0)    54.542 (  7484      0)
tl-at esf-2                             9600     9600 3.841920e+07   1.414858e+06   162.560 (  3167      0)   122.643 (  9246      0)
tl-at qdp_time_avg                      9600     9600 3.841920e+07   6.144316e+04     8.570 (  2380      0)     4.394 (   208      0)
tl-sc vertical_remap                    9600     9600 1.280640e+07   1.778299e+05    20.070 (  5763      0)    17.401 (  7359      0)
Remap Thickness Functor                 9600     9600 1.280640e+07   2.043611e+03     0.291 (  2143      0)     0.140 (  2081      0)
Remap Scale States Functor              9600     9600 1.280640e+07   1.043524e+03     0.181 (  8908      0)     0.051 (  8017      0)
Remap Compute Grids Functor             9600     9600 1.280640e+07   9.906650e+03     1.609 (  8999      0)     0.670 (  9168      0)
Remap Compute Remap Functor             9600     9600 1.280640e+07   1.626478e+05    18.120 (  5647      0)    16.013 (  7359      0)
Remap Rescale States Functor            9600     9600 1.280640e+07   1.206317e+03     0.186 (  2398      0)     0.112 (  5650      0)
tl-sc Q-from-qdp                        9600     9600 1.280640e+07   2.582030e+04     3.198 (  2399      0)     2.456 (  5648      0)
t_prf                                      0        0 0.000000e+00   0.000000e+00     0.000 (     0      0)     0.000 (     0      0)

