LAST_GIT_COMMIT_SHA:STRING=4790f40f2fb6acbc051ce4c988681a628c18e83d

***** GLOBAL STATISTICS (   864 MPI TASKS) *****

$Id: gptl.c,v 1.157 2011-03-28 20:55:18 rosinski Exp $
'count' is cumulative. All other stats are max/min
name                               processes  threads        count      walltotal   wallmax (proc   thrd  )   wallmin (proc   thrd  )
Total                                    864      864 8.640000e+02   3.203438e+05   370.890 (   637      0)   370.615 (   363      0)
prim_init1                               864      864 8.640000e+02   6.308026e+02     0.735 (   624      0)     0.724 (   502      0)
repro_sum_int                            864      864 3.888000e+04   3.949721e+01     0.101 (     6      0)     0.016 (   623      0)
prim_init2                               864      864 8.640000e+02   4.897243e+02     0.626 (    12      0)     0.530 (   370      0)
prim_printstate                          864      864 8.640000e+02   5.098332e+01     0.063 (   235      0)     0.058 (    98      0)
interp_movie_output                      864      864 1.728000e+03   5.078809e-01     0.001 (   485      0)     0.000 (   779      0)
prim_main_loop                           864      864 8.640000e+02   3.150627e+05   364.777 (   637      0)   364.502 (   364      0)
prim_run                                 864      864 1.036800e+05   3.150617e+05   364.776 (   637      0)   364.501 (   364      0)
tl-sc prim_run_subcycle_c                864      864 1.036800e+05   3.150005e+05   364.688 (   637      0)   364.469 (   364      0)
tl-sc dp3d-from-ps                       864      864 1.036800e+05   2.868008e+01     0.052 (   647      0)     0.027 (   852      0)
tl-sc prim_step-loop                     864      864 1.036800e+05   2.967879e+05   344.562 (    64      0)   341.894 (   645      0)
tl-s prim_step                           864      864 3.110400e+05   2.967868e+05   344.561 (    64      0)   341.892 (   645      0)
tl-s deep_copy+derived_dp                864      864 3.110400e+05   5.164123e+02     1.029 (   645      0)     0.314 (   731      0)
tl-s prim_advance_exp-loop               864      864 3.110400e+05   6.705121e+04   103.964 (   364      0)    54.916 (   192      0)
tl-ae prim_advance_exp                   864      864 3.110400e+05   6.704960e+04   103.962 (   364      0)    54.915 (   192      0)
tl-ae U3-5stage_timestep                 864      864 3.110400e+05   3.409948e+04    72.849 (   740      0)    20.056 (   514      0)
caar compute                             864      864 1.555200e+06   1.007881e+04    14.043 (   626      0)    10.450 (    84      0)
caar_bexchV                              864      864 1.555200e+06   2.363438e+04    61.387 (   740      0)     8.204 (   514      0)
tl-ae advance_hypervis_dp                864      864 3.110400e+05   3.294680e+04    50.034 (   234      0)    31.001 (   740      0)
hvf-bhwk                                 864      864 9.331200e+05   1.904008e+04    30.737 (   231      0)    16.848 (   271      0)
hvf-bexch                                864      864 1.866240e+06   1.972806e+04    35.459 (   235      0)    13.231 (   183      0)
tl-s prim_advec_tracers_remap            864      864 3.110400e+05   2.292152e+05   288.675 (   192      0)   239.006 (   740      0)
tl-at prim_advec_tracers_remap_RK2       864      864 3.110400e+05   2.292134e+05   288.674 (   192      0)   239.005 (   740      0)
tl-at precompute_divdp                   864      864 3.110400e+05   3.934136e+02     0.753 (   624      0)     0.236 (    76      0)
tl-at esf-0                              864      864 3.110400e+05   6.113887e+04    80.182 (   514      0)    64.568 (   131      0)
tl-at esf-1                              864      864 3.110400e+05   4.768662e+04    63.034 (    45      0)    50.558 (    24      0)
tl-at esf-2                              864      864 3.110400e+05   1.146804e+05   147.214 (   782      0)   111.955 (   740      0)
tl-at qdp_time_avg                       864      864 3.110400e+05   5.302205e+03     8.962 (   625      0)     4.324 (    46      0)
tl-sc vertical_remap                     864      864 1.036800e+05   1.590533e+04    19.931 (   213      0)    17.441 (    64      0)
Remap Thickness Functor                  864      864 1.036800e+05   1.318588e+02     0.207 (   645      0)     0.127 (    82      0)
Remap Scale States Functor               864      864 1.036800e+05   9.299093e+01     0.198 (   645      0)     0.046 (    46      0)
Remap Compute Grids Functor              864      864 1.036800e+05   8.569880e+02     1.687 (   645      0)     0.647 (    46      0)
Remap Compute Remap Functor              864      864 1.036800e+05   1.471205e+04    18.425 (   164      0)    16.337 (   684      0)
Remap Rescale States Functor             864      864 1.036800e+05   1.026468e+02     0.186 (   637      0)     0.109 (   364      0)
tl-sc Q-from-qdp                         864      864 1.036800e+05   2.277310e+03     3.248 (   631      0)     2.460 (   852      0)
t_prf                                      0        0 0.000000e+00   0.000000e+00     0.000 (     0      0)     0.000 (     0      0)

