LAST_GIT_COMMIT_SHA:STRING=adf77c97ed8425a245449f2582d2441f4b72da1e

***** GLOBAL STATISTICS (  1200 MPI TASKS) *****

$Id: gptl.c,v 1.157 2011-03-28 20:55:18 rosinski Exp $
'count' is cumulative. All other stats are max/min
name                           processes  threads        count      walltotal   wallmax (proc   thrd  )   wallmin (proc   thrd  )
"Total"                             1200     1200 1.200000e+03   4.748159e+05   395.751 (   367      0)   395.603 (   688      0)
"prim_init1"                        1200     1200 1.200000e+03   9.070464e+02     0.762 (  1121      0)     0.749 (   326      0)
"PartitioningTime"                  1200     1200 1.200000e+03   5.901024e+00     0.006 (     0      0)     0.003 (  1153      0)
"repro_sum_int"                     1200     1200 5.400000e+04   4.787806e+01     0.086 (   472      0)     0.019 (   385      0)
"prim_init2"                        1200     1200 1.200000e+03   2.104733e+02     0.222 (     0      0)     0.155 (   186      0)
"prim_printstate"                   1200     1200 1.200000e+03   5.060957e+01     0.046 (     0      0)     0.040 (   225      0)
"interp_movie_output"               1200     1200 2.400000e+03   7.121346e-01     0.001 (   102      0)     0.000 (   457      0)
"prim_main_loop"                    1200     1200 1.200000e+03   4.674801e+05   389.640 (   367      0)   389.489 (   688      0)
"prim_run"                          1200     1200 2.004000e+05   4.674785e+05   389.639 (   367      0)   389.488 (   688      0)
"ApplyCAMForcing"                   1200     1200 2.004000e+05   8.443448e+03     8.041 (   987      0)     5.133 (   838      0)
"prim_step_rX"                      1200     1200 6.012000e+05   4.288730e+05   361.100 (   838      0)   355.441 (   367      0)
"prim_step_dyn"                     1200     1200 6.012000e+05   9.073806e+04    93.436 (   838      0)    60.214 (   367      0)
"prim_advance_exp"                  1200     1200 6.012000e+05   9.073332e+04    93.432 (   838      0)    60.211 (   367      0)
"U3-5stage_timestep"                1200     1200 6.012000e+05   4.409694e+04    59.347 (   838      0)    26.060 (   618      0)
"compute_and_apply_rhs"             1200     1200 3.006000e+06   4.351055e+04    58.944 (   838      0)    25.379 (   618      0)
"caar_bexchV"                       1200     1200 3.006000e+06   2.446177e+04    44.119 (   838      0)     7.400 (   617      0)
"advance_hypervis_dp"               1200     1200 6.012000e+05   4.662931e+04    47.056 (    16      0)    30.727 (   835      0)
"biwkdp3d_bexchV"                   1200     1200 1.803600e+06   1.204824e+04    18.631 (   866      0)     4.196 (  1069      0)
"ahdp_bexchV2"                      1200     1200 1.803600e+06   1.244218e+04    19.315 (   869      0)     4.682 (  1080      0)
"prim_step_advec"                   1200     1200 6.012000e+05   3.368652e+05   294.390 (   367      0)   266.156 (   347      0)
"PAT_remap"                         1200     1200 6.012000e+05   3.368627e+05   294.388 (   367      0)   266.154 (   347      0)
"prim_advec_tracers_remap_rk2"      1200     1200 6.012000e+05   3.368592e+05   294.385 (   367      0)   266.151 (   347      0)
"precomput_divdp"                   1200     1200 6.012000e+05   6.581251e+02     0.746 (  1002      0)     0.284 (   692      0)
"euler_step_0"                      1200     1200 6.012000e+05   9.198716e+04    82.357 (   926      0)    69.211 (   743      0)
"bihmix_qminmax"                    1200     1200 1.803600e+06   1.594293e+05   148.159 (   947      0)   117.242 (   165      0)
"eus_neighbor_minmax1"              1200     1200 6.012000e+05   2.509236e+04    28.701 (   945      0)    14.642 (   213      0)
"nmm_bexchV"                        1200     1200 6.012000e+05   1.320388e+04    18.969 (   945      0)     6.003 (   213      0)
"eus_2d_advec"                      1200     1200 1.803600e+06   1.671456e+05   154.007 (   815      0)   121.168 (   347      0)
"eus_bexchV"                        1200     1200 1.803600e+06   4.438095e+04    56.732 (  1155      0)    25.434 (   347      0)
"euler_step_1"                      1200     1200 6.012000e+05   6.523935e+04    61.145 (   494      0)    47.210 (   491      0)
"euler_step_2"                      1200     1200 6.012000e+05   1.693819e+05   151.388 (   714      0)   131.335 (   686      0)
"nmm_bexchS_start"                  1200     1200 6.012000e+05   4.532455e+01     0.073 (   236      0)     0.016 (   929      0)
"biwksc_bexchV"                     1200     1200 6.012000e+05   1.471774e+04    19.398 (   491      0)     8.910 (   758      0)
"nmm_bexchS_fini"                   1200     1200 6.012000e+05   7.710925e+03     8.098 (  1019      0)     3.269 (   212      0)
"qdp_tavg"                          1200     1200 6.012000e+05   9.573725e+03     9.792 (   989      0)     4.458 (   815      0)
"vertical_remap"                    1200     1200 2.004000e+05   2.085404e+04    18.404 (   377      0)    16.865 (   575      0)
"vertical_remap1_1"                 1200     1200 1.442880e+07   1.126576e+03     0.982 (   377      0)     0.924 (  1070      0)
"remap_Q_ppm"                       1200     1200 4.328640e+07   2.052564e+04    18.088 (   377      0)    16.607 (   575      0)
"vertical_remap1_2"                 1200     1200 1.442880e+07   1.541690e+03     1.340 (  1120      0)     1.264 (   706      0)
"vertical_remap1_3"                 1200     1200 1.442880e+07   1.790161e+04    15.812 (   377      0)    14.446 (   575      0)
"prim_run_subcyle_diags"            1200     1200 2.004000e+05   7.740832e+03     8.515 (   815      0)     4.849 (   838      0)
"t_prf"                                0        0 0.000000e+00   0.000000e+00     0.000 (     0      0)     0.000 (     0      0)

