LAST_GIT_COMMIT_SHA:STRING=adf77c97ed8425a245449f2582d2441f4b72da1e

***** GLOBAL STATISTICS (    96 MPI TASKS) *****

$Id: gptl.c,v 1.157 2011-03-28 20:55:18 rosinski Exp $
'count' is cumulative. All other stats are max/min
name                           processes  threads        count      walltotal   wallmax (proc   thrd  )   wallmin (proc   thrd  )
"Total"                               96       96 9.600000e+01   4.043288e+04   421.199 (    58      0)   421.139 (    18      0)
"prim_init1"                          96       96 9.600000e+01   5.185660e+01     0.540 (    42      0)     0.540 (    22      0)
"PartitioningTime"                    96       96 9.600000e+01   1.541851e-01     0.002 (    26      0)     0.001 (     6      0)
"repro_sum_int"                       96       96 4.320000e+03   8.591096e-01     0.011 (    64      0)     0.005 (    42      0)
"prim_init2"                          96       96 9.600000e+01   3.917673e+01     0.411 (    51      0)     0.403 (    42      0)
"prim_printstate"                     96       96 9.600000e+01   6.403272e+00     0.071 (     0      0)     0.066 (    30      0)
"interp_movie_output"                 96       96 1.920000e+02   2.085161e-02     0.000 (    24      0)     0.000 (    83      0)
"prim_main_loop"                      96       96 9.600000e+01   4.021854e+04   418.966 (    58      0)   418.906 (    18      0)
"prim_run"                            96       96 5.184000e+03   4.021850e+04   418.966 (    58      0)   418.906 (    18      0)
"ApplyCAMForcing"                     96       96 5.184000e+03   8.118937e+02     9.085 (    14      0)     7.904 (    31      0)
"prim_step_rX"                        96       96 1.555200e+04   3.662835e+04   382.542 (    14      0)   380.869 (    10      0)
"prim_step_dyn"                       96       96 1.555200e+04   6.709289e+03    72.667 (     7      0)    67.187 (    53      0)
"prim_advance_exp"                    96       96 1.555200e+04   6.709149e+03    72.665 (     7      0)    67.186 (    53      0)
"U3-5stage_timestep"                  96       96 1.555200e+04   3.175360e+03    36.164 (    41      0)    31.386 (    85      0)
"compute_and_apply_rhs"               96       96 7.776000e+04   3.089992e+03    35.475 (    41      0)    30.231 (    85      0)
"caar_bexchV"                         96       96 7.776000e+04   1.039117e+03    14.482 (    41      0)     6.885 (    85      0)
"advance_hypervis_dp"                 96       96 1.555200e+04   3.533569e+03    38.082 (    11      0)    35.284 (    41      0)
"biwkdp3d_bexchV"                     96       96 4.665600e+04   5.318109e+02     7.335 (    41      0)     4.125 (    85      0)
"ahdp_bexchV2"                        96       96 4.665600e+04   6.314280e+02     9.386 (     7      0)     4.406 (    80      0)
"prim_step_advec"                     96       96 1.555200e+04   2.979005e+04   312.564 (    53      0)   307.619 (    20      0)
"PAT_remap"                           96       96 1.555200e+04   2.978998e+04   312.563 (    53      0)   307.618 (    20      0)
"prim_advec_tracers_remap_rk2"        96       96 1.555200e+04   2.978988e+04   312.562 (    53      0)   307.617 (    20      0)
"precomput_divdp"                     96       96 1.555200e+04   6.505706e+01     0.788 (     9      0)     0.511 (    56      0)
"euler_step_0"                        96       96 1.555200e+04   8.143578e+03    86.777 (    31      0)    82.710 (    39      0)
"bihmix_qminmax"                      96       96 4.665600e+04   1.443534e+04   155.978 (    54      0)   144.752 (     6      0)
"eus_neighbor_minmax1"                96       96 1.555200e+04   2.110797e+03    24.613 (    54      0)    19.971 (    11      0)
"nmm_bexchV"                          96       96 1.555200e+04   9.346372e+02    11.895 (    54      0)     8.126 (    24      0)
"eus_2d_advec"                        96       96 4.665600e+04   1.426795e+04   156.116 (     6      0)   142.828 (    38      0)
"eus_bexchV"                          96       96 4.665600e+04   3.343980e+03    42.634 (     9      0)    29.393 (     2      0)
"euler_step_1"                        96       96 1.555200e+04   5.759702e+03    62.579 (    57      0)    57.795 (    14      0)
"euler_step_2"                        96       96 1.555200e+04   1.480097e+04   157.908 (    53      0)   151.584 (     8      0)
"nmm_bexchS_start"                    96       96 1.555200e+04   1.439406e+00     0.024 (    54      0)     0.009 (    31      0)
"biwksc_bexchV"                       96       96 1.555200e+04   1.117000e+03    13.504 (    42      0)    10.455 (     0      0)
"nmm_bexchS_fini"                     96       96 1.555200e+04   7.860902e+02     9.740 (    15      0)     7.407 (    22      0)
"qdp_tavg"                            96       96 1.555200e+04   1.019999e+03    11.325 (    88      0)     8.531 (    22      0)
"vertical_remap"                      96       96 5.184000e+03   1.909280e+03    20.174 (    38      0)    19.544 (    78      0)
"vertical_remap1_1"                   96       96 1.327104e+06   1.028830e+02     1.078 (    41      0)     1.063 (     9      0)
"remap_Q_ppm"                         96       96 3.981312e+06   1.880519e+03    19.852 (    38      0)    19.251 (    78      0)
"vertical_remap1_2"                   96       96 1.327104e+06   1.412410e+02     1.482 (    53      0)     1.455 (    78      0)
"vertical_remap1_3"                   96       96 1.327104e+06   1.640236e+03    17.338 (    38      0)    16.771 (    78      0)
"prim_run_subcyle_diags"              96       96 5.184000e+03   6.811684e+02     8.421 (    10      0)     6.358 (    41      0)
"t_prf"                                0        0 0.000000e+00   0.000000e+00     0.000 (     0      0)     0.000 (     0      0)

