LAST_GIT_COMMIT_SHA:STRING=adf77c97ed8425a245449f2582d2441f4b72da1e

***** GLOBAL STATISTICS (   192 MPI TASKS) *****

$Id: gptl.c,v 1.157 2011-03-28 20:55:18 rosinski Exp $
'count' is cumulative. All other stats are max/min
name                           processes  threads        count      walltotal   wallmax (proc   thrd  )   wallmin (proc   thrd  )
"Total"                              192      192 1.920000e+02   8.203645e+04   427.321 (     4      0)   427.233 (   100      0)
"prim_init1"                         192      192 1.920000e+02   6.987786e+01     0.365 (    54      0)     0.363 (   143      0)
"PartitioningTime"                   192      192 1.920000e+02   3.310006e-01     0.002 (   105      0)     0.002 (    95      0)
"repro_sum_int"                      192      192 8.640000e+03   3.679941e+00     0.029 (    53      0)     0.010 (    89      0)
"prim_init2"                         192      192 1.920000e+02   4.158792e+01     0.225 (    53      0)     0.208 (     7      0)
"prim_printstate"                    192      192 1.920000e+02   7.534925e+00     0.043 (     0      0)     0.039 (    25      0)
"interp_movie_output"                192      192 3.840000e+02   4.375529e-02     0.001 (   172      0)     0.000 (   112      0)
"prim_main_loop"                     192      192 1.920000e+02   8.167814e+04   425.455 (     4      0)   425.367 (   100      0)
"prim_run"                           192      192 2.054400e+04   8.167805e+04   425.454 (     4      0)   425.366 (   100      0)
"ApplyCAMForcing"                    192      192 2.054400e+04   1.565726e+03     9.002 (     2      0)     6.825 (   114      0)
"prim_step_rX"                       192      192 6.163200e+04   7.461332e+04   390.857 (    96      0)   387.105 (     8      0)
"prim_step_dyn"                      192      192 6.163200e+04   1.467104e+04    85.918 (    96      0)    68.057 (     4      0)
"prim_advance_exp"                   192      192 6.163200e+04   1.467053e+04    85.914 (    96      0)    68.055 (     4      0)
"U3-5stage_timestep"                 192      192 6.163200e+04   7.194798e+03    47.758 (    96      0)    29.451 (   191      0)
"compute_and_apply_rhs"              192      192 3.081600e+05   7.067916e+03    47.235 (    96      0)    28.552 (   191      0)
"caar_bexchV"                        192      192 3.081600e+05   3.366599e+03    27.899 (    96      0)     6.736 (   191      0)
"advance_hypervis_dp"                192      192 6.163200e+04   7.474936e+03    44.482 (   181      0)    36.289 (    23      0)
"biwkdp3d_bexchV"                    192      192 1.848960e+05   1.552498e+03    14.223 (   125      0)     4.130 (    20      0)
"ahdp_bexchV2"                       192      192 1.848960e+05   1.572592e+03    15.391 (   174      0)     4.543 (    14      0)
"prim_step_advec"                    192      192 6.163200e+04   5.970029e+04   317.813 (     4      0)   303.327 (    96      0)
"PAT_remap"                          192      192 6.163200e+04   5.970005e+04   317.812 (     4      0)   303.325 (    96      0)
"prim_advec_tracers_remap_rk2"       192      192 6.163200e+04   5.969969e+04   317.811 (     4      0)   303.323 (    96      0)
"precomput_divdp"                    192      192 6.163200e+04   1.293187e+02     0.810 (   144      0)     0.311 (   163      0)
"euler_step_0"                       192      192 6.163200e+04   1.638660e+04    88.556 (    26      0)    80.828 (    92      0)
"bihmix_qminmax"                     192      192 1.848960e+05   2.882240e+04   160.145 (   164      0)   139.163 (   145      0)
"eus_neighbor_minmax1"               192      192 6.163200e+04   4.331157e+03    28.991 (   164      0)    17.427 (   145      0)
"nmm_bexchV"                         192      192 6.163200e+04   2.076737e+03    17.312 (   164      0)     7.556 (   118      0)
"eus_2d_advec"                       192      192 1.848960e+05   2.888876e+04   164.839 (   138      0)   139.009 (    45      0)
"eus_bexchV"                         192      192 1.848960e+05   7.250953e+03    52.850 (   147      0)    28.851 (    45      0)
"euler_step_1"                       192      192 6.163200e+04   1.156558e+04    63.982 (   158      0)    55.975 (   102      0)
"euler_step_2"                       192      192 6.163200e+04   2.976265e+04   160.109 (   164      0)   149.312 (    79      0)
"nmm_bexchS_start"                   192      192 6.163200e+04   5.385423e+00     0.042 (   125      0)     0.014 (     3      0)
"biwksc_bexchV"                      192      192 6.163200e+04   2.413102e+03    16.667 (   163      0)     9.692 (   153      0)
"nmm_bexchS_fini"                    192      192 6.163200e+04   1.523717e+03     9.139 (    35      0)     6.204 (   146      0)
"qdp_tavg"                           192      192 6.163200e+04   1.853353e+03    11.224 (    14      0)     5.763 (   147      0)
"vertical_remap"                     192      192 2.054400e+04   3.794582e+03    20.557 (    20      0)    19.209 (    15      0)
"vertical_remap1_1"                  192      192 2.629632e+06   2.026415e+02     1.096 (    20      0)     1.041 (    15      0)
"remap_Q_ppm"                        192      192 7.888896e+06   3.736091e+03    20.244 (    20      0)    18.915 (    15      0)
"vertical_remap1_2"                  192      192 2.629632e+06   2.807684e+02     1.520 (    18      0)     1.434 (    15      0)
"vertical_remap1_3"                  192      192 2.629632e+06   3.260625e+03    17.672 (    20      0)    16.479 (    15      0)
"prim_run_subcyle_diags"             192      192 2.054400e+04   1.388538e+03     9.220 (    82      0)     5.930 (    96      0)
"t_prf"                                0        0 0.000000e+00   0.000000e+00     0.000 (     0      0)     0.000 (     0      0)

