LAST_GIT_COMMIT_SHA:STRING=adf77c97ed8425a245449f2582d2441f4b72da1e

***** GLOBAL STATISTICS (   192 MPI TASKS) *****

$Id: gptl.c,v 1.157 2011-03-28 20:55:18 rosinski Exp $
'count' is cumulative. All other stats are max/min
name                           processes  threads        count      walltotal   wallmax (proc   thrd  )   wallmin (proc   thrd  )
"Total"                              192      192 1.920000e+02   7.329245e+04   381.839 (   115      0)   381.554 (   176      0)
"prim_init1"                         192      192 1.920000e+02   2.280660e+02     1.190 (    97      0)     1.183 (   166      0)
"PartitioningTime"                   192      192 1.920000e+02   9.468610e-01     0.006 (     0      0)     0.003 (    44      0)
"repro_sum_int"                      192      192 8.640000e+03   3.608024e+00     0.056 (   186      0)     0.006 (     0      0)
"prim_init2"                         192      192 1.920000e+02   1.458511e+02     0.796 (     6      0)     0.749 (    33      0)
"prim_printstate"                    192      192 1.920000e+02   2.846547e+01     0.151 (     0      0)     0.148 (    46      0)
"interp_movie_output"                192      192 3.840000e+02   3.709650e-02     0.000 (   108      0)     0.000 (    55      0)
"prim_main_loop"                     192      192 1.920000e+02   7.164883e+04   373.278 (   115      0)   372.993 (   176      0)
"prim_run"                           192      192 5.184000e+03   7.164877e+04   373.278 (   115      0)   372.993 (   176      0)
"ApplyCAMForcing"                    192      192 5.184000e+03   1.412474e+03     8.139 (    80      0)     6.218 (   182      0)
"prim_step_rX"                       192      192 1.555200e+04   6.535566e+04   342.023 (   164      0)   339.339 (   126      0)
"prim_step_dyn"                      192      192 1.555200e+04   1.231496e+04    78.112 (   164      0)    59.450 (   114      0)
"prim_advance_exp"                   192      192 1.555200e+04   1.231481e+04    78.111 (   164      0)    59.449 (   114      0)
"U3-5stage_timestep"                 192      192 1.555200e+04   6.022339e+03    44.801 (   164      0)    26.956 (   126      0)
"compute_and_apply_rhs"              192      192 7.776000e+04   5.877482e+03    44.148 (   164      0)    26.241 (   126      0)
"caar_bexchV"                        192      192 7.776000e+04   2.295955e+03    26.485 (   164      0)     6.908 (    98      0)
"advance_hypervis_dp"                192      192 1.555200e+04   6.292215e+03    34.216 (   183      0)    30.870 (   158      0)
"biwkdp3d_bexchV"                    192      192 4.665600e+04   9.624456e+02     6.819 (   181      0)     3.606 (   118      0)
"ahdp_bexchV2"                       192      192 4.665600e+04   1.118234e+03     8.271 (   188      0)     4.339 (   113      0)
"prim_step_advec"                    192      192 1.555200e+04   5.282470e+04   279.609 (   114      0)   262.529 (   164      0)
"PAT_remap"                          192      192 1.555200e+04   5.282463e+04   279.608 (   114      0)   262.529 (   164      0)
"prim_advec_tracers_remap_rk2"       192      192 1.555200e+04   5.282452e+04   279.608 (   114      0)   262.528 (   164      0)
"precomput_divdp"                    192      192 1.555200e+04   1.180179e+02     0.698 (   121      0)     0.418 (   169      0)
"euler_step_0"                       192      192 1.555200e+04   1.437065e+04    76.741 (   158      0)    70.733 (   164      0)
"bihmix_qminmax"                     192      192 4.665600e+04   2.548420e+04   137.286 (   132      0)   125.958 (   181      0)
"eus_neighbor_minmax1"               192      192 1.555200e+04   3.680451e+03    21.917 (   169      0)    16.222 (   183      0)
"nmm_bexchV"                         192      192 1.555200e+04   1.613469e+03    11.200 (   169      0)     6.745 (   183      0)
"eus_2d_advec"                       192      192 4.665600e+04   2.552177e+04   142.742 (   181      0)   121.579 (   164      0)
"eus_bexchV"                         192      192 4.665600e+04   6.074666e+03    41.392 (   181      0)    26.723 (   133      0)
"euler_step_1"                       192      192 1.555200e+04   1.018595e+04    54.570 (    60      0)    50.257 (   168      0)
"euler_step_2"                       192      192 1.555200e+04   2.645049e+04   142.959 (   115      0)   130.232 (   164      0)
"nmm_bexchS_start"                   192      192 1.555200e+04   1.509003e+00     0.012 (   118      0)     0.004 (   153      0)
"biwksc_bexchV"                      192      192 1.555200e+04   1.986214e+03    11.880 (    19      0)     8.990 (    63      0)
"nmm_bexchS_fini"                    192      192 1.555200e+04   1.332490e+03     8.613 (    20      0)     5.912 (   181      0)
"qdp_tavg"                           192      192 1.555200e+04   1.698741e+03    10.019 (    81      0)     5.589 (   181      0)
"vertical_remap"                     192      192 5.184000e+03   3.355966e+03    17.982 (   164      0)    17.132 (   146      0)
"vertical_remap1_1"                  192      192 2.332800e+06   1.805305e+02     0.951 (   164      0)     0.927 (   143      0)
"remap_Q_ppm"                        192      192 6.998400e+06   3.304218e+03    17.647 (   164      0)    16.875 (   146      0)
"vertical_remap1_2"                  192      192 2.332800e+06   2.481834e+02     1.305 (    49      0)     1.277 (   100      0)
"vertical_remap1_3"                  192      192 2.332800e+06   2.882448e+03    15.444 (   164      0)    14.696 (   146      0)
"prim_run_subcyle_diags"             192      192 5.184000e+03   1.228373e+03     7.712 (   126      0)     5.229 (   164      0)
"t_prf"                                0        0 0.000000e+00   0.000000e+00     0.000 (     0      0)     0.000 (     0      0)

