LAST_GIT_COMMIT_SHA:STRING=adf77c97ed8425a245449f2582d2441f4b72da1e

***** GLOBAL STATISTICS (  9600 MPI TASKS) *****

$Id: gptl.c,v 1.157 2011-03-28 20:55:18 rosinski Exp $
'count' is cumulative. All other stats are max/min
name                           processes  threads        count      walltotal   wallmax (proc   thrd  )   wallmin (proc   thrd  )
"Total"                             9600     9600 9.600000e+03   3.872215e+06   403.449 (  5280      0)   403.300 (   950      0)
"prim_init1"                        9600     9600 9.600000e+03   1.663382e+04     1.880 (  1175      0)     1.582 (  7013      0)
"PartitioningTime"                  9600     9600 9.600000e+03   4.866058e+01     0.007 (  7219      0)     0.003 (  1147      0)
"repro_sum_int"                     9600     9600 4.320000e+05   5.049643e+03     2.637 (  5294      0)     0.095 (  2809      0)
"prim_init2"                        9600     9600 9.600000e+03   8.601993e+03     2.602 (  9409      0)     0.468 (  6872      0)
"prim_printstate"                   9600     9600 9.600000e+03   1.371995e+03     0.188 (  1230      0)     0.127 (  3499      0)
"interp_movie_output"               9600     9600 1.920000e+04   1.088141e+02     0.038 (   187      0)     0.000 (  4606      0)
"prim_main_loop"                    9600     9600 9.600000e+03   3.781337e+06   393.924 (  5279      0)   393.847 (   962      0)
"prim_run"                          9600     9600 1.280640e+07   3.781270e+06   393.921 (  5279      0)   393.830 (  7007      0)
"ApplyCAMForcing"                   9600     9600 1.280640e+07   6.126547e+04     7.508 (  5242      0)     4.063 (  5820      0)
"prim_step_rX"                      9600     9600 3.841920e+07   3.481467e+06   366.217 (  5820      0)   360.641 (  2654      0)
"prim_step_dyn"                     9600     9600 3.841920e+07   6.420930e+05    95.628 (  9201      0)    47.081 (  4937      0)
"prim_advance_exp"                  9600     9600 3.841920e+07   6.418625e+05    95.602 (  9201      0)    47.057 (  4937      0)
"U3-5stage_timestep"                9600     9600 3.841920e+07   3.447985e+05    65.727 (  4593      0)    22.012 (  8993      0)
"compute_and_apply_rhs"             9600     9600 1.920960e+08   3.425532e+05    65.479 (  4593      0)    21.800 (  8993      0)
"caar_bexchV"                       9600     9600 1.920960e+08   2.230918e+05    52.795 (  4593      0)     9.523 (  8993      0)
"advance_hypervis_dp"               9600     9600 3.841920e+07   2.968829e+05    41.192 (   301      0)    23.047 (  8947      0)
"biwkdp3d_bexchV"                   9600     9600 1.152576e+08   8.113900e+04    16.272 (  1291      0)     4.564 (  8948      0)
"ahdp_bexchV2"                      9600     9600 1.152576e+08   8.372069e+04    16.601 (  7838      0)     4.548 (  8936      0)
"prim_step_advec"                   9600     9600 3.841920e+07   2.830783e+06   313.853 (  4937      0)   268.196 (  9201      0)
"PAT_remap"                         9600     9600 3.841920e+07   2.830680e+06   313.843 (  4937      0)   268.186 (  9201      0)
"prim_advec_tracers_remap_rk2"      9600     9600 3.841920e+07   2.830537e+06   313.830 (  4937      0)   268.172 (  9201      0)
"precomput_divdp"                   9600     9600 3.841920e+07   5.444694e+03     0.892 (  8929      0)     0.319 (   286      0)
"euler_step_0"                      9600     9600 3.841920e+07   7.747015e+05    94.004 (  8905      0)    66.935 (  8298      0)
"bihmix_qminmax"                    9600     9600 1.152576e+08   1.320611e+06   151.627 (  8399      0)   117.892 (  7683      0)
"eus_neighbor_minmax1"              9600     9600 3.841920e+07   2.145001e+05    30.558 (  8399      0)    13.174 (  9171      0)
"nmm_bexchV"                        9600     9600 3.841920e+07   1.355258e+05    23.986 (  8395      0)     6.294 (  8764      0)
"eus_2d_advec"                      9600     9600 1.152576e+08   1.440974e+06   171.709 (  8939      0)   131.316 (  6122      0)
"eus_bexchV"                        9600     9600 1.152576e+08   5.093226e+05    76.092 (  8403      0)    37.440 (  6122      0)
"euler_step_1"                      9600     9600 3.841920e+07   5.510791e+05    65.153 (  8916      0)    52.538 (  9579      0)
"euler_step_2"                      9600     9600 3.841920e+07   1.437314e+06   163.273 (  4926      0)   135.148 (  3624      0)
"nmm_bexchS_start"                  9600     9600 3.841920e+07   2.244052e+03     0.398 (  5025      0)     0.088 (  9340      0)
"biwksc_bexchV"                     9600     9600 3.841920e+07   2.216185e+05    33.264 (   665      0)    15.034 (   242      0)
"nmm_bexchS_fini"                   9600     9600 3.841920e+07   2.665497e+04     4.067 (  8928      0)     1.586 (  3621      0)
"qdp_tavg"                          9600     9600 3.841920e+07   6.133669e+04     8.429 (  2966      0)     4.416 (  9168      0)
"vertical_remap"                    9600     9600 1.280640e+07   1.683324e+05    18.744 (  5699      0)    16.892 (  6944      0)
"vertical_remap1_1"                 9600     9600 1.152576e+08   9.376012e+03     1.036 (  8874      0)     0.937 (  1105      0)
"remap_Q_ppm"                       9600     9600 3.457728e+08   1.653275e+05    18.383 (  5699      0)    16.613 (  4839      0)
"vertical_remap1_2"                 9600     9600 1.152576e+08   1.239955e+04     1.350 (  5699      0)     1.266 (  4760      0)
"vertical_remap1_3"                 9600     9600 1.152576e+08   1.440333e+05    16.058 (  5699      0)    14.430 (  6944      0)
"prim_run_subcyle_diags"            9600     9600 1.280640e+07   5.969956e+04     7.557 (  3263      0)     4.670 (  5820      0)
"t_prf"                                0        0 0.000000e+00   0.000000e+00     0.000 (     0      0)     0.000 (     0      0)

