LAST_GIT_COMMIT_SHA:STRING=adf77c97ed8425a245449f2582d2441f4b72da1e

***** GLOBAL STATISTICS (  1536 MPI TASKS) *****

$Id: gptl.c,v 1.157 2011-03-28 20:55:18 rosinski Exp $
'count' is cumulative. All other stats are max/min
name                           processes  threads        count      walltotal   wallmax (proc   thrd  )   wallmin (proc   thrd  )
"Total"                             1536     1536 1.536000e+03   1.381054e+05    89.929 (    70      0)    89.908 (  1096      0)
"prim_init1"                        1536     1536 1.536000e+03   3.125152e+02     0.213 (     0      0)     0.198 (  1395      0)
"PartitioningTime"                  1536     1536 1.536000e+03   2.117844e+00     0.002 (  1389      0)     0.000 (    48      0)
"repro_sum_int"                     1536     1536 6.912000e+04   6.869200e+01     0.134 (    53      0)     0.015 (  1201      0)
"prim_init2"                        1536     1536 1.536000e+03   1.369586e+02     0.179 (     0      0)     0.061 (   310      0)
"prim_printstate"                   1536     1536 1.536000e+03   3.257921e+01     0.025 (   133      0)     0.020 (  1534      0)
"interp_movie_output"               1536     1536 3.072000e+03   1.286994e+00     0.002 (   721      0)     0.000 (   652      0)
"prim_main_loop"                    1536     1536 1.536000e+03   1.372826e+05    89.379 (    70      0)    89.374 (   260      0)
"prim_run"                          1536     1536 3.932160e+06   1.372778e+05    89.376 (  1114      0)    89.371 (   260      0)
"ApplyCAMForcing"                   1536     1536 3.932160e+06   6.778489e+02     0.460 (   683      0)     0.435 (   959      0)
"prim_step_rX"                      1536     1536 1.179648e+07   1.298311e+05    84.647 (  1194      0)    84.304 (    38      0)
"prim_step_dyn"                     1536     1536 1.179648e+07   3.990048e+04    32.925 (  1500      0)    20.756 (   557      0)
"prim_advance_exp"                  1536     1536 1.179648e+07   3.987823e+04    32.910 (  1500      0)    20.742 (   557      0)
"U3-5stage_timestep"                1536     1536 1.179648e+07   2.140583e+04    20.773 (  1054      0)     9.688 (   553      0)
"compute_and_apply_rhs"             1536     1536 5.898240e+07   2.130431e+04    20.707 (  1054      0)     9.620 (   553      0)
"caar_bexchV"                       1536     1536 5.898240e+07   1.726131e+04    18.070 (  1054      0)     7.002 (   553      0)
"advance_hypervis_dp"               1536     1536 1.179648e+07   1.844032e+04    15.023 (  1002      0)    10.774 (   482      0)
"biwkdp3d_bexchV"                   1536     1536 3.538944e+07   6.899365e+03     6.125 (  1002      0)     3.803 (   559      0)
"ahdp_bexchV2"                      1536     1536 3.538944e+07   7.031277e+03     6.304 (   789      0)     3.952 (   519      0)
"prim_step_advec"                   1536     1536 1.179648e+07   8.973406e+04    63.571 (   725      0)    51.520 (  1500      0)
"PAT_remap"                         1536     1536 1.179648e+07   8.971834e+04    63.562 (   725      0)    51.510 (  1500      0)
"prim_advec_tracers_remap_rk2"      1536     1536 1.179648e+07   8.969688e+04    63.548 (   725      0)    51.496 (  1500      0)
"precomput_divdp"                   1536     1536 1.179648e+07   1.293847e+02     0.101 (   149      0)     0.065 (   719      0)
"euler_step_0"                      1536     1536 1.179648e+07   2.553842e+04    19.812 (   725      0)    12.924 (  1500      0)
"bihmix_qminmax"                    1536     1536 3.538944e+07   4.110911e+04    32.268 (   725      0)    20.795 (  1460      0)
"eus_neighbor_minmax1"              1536     1536 1.179648e+07   8.210589e+03     7.736 (   545      0)     3.132 (  1527      0)
"nmm_bexchV"                        1536     1536 1.179648e+07   6.559259e+03     6.581 (   545      0)     2.181 (  1020      0)
"eus_2d_advec"                      1536     1536 3.538944e+07   4.690292e+04    37.964 (   727      0)    24.472 (  1505      0)
"eus_bexchV"                        1536     1536 3.538944e+07   2.483266e+04    23.785 (   727      0)    10.145 (  1505      0)
"euler_step_1"                      1536     1536 1.179648e+07   1.539190e+04    11.150 (   151      0)     8.455 (  1055      0)
"euler_step_2"                      1536     1536 1.179648e+07   4.717118e+04    33.239 (  1154      0)    27.245 (  1503      0)
"nmm_bexchS_start"                  1536     1536 1.179648e+07   2.948473e+02     0.366 (  1358      0)     0.075 (  1293      0)
"biwksc_bexchV"                     1536     1536 1.179648e+07   1.275444e+04    11.428 (   553      0)     4.730 (  1460      0)
"nmm_bexchS_fini"                   1536     1536 1.179648e+07   3.381428e+01     0.038 (     0      0)     0.015 (   795      0)
"qdp_tavg"                          1536     1536 1.179648e+07   1.394283e+03     0.951 (  1392      0)     0.892 (   880      0)
"vertical_remap"                    1536     1536 3.932160e+06   5.660187e+03     3.832 (   679      0)     3.594 (   204      0)
"vertical_remap1_1"                 1536     1536 3.932160e+06   3.316266e+02     0.227 (  1394      0)     0.210 (  1445      0)
"remap_Q_ppm"                       1536     1536 1.179648e+07   5.548196e+03     3.756 (   679      0)     3.520 (   204      0)
"vertical_remap1_2"                 1536     1536 3.932160e+06   4.222028e+02     0.287 (  1392      0)     0.270 (   204      0)
"vertical_remap1_3"                 1536     1536 3.932160e+06   4.810870e+03     3.258 (   685      0)     3.046 (   204      0)
"prim_run_subcyle_diags"            1536     1536 3.932160e+06   8.504659e+02     0.673 (   998      0)     0.492 (    13      0)
"t_prf"                                0        0 0.000000e+00   0.000000e+00     0.000 (     0      0)     0.000 (     0      0)

