LAST_GIT_COMMIT_SHA:STRING=4790f40f2fb6acbc051ce4c988681a628c18e83d

***** GLOBAL STATISTICS (  1200 MPI TASKS) *****

$Id: gptl.c,v 1.157 2011-03-28 20:55:18 rosinski Exp $
'count' is cumulative. All other stats are max/min
name                               processes  threads        count      walltotal   wallmax (proc   thrd  )   wallmin (proc   thrd  )
Total                                   1200     1200 1.200000e+03   3.815558e+05   317.987 (   896      0)   317.939 (  1122      0)
prim_init1                              1200     1200 1.200000e+03   5.872137e+02     0.495 (   174      0)     0.481 (   418      0)
repro_sum_int                           1200     1200 5.400000e+04   4.555004e+01     0.098 (    20      0)     0.017 (  1024      0)
prim_init2                              1200     1200 1.200000e+03   3.320073e+02     0.345 (    14      0)     0.251 (    55      0)
prim_printstate                         1200     1200 1.200000e+03   4.643221e+01     0.045 (     0      0)     0.036 (   514      0)
interp_movie_output                     1200     1200 2.400000e+03   8.195400e-01     0.002 (   462      0)     0.000 (   803      0)
prim_main_loop                          1200     1200 1.200000e+03   3.774084e+05   314.533 (   894      0)   314.481 (  1122      0)
prim_run                                1200     1200 4.008000e+05   3.774059e+05   314.531 (   896      0)   314.479 (  1122      0)
tl-sc prim_run_subcycle_c               1200     1200 4.008000e+05   3.773673e+05   314.499 (   896      0)   314.449 (  1122      0)
tl-sc dp3d-from-ps                      1200     1200 4.008000e+05   4.757933e+01     0.056 (   890      0)     0.025 (   842      0)
tl-sc prim_step-loop                    1200     1200 4.008000e+05   3.543360e+05   296.412 (   839      0)   294.349 (   890      0)
tl-s prim_step                          1200     1200 1.202400e+06   3.543315e+05   296.411 (   839      0)   294.342 (   890      0)
tl-s deep_copy+derived_dp               1200     1200 1.202400e+06   8.383515e+02     1.024 (   793      0)     0.293 (   838      0)
tl-s prim_advance_exp-loop              1200     1200 1.202400e+06   6.855201e+04    69.093 (   825      0)    45.952 (   900      0)
tl-ae prim_advance_exp                  1200     1200 1.202400e+06   6.854747e+04    69.090 (   825      0)    45.948 (   900      0)
tl-ae U3-5stage_timestep                1200     1200 1.202400e+06   3.410491e+04    41.762 (   830      0)    20.771 (   721      0)
caar compute                            1200     1200 6.012000e+06   1.241315e+04    12.102 (   890      0)     9.106 (   838      0)
caar_bexchV                             1200     1200 6.012000e+06   2.119932e+04    31.329 (   825      0)     9.075 (   810      0)
tl-ae advance_hypervis_dp               1200     1200 1.202400e+06   3.443469e+04    34.724 (   286      0)    23.170 (   188      0)
hvf-bhwk                                1200     1200 3.607200e+06   2.045624e+04    23.516 (   506      0)    13.328 (  1198      0)
hvf-bexch                               1200     1200 7.214400e+06   1.994400e+04    22.663 (   287      0)    10.064 (   900      0)
tl-s prim_advec_tracers_remap           1200     1200 1.202400e+06   2.849277e+05   247.889 (   896      0)   225.367 (   830      0)
tl-at prim_advec_tracers_remap_RK2      1200     1200 1.202400e+06   2.849212e+05   247.883 (   896      0)   225.361 (   830      0)
tl-at precompute_divdp                  1200     1200 1.202400e+06   4.812235e+02     0.568 (   894      0)     0.211 (   700      0)
tl-at esf-0                             1200     1200 1.202400e+06   7.847955e+04    70.395 (   912      0)    59.843 (   617      0)
tl-at esf-1                             1200     1200 1.202400e+06   6.042383e+04    52.699 (  1011      0)    47.114 (   833      0)
tl-at esf-2                             1200     1200 1.202400e+06   1.369681e+05   119.739 (  1155      0)   106.527 (   819      0)
tl-at qdp_time_avg                      1200     1200 1.202400e+06   8.527185e+03     8.800 (   897      0)     3.875 (   838      0)
tl-sc vertical_remap                    1200     1200 4.008000e+05   1.976612e+04    17.417 (  1028      0)    15.642 (   836      0)
Remap Thickness Functor                 1200     1200 4.008000e+05   1.850872e+02     0.201 (   890      0)     0.115 (  1105      0)
Remap Scale States Functor              1200     1200 4.008000e+05   1.318697e+02     0.186 (   792      0)     0.043 (   842      0)
Remap Compute Grids Functor             1200     1200 4.008000e+05   1.147626e+03     1.606 (  1028      0)     0.575 (   838      0)
Remap Compute Remap Functor             1200     1200 4.008000e+05   1.814658e+04    15.750 (   892      0)    14.684 (   905      0)
Remap Rescale States Functor            1200     1200 4.008000e+05   1.421045e+02     0.172 (   802      0)     0.098 (   608      0)
tl-sc Q-from-qdp                        1200     1200 4.008000e+05   3.211610e+03     3.130 (   576      0)     2.196 (   865      0)
t_prf                                      0        0 0.000000e+00   0.000000e+00     0.000 (     0      0)     0.000 (     0      0)

