LAST_GIT_COMMIT_SHA:STRING=adf77c97ed8425a245449f2582d2441f4b72da1e

***** GLOBAL STATISTICS (   480 MPI TASKS) *****

$Id: gptl.c,v 1.157 2011-03-28 20:55:18 rosinski Exp $
'count' is cumulative. All other stats are max/min
name                           processes  threads        count      walltotal   wallmax (proc   thrd  )   wallmin (proc   thrd  )
"Total"                              480      480 4.800000e+02   1.659078e+05   345.691 (    62      0)   345.589 (   245      0)
"prim_init1"                         480      480 4.800000e+02   2.271866e+02     0.476 (   147      0)     0.467 (   450      0)
"PartitioningTime"                   480      480 4.800000e+02   9.945402e-01     0.002 (   202      0)     0.002 (   406      0)
"repro_sum_int"                      480      480 2.160000e+04   7.208083e+00     0.022 (   171      0)     0.010 (   142      0)
"prim_init2"                         480      480 4.800000e+02   7.115864e+01     0.156 (   112      0)     0.143 (   161      0)
"prim_printstate"                    480      480 4.800000e+02   1.202495e+01     0.031 (     0      0)     0.025 (   244      0)
"interp_movie_output"                480      480 9.600000e+02   1.064744e-01     0.000 (   383      0)     0.000 (   207      0)
"prim_main_loop"                     480      480 4.800000e+02   1.643081e+05   342.358 (    62      0)   342.256 (   245      0)
"prim_run"                           480      480 6.432000e+04   1.643077e+05   342.357 (    62      0)   342.254 (   245      0)
"ApplyCAMForcing"                    480      480 6.432000e+04   3.033213e+03     7.314 (    53      0)     4.771 (   315      0)
"prim_step_rX"                       480      480 1.929600e+05   1.505016e+05   316.369 (   245      0)   312.050 (   218      0)
"prim_step_dyn"                      480      480 1.929600e+05   3.109213e+04    77.736 (   245      0)    54.031 (    62      0)
"prim_advance_exp"                   480      480 1.929600e+05   3.109061e+04    77.733 (   245      0)    54.028 (    62      0)
"U3-5stage_timestep"                 480      480 1.929600e+05   1.527600e+04    49.860 (   245      0)    23.665 (   339      0)
"compute_and_apply_rhs"              480      480 9.648000e+05   1.504666e+04    49.464 (   245      0)    23.196 (   339      0)
"caar_bexchV"                        480      480 9.648000e+05   8.122936e+03    35.465 (   245      0)     5.802 (   292      0)
"advance_hypervis_dp"                480      480 1.929600e+05   1.581239e+04    41.037 (   388      0)    26.101 (   315      0)
"biwkdp3d_bexchV"                    480      480 5.788800e+05   3.863963e+03    15.057 (   388      0)     3.359 (    57      0)
"ahdp_bexchV2"                       480      480 5.788800e+05   3.939596e+03    15.965 (   397      0)     3.802 (    54      0)
"prim_step_advec"                    480      480 1.929600e+05   1.189520e+05   257.668 (    62      0)   237.159 (   383      0)
"PAT_remap"                          480      480 1.929600e+05   1.189512e+05   257.667 (    62      0)   237.157 (   383      0)
"prim_advec_tracers_remap_rk2"       480      480 1.929600e+05   1.189502e+05   257.665 (    62      0)   237.155 (   383      0)
"precomput_divdp"                    480      480 1.929600e+05   2.436596e+02     0.667 (   289      0)     0.237 (     0      0)
"euler_step_0"                       480      480 1.929600e+05   3.272195e+04    73.357 (   241      0)    60.666 (   319      0)
"bihmix_qminmax"                     480      480 5.788800e+05   5.708162e+04   128.108 (    88      0)   107.704 (   385      0)
"eus_neighbor_minmax1"               480      480 1.929600e+05   8.850013e+03    24.755 (    32      0)    14.208 (   435      0)
"nmm_bexchV"                         480      480 1.929600e+05   4.500180e+03    16.173 (   414      0)     6.376 (   119      0)
"eus_2d_advec"                       480      480 5.788800e+05   5.809738e+04   133.565 (   218      0)   105.660 (   260      0)
"eus_bexchV"                         480      480 5.788800e+05   1.546601e+04    47.510 (    43      0)    22.393 (   382      0)
"euler_step_1"                       480      480 1.929600e+05   2.311197e+04    53.958 (   448      0)    40.144 (   260      0)
"euler_step_2"                       480      480 1.929600e+05   5.935620e+04   129.077 (    61      0)   115.807 (   183      0)
"nmm_bexchS_start"                   480      480 1.929600e+05   1.482755e+01     0.058 (   360      0)     0.013 (   131      0)
"biwksc_bexchV"                      480      480 1.929600e+05   5.160526e+03    13.891 (   418      0)     7.820 (   165      0)
"nmm_bexchS_fini"                    480      480 1.929600e+05   2.877330e+03     7.229 (   296      0)     3.757 (   169      0)
"qdp_tavg"                           480      480 1.929600e+05   3.510191e+03     8.981 (    56      0)     4.079 (    11      0)
"vertical_remap"                     480      480 6.432000e+04   7.445618e+03    16.180 (   315      0)    15.168 (   332      0)
"vertical_remap1_1"                  480      480 5.145600e+06   3.968107e+02     0.839 (   315      0)     0.818 (   332      0)
"remap_Q_ppm"                        480      480 1.543680e+07   7.329584e+03    15.836 (   315      0)    14.940 (   332      0)
"vertical_remap1_2"                  480      480 5.145600e+06   5.496389e+02     1.154 (    98      0)     1.130 (   208      0)
"vertical_remap1_3"                  480      480 5.145600e+06   6.398931e+03    13.892 (   315      0)    13.023 (   332      0)
"prim_run_subcyle_diags"             480      480 6.432000e+04   2.744025e+03     7.488 (    11      0)     4.378 (   315      0)
"t_prf"                                0        0 0.000000e+00   0.000000e+00     0.000 (     0      0)     0.000 (     0      0)

