LAST_GIT_COMMIT_SHA:STRING=4790f40f2fb6acbc051ce4c988681a628c18e83d

***** GLOBAL STATISTICS ( 19200 MPI TASKS) *****

$Id: gptl.c,v 1.157 2011-03-28 20:55:18 rosinski Exp $
'count' is cumulative. All other stats are max/min
name                               processes  threads        count      walltotal   wallmax (proc   thrd  )   wallmin (proc   thrd  )
Total                                  19200    19200 1.920000e+04   6.837571e+06   356.533 ( 13919      0)   355.815 (  2821      0)
prim_init1                             19200    19200 1.920000e+04   1.537794e+05     8.804 (  5594      0)     7.164 ( 14416      0)
repro_sum_int                          19200    19200 8.640000e+05   1.918173e+04     2.572 (  4680      0)     0.335 ( 13051      0)
prim_init2                             19200    19200 1.920000e+04   1.136831e+05     7.835 ( 16728      0)     3.209 (   612      0)
prim_printstate                        19200    19200 1.920000e+04   1.209536e+04     0.846 (  3685      0)     0.471 (  1997      0)
interp_movie_output                    19200    19200 3.840000e+04   1.193839e+03     0.177 (  1762      0)     0.000 ( 18717      0)
prim_main_loop                         19200    19200 1.920000e+04   6.456509e+06   336.482 ( 17959      0)   336.148 (  1760      0)
prim_run                               19200    19200 1.024128e+08   6.456123e+06   336.452 ( 17962      0)   336.127 (  4131      0)
tl-sc prim_run_subcycle_c              19200    19200 1.024128e+08   6.453824e+06   336.255 ( 10773      0)   335.945 ( 10883      0)
tl-sc dp3d-from-ps                     19200    19200 1.024128e+08   1.414114e+03     0.234 (  7224      0)     0.029 (  1749      0)
tl-sc prim_step-loop                   19200    19200 1.024128e+08   6.085733e+06   317.946 ( 13866      0)   315.693 ( 10884      0)
tl-s prim_step                         19200    19200 3.072384e+08   6.085253e+06   317.925 ( 13866      0)   315.657 ( 10884      0)
tl-s deep_copy+derived_dp              19200    19200 3.072384e+08   1.031319e+04     0.757 (  7163      0)     0.404 (  5780      0)
tl-s prim_advance_exp-loop             19200    19200 3.072384e+08   1.700861e+06   109.328 (  4729      0)    64.674 (  9916      0)
tl-ae prim_advance_exp                 19200    19200 3.072384e+08   1.700372e+06   109.299 (  4729      0)    64.651 (  9916      0)
tl-ae U3-5stage_timestep               19200    19200 3.072384e+08   8.534887e+05    63.983 (  2105      0)    28.033 (  9916      0)
caar compute                           19200    19200 1.536192e+09   1.804018e+05    10.178 ( 12360      0)     8.911 ( 16011      0)
caar_bexchV                            19200    19200 1.536192e+09   6.646270e+05    53.993 (  5878      0)    18.252 (  9916      0)
tl-ae advance_hypervis_dp              19200    19200 3.072384e+08   8.460742e+05    57.377 (  5099      0)    35.613 ( 14755      0)
hvf-bhwk                               19200    19200 9.217152e+08   4.875043e+05    33.450 (  1204      0)    20.838 ( 11440      0)
hvf-bexch                              19200    19200 1.843430e+09   6.235918e+05    45.910 (  5012      0)    23.911 ( 14780      0)
tl-s prim_advec_tracers_remap          19200    19200 3.072384e+08   4.372111e+06   251.831 (  9916      0)   207.435 (  4729      0)
tl-at prim_advec_tracers_remap_RK2     19200    19200 3.072384e+08   4.371410e+06   251.776 (  9916      0)   207.403 (  4729      0)
tl-at precompute_divdp                 19200    19200 3.072384e+08   9.692222e+03     0.869 (   959      0)     0.322 (  4578      0)
tl-at esf-0                            19200    19200 3.072384e+08   1.356083e+06    83.288 ( 14280      0)    58.780 ( 18233      0)
tl-at esf-1                            19200    19200 3.072384e+08   8.072876e+05    46.340 ( 13217      0)    36.909 (  1097      0)
tl-at esf-2                            19200    19200 3.072384e+08   2.118113e+06   130.606 ( 11463      0)   100.292 (  1048      0)
tl-at qdp_time_avg                     19200    19200 3.072384e+08   7.692098e+04     4.756 (  7163      0)     3.752 (  4652      0)
tl-sc vertical_remap                   19200    19200 1.024128e+08   3.246401e+05    18.087 ( 18363      0)    15.927 ( 15721      0)
Remap Thickness Functor                19200    19200 1.024128e+08   6.210612e+03     0.676 ( 18792      0)     0.142 ( 16850      0)
Remap Scale States Functor             19200    19200 1.024128e+08   1.588666e+03     0.222 ( 14330      0)     0.045 ( 17346      0)
Remap Compute Grids Functor            19200    19200 1.024128e+08   1.439694e+04     1.108 (  1202      0)     0.592 ( 14530      0)
Remap Compute Remap Functor            19200    19200 1.024128e+08   2.908643e+05    15.967 ( 15893      0)    14.677 ( 14473      0)
Remap Rescale States Functor           19200    19200 1.024128e+08   2.005707e+03     0.111 (  1824      0)     0.103 ( 16217      0)
tl-sc Q-from-qdp                       19200    19200 1.024128e+08   4.151629e+04     2.286 ( 15144      0)     2.143 ( 14009      0)
t_prf                                      0        0 0.000000e+00   0.000000e+00     0.000 (     0      0)     0.000 (     0      0)

