LAST_GIT_COMMIT_SHA:STRING=4790f40f2fb6acbc051ce4c988681a628c18e83d

***** GLOBAL STATISTICS (   192 MPI TASKS) *****

$Id: gptl.c,v 1.157 2011-03-28 20:55:18 rosinski Exp $
'count' is cumulative. All other stats are max/min
name                               processes  threads        count      walltotal   wallmax (proc   thrd  )   wallmin (proc   thrd  )
Total                                    192      192 1.920000e+02   1.424434e+04    74.191 (    23      0)    74.187 (   188      0)
prim_init1                               192      192 1.920000e+02   1.559464e+01     0.082 (     0      0)     0.080 (   157      0)
repro_sum_int                            192      192 8.640000e+03   1.802004e+00     0.013 (   168      0)     0.006 (    94      0)
prim_init2                               192      192 1.920000e+02   1.466138e+01     0.080 (   176      0)     0.074 (    70      0)
prim_printstate                          192      192 1.920000e+02   2.519541e+00     0.015 (     0      0)     0.013 (   155      0)
interp_movie_output                      192      192 3.840000e+02   3.756189e-02     0.000 (   131      0)     0.000 (    16      0)
prim_main_loop                           192      192 1.920000e+02   1.419603e+04    73.940 (    23      0)    73.935 (   188      0)
prim_run                                 192      192 6.144000e+04   1.419580e+04    73.939 (    23      0)    73.934 (   188      0)
tl-sc prim_run_subcycle_c                192      192 6.144000e+04   1.419405e+04    73.931 (    23      0)    73.923 (   120      0)
tl-sc dp3d-from-ps                       192      192 6.144000e+04   1.902098e+00     0.012 (   120      0)     0.008 (    98      0)
tl-sc prim_step-loop                     192      192 6.144000e+04   1.331588e+04    69.477 (     5      0)    69.211 (   121      0)
tl-s prim_step                           192      192 1.843200e+05   1.331530e+04    69.475 (     5      0)    69.207 (   121      0)
tl-s deep_copy+derived_dp                192      192 1.843200e+05   3.017196e+01     0.209 (   120      0)     0.093 (    37      0)
tl-s prim_advance_exp-loop               192      192 1.843200e+05   1.661875e+03     9.872 (   116      0)     7.242 (    37      0)
tl-ae prim_advance_exp                   192      192 1.843200e+05   1.661438e+03     9.869 (   116      0)     7.240 (    37      0)
tl-ae U3-5stage_timestep                 192      192 1.843200e+05   9.228015e+02     6.022 (   116      0)     3.438 (    37      0)
caar compute                             192      192 9.216000e+05   4.255058e+02     2.357 (   120      0)     2.103 (    58      0)
caar_bexchV                              192      192 9.216000e+05   4.847984e+02     3.650 (   116      0)     1.268 (    37      0)
tl-ae advance_hypervis_dp                192      192 1.843200e+05   7.379961e+02     4.058 (   182      0)     3.763 (    47      0)
hvf-bhwk                                 192      192 5.529600e+05   5.207548e+02     2.929 (   182      0)     2.642 (   149      0)
hvf-bexch                                192      192 1.105920e+06   2.377207e+02     1.501 (   127      0)     1.128 (    39      0)
tl-s prim_advec_tracers_remap            192      192 1.843200e+05   1.162206e+04    62.080 (    37      0)    59.216 (   116      0)
tl-at prim_advec_tracers_remap_RK2       192      192 1.843200e+05   1.162140e+04    62.077 (    37      0)    59.212 (   116      0)
tl-at precompute_divdp                   192      192 1.843200e+05   1.814034e+01     0.135 (   142      0)     0.065 (   164      0)
tl-at esf-0                              192      192 1.843200e+05   3.344013e+03    18.602 (    39      0)    15.800 (   113      0)
tl-at esf-1                              192      192 1.843200e+05   2.415565e+03    13.278 (    38      0)    12.299 (   118      0)
tl-at esf-2                              192      192 1.843200e+05   5.561084e+03    30.250 (    26      0)    27.883 (   120      0)
tl-at qdp_time_avg                       192      192 1.843200e+05   2.776965e+02     1.656 (   134      0)     1.157 (    98      0)
tl-sc vertical_remap                     192      192 6.144000e+04   7.588746e+02     4.101 (   121      0)     3.826 (    48      0)
Remap Thickness Functor                  192      192 6.144000e+04   7.670578e+00     0.048 (   120      0)     0.032 (    37      0)
Remap Scale States Functor               192      192 6.144000e+04   4.439753e+00     0.033 (   120      0)     0.012 (    58      0)
Remap Compute Grids Functor              192      192 6.144000e+04   4.174466e+01     0.302 (   121      0)     0.149 (    37      0)
Remap Compute Remap Functor              192      192 6.144000e+04   6.980283e+02     3.683 (    10      0)     3.557 (   146      0)
Remap Rescale States Functor             192      192 6.144000e+04   5.515893e+00     0.038 (    37      0)     0.024 (   158      0)
tl-sc Q-from-qdp                         192      192 6.144000e+04   1.166784e+02     0.642 (   130      0)     0.574 (    17      0)
t_prf                                      0        0 0.000000e+00   0.000000e+00     0.000 (     0      0)     0.000 (     0      0)

