LAST_GIT_COMMIT_SHA:STRING=adf77c97ed8425a245449f2582d2441f4b72da1e

***** GLOBAL STATISTICS ( 38400 MPI TASKS) *****

$Id: gptl.c,v 1.157 2011-03-28 20:55:18 rosinski Exp $
'count' is cumulative. All other stats are max/min
name                           processes  threads        count      walltotal   wallmax (proc   thrd  )   wallmin (proc   thrd  )
"Total"                            38400    38400 3.840000e+04   1.486691e+07   387.416 (  7944      0)   387.050 ( 29036      0)
"prim_init1"                       38400    38400 3.840000e+04   1.782581e+05     4.912 ( 16974      0)     4.251 ( 36350      0)
"PartitioningTime"                 38400    38400 3.840000e+04   6.473691e+02     0.062 ( 20950      0)     0.001 (  2815      0)
"repro_sum_int"                    38400    38400 1.728000e+06   2.971559e+04     7.327 ( 26186      0)     0.169 ( 15210      0)
"prim_init2"                       38400    38400 3.840000e+04   6.875408e+04     7.091 ( 26194      0)     1.174 ( 27440      0)
"prim_printstate"                  38400    38400 3.840000e+04   7.126542e+03     0.257 ( 11930      0)     0.148 ( 29788      0)
"interp_movie_output"              38400    38400 7.680000e+04   1.223393e+03     0.104 (  4996      0)     0.000 ( 23800      0)
"prim_main_loop"                   38400    38400 3.840000e+04   1.428967e+07   372.188 (  9989      0)   372.043 ( 30567      0)
"prim_run"                         38400    38400 4.096128e+08   1.428856e+07   372.179 ( 23805      0)   372.008 ( 12635      0)
"ApplyCAMForcing"                  38400    38400 4.096128e+08   7.156152e+04     1.985 ( 37032      0)     1.808 ( 35974      0)
"prim_step_rX"                     38400    38400 1.228838e+09   1.350218e+07   352.710 ( 26207      0)   349.806 ( 36286      0)
"prim_step_dyn"                    38400    38400 1.228838e+09   4.544769e+06   148.718 (  9501      0)    94.186 ( 23674      0)
"prim_advance_exp"                 38400    38400 1.228838e+09   4.541617e+06   148.638 (  9501      0)    94.104 ( 23674      0)
"U3-5stage_timestep"               38400    38400 1.228838e+09   2.293137e+06    91.070 (  6624      0)    36.475 (  8255      0)
"compute_and_apply_rhs"            38400    38400 6.144192e+09   2.281838e+06    90.675 (  6624      0)    36.192 (  8255      0)
"caar_bexchV"                      38400    38400 6.144192e+09   1.859158e+06    79.613 (  6622      0)    24.887 (  8255      0)
"advance_hypervis_dp"              38400    38400 1.228838e+09   2.245254e+06    79.245 ( 16341      0)    44.947 ( 37090      0)
"biwkdp3d_bexchV"                  38400    38400 3.686515e+09   8.727520e+05    37.752 ( 16170      0)    15.822 ( 37089      0)
"ahdp_bexchV2"                     38400    38400 3.686515e+09   9.029309e+05    38.756 ( 16256      0)    16.253 ( 37090      0)
"prim_step_advec"                  38400    38400 1.228838e+09   8.937399e+06   256.175 ( 23674      0)   202.161 ( 16238      0)
"PAT_remap"                        38400    38400 1.228838e+09   8.935819e+06   256.137 ( 23674      0)   202.115 ( 16238      0)
"prim_advec_tracers_remap_rk2"     38400    38400 1.228838e+09   8.933690e+06   256.079 ( 23674      0)   202.059 ( 16238      0)
"precomput_divdp"                  38400    38400 1.228838e+09   1.316460e+04     0.479 ( 26376      0)     0.241 ( 10724      0)
"euler_step_0"                     38400    38400 1.228838e+09   2.486709e+06    78.403 ( 36833      0)    50.260 ( 16033      0)
"bihmix_qminmax"                   38400    38400 3.686515e+09   4.122855e+06   130.262 ( 23674      0)    84.938 ( 18547      0)
"eus_neighbor_minmax1"             38400    38400 1.228838e+09   7.692264e+05    31.018 ( 15886      0)    11.917 (  3602      0)
"nmm_bexchV"                       38400    38400 1.228838e+09   6.147887e+05    27.123 ( 16334      0)     8.518 (  3602      0)
"eus_2d_advec"                     38400    38400 3.686515e+09   4.634912e+06   152.365 ( 14179      0)    99.016 ( 28529      0)
"eus_bexchV"                       38400    38400 3.686515e+09   2.388026e+06    94.902 ( 14179      0)    39.940 ( 28529      0)
"euler_step_1"                     38400    38400 1.228838e+09   1.538212e+06    48.203 (  6569      0)    33.557 (  5519      0)
"euler_step_2"                     38400    38400 1.228838e+09   4.743579e+06   135.409 ( 32324      0)   106.623 ( 16238      0)
"nmm_bexchS_start"                 38400    38400 1.228838e+09   2.914206e+04     1.756 ( 22430      0)     0.281 ( 10702      0)
"biwksc_bexchV"                    38400    38400 1.228838e+09   1.259194e+06    47.437 ( 14183      0)    17.753 ( 20043      0)
"nmm_bexchS_fini"                  38400    38400 1.228838e+09   3.401165e+03     0.203 ( 32832      0)     0.060 ( 18897      0)
"qdp_tavg"                         38400    38400 1.228838e+09   1.448691e+05     4.008 ( 36264      0)     3.704 (  2984      0)
"vertical_remap"                   38400    38400 4.096128e+08   5.933220e+05    16.455 ( 36286      0)    14.804 ( 26207      0)
"vertical_remap1_1"                38400    38400 4.096128e+08   3.671010e+04     1.026 (  8050      0)     0.856 ( 26444      0)
"remap_Q_ppm"                      38400    38400 1.228838e+09   5.791163e+05    16.059 ( 36286      0)    14.486 ( 26207      0)
"vertical_remap1_2"                38400    38400 4.096128e+08   4.389490e+04     1.206 ( 37048      0)     1.117 ( 26207      0)
"vertical_remap1_3"                38400    38400 4.096128e+08   5.019961e+05    13.981 ( 36286      0)    12.544 ( 26207      0)
"prim_run_subcyle_diags"           38400    38400 4.096128e+08   9.327227e+04     3.520 ( 23582      0)     1.998 ( 14264      0)
"t_prf"                                0        0 0.000000e+00   0.000000e+00     0.000 (     0      0)     0.000 (     0      0)

