LAST_GIT_COMMIT_SHA:STRING=4790f40f2fb6acbc051ce4c988681a628c18e83d

***** GLOBAL STATISTICS (  3456 MPI TASKS) *****

$Id: gptl.c,v 1.157 2011-03-28 20:55:18 rosinski Exp $
'count' is cumulative. All other stats are max/min
name                               processes  threads        count      walltotal   wallmax (proc   thrd  )   wallmin (proc   thrd  )
Total                                   3456     3456 3.456000e+03   1.279954e+06   370.404 (     6      0)   370.310 (  3329      0)
prim_init1                              3456     3456 3.456000e+03   3.831545e+03     1.157 (    52      0)     1.057 (  3026      0)
repro_sum_int                           3456     3456 1.555200e+05   6.191658e+02     0.559 (    17      0)     0.052 (  1279      0)
prim_init2                              3456     3456 3.456000e+03   2.178298e+03     0.914 (     7      0)     0.440 (   986      0)
prim_printstate                         3456     3456 3.456000e+03   3.197851e+02     0.102 (  1259      0)     0.084 (  1394      0)
interp_movie_output                     3456     3456 6.912000e+03   1.604431e+01     0.013 (  2800      0)     0.000 (   436      0)
prim_main_loop                          3456     3456 3.456000e+03   1.256758e+06   363.681 (   192      0)   363.601 (  3196      0)
prim_run                                3456     3456 1.658880e+06   1.256749e+06   363.678 (   204      0)   363.599 (  3196      0)
tl-sc prim_run_subcycle_c               3456     3456 1.658880e+06   1.256656e+06   363.653 (   204      0)   363.580 (   680      0)
tl-sc dp3d-from-ps                      3456     3456 1.658880e+06   1.438092e+02     0.064 (   643      0)     0.030 (  3393      0)
tl-sc prim_step-loop                    3456     3456 1.658880e+06   1.183331e+06   343.556 (  1564      0)   340.988 (  1739      0)
tl-s prim_step                          3456     3456 4.976640e+06   1.183314e+06   343.553 (  1564      0)   340.982 (  1739      0)
tl-s deep_copy+derived_dp               3456     3456 4.976640e+06   2.429394e+03     1.041 (  1706      0)     0.351 (   289      0)
tl-s prim_advance_exp-loop              3456     3456 4.976640e+06   2.216840e+05    89.403 (   305      0)    44.772 (  1988      0)
tl-ae prim_advance_exp                  3456     3456 4.976640e+06   2.216667e+05    89.399 (   305      0)    44.769 (  1988      0)
tl-ae U3-5stage_timestep                3456     3456 4.976640e+06   1.124633e+05    51.169 (  1088      0)    20.243 (  1778      0)
caar compute                            3456     3456 2.488320e+07   3.901921e+04    13.085 (  1798      0)    10.176 (  1295      0)
caar_bexchV                             3456     3456 2.488320e+07   7.192023e+04    39.130 (  2440      0)     7.965 (  1778      0)
tl-ae advance_hypervis_dp               3456     3456 4.976640e+06   1.091749e+05    48.451 (  2619      0)    23.370 (  3081      0)
hvf-bhwk                                3456     3456 1.492992e+07   6.472378e+04    30.821 (  1262      0)    13.511 (  2322      0)
hvf-bexch                               3456     3456 2.985984e+07   6.326437e+04    34.902 (  2619      0)     9.439 (  1781      0)
tl-s prim_advec_tracers_remap           3456     3456 4.976640e+06   9.591465e+05   297.515 (  3082      0)   251.775 (   305      0)
tl-at prim_advec_tracers_remap_RK2      3456     3456 4.976640e+06   9.591202e+05   297.509 (  3082      0)   251.767 (   305      0)
tl-at precompute_divdp                  3456     3456 4.976640e+06   1.545984e+03     0.597 (   204      0)     0.261 (   334      0)
tl-at esf-0                             3456     3456 4.976640e+06   2.554024e+05    82.199 (  3083      0)    67.095 (  3170      0)
tl-at esf-1                             3456     3456 4.976640e+06   1.954683e+05    62.648 (  1784      0)    51.200 (  2045      0)
tl-at esf-2                             3456     3456 4.976640e+06   4.821815e+05   154.166 (  1991      0)   117.386 (  1468      0)
tl-at qdp_time_avg                      3456     3456 4.976640e+06   2.436342e+04     9.110 (  2320      0)     4.413 (   288      0)
tl-sc vertical_remap                    3456     3456 1.658880e+06   6.356972e+04    19.688 (  1739      0)    17.379 (  2505      0)
Remap Thickness Functor                 3456     3456 1.658880e+06   6.300169e+02     0.228 (  1758      0)     0.137 (   228      0)
Remap Scale States Functor              3456     3456 1.658880e+06   3.900352e+02     0.181 (  2832      0)     0.050 (   289      0)
Remap Compute Grids Functor             3456     3456 1.658880e+06   3.652470e+03     1.676 (  2832      0)     0.658 (  1226      0)
Remap Compute Remap Functor             3456     3456 1.658880e+06   5.834926e+04    17.798 (  1739      0)    16.173 (  2708      0)
Remap Rescale States Functor            3456     3456 1.658880e+06   4.287364e+02     0.178 (  2280      0)     0.110 (    14      0)
tl-sc Q-from-qdp                        3456     3456 1.658880e+06   9.589837e+03     3.262 (  2306      0)     2.462 (  3339      0)
t_prf                                      0        0 0.000000e+00   0.000000e+00     0.000 (     0      0)     0.000 (     0      0)

