LAST_GIT_COMMIT_SHA:STRING=adf77c97ed8425a245449f2582d2441f4b72da1e

***** GLOBAL STATISTICS ( 24576 MPI TASKS) *****

$Id: gptl.c,v 1.157 2011-03-28 20:55:18 rosinski Exp $
'count' is cumulative. All other stats are max/min
name                           processes  threads        count      walltotal   wallmax (proc   thrd  )   wallmin (proc   thrd  )
"Total"                            24576    24576 2.457600e+04   1.250100e+07   508.862 (  6810      0)   508.588 (  5340      0)
"prim_init1"                       24576    24576 2.457600e+04   8.377551e+04     3.688 (  9066      0)     3.127 ( 17307      0)
"PartitioningTime"                 24576    24576 2.457600e+04   5.598260e+02     0.112 ( 19396      0)     0.001 (  7785      0)
"repro_sum_int"                    24576    24576 1.105920e+06   1.813068e+04     4.266 ( 12002      0)     0.127 (  5555      0)
"prim_init2"                       24576    24576 2.457600e+04   3.667189e+04     4.072 ( 16580      0)     0.889 ( 21067      0)
"prim_printstate"                  24576    24576 2.457600e+04   3.534320e+03     0.211 ( 23046      0)     0.105 (  6968      0)
"interp_movie_output"              24576    24576 4.915200e+04   6.034964e+02     0.066 ( 10006      0)     0.000 (  2887      0)
"prim_main_loop"                   24576    24576 2.457600e+04   1.227774e+07   499.634 ( 16581      0)   499.520 (  5864      0)
"prim_run"                         24576    24576 3.355607e+08   1.227704e+07   499.623 ( 16583      0)   499.482 ( 13888      0)
"ApplyCAMForcing"                  24576    24576 3.355607e+08   5.802245e+04     2.512 ( 15672      0)     2.308 (  4077      0)
"prim_step_rX"                     24576    24576 1.006682e+09   1.162330e+07   474.678 (  6191      0)   471.188 (  4323      0)
"prim_step_dyn"                    24576    24576 1.006682e+09   4.129001e+06   209.912 (  2593      0)   133.475 ( 12511      0)
"prim_advance_exp"                 24576    24576 1.006682e+09   4.126736e+06   209.834 (  2593      0)   133.379 ( 12511      0)
"U3-5stage_timestep"               24576    24576 1.006682e+09   2.066539e+06   126.966 (  7196      0)    55.619 (  8575      0)
"compute_and_apply_rhs"            24576    24576 5.033411e+09   2.057562e+06   126.587 (  7196      0)    55.225 (  8575      0)
"caar_bexchV"                      24576    24576 5.033411e+09   1.712791e+06   112.617 (  7196      0)    41.220 (  8575      0)
"advance_hypervis_dp"              24576    24576 1.006682e+09   2.057528e+06   110.683 (  3712      0)    68.464 ( 12387      0)
"biwkdp3d_bexchV"                  24576    24576 3.020046e+09   8.275548e+05    50.354 (  2431      0)    25.493 ( 13301      0)
"ahdp_bexchV2"                     24576    24576 3.020046e+09   8.480808e+05    52.873 (  2517      0)    26.034 ( 12333      0)
"prim_step_advec"                  24576    24576 1.006682e+09   7.477520e+06   338.192 ( 12510      0)   262.192 (  2593      0)
"PAT_remap"                        24576    24576 1.006682e+09   7.476198e+06   338.137 ( 12510      0)   262.137 (  2593      0)
"prim_advec_tracers_remap_rk2"     24576    24576 1.006682e+09   7.474383e+06   338.068 ( 12510      0)   262.058 (  2593      0)
"precomput_divdp"                  24576    24576 1.006682e+09   1.037504e+04     0.582 ( 18816      0)     0.285 ( 19479      0)
"euler_step_0"                     24576    24576 1.006682e+09   2.102551e+06   106.385 ( 20949      0)    68.132 (  8542      0)
"bihmix_qminmax"                   24576    24576 3.020046e+09   3.427091e+06   170.951 ( 12510      0)   110.616 (  5751      0)
"eus_neighbor_minmax1"             24576    24576 1.006682e+09   6.630397e+05    40.072 ( 20949      0)    16.902 (  2536      0)
"nmm_bexchV"                       24576    24576 1.006682e+09   5.363209e+05    34.226 ( 12510      0)    12.425 (  2536      0)
"eus_2d_advec"                     24576    24576 3.020046e+09   3.903757e+06   200.563 ( 12508      0)   131.426 (  2273      0)
"eus_bexchV"                       24576    24576 3.020046e+09   2.051180e+06   125.480 ( 12508      0)    55.822 (  7793      0)
"euler_step_1"                     24576    24576 1.006682e+09   1.304719e+06    63.677 ( 16490      0)    44.443 (  2595      0)
"euler_step_2"                     24576    24576 1.006682e+09   3.932264e+06   177.198 ( 20605      0)   139.439 (  2593      0)
"nmm_bexchS_start"                 24576    24576 1.006682e+09   2.489987e+04     2.144 ( 20784      0)     0.398 (  8440      0)
"biwksc_bexchV"                    24576    24576 1.006682e+09   1.048707e+06    60.664 (  5692      0)    23.298 (  2445      0)
"nmm_bexchS_fini"                  24576    24576 1.006682e+09   2.821240e+03     0.238 ( 23232      0)     0.076 (  6644      0)
"qdp_tavg"                         24576    24576 1.006682e+09   1.186241e+05     5.141 ( 12840      0)     4.742 (  1622      0)
"vertical_remap"                   24576    24576 3.355607e+08   4.844147e+05    21.024 ( 19455      0)    19.074 (  1016      0)
"vertical_remap1_1"                24576    24576 3.355607e+08   2.907404e+04     1.281 ( 18912      0)     1.097 (  6191      0)
"remap_Q_ppm"                      24576    24576 1.006682e+09   4.737714e+05    20.603 ( 19455      0)    18.635 (  1016      0)
"vertical_remap1_2"                24576    24576 3.355607e+08   3.604065e+04     1.549 ( 19455      0)     1.431 (   971      0)
"vertical_remap1_3"                24576    24576 3.355607e+08   4.107714e+05    17.864 (  4323      0)    16.156 (  1016      0)
"prim_run_subcyle_diags"           24576    24576 3.355607e+08   8.890557e+04     4.303 ( 21146      0)     2.547 (  1052      0)
"t_prf"                                0        0 0.000000e+00   0.000000e+00     0.000 (     0      0)     0.000 (     0      0)

