LAST_GIT_COMMIT_SHA:STRING=4790f40f2fb6acbc051ce4c988681a628c18e83d

***** GLOBAL STATISTICS (   384 MPI TASKS) *****

$Id: gptl.c,v 1.157 2011-03-28 20:55:18 rosinski Exp $
'count' is cumulative. All other stats are max/min
name                               processes  threads        count      walltotal   wallmax (proc   thrd  )   wallmin (proc   thrd  )
Total                                    384      384 3.840000e+02   2.907000e+04    75.705 (   123      0)    75.702 (   197      0)
prim_init1                               384      384 3.840000e+02   3.597774e+01     0.094 (    72      0)     0.093 (     6      0)
repro_sum_int                            384      384 1.728000e+04   5.824345e+00     0.029 (     0      0)     0.008 (    26      0)
prim_init2                               384      384 3.840000e+02   2.706547e+01     0.088 (    16      0)     0.065 (   178      0)
prim_printstate                          384      384 3.840000e+02   5.159708e+00     0.016 (     0      0)     0.013 (    14      0)
interp_movie_output                      384      384 7.680000e+02   9.299421e-02     0.001 (   198      0)     0.000 (    93      0)
prim_main_loop                           384      384 3.840000e+02   2.896331e+04    75.427 (   142      0)    75.424 (   106      0)
prim_run                                 384      384 2.457600e+05   2.896265e+04    75.426 (   167      0)    75.422 (    91      0)
tl-sc prim_run_subcycle_c                384      384 2.457600e+05   2.896003e+04    75.420 (   167      0)    75.414 (    91      0)
tl-sc dp3d-from-ps                       384      384 2.457600e+05   3.909034e+00     0.013 (   124      0)     0.009 (   119      0)
tl-sc prim_step-loop                     384      384 2.457600e+05   2.724157e+04    71.078 (   341      0)    70.764 (   286      0)
tl-s prim_step                           384      384 7.372800e+05   2.724007e+04    71.075 (   341      0)    70.759 (   286      0)
tl-s deep_copy+derived_dp                384      384 7.372800e+05   4.898122e+01     0.220 (   130      0)     0.078 (   118      0)
tl-s prim_advance_exp-loop               384      384 7.372800e+05   4.650065e+03    14.557 (    91      0)     9.346 (   159      0)
tl-ae prim_advance_exp                   384      384 7.372800e+05   4.648567e+03    14.554 (    91      0)     9.342 (   159      0)
tl-ae U3-5stage_timestep                 384      384 7.372800e+05   2.529269e+03     8.811 (    91      0)     4.233 (   159      0)
caar compute                             384      384 3.686400e+06   8.444313e+02     2.383 (   129      0)     2.085 (   214      0)
caar_bexchV                              384      384 3.686400e+06   1.656992e+03     6.432 (   100      0)     1.958 (   159      0)
tl-ae advance_hypervis_dp                384      384 7.372800e+05   2.117168e+03     6.444 (   317      0)     4.736 (   357      0)
hvf-bhwk                                 384      384 2.211840e+06   1.367539e+03     4.351 (   102      0)     3.110 (   361      0)
hvf-bexch                                384      384 4.423680e+06   1.104457e+03     3.802 (   317      0)     2.102 (   357      0)
tl-s prim_advec_tracers_remap            384      384 7.372800e+05   2.253728e+04    61.382 (   159      0)    56.140 (    91      0)
tl-at prim_advec_tracers_remap_RK2       384      384 7.372800e+05   2.253539e+04    61.378 (   159      0)    56.134 (    91      0)
tl-at precompute_divdp                   384      384 7.372800e+05   3.871557e+01     0.170 (   297      0)     0.065 (    70      0)
tl-at esf-0                              384      384 7.372800e+05   6.640704e+03    19.248 (   165      0)    15.025 (   226      0)
tl-at esf-1                              384      384 7.372800e+05   4.616552e+03    12.865 (   124      0)    11.220 (   100      0)
tl-at esf-2                              384      384 7.372800e+05   1.082828e+04    29.759 (   159      0)    26.088 (   100      0)
tl-at qdp_time_avg                       384      384 7.372800e+05   3.983142e+02     1.300 (   128      0)     0.910 (   119      0)
tl-sc vertical_remap                     384      384 2.457600e+05   1.500954e+03     4.083 (   203      0)     3.776 (   341      0)
Remap Thickness Functor                  384      384 2.457600e+05   1.429822e+01     0.053 (   129      0)     0.032 (   119      0)
Remap Scale States Functor               384      384 2.457600e+05   6.434905e+00     0.030 (   129      0)     0.011 (   114      0)
Remap Compute Grids Functor              384      384 2.457600e+05   7.031918e+01     0.277 (   129      0)     0.144 (   212      0)
Remap Compute Remap Functor              384      384 2.457600e+05   1.396558e+03     3.788 (   203      0)     3.545 (    68      0)
Remap Rescale States Functor             384      384 2.457600e+05   9.964289e+00     0.038 (   138      0)     0.024 (    13      0)
tl-sc Q-from-qdp                         384      384 2.457600e+05   2.117674e+02     0.626 (   120      0)     0.524 (   194      0)
t_prf                                      0        0 0.000000e+00   0.000000e+00     0.000 (     0      0)     0.000 (     0      0)

