LAST_GIT_COMMIT_SHA:STRING=adf77c97ed8425a245449f2582d2441f4b72da1e

***** GLOBAL STATISTICS (  2400 MPI TASKS) *****

$Id: gptl.c,v 1.157 2011-03-28 20:55:18 rosinski Exp $
'count' is cumulative. All other stats are max/min
name                           processes  threads        count      walltotal   wallmax (proc   thrd  )   wallmin (proc   thrd  )
"Total"                             2400     2400 2.400000e+03   9.713569e+05   404.769 (  1949      0)   404.693 (   109      0)
"prim_init1"                        2400     2400 2.400000e+03   2.038038e+03     0.876 (   820      0)     0.814 (   671      0)
"PartitioningTime"                  2400     2400 2.400000e+03   1.197424e+01     0.006 (   725      0)     0.003 (   139      0)
"repro_sum_int"                     2400     2400 1.080000e+05   2.359700e+02     0.446 (  1244      0)     0.024 (   390      0)
"prim_init2"                        2400     2400 2.400000e+03   5.187060e+02     0.476 (  1957      0)     0.138 (   819      0)
"prim_printstate"                   2400     2400 2.400000e+03   8.828403e+01     0.040 (     0      0)     0.035 (  1205      0)
"interp_movie_output"               2400     2400 4.800000e+03   3.532741e+00     0.006 (  1060      0)     0.000 (  1161      0)
"prim_main_loop"                    2400     2400 2.400000e+03   9.557098e+05   398.247 (  2197      0)   398.165 (    47      0)
"prim_run"                          2400     2400 8.016000e+05   9.557045e+05   398.246 (  2197      0)   398.162 (   109      0)
"ApplyCAMForcing"                   2400     2400 8.016000e+05   1.650328e+04     7.873 (  1612      0)     4.782 (  2300      0)
"prim_step_rX"                      2400     2400 2.404800e+06   8.789913e+05   369.722 (  2300      0)   364.238 (  2091      0)
"prim_step_dyn"                     2400     2400 2.404800e+06   1.771236e+05   102.511 (  2300      0)    59.470 (  2191      0)
"prim_advance_exp"                  2400     2400 2.404800e+06   1.771055e+05   102.502 (  2300      0)    59.463 (  2191      0)
"U3-5stage_timestep"                2400     2400 2.404800e+06   8.706903e+04    61.031 (  1404      0)    25.962 (  2278      0)
"compute_and_apply_rhs"             2400     2400 1.202400e+07   8.591412e+04    60.587 (  1404      0)    25.309 (  2278      0)
"caar_bexchV"                       2400     2400 1.202400e+07   4.900350e+04    45.682 (  1404      0)     7.081 (  2191      0)
"advance_hypervis_dp"               2400     2400 2.404800e+06   9.001196e+04    45.829 (  2316      0)    30.954 (  1244      0)
"biwkdp3d_bexchV"                   2400     2400 7.214400e+06   2.355565e+04    17.469 (  2319      0)     3.609 (  2207      0)
"ahdp_bexchV2"                      2400     2400 7.214400e+06   2.450088e+04    17.786 (  1148      0)     4.891 (  1200      0)
"prim_step_advec"                   2400     2400 2.404800e+06   6.993795e+05   304.186 (  2191      0)   266.072 (  2300      0)
"PAT_remap"                         2400     2400 2.404800e+06   6.993695e+05   304.182 (  2191      0)   266.067 (  2300      0)
"prim_advec_tracers_remap_rk2"      2400     2400 2.404800e+06   6.993571e+05   304.177 (  2191      0)   266.062 (  2300      0)
"precomput_divdp"                   2400     2400 2.404800e+06   1.376337e+03     0.770 (   749      0)     0.299 (   856      0)
"euler_step_0"                      2400     2400 2.404800e+06   1.920822e+05    87.673 (   884      0)    72.277 (   875      0)
"bihmix_qminmax"                    2400     2400 7.214400e+06   3.279520e+05   148.387 (  1751      0)   124.462 (   508      0)
"eus_neighbor_minmax1"              2400     2400 2.404800e+06   5.297915e+04    30.740 (  1031      0)    16.148 (  1075      0)
"nmm_bexchV"                        2400     2400 2.404800e+06   2.840661e+04    21.260 (  1031      0)     6.278 (  2193      0)
"eus_2d_advec"                      2400     2400 7.214400e+06   3.511251e+05   163.496 (  2193      0)   125.805 (  2300      0)
"eus_bexchV"                        2400     2400 7.214400e+06   9.987713e+04    59.760 (  1007      0)    27.382 (  2300      0)
"euler_step_1"                      2400     2400 2.404800e+06   1.355468e+05    63.879 (   883      0)    50.278 (    41      0)
"euler_step_2"                      2400     2400 2.404800e+06   3.515706e+05   154.737 (  2193      0)   128.869 (  2300      0)
"nmm_bexchS_start"                  2400     2400 2.404800e+06   1.715863e+02     0.136 (  1272      0)     0.024 (   716      0)
"biwksc_bexchV"                     2400     2400 2.404800e+06   3.595493e+04    22.410 (   507      0)     8.608 (  2299      0)
"nmm_bexchS_fini"                   2400     2400 2.404800e+06   1.302703e+04     7.253 (  1522      0)     3.365 (  2149      0)
"qdp_tavg"                          2400     2400 2.404800e+06   1.872263e+04     9.648 (  1516      0)     4.579 (  1476      0)
"vertical_remap"                    2400     2400 8.016000e+05   4.187097e+04    18.339 (  2300      0)    16.830 (  1120      0)
"vertical_remap1_1"                 2400     2400 2.885760e+07   2.262227e+03     0.985 (   959      0)     0.927 (  1120      0)
"remap_Q_ppm"                       2400     2400 8.657280e+07   4.119734e+04    18.016 (  1681      0)    16.569 (  1120      0)
"vertical_remap1_2"                 2400     2400 2.885760e+07   3.102810e+03     1.346 (   959      0)     1.270 (  1705      0)
"vertical_remap1_3"                 2400     2400 2.885760e+07   3.592351e+04    15.736 (  1681      0)    14.406 (  1120      0)
"prim_run_subcyle_diags"            2400     2400 8.016000e+05   1.528959e+04     8.163 (   790      0)     4.643 (  2300      0)
"t_prf"                                0        0 0.000000e+00   0.000000e+00     0.000 (     0      0)     0.000 (     0      0)

