LAST_GIT_COMMIT_SHA:STRING=4790f40f2fb6acbc051ce4c988681a628c18e83d

***** GLOBAL STATISTICS ( 24576 MPI TASKS) *****

$Id: gptl.c,v 1.157 2011-03-28 20:55:18 rosinski Exp $
'count' is cumulative. All other stats are max/min
name                               processes  threads        count      walltotal   wallmax (proc   thrd  )   wallmin (proc   thrd  )
Total                                  24576    24576 2.457600e+04   1.166149e+07   474.745 (   132      0)   474.334 (  2637      0)
prim_init1                             24576    24576 2.457600e+04   9.885177e+04     4.381 (   123      0)     3.726 (  9014      0)
repro_sum_int                          24576    24576 1.105920e+06   1.970994e+04     2.724 ( 22619      0)     0.230 ( 24382      0)
prim_init2                             24576    24576 2.457600e+04   8.269344e+04     5.183 (    20      0)     2.020 (  4647      0)
prim_printstate                        24576    24576 2.457600e+04   9.378994e+03     0.470 ( 14288      0)     0.317 ( 23071      0)
interp_movie_output                    24576    24576 4.915200e+04   6.006646e+02     0.075 (  1466      0)     0.002 ( 11780      0)
prim_main_loop                         24576    24576 2.457600e+04   1.138292e+07   463.238 ( 23423      0)   463.097 (  5036      0)
prim_run                               24576    24576 3.355607e+08   1.138211e+07   463.213 ( 21059      0)   463.055 (  2443      0)
tl-sc prim_run_subcycle_c              24576    24576 3.355607e+08   1.137931e+07   463.083 ( 22314      0)   462.931 (  5920      0)
tl-sc dp3d-from-ps                     24576    24576 3.355607e+08   1.551728e+03     0.124 (  1917      0)     0.044 (  7431      0)
tl-sc prim_step-loop                   24576    24576 3.355607e+08   1.079146e+07   439.892 (  3191      0)   437.581 ( 13259      0)
tl-s prim_step                         24576    24576 1.006682e+09   1.079018e+07   439.843 (  3191      0)   437.524 ( 13259      0)
tl-s deep_copy+derived_dp              24576    24576 1.006682e+09   1.463140e+04     0.783 (  5665      0)     0.384 (  6735      0)
tl-s prim_advance_exp-loop             24576    24576 1.006682e+09   3.991223e+06   189.051 (  6814      0)   126.811 ( 21251      0)
tl-ae prim_advance_exp                 24576    24576 1.006682e+09   3.989793e+06   188.992 (  6814      0)   126.746 ( 21251      0)
tl-ae U3-5stage_timestep               24576    24576 1.006682e+09   1.935269e+06   112.105 (  7204      0)    52.778 ( 18432      0)
caar compute                           24576    24576 5.033411e+09   3.010508e+05    13.205 (   624      0)    11.788 (  7223      0)
caar_bexchV                            24576    24576 5.033411e+09   1.617805e+06    98.927 (  7204      0)    39.764 ( 18432      0)
tl-ae advance_hypervis_dp              24576    24576 1.006682e+09   2.052023e+06   110.169 (  1152      0)    66.943 ( 22455      0)
hvf-bhwk                               24576    24576 3.020046e+09   1.127810e+06    63.518 (  1152      0)    37.294 ( 22431      0)
hvf-bexch                              24576    24576 6.040093e+09   1.679303e+06    94.967 (  1155      0)    51.294 ( 21255      0)
tl-s prim_advec_tracers_remap          24576    24576 1.006682e+09   6.780530e+06   310.611 ( 18432      0)   249.308 (  6814      0)
tl-at prim_advec_tracers_remap_RK2     24576    24576 1.006682e+09   6.778485e+06   310.534 ( 18432      0)   249.221 (  6814      0)
tl-at precompute_divdp                 24576    24576 1.006682e+09   1.497359e+04     0.887 (  4854      0)     0.398 (  5757      0)
tl-at esf-0                            24576    24576 1.006682e+09   2.018021e+06   100.451 ( 22273      0)    65.767 (  7197      0)
tl-at esf-1                            24576    24576 1.006682e+09   1.226991e+06    59.415 ( 22270      0)    42.303 (  5276      0)
tl-at esf-2                            24576    24576 1.006682e+09   3.391374e+06   170.093 (  7160      0)   124.912 (  4491      0)
tl-at qdp_time_avg                     24576    24576 1.006682e+09   1.199377e+05     5.228 ( 18912      0)     4.797 (  5542      0)
tl-sc vertical_remap                   24576    24576 3.355607e+08   5.177493e+05    22.399 ( 13259      0)    20.336 (  3191      0)
Remap Thickness Functor                24576    24576 3.355607e+08   7.700287e+03     0.494 ( 15481      0)     0.196 (  3307      0)
Remap Scale States Functor             24576    24576 3.355607e+08   2.144676e+03     0.153 (  2031      0)     0.063 ( 19796      0)
Remap Compute Grids Functor            24576    24576 3.355607e+08   2.223585e+04     1.076 ( 14493      0)     0.807 (  7807      0)
Remap Compute Remap Functor            24576    24576 3.355607e+08   4.741409e+05    20.579 ( 16877      0)    18.814 ( 17000      0)
Remap Rescale States Functor           24576    24576 3.355607e+08   3.641412e+03     0.162 (   432      0)     0.143 (  3068      0)
tl-sc Q-from-qdp                       24576    24576 3.355607e+08   6.718770e+04     2.942 ( 22704      0)     2.710 (   866      0)
t_prf                                      0        0 0.000000e+00   0.000000e+00     0.000 (     0      0)     0.000 (     0      0)

