LAST_GIT_COMMIT_SHA:STRING=adf77c97ed8425a245449f2582d2441f4b72da1e

***** GLOBAL STATISTICS (    24 MPI TASKS) *****

$Id: gptl.c,v 1.157 2011-03-28 20:55:18 rosinski Exp $
'count' is cumulative. All other stats are max/min
name                           processes  threads        count      walltotal   wallmax (proc   thrd  )   wallmin (proc   thrd  )
"Total"                               24       24 2.400000e+01   3.200499e+03   133.361 (     9      0)   133.347 (     1      0)
"prim_init1"                          24       24 2.400000e+01   1.103395e+01     0.460 (     0      0)     0.460 (    20      0)
"PartitioningTime"                    24       24 2.400000e+01   8.748770e-03     0.001 (    21      0)     0.000 (     0      0)
"repro_sum_int"                       24       24 1.080000e+03   4.822540e-02     0.002 (     7      0)     0.002 (    10      0)
"prim_init2"                          24       24 2.400000e+01   9.511570e+00     0.399 (     0      0)     0.396 (    10      0)
"prim_printstate"                     24       24 2.400000e+01   1.459373e+00     0.064 (     0      0)     0.061 (     9      0)
"interp_movie_output"                 24       24 4.800000e+01   3.513575e-03     0.000 (     0      0)     0.000 (    16      0)
"prim_main_loop"                      24       24 2.400000e+01   3.171704e+03   132.161 (     9      0)   132.147 (     1      0)
"prim_run"                            24       24 4.080000e+02   3.171698e+03   132.161 (     9      0)   132.146 (     1      0)
"ApplyCAMForcing"                     24       24 4.080000e+02   6.318445e+01     2.755 (    15      0)     2.552 (    17      0)
"prim_step_rX"                        24       24 1.224000e+03   2.888438e+03   120.548 (    15      0)   120.172 (     0      0)
"prim_step_dyn"                       24       24 1.224000e+03   5.221941e+02    22.019 (    15      0)    21.462 (     0      0)
"prim_advance_exp"                    24       24 1.224000e+03   5.221820e+02    22.018 (    15      0)    21.462 (     0      0)
"U3-5stage_timestep"                  24       24 1.224000e+03   2.451767e+02    10.475 (    15      0)     9.919 (     0      0)
"compute_and_apply_rhs"               24       24 6.120000e+03   2.364666e+02    10.111 (    15      0)     9.563 (     0      0)
"caar_bexchV"                         24       24 6.120000e+03   6.045313e+01     2.888 (     1      0)     2.222 (     0      0)
"advance_hypervis_dp"                 24       24 1.224000e+03   2.769887e+02    11.580 (    19      0)    11.517 (     9      0)
"biwkdp3d_bexchV"                     24       24 3.672000e+03   3.273127e+01     1.433 (    15      0)     1.292 (     0      0)
"ahdp_bexchV2"                        24       24 3.672000e+03   3.511095e+01     1.536 (    19      0)     1.367 (     0      0)
"prim_step_advec"                     24       24 1.224000e+03   2.355621e+03    98.315 (     0      0)    97.975 (    23      0)
"PAT_remap"                           24       24 1.224000e+03   2.355616e+03    98.314 (     0      0)    97.974 (    23      0)
"prim_advec_tracers_remap_rk2"        24       24 1.224000e+03   2.355608e+03    98.314 (     0      0)    97.974 (    23      0)
"precomput_divdp"                     24       24 1.224000e+03   4.927346e+00     0.209 (     0      0)     0.203 (     4      0)
"euler_step_0"                        24       24 1.224000e+03   6.421002e+02    26.914 (     0      0)    26.559 (    23      0)
"bihmix_qminmax"                      24       24 3.672000e+03   1.152395e+03    48.175 (     6      0)    47.874 (     0      0)
"eus_neighbor_minmax1"                24       24 1.224000e+03   1.685800e+02     7.068 (    19      0)     6.973 (     1      0)
"nmm_bexchV"                          24       24 1.224000e+03   6.935252e+01     2.964 (    19      0)     2.804 (     1      0)
"eus_2d_advec"                        24       24 3.672000e+03   1.112888e+03    46.701 (     0      0)    46.087 (    23      0)
"eus_bexchV"                          24       24 3.672000e+03   2.555376e+02    11.236 (    10      0)    10.197 (     0      0)
"euler_step_1"                        24       24 1.224000e+03   4.524195e+02    18.898 (     9      0)    18.793 (     5      0)
"euler_step_2"                        24       24 1.224000e+03   1.170825e+03    48.839 (     5      0)    48.736 (    19      0)
"nmm_bexchS_start"                    24       24 1.224000e+03   6.106091e-02     0.003 (    20      0)     0.001 (     9      0)
"biwksc_bexchV"                       24       24 1.224000e+03   9.234047e+01     4.010 (     1      0)     3.528 (     0      0)
"nmm_bexchS_fini"                     24       24 1.224000e+03   5.888621e+01     2.484 (     8      0)     2.411 (     0      0)
"qdp_tavg"                            24       24 1.224000e+03   8.529989e+01     3.600 (     6      0)     3.511 (     9      0)
"vertical_remap"                      24       24 4.080000e+02   1.498771e+02     6.319 (    23      0)     6.143 (    10      0)
"vertical_remap1_1"                   24       24 1.044480e+05   8.090143e+00     0.339 (    23      0)     0.334 (    10      0)
"remap_Q_ppm"                         24       24 3.133440e+05   1.476403e+02     6.224 (    23      0)     6.050 (    10      0)
"vertical_remap1_2"                   24       24 1.044480e+05   1.109810e+01     0.466 (     0      0)     0.457 (    10      0)
"vertical_remap1_3"                   24       24 1.044480e+05   1.287509e+02     5.432 (    23      0)     5.271 (    10      0)
"prim_run_subcyle_diags"              24       24 4.080000e+02   5.204247e+01     2.381 (     0      0)     2.058 (    18      0)
"t_prf"                                0        0 0.000000e+00   0.000000e+00     0.000 (     0      0)     0.000 (     0      0)

