LAST_GIT_COMMIT_SHA:STRING=4790f40f2fb6acbc051ce4c988681a628c18e83d
11103108

***** GLOBAL STATISTICS (  6400 MPI TASKS) *****

$Id: gptl.c,v 1.157 2011-03-28 20:55:18 rosinski Exp $
'count' is cumulative. All other stats are max/min
name                               processes  threads        count      walltotal   wallmax (proc   thrd  )   wallmin (proc   thrd  )
Total                                   6400     6400 6.400000e+03   1.250865e+06   195.682 (  2875      0)   195.245 (  5316      0)
prim_init1                              6400     6400 6.400000e+03   4.080777e+04     6.455 (  4493      0)     5.898 (  3193      0)
repro_sum_int                           6400     6400 2.880000e+05   1.534591e+03     0.869 (  3176      0)     0.047 (  3212      0)
prim_init2                              6400     6400 6.400000e+03   9.567965e+03     2.118 (  3177      0)     1.287 (   799      0)
prim_printstate                         6400     6400 6.400000e+03   1.106823e+03     0.181 (   732      0)     0.167 (  5459      0)
interp_movie_output                     6400     6400 1.280000e+04   7.569155e+00     0.003 (  2947      0)     0.000 (  2352      0)
prim_main_loop                          6400     6400 6.400000e+03   8.016216e+05   125.499 (  2875      0)   125.046 (  1722      0)
prim_run                                6400     6400 5.376000e+05   8.016087e+05   125.497 (  2875      0)   125.044 (  1722      0)
tl-sc prim_run_subcycle_c               6400     6400 5.376000e+05   8.011512e+05   125.398 (  2875      0)   124.992 (  1722      0)
tl-sc dp3d-from-ps                      6400     6400 5.376000e+05   1.232336e+02     0.032 (  2727      0)     0.016 (  4639      0)
tl-sc prim_step-loop                    6400     6400 5.376000e+05   7.197417e+05   113.480 (  3015      0)   110.430 (  5117      0)
tl-s prim_step                          6400     6400 1.612800e+06   7.197298e+05   113.478 (  3015      0)   110.428 (  5117      0)
tl-s deep_copy+derived_dp               6400     6400 1.612800e+06   9.138515e+02     0.322 (  2827      0)     0.105 (    79      0)
tl-s prim_advance_exp-loop              6400     6400 1.612800e+06   2.271977e+05    46.540 (   282      0)    18.772 (  2838      0)
tl-ae prim_advance_exp                  6400     6400 1.612800e+06   2.271772e+05    46.536 (   282      0)    18.767 (  2838      0)
tl-ae U3-5stage_timestep                6400     6400 1.612800e+06   1.127571e+05    30.925 (    18      0)     9.681 (  2839      0)
caar compute                            6400     6400 8.064000e+06   3.221919e+04     6.441 (  2828      0)     4.265 (  5727      0)
caar_bexchV                             6400     6400 8.064000e+06   7.918682e+04    26.039 (    23      0)     3.106 (  2839      0)
tl-ae advance_hypervis_dp               6400     6400 1.612800e+06   1.143867e+05    32.058 (   296      0)     8.992 (  2834      0)
hvf-bhwk                                6400     6400 4.838400e+06   6.328877e+04    17.599 (   282      0)     5.398 (     1      0)
hvf-bexch                               6400     6400 9.676800e+06   8.633402e+04    27.929 (   295      0)     3.590 (  2836      0)
tl-s prim_advec_tracers_remap           6400     6400 1.612800e+06   4.915690e+05    93.473 (  2839      0)    65.987 (   296      0)
tl-at prim_advec_tracers_remap_RK2      6400     6400 1.612800e+06   4.915519e+05    93.470 (  2839      0)    65.985 (   296      0)
tl-at precompute_divdp                  6400     6400 1.612800e+06   7.490664e+02     0.263 (  2816      0)     0.083 (  2689      0)
tl-at esf-0                             6400     6400 1.612800e+06   1.364750e+05    29.898 (  2838      0)    15.689 (   697      0)
tl-at esf-1                             6400     6400 1.612800e+06   1.048649e+05    22.324 (  1197      0)    12.616 (   665      0)
tl-at esf-2                             6400     6400 1.612800e+06   2.368132e+05    44.848 (    45      0)    31.570 (   296      0)
tl-at qdp_time_avg                      6400     6400 1.612800e+06   1.255823e+04     4.274 (  2856      0)     1.470 (  3017      0)
tl-sc vertical_remap                    6400     6400 5.376000e+05   7.248767e+04    13.410 (  3775      0)    10.484 (   464      0)
Remap Thickness Functor                 6400     6400 5.376000e+05   4.221367e+02     0.084 (   108      0)     0.055 (  4304      0)
Remap Scale States Functor              6400     6400 5.376000e+05   2.188538e+02     0.080 (  2827      0)     0.024 (  3017      0)
Remap Compute Grids Functor             6400     6400 5.376000e+05   2.542725e+03     0.487 (  6142      0)     0.333 (  1033      0)
Remap Compute Remap Functor             6400     6400 5.376000e+05   6.890659e+04    12.804 (  3775      0)    10.004 (   464      0)
Remap Rescale States Functor            6400     6400 5.376000e+05   2.491354e+02     0.074 (  2699      0)     0.036 (  2179      0)
tl-sc Q-from-qdp                        6400     6400 5.376000e+05   8.779946e+03     1.582 (  2831      0)     1.325 (  2806      0)
t_prf                                      0        0 0.000000e+00   0.000000e+00     0.000 (     0      0)     0.000 (     0      0)

