LAST_GIT_COMMIT_SHA:STRING=4790f40f2fb6acbc051ce4c988681a628c18e83d
11119019

***** GLOBAL STATISTICS (  2560 MPI TASKS) *****

$Id: gptl.c,v 1.157 2011-03-28 20:55:18 rosinski Exp $
'count' is cumulative. All other stats are max/min
name                               processes  threads        count      walltotal   wallmax (proc   thrd  )   wallmin (proc   thrd  )
Total                                   2560     2560 2.560000e+03   6.084908e+05   238.372 (    64      0)   237.186 (  2144      0)
prim_init1                              2560     2560 2.560000e+03   1.703589e+04     6.730 (  1330      0)     6.246 (   509      0)
repro_sum_int                           2560     2560 1.152000e+05   6.369486e+02     0.918 (   483      0)     0.074 (  1022      0)
prim_init2                              2560     2560 2.560000e+03   7.312127e+03     3.532 (     0      0)     2.673 (   647      0)
prim_printstate                         2560     2560 2.560000e+03   7.598217e+02     0.302 (     0      0)     0.295 (   713      0)
interp_movie_output                     2560     2560 5.120000e+03   1.731494e+00     0.003 (  1646      0)     0.000 (  2301      0)
prim_main_loop                          2560     2560 2.560000e+03   4.193645e+05   164.493 (    64      0)   163.303 (  2144      0)
prim_run                                2560     2560 8.704000e+04   4.193619e+05   164.492 (    64      0)   163.302 (  2144      0)
tl-sc prim_run_subcycle_c               2560     2560 8.704000e+04   4.185419e+05   163.945 (   121      0)   163.017 (  2143      0)
tl-sc dp3d-from-ps                      2560     2560 8.704000e+04   5.144969e+01     0.039 (  1691      0)     0.017 (  2211      0)
tl-sc prim_step-loop                    2560     2560 8.704000e+04   3.860744e+05   151.880 (    25      0)   149.160 (  2041      0)
tl-s prim_step                          2560     2560 2.611200e+05   3.860721e+05   151.879 (    25      0)   149.160 (  2041      0)
tl-s deep_copy+derived_dp               2560     2560 2.611200e+05   5.047715e+02     0.444 (  1688      0)     0.118 (   938      0)
tl-s prim_advance_exp-loop              2560     2560 2.611200e+05   1.109477e+05    65.443 (   676      0)    18.371 (   123      0)
tl-ae prim_advance_exp                  2560     2560 2.611200e+05   1.109445e+05    65.442 (   676      0)    18.370 (   123      0)
tl-ae U3-5stage_timestep                2560     2560 2.611200e+05   5.838180e+04    46.892 (   204      0)     9.078 (  2212      0)
caar compute                            2560     2560 1.305600e+06   1.324922e+04     6.752 (   529      0)     4.284 (   759      0)
caar_bexchV                             2560     2560 1.305600e+06   4.464621e+04    42.205 (   204      0)     2.914 (    70      0)
tl-ae advance_hypervis_dp               2560     2560 2.611200e+05   5.255723e+04    38.370 (  1941      0)     8.346 (   541      0)
hvf-bhwk                                2560     2560 7.833600e+05   2.896863e+04    22.973 (  1911      0)     4.971 (   541      0)
hvf-bexch                               2560     2560 1.566720e+06   4.121311e+04    34.191 (  1941      0)     3.206 (    95      0)
tl-s prim_advec_tracers_remap           2560     2560 2.611200e+05   2.746105e+05   132.512 (   108      0)    85.394 (   676      0)
tl-at prim_advec_tracers_remap_RK2      2560     2560 2.611200e+05   2.746074e+05   132.511 (   108      0)    85.393 (   676      0)
tl-at precompute_divdp                  2560     2560 2.611200e+05   4.470603e+02     0.426 (    77      0)     0.079 (  1574      0)
tl-at esf-0                             2560     2560 2.611200e+05   8.620880e+04    47.935 (  1627      0)    21.279 (  2038      0)
tl-at esf-1                             2560     2560 2.611200e+05   5.510189e+04    36.867 (  1398      0)    14.307 (  2292      0)
tl-at esf-2                             2560     2560 2.611200e+05   1.255015e+05    60.725 (   662      0)    36.501 (  1824      0)
tl-at qdp_time_avg                      2560     2560 2.611200e+05   7.329847e+03     5.894 (  1701      0)     1.603 (   316      0)
tl-sc vertical_remap                    2560     2560 8.704000e+04   2.863206e+04    12.833 (  2041      0)    10.529 (   648      0)
Remap Thickness Functor                 2560     2560 8.704000e+04   1.802288e+02     0.107 (   516      0)     0.054 (  1016      0)
Remap Scale States Functor              2560     2560 8.704000e+04   1.310889e+02     0.115 (   127      0)     0.026 (  2056      0)
Remap Compute Grids Functor             2560     2560 8.704000e+04   1.113348e+03     0.677 (   127      0)     0.345 (  1015      0)
Remap Compute Remap Functor             2560     2560 8.704000e+04   2.692246e+04    12.258 (  2041      0)     9.987 (  2203      0)
Remap Rescale States Functor            2560     2560 8.704000e+04   1.099748e+02     0.124 (  1536      0)     0.036 (  2511      0)
tl-sc Q-from-qdp                        2560     2560 8.704000e+04   3.780542e+03     1.989 (  1113      0)     1.336 (   221      0)
t_prf                                      0        0 0.000000e+00   0.000000e+00     0.000 (     0      0)     0.000 (     0      0)

