LAST_GIT_COMMIT_SHA:STRING=4790f40f2fb6acbc051ce4c988681a628c18e83d
11103112

***** GLOBAL STATISTICS ( 38400 MPI TASKS) *****

$Id: gptl.c,v 1.157 2011-03-28 20:55:18 rosinski Exp $
'count' is cumulative. All other stats are max/min
name                               processes  threads        count      walltotal   wallmax (proc   thrd  )   wallmin (proc   thrd  )
Total                                  38400    38400 3.840000e+04   7.974115e+06   207.832 (   788      0)   207.553 ( 31987      0)
prim_init1                             38400    38400 3.840000e+04   2.965572e+05     7.887 (   456      0)     7.263 ( 22203      0)
repro_sum_int                          38400    38400 1.728000e+06   4.989346e+04     5.400 (   801      0)     0.166 ( 31299      0)
prim_init2                             38400    38400 3.840000e+04   1.158268e+05     6.729 (   801      0)     1.753 ( 12025      0)
prim_printstate                        38400    38400 3.840000e+04   1.133387e+04     0.342 ( 10269      0)     0.239 ( 36221      0)
interp_movie_output                    38400    38400 7.680000e+04   4.966100e+02     0.031 (   262      0)     0.000 ( 30065      0)
prim_main_loop                         38400    38400 3.840000e+04   4.971014e+06   129.541 ( 20424      0)   129.353 ( 10836      0)
prim_run                               38400    38400 1.920000e+07   4.970551e+06   129.535 ( 20419      0)   129.339 ( 32077      0)
tl-sc prim_run_subcycle_c              38400    38400 1.920000e+07   4.967971e+06   129.476 (  2369      0)   129.292 ( 32064      0)
tl-sc dp3d-from-ps                     38400    38400 1.920000e+07   1.746023e+03     0.064 (  7998      0)     0.026 ( 31527      0)
tl-sc prim_step-loop                   38400    38400 1.920000e+07   4.468275e+06   117.009 ( 22683      0)   114.178 (  9192      0)
tl-s prim_step                         38400    38400 5.760000e+07   4.467888e+06   117.000 ( 22683      0)   114.168 (  9192      0)
tl-s deep_copy+derived_dp              38400    38400 5.760000e+07   6.151097e+03     0.191 ( 25728      0)     0.134 ( 12050      0)
tl-s prim_advance_exp-loop             38400    38400 5.760000e+07   1.507640e+06    46.436 ( 37418      0)    29.114 ( 22208      0)
tl-ae prim_advance_exp                 38400    38400 5.760000e+07   1.506816e+06    46.414 ( 37418      0)    29.087 ( 22208      0)
tl-ae U3-5stage_timestep               38400    38400 5.760000e+07   7.475909e+05    26.140 ( 22873      0)    13.329 ( 22208      0)
caar compute                           38400    38400 2.880000e+08   2.225497e+05     7.032 ( 13440      0)     5.057 ( 28437      0)
caar_bexchV                            38400    38400 2.880000e+08   5.106368e+05    20.468 ( 28449      0)     6.191 ( 22208      0)
tl-ae advance_hypervis_dp              38400    38400 5.760000e+07   7.581598e+05    26.012 ( 34230      0)    14.752 ( 22257      0)
hvf-bhwk                               38400    38400 1.728000e+08   4.197707e+05    14.898 ( 34231      0)     8.435 ( 22256      0)
hvf-bexch                              38400    38400 3.456000e+08   5.486977e+05    20.728 ( 34230      0)     8.891 ( 22242      0)
tl-s prim_advec_tracers_remap          38400    38400 5.760000e+07   2.952417e+06    86.604 ( 22208      0)    70.109 ( 37418      0)
tl-at prim_advec_tracers_remap_RK2     38400    38400 5.760000e+07   2.951820e+06    86.587 ( 22208      0)    70.095 ( 37418      0)
tl-at precompute_divdp                 38400    38400 5.760000e+07   6.870888e+03     0.288 ( 20480      0)     0.135 ( 14723      0)
tl-at esf-0                            38400    38400 5.760000e+07   7.911669e+05    26.705 ( 22208      0)    17.629 ( 25510      0)
tl-at esf-1                            38400    38400 5.760000e+07   6.222721e+05    19.341 ( 22218      0)    13.920 ( 28449      0)
tl-at esf-2                            38400    38400 5.760000e+07   1.459501e+06    42.540 ( 22182      0)    34.703 ( 37420      0)
tl-at qdp_time_avg                     38400    38400 5.760000e+07   6.908840e+04     2.132 ( 20416      0)     1.478 ( 28477      0)
tl-sc vertical_remap                   38400    38400 1.920000e+07   4.455104e+05    13.727 (  9192      0)    10.983 ( 36237      0)
Remap Thickness Functor                38400    38400 1.920000e+07   4.717745e+03     0.155 (  8018      0)     0.081 ( 12846      0)
Remap Scale States Functor             38400    38400 1.920000e+07   2.311939e+03     0.090 ( 31604      0)     0.037 ( 37594      0)
Remap Compute Grids Functor            38400    38400 1.920000e+07   1.824282e+04     0.551 ( 25687      0)     0.410 ( 19721      0)
Remap Compute Remap Functor            38400    38400 1.920000e+07   4.099780e+05    12.747 (  9192      0)    10.152 ( 23782      0)
Remap Rescale States Functor           38400    38400 1.920000e+07   1.996941e+03     0.086 ( 33536      0)     0.046 ( 24985      0)
tl-sc Q-from-qdp                       38400    38400 1.920000e+07   5.189824e+04     1.548 ( 20480      0)     1.332 ( 11568      0)
t_prf                                      0        0 0.000000e+00   0.000000e+00     0.000 (     0      0)     0.000 (     0      0)

