LAST_GIT_COMMIT_SHA:STRING=4790f40f2fb6acbc051ce4c988681a628c18e83d
11115641

***** GLOBAL STATISTICS ( 69120 MPI TASKS) *****

$Id: gptl.c,v 1.157 2011-03-28 20:55:18 rosinski Exp $
'count' is cumulative. All other stats are max/min
name                               processes  threads        count      walltotal   wallmax (proc   thrd  )   wallmin (proc   thrd  )
Total                                  69120    69120 6.912000e+04   1.925958e+07   278.856 (   180      0)   278.439 ( 34913      0)
prim_init1                             69120    69120 6.912000e+04   6.574590e+05     9.804 (  3310      0)     8.892 ( 25264      0)
repro_sum_int                          69120    69120 3.110400e+06   1.183798e+05     7.161 ( 28250      0)     0.232 ( 58048      0)
prim_init2                             69120    69120 6.912000e+04   3.124256e+05     9.784 ( 19312      0)     2.662 ( 26305      0)
prim_printstate                        69120    69120 6.912000e+04   2.769565e+04     0.528 ( 14224      0)     0.311 ( 62337      0)
interp_movie_output                    69120    69120 1.382400e+05   2.224575e+03     0.080 ( 37661      0)     0.000 ( 66820      0)
prim_main_loop                         69120    69120 6.912000e+04   1.056427e+07   152.953 ( 16901      0)   152.678 ( 45297      0)
prim_run                               69120    69120 6.220800e+07   1.056288e+07   152.944 ( 16936      0)   152.654 ( 45290      0)
tl-sc prim_run_subcycle_c              69120    69120 6.220800e+07   1.055331e+07   152.804 ( 17009      0)   152.534 ( 67604      0)
tl-sc dp3d-from-ps                     69120    69120 6.220800e+07   4.853812e+03     0.230 ( 67264      0)     0.033 ( 20622      0)
tl-sc prim_step-loop                   69120    69120 6.220800e+07   9.637847e+06   140.568 ( 41321      0)   137.743 (  2138      0)
tl-s prim_step                         69120    69120 1.866240e+08   9.636640e+06   140.554 ( 41321      0)   137.724 (  2138      0)
tl-s deep_copy+derived_dp              69120    69120 1.866240e+08   1.239766e+04     0.219 ( 23729      0)     0.157 ( 33348      0)
tl-s prim_advance_exp-loop             69120    69120 1.866240e+08   3.811236e+06    63.887 ( 41751      0)    44.520 ( 17792      0)
tl-ae prim_advance_exp                 69120    69120 1.866240e+08   3.808927e+06    63.865 ( 41751      0)    44.494 ( 17792      0)
tl-ae U3-5stage_timestep               69120    69120 1.866240e+08   1.862080e+06    35.041 (  4747      0)    20.183 ( 17834      0)
caar compute                           69120    69120 9.331200e+08   4.383831e+05     7.720 ( 24640      0)     5.646 ( 60073      0)
caar_bexchV                            69120    69120 9.331200e+08   1.388672e+06    28.583 (  4747      0)    12.956 ( 13696      0)
tl-ae advance_hypervis_dp              69120    69120 1.866240e+08   1.943722e+06    35.071 ( 57463      0)    22.170 ( 15795      0)
hvf-bhwk                               69120    69120 5.598720e+08   1.049962e+06    19.449 ( 46719      0)    11.992 ( 15794      0)
hvf-bexch                              69120    69120 1.119744e+09   1.519198e+06    28.795 ( 57463      0)    15.784 ( 15795      0)
tl-s prim_advec_tracers_remap          69120    69120 1.866240e+08   5.808240e+06    93.980 ( 17792      0)    75.669 ( 41751      0)
tl-at prim_advec_tracers_remap_RK2     69120    69120 1.866240e+08   5.806460e+06    93.950 ( 17792      0)    75.644 ( 41751      0)
tl-at precompute_divdp                 69120    69120 1.866240e+08   1.622159e+04     0.436 ( 51806      0)     0.167 ( 41889      0)
tl-at esf-0                            69120    69120 1.866240e+08   1.588865e+06    28.727 ( 17792      0)    19.821 ( 17244      0)
tl-at esf-1                            69120    69120 1.866240e+08   1.171345e+06    20.014 ( 14964      0)    14.673 ( 18009      0)
tl-at esf-2                            69120    69120 1.866240e+08   2.905842e+06    46.782 ( 17669      0)    37.602 ( 58341      0)
tl-at qdp_time_avg                     69120    69120 1.866240e+08   1.153933e+05     1.948 ( 19136      0)     1.387 ( 57919      0)
tl-sc vertical_remap                   69120    69120 6.220800e+07   8.143872e+05    13.431 (  2138      0)    10.708 ( 41321      0)
Remap Thickness Functor                69120    69120 6.220800e+07   1.136666e+04     0.267 ( 13504      0)     0.092 ( 41321      0)
Remap Scale States Functor             69120    69120 6.220800e+07   5.805376e+03     0.170 ( 61307      0)     0.041 ( 42858      0)
Remap Compute Grids Functor            69120    69120 6.220800e+07   3.669642e+04     0.639 ( 31064      0)     0.431 ( 33211      0)
Remap Compute Remap Functor            69120    69120 6.220800e+07   7.276130e+05    12.007 (  9171      0)     9.852 ( 43420      0)
Remap Rescale States Functor           69120    69120 6.220800e+07   4.777792e+03     0.149 ( 45568      0)     0.055 ( 57239      0)
tl-sc Q-from-qdp                       69120    69120 6.220800e+07   9.454740e+04     1.543 (  2112      0)     1.346 ( 61608      0)
t_prf                                      0        0 0.000000e+00   0.000000e+00     0.000 (     0      0)     0.000 (     0      0)

