LAST_GIT_COMMIT_SHA:STRING=4790f40f2fb6acbc051ce4c988681a628c18e83d
11115622

***** GLOBAL STATISTICS (  3840 MPI TASKS) *****

$Id: gptl.c,v 1.157 2011-03-28 20:55:18 rosinski Exp $
'count' is cumulative. All other stats are max/min
name                               processes  threads        count      walltotal   wallmax (proc   thrd  )   wallmin (proc   thrd  )
Total                                   3840     3840 3.840000e+03   7.682513e+05   200.280 (   372      0)   199.762 (  1350      0)
prim_init1                              3840     3840 3.840000e+03   2.398321e+04     6.306 (  1728      0)     5.782 (   959      0)
repro_sum_int                           3840     3840 1.728000e+05   5.944721e+02     0.659 (   959      0)     0.041 (  3264      0)
prim_init2                              3840     3840 3.840000e+03   7.084250e+03     2.348 (   959      0)     1.732 (  3316      0)
prim_printstate                         3840     3840 3.840000e+03   8.152609e+02     0.220 (     0      0)     0.211 (  1106      0)
interp_movie_output                     3840     3840 7.680000e+03   3.020820e+00     0.002 (  3051      0)     0.000 (  2328      0)
prim_main_loop                          3840     3840 3.840000e+03   4.948072e+05   129.071 (   372      0)   128.553 (  1350      0)
prim_run                                3840     3840 1.920000e+05   4.948015e+05   129.069 (   372      0)   128.551 (  1350      0)
tl-sc prim_run_subcycle_c               3840     3840 1.920000e+05   4.942161e+05   128.918 (   372      0)   128.465 (  1333      0)
tl-sc dp3d-from-ps                      3840     3840 1.920000e+05   6.996586e+01     0.035 (  3231      0)     0.016 (  3114      0)
tl-sc prim_step-loop                    3840     3840 1.920000e+05   4.466011e+05   117.029 (   133      0)   115.038 (  1876      0)
tl-s prim_step                          3840     3840 5.760000e+05   4.465965e+05   117.028 (   133      0)   115.037 (  1876      0)
tl-s deep_copy+derived_dp               3840     3840 5.760000e+05   6.281432e+02     0.331 (  3215      0)     0.110 (  1003      0)
tl-s prim_advance_exp-loop              3840     3840 5.760000e+05   1.246386e+05    43.387 (  1352      0)    20.815 (  3056      0)
tl-ae prim_advance_exp                  3840     3840 5.760000e+05   1.246313e+05    43.386 (  1352      0)    20.813 (  3056      0)
tl-ae U3-5stage_timestep                3840     3840 5.760000e+05   6.506339e+04    27.393 (   102      0)     9.898 (  3011      0)
caar compute                            3840     3840 2.880000e+06   1.973152e+04     6.178 (    24      0)     4.296 (  1016      0)
caar_bexchV                             3840     3840 2.880000e+06   4.458539e+04    22.516 (   102      0)     3.738 (  3011      0)
tl-ae advance_hypervis_dp               3840     3840 5.760000e+05   5.955603e+04    24.947 (    34      0)     8.742 (  3057      0)
hvf-bhwk                                3840     3840 1.728000e+06   3.353619e+04    14.647 (  3516      0)     5.180 (  1069      0)
hvf-bexch                               3840     3840 3.456000e+06   4.258843e+04    20.724 (    34      0)     3.897 (  3057      0)
tl-s prim_advec_tracers_remap           3840     3840 5.760000e+05   3.213114e+05    95.410 (  3056      0)    71.598 (  1352      0)
tl-at prim_advec_tracers_remap_RK2      3840     3840 5.760000e+05   3.213048e+05    95.408 (  3056      0)    71.597 (  1352      0)
tl-at precompute_divdp                  3840     3840 5.760000e+05   5.194113e+02     0.312 (  3252      0)     0.082 (  1196      0)
tl-at esf-0                             3840     3840 5.760000e+05   9.548711e+04    31.987 (  3055      0)    18.024 (  1336      0)
tl-at esf-1                             3840     3840 5.760000e+05   6.668573e+04    24.168 (  2197      0)    13.726 (  1295      0)
tl-at esf-2                             3840     3840 5.760000e+05   1.496363e+05    46.531 (  1713      0)    32.392 (  3505      0)
tl-at qdp_time_avg                      3840     3840 5.760000e+05   8.941070e+03     3.927 (   327      0)     1.547 (  3535      0)
tl-sc vertical_remap                    3840     3840 1.920000e+05   4.218639e+04    12.240 (   955      0)    10.390 (  3403      0)
Remap Thickness Functor                 3840     3840 1.920000e+05   2.467115e+02     0.081 (  3062      0)     0.054 (  3396      0)
Remap Scale States Functor              3840     3840 1.920000e+05   1.456605e+02     0.078 (   797      0)     0.025 (  3535      0)
Remap Compute Grids Functor             3840     3840 1.920000e+05   1.574954e+03     0.550 (   803      0)     0.343 (  3699      0)
Remap Compute Remap Functor             3840     3840 1.920000e+05   3.996695e+04    11.622 (   955      0)     9.882 (  2554      0)
Remap Rescale States Functor            3840     3840 1.920000e+05   1.490969e+02     0.089 (  2228      0)     0.034 (    98      0)
tl-sc Q-from-qdp                        3840     3840 1.920000e+05   5.351768e+03     1.692 (  1260      0)     1.327 (  1082      0)
t_prf                                      0        0 0.000000e+00   0.000000e+00     0.000 (     0      0)     0.000 (     0      0)

