LAST_GIT_COMMIT_SHA:STRING=4790f40f2fb6acbc051ce4c988681a628c18e83d
11152136

***** GLOBAL STATISTICS (345600 MPI TASKS) *****

$Id: gptl.c,v 1.157 2011-03-28 20:55:18 rosinski Exp $
'count' is cumulative. All other stats are max/min
name                               processes  threads        count      walltotal   wallmax (proc   thrd  )   wallmin (proc   thrd  )
Total                                 345600   345600 3.456000e+05   1.642315e+08   476.071 (    28      0)   474.505 (161377      0)
prim_init1                            345600   345600 3.456000e+05   9.294951e+06    27.824 (    97      0)    25.800 ( 71664      0)
repro_sum_int                         345600   345600 1.555200e+07   6.278625e+06    84.926 (188238      0)     0.689 ( 63740      0)
prim_init2                            345600   345600 3.456000e+05   1.079005e+07    98.121 (188225      0)    13.548 (234616      0)
prim_printstate                       345600   345600 3.456000e+05   4.518309e+05     1.505 (150119      0)     1.087 (309968      0)
interp_movie_output                   345600   345600 6.912000e+05   2.635775e+04     0.178 ( 57125      0)     0.028 (303280      0)
prim_main_loop                        345600   345600 3.456000e+05   8.166206e+07   236.527 (280414      0)   235.759 (163737      0)
prim_run                              345600   345600 1.555200e+09   8.162507e+07   236.432 (280428      0)   235.644 (163712      0)
tl-sc prim_run_subcycle_c             345600   345600 1.555200e+09   8.137393e+07   235.625 (303235      0)   235.297 ( 51840      0)
tl-sc dp3d-from-ps                    345600   345600 1.555200e+09   8.807857e+04     0.284 (336320      0)     0.218 (320236      0)
tl-sc prim_step-loop                  345600   345600 1.555200e+09   7.585778e+07   220.566 (163335      0)   216.580 (148302      0)
tl-s prim_step                        345600   345600 4.665600e+09   7.583140e+07   220.494 (163335      0)   216.493 (148302      0)
tl-s deep_copy+derived_dp             345600   345600 4.665600e+09   1.323970e+05     0.483 ( 52864      0)     0.357 ( 85251      0)
tl-s prim_advance_exp-loop            345600   345600 4.665600e+09   3.338000e+07   111.941 ( 92809      0)    81.120 (279296      0)
tl-ae prim_advance_exp                345600   345600 4.665600e+09   3.332209e+07   111.772 ( 92809      0)    80.939 (279296      0)
tl-ae U3-5stage_timestep              345600   345600 4.665600e+09   1.684316e+07    66.402 ( 85282      0)    36.606 (257920      0)
caar compute                          345600   345600 2.332800e+10   2.816750e+06     9.780 (238016      0)     7.633 (240909      0)
caar_bexchV                           345600   345600 2.332800e+10   1.359233e+07    57.336 ( 92810      0)    26.080 (257920      0)
tl-ae advance_hypervis_dp             345600   345600 4.665600e+09   1.641759e+07    59.329 ( 87083      0)    39.453 (279306      0)
hvf-bhwk                              345600   345600 1.399680e+10   8.568868e+06    31.692 ( 87163      0)    20.469 ( 93301      0)
hvf-bexch                             345600   345600 2.799360e+10   1.311537e+07    49.723 ( 87084      0)    30.032 (279306      0)
tl-s prim_advec_tracers_remap         345600   345600 4.665600e+09   4.221617e+07   136.891 (284928      0)   107.037 ( 87179      0)
tl-at prim_advec_tracers_remap_RK2    345600   345600 4.665600e+09   4.217678e+07   136.764 (284928      0)   106.926 ( 87179      0)
tl-at precompute_divdp                345600   345600 4.665600e+09   2.321471e+05     0.946 (100544      0)     0.429 (120313      0)
tl-at esf-0                           345600   345600 4.665600e+09   1.178391e+07    45.254 (279296      0)    28.135 ( 93666      0)
tl-at esf-1                           345600   345600 4.665600e+09   8.103911e+06    29.038 (279304      0)    19.015 ( 94816      0)
tl-at esf-2                           345600   345600 4.665600e+09   2.125978e+07    72.685 (279306      0)    51.698 ( 85421      0)
tl-at qdp_time_avg                    345600   345600 4.665600e+09   6.080296e+05     2.064 ( 52904      0)     1.598 ( 93098      0)
tl-sc vertical_remap                  345600   345600 1.555200e+09   4.891593e+06    17.125 (148302      0)    13.080 (163335      0)
Remap Thickness Functor               345600   345600 1.555200e+09   1.801208e+05     0.704 (104000      0)     0.445 (279303      0)
Remap Scale States Functor            345600   345600 1.555200e+09   9.646628e+04     0.385 (205697      0)     0.235 (173334      0)
Remap Compute Grids Functor           345600   345600 1.555200e+09   2.701737e+05     0.887 (165440      0)     0.714 (165523      0)
Remap Compute Remap Functor           345600   345600 1.555200e+09   3.681865e+06    13.554 (148302      0)    10.188 ( 84771      0)
Remap Rescale States Functor          345600   345600 1.555200e+09   7.308454e+04     0.379 (108608      0)     0.141 ( 12938      0)
tl-sc Q-from-qdp                      345600   345600 1.555200e+09   4.987967e+05     1.649 (238016      0)     1.423 ( 76816      0)
t_prf                                      0        0 0.000000e+00   0.000000e+00     0.000 (     0      0)     0.000 (     0      0)

