LAST_GIT_COMMIT_SHA:STRING=4790f40f2fb6acbc051ce4c988681a628c18e83d
11115624

***** GLOBAL STATISTICS (  6912 MPI TASKS) *****

$Id: gptl.c,v 1.157 2011-03-28 20:55:18 rosinski Exp $
'count' is cumulative. All other stats are max/min
name                               processes  threads        count      walltotal   wallmax (proc   thrd  )   wallmin (proc   thrd  )
Total                                   6912     6912 6.912000e+03   1.315920e+06   190.552 (  1036      0)   190.219 (  6871      0)
prim_init1                              6912     6912 6.912000e+03   4.577941e+04     6.683 (  4125      0)     6.164 (  2207      0)
repro_sum_int                           6912     6912 3.110400e+05   1.672413e+03     0.956 (  2207      0)     0.058 (  1524      0)
prim_init2                              6912     6912 6.912000e+03   1.103210e+04     2.333 (  2207      0)     1.309 (  3711      0)
prim_printstate                         6912     6912 6.912000e+03   1.612564e+03     0.245 (  2759      0)     0.227 (  1688      0)
interp_movie_output                     6912     6912 1.382400e+04   1.216354e+01     0.005 (   925      0)     0.000 (   850      0)
prim_main_loop                          6912     6912 6.912000e+03   8.296271e+05   120.196 (  1036      0)   119.865 (  6871      0)
prim_run                                6912     6912 6.220800e+05   8.296127e+05   120.194 (  1055      0)   119.862 (  6871      0)
tl-sc prim_run_subcycle_c               6912     6912 6.220800e+05   8.291610e+05   120.128 (  1036      0)   119.800 (  6875      0)
tl-sc dp3d-from-ps                      6912     6912 6.220800e+05   1.325732e+02     0.023 (   884      0)     0.017 (  6084      0)
tl-sc prim_step-loop                    6912     6912 6.220800e+05   7.443380e+05   108.424 (   899      0)   105.878 (  1594      0)
tl-s prim_step                          6912     6912 1.866240e+06   7.443239e+05   108.422 (   899      0)   105.876 (  1594      0)
tl-s deep_copy+derived_dp               6912     6912 1.866240e+06   9.933223e+02     0.219 (  5967      0)     0.108 (   196      0)
tl-s prim_advance_exp-loop              6912     6912 1.866240e+06   2.205962e+05    40.370 (  4143      0)    18.385 (  1063      0)
tl-ae prim_advance_exp                  6912     6912 1.866240e+06   2.205724e+05    40.367 (  4143      0)    18.383 (  1063      0)
tl-ae U3-5stage_timestep                6912     6912 1.866240e+06   1.099792e+05    26.768 (  4132      0)     9.560 (  1063      0)
caar compute                            6912     6912 9.331200e+06   3.514154e+04     6.237 (  1543      0)     4.217 (  4133      0)
caar_bexchV                             6912     6912 9.331200e+06   7.333842e+04    22.173 (  4132      0)     3.475 (  1063      0)
tl-ae advance_hypervis_dp               6912     6912 1.866240e+06   1.105550e+05    24.194 (  2933      0)     8.695 (  1065      0)
hvf-bhwk                                6912     6912 5.598720e+06   6.186767e+04    13.952 (  5379      0)     5.320 (  1069      0)
hvf-bexch                               6912     6912 1.119744e+07   7.988253e+04    19.876 (  2923      0)     3.605 (  1067      0)
tl-s prim_advec_tracers_remap           6912     6912 1.866240e+06   5.226783e+05    89.662 (  1066      0)    67.147 (   937      0)
tl-at prim_advec_tracers_remap_RK2      6912     6912 1.866240e+06   5.226582e+05    89.659 (  1066      0)    67.144 (   937      0)
tl-at precompute_divdp                  6912     6912 1.866240e+06   8.237540e+02     0.233 (  1024      0)     0.083 (  1774      0)
tl-at esf-0                             6912     6912 1.866240e+06   1.449056e+05    29.613 (  1076      0)    16.846 (  3067      0)
tl-at esf-1                             6912     6912 1.866240e+06   1.116474e+05    20.930 (   736      0)    13.201 (  4131      0)
tl-at esf-2                             6912     6912 1.866240e+06   2.514014e+05    42.666 (   918      0)    32.405 (  2856      0)
tl-at qdp_time_avg                      6912     6912 1.866240e+06   1.377225e+04     2.932 (  1074      0)     1.479 (   899      0)
tl-sc vertical_remap                    6912     6912 6.220800e+05   7.520376e+04    12.679 (  1594      0)    10.284 (   813      0)
Remap Thickness Functor                 6912     6912 6.220800e+05   4.581514e+02     0.080 (   375      0)     0.055 (   900      0)
Remap Scale States Functor              6912     6912 6.220800e+05   2.342770e+02     0.052 (  2752      0)     0.025 (   738      0)
Remap Compute Grids Functor             6912     6912 6.220800e+05   2.742702e+03     0.488 (  1589      0)     0.332 (  2790      0)
Remap Compute Remap Functor             6912     6912 6.220800e+05   7.134418e+04    12.034 (  1594      0)     9.783 (   813      0)
Remap Rescale States Functor            6912     6912 6.220800e+05   2.626577e+02     0.048 (  1055      0)     0.035 (  2993      0)
tl-sc Q-from-qdp                        6912     6912 6.220800e+05   9.465799e+03     1.584 (  4160      0)     1.328 (   717      0)
t_prf                                      0        0 0.000000e+00   0.000000e+00     0.000 (     0      0)     0.000 (     0      0)

