LAST_GIT_COMMIT_SHA:STRING=adf77c97ed8425a245449f2582d2441f4b72da1e
11115622

***** GLOBAL STATISTICS (  3840 MPI TASKS) *****

$Id: gptl.c,v 1.157 2011-03-28 20:55:18 rosinski Exp $
'count' is cumulative. All other stats are max/min
name                           processes  threads        count      walltotal   wallmax (proc   thrd  )   wallmin (proc   thrd  )
"Total"                             3840     3840 3.840000e+03   9.982851e+05   260.302 (  3235      0)   259.626 (  1649      0)
"prim_init1"                        3840     3840 3.840000e+03   2.353120e+04     6.216 (  3177      0)     5.696 (  1024      0)
"PartitioningTime"                  3840     3840 3.840000e+03   5.354945e+01     0.018 (  3136      0)     0.011 (   461      0)
"repro_sum_int"                     3840     3840 1.728000e+05   6.713769e+02     0.672 (  3830      0)     0.059 (  3197      0)
"prim_init2"                        3840     7680 7.680000e+03   2.992888e+03     0.881 (  1085      0)     0.280 (  3178      0)
"prim_printstate"                   3840     7680 7.680000e+03   7.958039e+02     0.111 (     0      0)     0.102 (  1291      1)
"interp_movie_output"               3840     3840 7.680000e+03   1.145243e+01     0.005 (  2934      0)     0.001 (  1399      0)
"prim_main_loop"                    3840     3840 3.840000e+03   7.262432e+05   189.469 (  3235      0)   188.799 (  1649      0)
"prim_run"                          3840     7680 3.840000e+05   1.452471e+06   189.467 (  3237      1)   188.797 (  1649      0)
"ApplyCAMForcing"                   3840     7680 3.840000e+05   1.368994e+04     3.336 (  3201      0)     1.155 (  3385      1)
"prim_step_rX"                      3840     7680 1.152000e+06   1.329333e+06   175.032 (  3696      0)   171.502 (    23      0)
"prim_step_dyn"                     3840     7680 1.152000e+06   3.644335e+05    64.742 (  3691      1)    25.003 (  3235      0)
"prim_advance_exp"                  3840     7680 1.152000e+06   3.644138e+05    64.740 (  3691      1)    25.000 (  3235      0)
"U3-5stage_timestep"                3840     7680 1.152000e+06   1.875853e+05    41.145 (  3379      1)    11.424 (  3416      0)
"compute_and_apply_rhs"             3840     7680 5.760000e+06   1.865337e+05    41.023 (  3379      1)    11.277 (  3416      0)
"caar_bexchV"                       3840     7680 5.760000e+06   1.182698e+05    32.648 (  3379      1)     1.946 (  3235      1)
"advance_hypervis_dp"               3840     7680 1.152000e+06   1.767953e+05    38.711 (  3416      1)    11.792 (  2992      0)
"biwkdp3d_bexchV"                   3840     7680 3.456000e+06   5.625290e+04    22.211 (  3437      0)     0.922 (  3200      0)
"ahdp_bexchV2"                      3840     7680 3.456000e+06   5.540063e+04    22.321 (  3450      1)     1.079 (  3199      0)
"prim_step_advec"                   3840     7680 1.152000e+06   9.626234e+05   146.904 (  3235      0)   109.444 (   991      1)
"PAT_remap"                         3840     7680 1.152000e+06   9.626123e+05   146.903 (  3235      0)   109.443 (   991      0)
"prim_advec_tracers_remap_rk2"      3840     7680 1.152000e+06   9.625963e+05   146.901 (  3235      0)   109.441 (   991      1)
"precomput_divdp"                   3840     7680 1.152000e+06   1.308690e+03     0.329 (  2596      1)     0.126 (  1139      0)
"euler_step_0"                      3840     7680 1.152000e+06   2.605659e+05    43.472 (  3444      1)    25.939 (  2498      1)
"bihmix_qminmax"                    3840     7680 3.456000e+06   4.396055e+05    70.883 (  3223      0)    45.330 (   994      0)
"eus_neighbor_minmax1"              3840     7680 1.152000e+06   5.984441e+04    18.289 (  3670      0)     3.843 (  2695      1)
"nmm_bexchV"                        3840     7680 1.152000e+06   3.211918e+04    15.260 (  3670      0)     1.578 (  1168      0)
"eus_2d_advec"                      3840     7680 3.456000e+06   5.019199e+05    78.328 (  2056      1)    54.393 (  2466      0)
"eus_bexchV"                        3840     7680 3.456000e+06   1.571757e+05    34.324 (  3667      0)    12.079 (  2767      1)
"euler_step_1"                      3840     7680 1.152000e+06   1.754868e+05    33.846 (  1538      0)    18.232 (  3492      1)
"euler_step_2"                      3840     7680 1.152000e+06   5.056037e+05    74.966 (  3236      0)    54.389 (  3681      0)
"nmm_bexchS_start"                  3840     7680 1.152000e+06   4.998170e+02     1.152 (  3240      0)     0.002 (  3234      1)
"biwksc_bexchV"                     3840     7680 1.152000e+06   5.592921e+04    19.114 (  1537      1)     3.199 (  3705      1)
"nmm_bexchS_fini"                   3840     7680 1.152000e+06   1.612985e+04     4.814 (  3215      0)     0.707 (  1024      0)
"qdp_tavg"                          3840     7680 1.152000e+06   1.956242e+04     4.953 (  3224      1)     1.016 (  1064      1)
"vertical_remap"                    3840     7680 3.840000e+05   9.678956e+04    14.322 (   642      1)    11.860 (  2529      0)
"vertical_remap1_1"                 3840     7680 1.728000e+07   4.166262e+03     0.591 (  1466      0)     0.500 (  1566      0)
"remap_Q_ppm"                       3840     7680 5.184000e+07   9.505774e+04    14.061 (   642      1)    11.641 (  2529      0)
"vertical_remap1_2"                 3840     7680 1.728000e+07   5.897584e+03     0.826 (  1894      0)     0.714 (  2550      1)
"vertical_remap1_3"                 3840     7680 1.728000e+07   8.567802e+04    12.763 (   642      1)    10.483 (  2528      0)
"prim_run_subcyle_diags"            3840     7680 3.840000e+05   9.266610e+03     2.438 (  3237      1)     0.678 (  1025      1)
"t_prf"                                0        0 0.000000e+00   0.000000e+00     0.000 (     0      0)     0.000 (     0      0)

