LAST_GIT_COMMIT_SHA:STRING=4790f40f2fb6acbc051ce4c988681a628c18e83d
11115619

***** GLOBAL STATISTICS (  1536 MPI TASKS) *****

$Id: gptl.c,v 1.157 2011-03-28 20:55:18 rosinski Exp $
'count' is cumulative. All other stats are max/min
name                               processes  threads        count      walltotal   wallmax (proc   thrd  )   wallmin (proc   thrd  )
Total                                   1536     1536 1.536000e+03   4.466065e+05   291.570 (   912      0)   289.726 (   584      0)
prim_init1                              1536     1536 1.536000e+03   9.062650e+03     5.959 (  1088      0)     5.539 (  1223      0)
repro_sum_int                           1536     1536 6.912000e+04   2.446332e+02     0.626 (  1225      0)     0.030 (  1104      0)
prim_init2                              1536     1536 1.536000e+03   6.604333e+03     4.755 (  1223      0)     3.789 (  1112      0)
prim_printstate                         1536     1536 1.536000e+03   6.328965e+02     0.419 (     0      0)     0.411 (   212      0)
interp_movie_output                     1536     1536 3.072000e+03   5.419781e-01     0.001 (  1217      0)     0.000 (   499      0)
prim_main_loop                          1536     1536 1.536000e+03   3.152447e+05   206.049 (   912      0)   204.204 (   584      0)
prim_run                                1536     1536 3.072000e+04   3.152436e+05   206.048 (   912      0)   204.204 (   584      0)
tl-sc prim_run_subcycle_c               1536     1536 3.072000e+04   3.145835e+05   205.547 (   912      0)   204.014 (   587      0)
tl-sc dp3d-from-ps                      1536     1536 3.072000e+04   3.463406e+01     0.057 (   959      0)     0.016 (  1200      0)
tl-sc prim_step-loop                    1536     1536 3.072000e+04   2.957990e+05   193.747 (   103      0)   190.868 (  1476      0)
tl-s prim_step                          1536     1536 9.216000e+04   2.957981e+05   193.746 (   103      0)   190.867 (  1476      0)
tl-s deep_copy+derived_dp               1536     1536 9.216000e+04   4.115611e+02     0.528 (    37      0)     0.129 (  1069      0)
tl-s prim_advance_exp-loop              1536     1536 9.216000e+04   7.481324e+04    78.697 (   586      0)    16.731 (  1207      0)
tl-ae prim_advance_exp                  1536     1536 9.216000e+04   7.481194e+04    78.696 (   586      0)    16.731 (  1207      0)
tl-ae U3-5stage_timestep                1536     1536 9.216000e+04   4.164641e+04    64.002 (   583      0)     8.317 (   746      0)
caar compute                            1536     1536 4.608000e+05   7.971294e+03     6.879 (  1199      0)     4.266 (  1060      0)
caar_bexchV                             1536     1536 4.608000e+05   3.339494e+04    59.338 (   583      0)     2.710 (  1170      0)
tl-ae advance_hypervis_dp               1536     1536 9.216000e+04   3.316348e+04    49.849 (  1526      0)     7.154 (  1183      0)
hvf-bhwk                                1536     1536 2.764800e+05   1.835316e+04    31.756 (  1490      0)     4.460 (  1185      0)
hvf-bexch                               1536     1536 5.529600e+05   2.630675e+04    45.651 (  1526      0)     2.737 (  1183      0)
tl-s prim_advec_tracers_remap           1536     1536 9.216000e+04   2.205693e+05   175.688 (   909      0)   112.816 (   586      0)
tl-at prim_advec_tracers_remap_RK2      1536     1536 9.216000e+04   2.205681e+05   175.688 (   909      0)   112.815 (   586      0)
tl-at precompute_divdp                  1536     1536 9.216000e+04   3.533907e+02     0.518 (   900      0)     0.079 (   319      0)
tl-at esf-0                             1536     1536 9.216000e+04   7.169478e+04    67.699 (  1314      0)    23.604 (  1479      0)
tl-at esf-1                             1536     1536 9.216000e+04   4.576323e+04    60.557 (   564      0)    16.344 (  1431      0)
tl-at esf-2                             1536     1536 9.216000e+04   9.668979e+04    84.619 (  1324      0)    45.341 (   187      0)
tl-at qdp_time_avg                      1536     1536 9.216000e+04   6.058524e+03     7.959 (  1205      0)     1.581 (  1067      0)
tl-sc vertical_remap                    1536     1536 3.072000e+04   1.636255e+04    12.386 (  1476      0)    10.188 (   103      0)
Remap Thickness Functor                 1536     1536 3.072000e+04   1.095966e+02     0.113 (   217      0)     0.053 (  1289      0)
Remap Scale States Functor              1536     1536 3.072000e+04   9.628498e+01     0.134 (   754      0)     0.026 (  1289      0)
Remap Compute Grids Functor             1536     1536 3.072000e+04   7.132005e+02     0.786 (  1200      0)     0.345 (  1066      0)
Remap Compute Remap Functor             1536     1536 3.072000e+04   1.528894e+04    11.555 (  1476      0)     9.656 (   103      0)
Remap Rescale States Functor            1536     1536 3.072000e+04   7.729895e+01     0.183 (    54      0)     0.035 (  1199      0)
tl-sc Q-from-qdp                        1536     1536 3.072000e+04   2.385895e+03     2.495 (    17      0)     1.321 (   975      0)
t_prf                                      0        0 0.000000e+00   0.000000e+00     0.000 (     0      0)     0.000 (     0      0)

