LAST_GIT_COMMIT_SHA:STRING=adf77c97ed8425a245449f2582d2441f4b72da1e
11090352

***** GLOBAL STATISTICS ( 86400 MPI TASKS) *****

$Id: gptl.c,v 1.157 2011-03-28 20:55:18 rosinski Exp $
'count' is cumulative. All other stats are max/min
name                           processes  threads        count      walltotal   wallmax (proc   thrd  )   wallmin (proc   thrd  )
"Total"                            86400    86400 8.640000e+04   2.534209e+07   294.229 ( 10175      0)   292.651 ( 43153      0)
"prim_init1"                       86400    86400 8.640000e+04   1.951551e+06    23.843 (  7209      0)    21.373 ( 43683      0)
"PartitioningTime"                 86400    86400 8.640000e+04   1.659477e+04     0.544 ( 26631      0)     0.051 ( 43602      0)
"repro_sum_int"                    86400    86400 3.888000e+06   7.254351e+05    30.482 (     0      0)     1.695 ( 24854      0)
"prim_init2"                       86400    86400 8.640000e+04   9.532773e+05    33.684 (     2      0)     4.495 ( 51070      0)
"prim_printstate"                  86400    86400 8.640000e+04   1.103059e+05     1.647 (  9258      0)     1.075 ( 80958      0)
"interp_movie_output"              86400    86400 1.728000e+05   1.039413e+04     0.376 ( 64491      0)     0.066 ( 48395      0)
"prim_main_loop"                   86400    86400 8.640000e+04   1.868834e+07   216.438 ( 55740      0)   215.972 ( 79069      0)
"prim_run"                         86400    86400 3.888000e+08   1.867818e+07   216.349 ( 55740      0)   215.872 ( 79040      0)
"ApplyCAMForcing"                  86400    86400 3.888000e+08   1.077526e+05     1.589 (  9120      0)     1.141 ( 36425      0)
"prim_step_rX"                     86400    86400 1.166400e+09   1.730297e+07   200.894 ( 37034      0)   199.185 ( 49184      0)
"prim_step_dyn"                    86400    86400 1.166400e+09   7.857037e+06   102.134 ( 17015      0)    76.340 ( 51104      0)
"prim_advance_exp"                 86400    86400 1.166400e+09   7.840095e+06   101.957 ( 17015      0)    76.155 ( 51104      0)
"U3-5stage_timestep"               86400    86400 1.166400e+09   3.967293e+06    59.664 ( 31287      0)    36.249 ( 30334      0)
"compute_and_apply_rhs"            86400    86400 5.832000e+09   3.917852e+06    59.136 ( 31287      0)    35.623 ( 30334      0)
"caar_bexchV"                      86400    86400 5.832000e+09   3.071098e+06    49.541 ( 31287      0)    24.468 ( 30334      0)
"advance_hypervis_dp"              86400    86400 1.166400e+09   3.858798e+06    55.526 ( 31227      0)    37.316 ( 51116      0)
"biwkdp3d_bexchV"                  86400    86400 3.499200e+09   1.579851e+06    24.014 (  9622      0)    13.777 ( 51104      0)
"ahdp_bexchV2"                     86400    86400 3.499200e+09   1.570753e+06    24.191 ( 31226      0)    14.091 ( 51115      0)
"prim_step_advec"                  86400    86400 1.166400e+09   9.415226e+06   123.282 ( 51130      0)    97.725 ( 17015      0)
"PAT_remap"                        86400    86400 1.166400e+09   9.408780e+06   123.204 ( 51130      0)    97.649 ( 17015      0)
"prim_advec_tracers_remap_rk2"     86400    86400 1.166400e+09   9.394191e+06   123.035 ( 51130      0)    97.491 ( 17015      0)
"precomput_divdp"                  86400    86400 1.166400e+09   1.544744e+04     0.247 ( 45856      0)     0.161 (  3448      0)
"euler_step_0"                     86400    86400 1.166400e+09   2.648946e+06    38.083 ( 50777      0)    25.574 ( 30580      0)
"bihmix_qminmax"                   86400    86400 3.499200e+09   4.144793e+06    57.295 ( 51052      0)    41.620 ( 44369      0)
"eus_neighbor_minmax1"             86400    86400 1.166400e+09   8.706458e+05    14.348 ( 51109      0)     7.500 ( 20712      0)
"nmm_bexchV"                       86400    86400 1.166400e+09   7.211297e+05    12.729 ( 51109      0)     5.813 ( 20695      0)
"eus_2d_advec"                     86400    86400 3.499200e+09   5.034317e+06    70.351 ( 51124      0)    49.732 ( 17248      0)
"eus_bexchV"                       86400    86400 3.499200e+09   2.685002e+06    43.764 ( 51105      0)    21.303 ( 62944      0)
"euler_step_1"                     86400    86400 1.166400e+09   1.739719e+06    24.106 ( 52992      0)    17.542 ( 30581      0)
"euler_step_2"                     86400    86400 1.166400e+09   4.872226e+06    63.075 ( 51128      0)    50.158 ( 16973      0)
"nmm_bexchS_start"                 86400    86400 1.166400e+09   8.867959e+04     1.574 ( 67136      0)     0.615 ( 20871      0)
"biwksc_bexchV"                    86400    86400 1.166400e+09   1.140126e+06    18.650 ( 63978      0)     9.281 ( 11724      0)
"nmm_bexchS_fini"                  86400    86400 1.166400e+09   2.348378e+04     0.730 ( 62293      0)     0.200 ( 49247      0)
"qdp_tavg"                         86400    86400 1.166400e+09   8.652892e+04     1.256 ( 36486      0)     0.922 (    71      0)
"vertical_remap"                   86400    86400 3.888000e+08   1.173628e+06    14.692 ( 20832      0)    13.197 ( 37037      0)
"vertical_remap1_1"                86400    86400 3.888000e+08   9.712582e+04     1.319 ( 84448      0)     0.977 ( 33189      0)
"remap_Q_ppm"                      86400    86400 1.166400e+09   1.119312e+06    14.116 ( 20832      0)    12.719 (  5445      0)
"vertical_remap1_2"                86400    86400 3.888000e+08   7.534326e+04     1.083 ( 60202      0)     0.853 ( 62399      0)
"vertical_remap1_3"                86400    86400 3.888000e+08   9.698290e+05    12.321 ( 20832      0)    11.114 (  6168      0)
"prim_run_subcyle_diags"           86400    86400 3.888000e+08   3.390208e+04     0.600 ( 77152      0)     0.350 ( 40520      0)
"t_prf"                                0        0 0.000000e+00   0.000000e+00     0.000 (     0      0)     0.000 (     0      0)

