
***** GLOBAL STATISTICS ( 12288 MPI TASKS) *****

$Id: gptl.c,v 1.157 2011-03-28 20:55:18 rosinski Exp $
'count' is cumulative. All other stats are max/min
name                           processes  threads        count      walltotal   wallmax (proc   thrd  )   wallmin (proc   thrd  )
"Total"                            12288    12288 1.228800e+04   3.253947e+06   264.842 (     0      0)   264.783 (  1604      0)
"prim_init1"                       12288    12288 1.228800e+04   1.168952e+04     0.984 (   871      0)     0.896 ( 12244      0)
"PartitioningTime"                 12288    12288 1.228800e+04   3.805807e+01     0.010 (  5091      0)     0.001 (   771      0)
"repro_sum_int"                    12288    12288 5.529600e+05   5.371781e+03     2.311 (  1943      0)     0.085 (  9696      0)
"prim_init2"                       12288    12288 1.228800e+04   7.100578e+03     2.450 (  1943      0)     0.236 ( 10705      0)
"prim_printstate"                  12288    12288 1.228800e+04   1.574575e+03     0.136 (  7486      0)     0.122 (  3603      0)
"interp_movie_output"              12288    12288 2.457600e+04   3.158301e+01     0.015 (  2792      0)     0.000 (  5032      0)
"prim_main_loop"                   12288    12288 1.228800e+04   3.159786e+06   257.168 (  6144      0)   257.120 (  2317      0)
"prim_run"                         12288    12288 3.145728e+07   3.159605e+06   257.156 (  6270      0)   257.099 (  9210      0)
"ApplyCAMForcing"                  12288    12288 3.145728e+07   2.069474e+04     1.935 (  9920      0)     1.451 (  7293      0)
"prim_step_rX"                     12288    12288 9.437184e+07   2.892615e+06   235.831 (  2468      0)   232.803 ( 10240      0)
"prim_step_dyn"                    12288    12288 9.437184e+07   1.065507e+06   102.804 (  7909      0)    68.646 (  3072      0)
"prim_advance_exp"                 12288    12288 9.437184e+07   1.064735e+06   102.742 (  7909      0)    68.574 (  3072      0)
"U3-5stage_timestep"               12288    12288 9.437184e+07   5.541462e+05    63.957 (  7867      0)    29.103 (   384      0)
"compute_and_apply_rhs"            12288    12288 4.718592e+08   5.489589e+05    63.539 (  7867      0)    28.644 (   384      0)
"caar_bexchV"                      12288    12288 4.718592e+08   4.105641e+05    52.894 (  7867      0)    15.280 (   384      0)
"advance_hypervis_dp"              12288    12288 9.437184e+07   5.092845e+05    53.024 (  7965      0)    35.357 (  3559      0)
"biwkdp3d_bexchV"                  12288    12288 2.831155e+08   1.799845e+05    22.935 ( 12026      0)    10.803 (  1536      0)
"ahdp_bexchV2"                     12288    12288 2.831155e+08   1.772641e+05    22.365 (  7931      0)    10.806 (  6464      0)
"prim_step_advec"                  12288    12288 9.437184e+07   1.822768e+06   164.184 (  2560      0)   132.535 (  7909      0)
"PAT_remap"                        12288    12288 9.437184e+07   1.822242e+06   164.138 (  2560      0)   132.493 (  7909      0)
"prim_advec_tracers_remap_rk2"     12288    12288 9.437184e+07   1.821441e+06   164.067 (  2560      0)   132.427 (  7909      0)
"precomput_divdp"                  12288    12288 9.437184e+07   2.773554e+03     0.277 (   576      0)     0.213 (   693      0)
"euler_step_0"                     12288    12288 9.437184e+07   4.613856e+05    44.400 (  8128      0)    32.511 (  3524      0)
"bihmix_qminmax"                   12288    12288 2.831155e+08   8.164022e+05    78.820 (  6912      0)    59.582 (  7969      0)
"eus_neighbor_minmax1"             12288    12288 9.437184e+07   1.102948e+05    12.881 (  9011      0)     6.784 (  3522      0)
"nmm_bexchV"                       12288    12288 9.437184e+07   8.404931e+04    10.673 (  9011      0)     4.689 (  3547      0)
"eus_2d_advec"                     12288    12288 2.831155e+08   9.752074e+05    97.127 (  3718      0)    69.160 ( 10660      0)
"eus_bexchV"                       12288    12288 2.831155e+08   3.375043e+05    45.824 (  3718      0)    15.370 ( 10688      0)
"euler_step_1"                     12288    12288 9.437184e+07   3.520032e+05    31.932 (  1149      0)    25.601 (  7909      0)
"euler_step_2"                     12288    12288 9.437184e+07   9.839162e+05    93.308 (  1542      0)    70.683 (  5340      0)
"nmm_bexchS_start"                 12288    12288 9.437184e+07   5.868505e+03     0.855 (  6784      0)     0.278 (   539      0)
"biwksc_bexchV"                    12288    12288 9.437184e+07   1.561547e+05    21.980 (  3709      0)     7.488 (  7769      0)
"nmm_bexchS_fini"                  12288    12288 9.437184e+07   3.822510e+03     0.519 (  6741      0)     0.278 (  6684      0)
"qdp_tavg"                         12288    12288 9.437184e+07   1.850332e+04     1.841 (  5767      0)     1.269 (  7289      0)
"vertical_remap"                   12288    12288 3.145728e+07   2.328980e+05    21.383 ( 10240      0)    18.520 (  9496      0)
"vertical_remap1_1"                12288    12288 6.291456e+07   1.045321e+04     0.942 (  3137      0)     0.794 (  9735      0)
"remap_Q_ppm"                      12288    12288 1.887437e+08   2.291162e+05    21.047 ( 10240      0)    18.238 (  9496      0)
"vertical_remap1_2"                12288    12288 6.291456e+07   1.455320e+04     1.317 (  7616      0)     1.149 (  1966      0)
"vertical_remap1_3"                12288    12288 6.291456e+07   2.055950e+05    18.987 (   768      0)    16.359 (  9593      0)
"prim_run_subcyle_diags"           12288    12288 3.145728e+07   8.944480e+03     0.994 (  1222      0)     0.563 (   572      0)
"t_prf"                                0        0 0.000000e+00   0.000000e+00     0.000 (     0      0)     0.000 (     0      0)

