
***** GLOBAL STATISTICS (  2880 MPI TASKS) *****

$Id: gptl.c,v 1.157 2011-03-28 20:55:18 rosinski Exp $
'count' is cumulative. All other stats are max/min
name                               processes  threads        count      walltotal   wallmax (proc   thrd  )   wallmin (proc   thrd  )
Total                                   2880     2880 2.880000e+03   4.459812e+05   154.918 (   169      0)   154.808 (  1988      0)
prim_init1                              2880     2880 2.880000e+03   4.926260e+03     1.734 (   896      0)     1.620 (     4      0)
repro_sum_int                           2880     2880 1.296000e+05   3.326387e+02     0.353 (    23      0)     0.046 (   960      0)
prim_init2                              2880     2880 2.880000e+03   1.890020e+03     0.886 (     4      0)     0.587 (  2315      0)
prim_printstate                         2880     2880 2.880000e+03   3.687788e+02     0.130 (     0      0)     0.126 (  1494      0)
interp_movie_output                     2880     2880 5.760000e+03   5.148489e+00     0.004 (  1512      0)     0.000 (   146      0)
prim_main_loop                          2880     2880 2.880000e+03   3.949769e+05   137.206 (   169      0)   137.099 (  1988      0)
prim_run                                2880     2880 4.320000e+05   3.949712e+05   137.205 (   169      0)   137.096 (  1986      0)
tl-sc prim_run_subcycle_c               2880     2880 4.320000e+05   3.949042e+05   137.183 (   154      0)   137.071 (  1988      0)
tl-sc dp3d-from-ps                      2880     2880 4.320000e+05   4.906217e+01     0.020 (   960      0)     0.016 (  2167      0)
tl-sc prim_step-loop                    2880     2880 4.320000e+05   3.500727e+05   122.462 (   878      0)   119.990 (  1408      0)
tl-s prim_step                          2880     2880 1.296000e+06   3.500656e+05   122.460 (   878      0)   119.987 (  1408      0)
tl-s deep_copy+derived_dp               2880     2880 1.296000e+06   4.194222e+02     0.165 (  2097      0)     0.131 (   398      0)
tl-s prim_advance_exp-loop              2880     2880 1.296000e+06   1.027351e+05    48.886 (   734      0)    19.682 (   169      0)
tl-ae prim_advance_exp                  2880     2880 1.296000e+06   1.027227e+05    48.882 (   734      0)    19.678 (   169      0)
tl-ae U3-5stage_timestep                2880     2880 1.296000e+06   5.362794e+04    30.531 (   734      0)     9.633 (   169      0)
caar compute                            2880     2880 6.480000e+06   1.683085e+04     6.616 (   960      0)     5.525 (  2643      0)
caar_bexchV                             2880     2880 6.480000e+06   3.602702e+04    24.274 (   734      0)     3.256 (   169      0)
tl-ae advance_hypervis_dp               2880     2880 1.296000e+06   4.907179e+04    26.997 (   576      0)     9.626 (   156      0)
hvf-bhwk                                2880     2880 3.888000e+06   2.789939e+04    15.529 (   576      0)     5.786 (   151      0)
hvf-bexch                               2880     2880 7.776000e+06   3.378061e+04    21.134 (   576      0)     4.237 (   156      0)
tl-s prim_advec_tracers_remap           2880     2880 1.296000e+06   2.468856e+05   102.591 (   169      0)    72.954 (   734      0)
tl-at prim_advec_tracers_remap_RK2      2880     2880 1.296000e+06   2.468749e+05   102.587 (   169      0)    72.950 (   734      0)
tl-at precompute_divdp                  2880     2880 1.296000e+06   3.642429e+02     0.164 (   948      0)     0.108 (  2309      0)
tl-at esf-0                             2880     2880 1.296000e+06   6.380184e+04    28.816 (   154      0)    18.735 (  1519      0)
tl-at esf-1                             2880     2880 1.296000e+06   4.860971e+04    22.456 (   150      0)    14.958 (   850      0)
tl-at esf-2                             2880     2880 1.296000e+06   1.280986e+05    54.306 (   650      0)    35.118 (   575      0)
tl-at qdp_time_avg                      2880     2880 1.296000e+06   5.940904e+03     2.408 (  2082      0)     1.731 (   402      0)
tl-sc vertical_remap                    2880     2880 4.320000e+05   4.034386e+04    15.419 (  1408      0)    13.122 (  2786      0)
Remap Thickness Functor                 2880     2880 4.320000e+05   2.175737e+02     0.086 (   988      0)     0.070 (  1718      0)
Remap Scale States Functor              2880     2880 4.320000e+05   1.031872e+02     0.044 (  1123      0)     0.029 (   880      0)
Remap Compute Grids Functor             2880     2880 4.320000e+05   1.390767e+03     0.548 (  2240      0)     0.453 (  1407      0)
Remap Compute Remap Functor             2880     2880 4.320000e+05   3.845921e+04    14.741 (  2368      0)    12.476 (   250      0)
Remap Rescale States Functor            2880     2880 4.320000e+05   1.339610e+02     0.058 (   896      0)     0.044 (  2861      0)
tl-sc Q-from-qdp                        2880     2880 4.320000e+05   4.428169e+03     1.704 (   896      0)     1.524 (   677      0)
t_prf                                      0        0 0.000000e+00   0.000000e+00     0.000 (     0      0)     0.000 (     0      0)

