
***** GLOBAL STATISTICS (  9600 MPI TASKS) *****

$Id: gptl.c,v 1.157 2011-03-28 20:55:18 rosinski Exp $
'count' is cumulative. All other stats are max/min
name                           processes  threads        count      walltotal   wallmax (proc   thrd  )   wallmin (proc   thrd  )
"Total"                             9600     9600 9.600000e+03   1.974451e+06   205.719 (  2174      0)   205.625 (  6295      0)
"prim_init1"                        9600     9600 9.600000e+03   1.741694e+04     1.851 (  8896      0)     1.696 (  5405      0)
"PartitioningTime"                  9600     9600 9.600000e+03   2.972355e+01     0.006 (  6084      0)     0.002 (  3822      0)
"repro_sum_int"                     9600     9600 4.320000e+05   4.949374e+03     2.025 (  3046      0)     0.126 (  2304      0)
"prim_init2"                        9600     9600 9.600000e+03   6.633508e+03     2.194 (  3024      0)     0.303 (  6656      0)
"prim_printstate"                   9600     9600 9.600000e+03   1.912457e+03     0.206 (  6786      0)     0.193 (  8551      0)
"interp_movie_output"               9600     9600 1.920000e+04   3.470703e+01     0.013 (  2677      0)     0.000 (  2727      0)
"prim_main_loop"                    9600     9600 9.600000e+03   1.737591e+06   181.041 (  1086      0)   180.966 (  9073      0)
"prim_run"                          9600     9600 4.800000e+06   1.737544e+06   181.038 (  1313      0)   180.961 (  9073      0)
"ApplyCAMForcing"                   9600     9600 4.800000e+06   1.547119e+04     1.836 (  7528      0)     1.344 (  2502      0)
"prim_step_rX"                      9600     9600 1.440000e+07   1.554573e+06   162.262 (  1656      0)   160.391 (  7488      0)
"prim_step_dyn"                     9600     9600 1.440000e+07   4.684470e+05    57.677 (  2443      0)    34.284 (  2176      0)
"prim_advance_exp"                  9600     9600 1.440000e+07   4.682666e+05    57.658 (  2443      0)    34.265 (  2176      0)
"U3-5stage_timestep"                9600     9600 1.440000e+07   2.315775e+05    35.211 (  1137      0)    15.738 (  5248      0)
"compute_and_apply_rhs"             9600     9600 7.200000e+07   2.294180e+05    34.996 (  1137      0)    15.484 (  5248      0)
"caar_bexchV"                       9600     9600 7.200000e+07   1.394032e+05    25.937 (  1137      0)     4.576 (  2176      0)
"advance_hypervis_dp"               9600     9600 1.440000e+07   2.364093e+05    33.541 (  2784      0)    18.090 (  1316      0)
"biwkdp3d_bexchV"                   9600     9600 4.320000e+07   6.658486e+04    12.602 (  2449      0)     2.942 (  2176      0)
"ahdp_bexchV2"                      9600     9600 4.320000e+07   6.538792e+04    12.304 (  2829      0)     3.139 (  2176      0)
"prim_step_advec"                   9600     9600 1.440000e+07   1.083599e+06   126.070 (  2176      0)   104.095 (  2443      0)
"PAT_remap"                         9600     9600 1.440000e+07   1.083516e+06   126.061 (  2176      0)   104.086 (  2443      0)
"prim_advec_tracers_remap_rk2"      9600     9600 1.440000e+07   1.083385e+06   126.045 (  2176      0)   104.072 (  2443      0)
"precomput_divdp"                   9600     9600 1.440000e+07   1.826386e+03     0.219 (  7168      0)     0.178 (   248      0)
"euler_step_0"                      9600     9600 1.440000e+07   2.578137e+05    33.071 (   382      0)    24.342 (  2249      0)
"bihmix_qminmax"                    9600     9600 4.320000e+07   4.786907e+05    57.353 (  2368      0)    46.772 (    34      0)
"eus_neighbor_minmax1"              9600     9600 1.440000e+07   4.953135e+04     8.671 (  2806      0)     3.702 (  1347      0)
"nmm_bexchV"                        9600     9600 1.440000e+07   3.082523e+04     6.881 (   246      0)     1.889 (  1347      0)
"eus_2d_advec"                      9600     9600 4.320000e+07   5.877294e+05    71.767 (  1089      0)    53.878 (   233      0)
"eus_bexchV"                        9600     9600 4.320000e+07   1.082365e+05    22.024 (  2494      0)     6.023 (  2048      0)
"euler_step_1"                      9600     9600 1.440000e+07   2.048392e+05    25.160 (  2627      0)    19.539 (  2288      0)
"euler_step_2"                      9600     9600 1.440000e+07   6.046928e+05    71.626 (  2182      0)    56.695 (  2443      0)
"nmm_bexchS_start"                  9600     9600 1.440000e+07   7.732350e+02     0.151 (   128      0)     0.039 (  8707      0)
"biwksc_bexchV"                     9600     9600 1.440000e+07   4.454904e+04     9.675 (  1104      0)     2.934 (  1260      0)
"nmm_bexchS_fini"                   9600     9600 1.440000e+07   3.999409e+03     0.580 (  3366      0)     0.301 (  2149      0)
"qdp_tavg"                          9600     9600 1.440000e+07   1.371184e+04     1.760 (  1666      0)     1.134 (  5665      0)
"vertical_remap"                    9600     9600 4.800000e+06   1.582110e+05    18.070 (  8640      0)    16.181 (  8368      0)
"vertical_remap1_1"                 9600     9600 4.320000e+07   6.771506e+03     0.772 (  8448      0)     0.677 (  1471      0)
"remap_Q_ppm"                       9600     9600 1.296000e+08   1.557987e+05    17.790 (  8640      0)    15.946 (  8368      0)
"vertical_remap1_2"                 9600     9600 4.320000e+07   9.900767e+03     1.117 (  6208      0)     1.004 (  1474      0)
"vertical_remap1_3"                 9600     9600 4.320000e+07   1.400665e+05    16.028 (  8640      0)    14.329 (  3046      0)
"prim_run_subcyle_diags"            9600     9600 4.800000e+06   6.881189e+03     1.040 (  7540      0)     0.534 (  5800      0)
"t_prf"                                0        0 0.000000e+00   0.000000e+00     0.000 (     0      0)     0.000 (     0      0)

