
***** GLOBAL STATISTICS (  6144 MPI TASKS) *****

$Id: gptl.c,v 1.157 2011-03-28 20:55:18 rosinski Exp $
'count' is cumulative. All other stats are max/min
name                           processes  threads        count      walltotal   wallmax (proc   thrd  )   wallmin (proc   thrd  )
"Total"                             6144     6144 6.144000e+03   5.575203e+05    90.756 (  1792      0)    90.725 (   330      0)
"prim_init1"                        6144     6144 6.144000e+03   3.234782e+03     0.547 (  3131      0)     0.507 (  4787      0)
"PartitioningTime"                  6144     6144 6.144000e+03   3.195194e+01     0.012 (  1890      0)     0.001 (  5952      0)
"repro_sum_int"                     6144     6144 2.764800e+05   1.183972e+03     0.458 (    45      0)     0.043 (  4125      0)
"prim_init2"                        6144     6144 6.144000e+03   1.795783e+03     0.550 (    54      0)     0.146 (  3718      0)
"prim_printstate"                   6144     6144 6.144000e+03   4.604906e+02     0.081 (    91      0)     0.069 (   686      0)
"interp_movie_output"               6144     6144 1.228800e+04   1.143628e+01     0.006 (  1144      0)     0.000 (  1828      0)
"prim_main_loop"                    6144     6144 6.144000e+03   5.444541e+05    88.624 (  5440      0)    88.607 (  1097      0)
"prim_run"                          6144     6144 9.830400e+06   5.443999e+05    88.614 (  5311      0)    88.597 (  2845      0)
"ApplyCAMForcing"                   6144     6144 9.830400e+06   3.142902e+03     0.593 (  1728      0)     0.455 (  1800      0)
"prim_step_rX"                      6144     6144 2.949120e+07   5.021334e+05    81.893 (  2528      0)    80.825 (  4416      0)
"prim_step_dyn"                     6144     6144 2.949120e+07   1.893776e+05    37.892 (  2717      0)    24.005 (  5312      0)
"prim_advance_exp"                  6144     6144 2.949120e+07   1.891387e+05    37.854 (  2717      0)    23.963 (  5312      0)
"U3-5stage_timestep"                6144     6144 2.949120e+07   1.035189e+05    25.201 (  1826      0)    10.544 (  1472      0)
"compute_and_apply_rhs"             6144     6144 1.474560e+08   1.023308e+05    25.005 (  1826      0)    10.323 (  1472      0)
"caar_bexchV"                       6144     6144 1.474560e+08   8.045324e+04    21.548 (  1826      0)     6.100 (  1472      0)
"advance_hypervis_dp"               6144     6144 2.949120e+07   8.525315e+04    20.289 (  1920      0)    11.662 (  1288      0)
"biwkdp3d_bexchV"                   6144     6144 8.847360e+07   3.116741e+04     9.251 (  1919      0)     4.001 (  1290      0)
"ahdp_bexchV2"                      6144     6144 8.847360e+07   3.087064e+04     8.965 (  1921      0)     3.854 (  1282      0)
"prim_step_advec"                   6144     6144 2.949120e+07   3.119406e+05    56.812 (  5312      0)    43.833 (  2717      0)
"PAT_remap"                         6144     6144 2.949120e+07   3.117798e+05    56.784 (  5312      0)    43.808 (  2717      0)
"prim_advec_tracers_remap_rk2"      6144     6144 2.949120e+07   3.115448e+05    56.743 (  5312      0)    43.769 (  2717      0)
"precomput_divdp"                   6144     6144 2.949120e+07   4.685791e+02     0.088 (  1536      0)     0.069 (  2168      0)
"euler_step_0"                      6144     6144 2.949120e+07   7.958554e+04    15.469 (   382      0)    10.791 (  1757      0)
"bihmix_qminmax"                    6144     6144 8.847360e+07   1.392420e+05    27.906 (  5312      0)    19.475 (  1824      0)
"eus_neighbor_minmax1"              6144     6144 2.949120e+07   2.041869e+04     5.090 (  1954      0)     2.440 (  1746      0)
"nmm_bexchV"                        6144     6144 2.949120e+07   1.640266e+04     4.471 (  1954      0)     1.819 (  1746      0)
"eus_2d_advec"                      6144     6144 8.847360e+07   1.666608e+05    33.598 (  4610      0)    22.547 (  2717      0)
"eus_bexchV"                        6144     6144 8.847360e+07   7.002726e+04    18.039 (  4610      0)     7.139 (  1826      0)
"euler_step_1"                      6144     6144 2.949120e+07   5.959854e+04    12.721 (  1792      0)     8.051 (  2400      0)
"euler_step_2"                      6144     6144 2.949120e+07   1.683409e+05    31.732 (  4610      0)    23.158 (  1826      0)
"nmm_bexchS_start"                  6144     6144 2.949120e+07   1.870351e+03     0.591 (  5376      0)     0.192 (  1756      0)
"biwksc_bexchV"                     6144     6144 2.949120e+07   3.143643e+04     8.581 (  5396      0)     2.854 (  1824      0)
"nmm_bexchS_fini"                   6144     6144 2.949120e+07   5.730069e+02     0.178 (  3626      0)     0.080 (  4311      0)
"qdp_tavg"                          6144     6144 2.949120e+07   2.725724e+03     0.559 (  1219      0)     0.368 (  2749      0)
"vertical_remap"                    6144     6144 9.830400e+06   3.698254e+04     6.879 (   704      0)     5.868 (  2524      0)
"vertical_remap1_1"                 6144     6144 9.830400e+06   1.774485e+03     0.326 (  1729      0)     0.263 (  2627      0)
"remap_Q_ppm"                       6144     6144 2.949120e+07   3.635813e+04     6.771 (   704      0)     5.768 (  4706      0)
"vertical_remap1_2"                 6144     6144 9.830400e+06   2.301826e+03     0.422 (  2688      0)     0.361 (  2435      0)
"vertical_remap1_3"                 6144     6144 9.830400e+06   3.253049e+04     6.100 (  4416      0)     5.149 (  1436      0)
"prim_run_subcyle_diags"            6144     6144 9.830400e+06   1.241570e+03     0.255 (  4992      0)     0.148 (  2856      0)
"t_prf"                                0        0 0.000000e+00   0.000000e+00     0.000 (     0      0)     0.000 (     0      0)

