
***** GLOBAL STATISTICS (  3456 MPI TASKS) *****

$Id: gptl.c,v 1.157 2011-03-28 20:55:18 rosinski Exp $
'count' is cumulative. All other stats are max/min
name                               processes  threads        count      walltotal   wallmax (proc   thrd  )   wallmin (proc   thrd  )
Total                                   3456     3456 3.456000e+03   5.364694e+05   155.285 (  1050      0)   155.188 (   298      0)
prim_init1                              3456     3456 3.456000e+03   6.154495e+03     1.807 (   129      0)     1.690 (  2015      0)
repro_sum_int                           3456     3456 1.555200e+05   5.628655e+02     0.570 (    39      0)     0.035 (   237      0)
prim_init2                              3456     3456 3.456000e+03   2.331735e+03     1.023 (  2520      0)     0.536 (  1789      0)
prim_printstate                         3456     3456 3.456000e+03   3.933099e+02     0.117 (  1071      0)     0.111 (  1414      0)
interp_movie_output                     3456     3456 6.912000e+03   3.547632e+00     0.002 (  2903      0)     0.000 (  3444      0)
prim_main_loop                          3456     3456 3.456000e+03   4.746397e+05   137.394 (  3082      0)   137.294 (    23      0)
prim_run                                3456     3456 6.220800e+05   4.746325e+05   137.392 (  3085      0)   137.291 (    23      0)
tl-sc prim_run_subcycle_c               3456     3456 6.220800e+05   4.745644e+05   137.374 (  3082      0)   137.269 (    22      0)
tl-sc dp3d-from-ps                      3456     3456 6.220800e+05   5.960805e+01     0.020 (  2816      0)     0.016 (  1449      0)
tl-sc prim_step-loop                    3456     3456 6.220800e+05   4.206719e+05   122.650 (  3038      0)   120.061 (  2560      0)
tl-s prim_step                          3456     3456 1.866240e+06   4.206618e+05   122.647 (  3038      0)   120.058 (  2560      0)
tl-s deep_copy+derived_dp               3456     3456 1.866240e+06   5.058391e+02     0.171 (  2124      0)     0.132 (  2680      0)
tl-s prim_advance_exp-loop              3456     3456 1.866240e+06   1.237935e+05    50.523 (  1839      0)    19.382 (  2059      0)
tl-ae prim_advance_exp                  3456     3456 1.866240e+06   1.237769e+05    50.518 (  1839      0)    19.376 (  2059      0)
tl-ae U3-5stage_timestep                3456     3456 1.866240e+06   6.323571e+04    32.205 (   290      0)     9.721 (   203      0)
caar compute                            3456     3456 9.331200e+06   2.027037e+04     6.881 (  3136      0)     5.539 (  1976      0)
caar_bexchV                             3456     3456 9.331200e+06   4.201175e+04    26.111 (   290      0)     3.355 (    64      0)
tl-ae advance_hypervis_dp               3456     3456 1.866240e+06   6.050850e+04    30.296 (   444      0)     9.541 (  2067      0)
hvf-bhwk                                3456     3456 5.598720e+06   3.420574e+04    18.008 (   444      0)     5.758 (  2066      0)
hvf-bexch                               3456     3456 1.119744e+07   4.209649e+04    24.966 (   444      0)     3.936 (  2056      0)
tl-s prim_advec_tracers_remap           3456     3456 1.866240e+06   2.963260e+05   102.920 (  2059      0)    71.828 (  1839      0)
tl-at prim_advec_tracers_remap_RK2      3456     3456 1.866240e+06   2.963104e+05   102.915 (  2059      0)    71.824 (  1839      0)
tl-at precompute_divdp                  3456     3456 1.866240e+06   4.367719e+02     0.181 (  2961      0)     0.107 (  1588      0)
tl-at esf-0                             3456     3456 1.866240e+06   7.616175e+04    29.904 (   435      0)    18.827 (    96      0)
tl-at esf-1                             3456     3456 1.866240e+06   5.852199e+04    22.544 (   185      0)    15.022 (    22      0)
tl-at esf-2                             3456     3456 1.866240e+06   1.540122e+05    57.334 (   386      0)    34.230 (  1862      0)
tl-at qdp_time_avg                      3456     3456 1.866240e+06   7.093243e+03     2.460 (  2995      0)     1.744 (   764      0)
tl-sc vertical_remap                    3456     3456 6.220800e+05   4.851407e+04    15.521 (  2560      0)    13.121 (   447      0)
Remap Thickness Functor                 3456     3456 6.220800e+05   2.654069e+02     0.093 (  3136      0)     0.069 (   763      0)
Remap Scale States Functor              3456     3456 6.220800e+05   1.262923e+02     0.048 (  2962      0)     0.029 (  2632      0)
Remap Compute Grids Functor             3456     3456 6.220800e+05   1.674874e+03     0.569 (  3183      0)     0.448 (  1394      0)
Remap Compute Remap Functor             3456     3456 6.220800e+05   4.623000e+04    14.845 (  2560      0)    12.477 (   669      0)
Remap Rescale States Functor            3456     3456 6.220800e+05   1.612483e+02     0.056 (  2112      0)     0.044 (  1498      0)
tl-sc Q-from-qdp                        3456     3456 6.220800e+05   5.304158e+03     1.709 (  2944      0)     1.519 (  2678      0)
t_prf                                      0        0 0.000000e+00   0.000000e+00     0.000 (     0      0)     0.000 (     0      0)

