
***** GLOBAL STATISTICS ( 17280 MPI TASKS) *****

$Id: gptl.c,v 1.157 2011-03-28 20:55:18 rosinski Exp $
'count' is cumulative. All other stats are max/min
name                           processes  threads        count      walltotal   wallmax (proc   thrd  )   wallmin (proc   thrd  )
"Total"                            17280    17280 1.728000e+04   3.827623e+06   221.588 (  9088      0)   221.447 (  2346      0)
"prim_init1"                       17280    17280 1.728000e+04   4.361553e+04     2.602 ( 17194      0)     2.411 ( 15734      0)
"PartitioningTime"                 17280    17280 1.728000e+04   5.338350e+01     0.009 ( 17110      0)     0.002 ( 11016      0)
"repro_sum_int"                    17280    17280 7.776000e+05   8.805836e+03     1.625 (  6310      0)     0.094 ( 15422      0)
"prim_init2"                       17280    17280 1.728000e+04   1.230569e+04     1.798 (  8904      0)     0.311 ( 12708      0)
"prim_printstate"                  17280    17280 1.728000e+04   2.031472e+03     0.128 (  2312      0)     0.107 ( 14445      0)
"interp_movie_output"              17280    17280 3.456000e+04   7.651780e+01     0.023 (  8341      0)     0.000 (  3694      0)
"prim_main_loop"                   17280    17280 1.728000e+04   3.478925e+06   201.390 (  9344      0)   201.279 (  2391      0)
"prim_run"                         17280    17280 1.555200e+07   3.478750e+06   201.383 (  9344      0)   201.267 (  4475      0)
"ApplyCAMForcing"                  17280    17280 1.555200e+07   2.667017e+04     1.750 (  5632      0)     1.318 (  8633      0)
"prim_step_rX"                     17280    17280 4.665600e+07   3.149535e+06   182.678 (  8711      0)   180.095 (  6976      0)
"prim_step_dyn"                    17280    17280 4.665600e+07   1.065284e+06    72.365 (  6426      0)    43.633 (  8832      0)
"prim_advance_exp"                 17280    17280 4.665600e+07   1.064686e+06    72.316 (  6426      0)    43.597 (  8832      0)
"U3-5stage_timestep"               17280    17280 4.665600e+07   5.192813e+05    46.729 ( 16409      0)    18.579 ( 16576      0)
"compute_and_apply_rhs"            17280    17280 2.332800e+08   5.146820e+05    46.477 ( 16409      0)    18.279 ( 16576      0)
"caar_bexchV"                      17280    17280 2.332800e+08   3.461315e+05    37.188 ( 16409      0)     6.934 ( 16576      0)
"advance_hypervis_dp"              17280    17280 4.665600e+07   5.445971e+05    42.185 (  9174      0)    22.426 (  8876      0)
"biwkdp3d_bexchV"                  17280    17280 1.399680e+08   1.784987e+05    18.511 ( 11239      0)     4.788 ( 16768      0)
"ahdp_bexchV2"                     17280    17280 1.399680e+08   1.780193e+05    18.369 ( 11249      0)     5.614 (  8832      0)
"prim_step_advec"                  17280    17280 4.665600e+07   2.079563e+06   137.011 (  8832      0)   109.682 (  6426      0)
"PAT_remap"                        17280    17280 4.665600e+07   2.079298e+06   136.994 (  8832      0)   109.666 (  6426      0)
"prim_advec_tracers_remap_rk2"     17280    17280 4.665600e+07   2.078888e+06   136.969 (  8832      0)   109.642 (  6426      0)
"precomput_divdp"                  17280    17280 4.665600e+07   3.293809e+03     0.224 (  8768      0)     0.178 ( 11206      0)
"euler_step_0"                     17280    17280 4.665600e+07   5.102615e+05    37.392 ( 16543      0)    25.442 ( 16407      0)
"bihmix_qminmax"                   17280    17280 1.399680e+08   9.122166e+05    65.786 (  8704      0)    47.806 ( 11232      0)
"eus_neighbor_minmax1"             17280    17280 4.665600e+07   1.117773e+05    13.313 ( 17035      0)     4.353 ( 15929      0)
"nmm_bexchV"                       17280    17280 4.665600e+07   8.004323e+04    11.557 ( 11259      0)     2.602 ( 16408      0)
"eus_2d_advec"                     17280    17280 1.399680e+08   1.135473e+06    81.528 (  8751      0)    56.888 (  6442      0)
"eus_bexchV"                       17280    17280 1.399680e+08   2.821590e+05    30.711 (  8842      0)     8.325 (  8512      0)
"euler_step_1"                     17280    17280 4.665600e+07   3.923115e+05    28.292 ( 16495      0)    20.429 ( 11251      0)
"euler_step_2"                     17280    17280 4.665600e+07   1.148066e+06    77.504 ( 16385      0)    58.444 (  9047      0)
"nmm_bexchS_start"                 17280    17280 4.665600e+07   2.797414e+03     0.421 ( 11170      0)     0.074 (  8983      0)
"biwksc_bexchV"                    17280    17280 4.665600e+07   1.209884e+05    14.731 ( 16303      0)     3.997 (  9008      0)
"nmm_bexchS_fini"                  17280    17280 4.665600e+07   5.919645e+03     0.525 (  4651      0)     0.267 (  2442      0)
"qdp_tavg"                         17280    17280 4.665600e+07   2.347145e+04     1.705 (  5949      0)     1.118 (  8898      0)
"vertical_remap"                   17280    17280 1.555200e+07   2.862321e+05    18.778 (  6976      0)    16.233 ( 16088      0)
"vertical_remap1_1"                17280    17280 7.776000e+07   1.272951e+04     0.863 ( 10650      0)     0.691 (  7825      0)
"remap_Q_ppm"                      17280    17280 2.332800e+08   2.816885e+05    18.493 (  6976      0)    15.986 ( 16088      0)
"vertical_remap1_2"                17280    17280 7.776000e+07   1.785348e+04     1.145 ( 17024      0)     1.003 (  2800      0)
"vertical_remap1_3"                17280    17280 7.776000e+07   2.529694e+05    16.738 (  6976      0)    14.346 ( 16088      0)
"prim_run_subcyle_diags"           17280    17280 1.555200e+07   1.166858e+04     0.945 ( 10638      0)     0.526 ( 16648      0)
"t_prf"                                0        0 0.000000e+00   0.000000e+00     0.000 (     0      0)     0.000 (     0      0)

