
***** GLOBAL STATISTICS (  3072 MPI TASKS) *****

$Id: gptl.c,v 1.157 2011-03-28 20:55:18 rosinski Exp $
'count' is cumulative. All other stats are max/min
name                           processes  threads        count      walltotal   wallmax (proc   thrd  )   wallmin (proc   thrd  )
"Total"                             3072     3072 3.072000e+03   6.283727e+05   204.566 (  2816      0)   204.526 (  1372      0)
"prim_init1"                        3072     3072 3.072000e+03   2.121668e+03     0.708 (   573      0)     0.658 (  1493      0)
"PartitioningTime"                  3072     3072 3.072000e+03   7.630970e+00     0.005 (   976      0)     0.001 (  2055      0)
"repro_sum_int"                     3072     3072 1.382400e+05   3.048256e+02     0.217 (    35      0)     0.033 (   548      0)
"prim_init2"                        3072     3072 3.072000e+03   4.622920e+02     0.271 (     0      0)     0.088 (   548      0)
"prim_printstate"                   3072     3072 3.072000e+03   1.594558e+02     0.062 (     0      0)     0.049 (  2036      0)
"interp_movie_output"               3072     3072 6.144000e+03   3.025182e+00     0.002 (  1788      0)     0.000 (   690      0)
"prim_main_loop"                    3072     3072 3.072000e+03   6.135762e+05   199.747 (   640      0)   199.718 (  1852      0)
"prim_run"                          3072     3072 1.966080e+06   6.135635e+05   199.743 (   640      0)   199.713 (  1852      0)
"ApplyCAMForcing"                   3072     3072 1.966080e+06   5.601392e+03     2.006 (   486      0)     1.559 (   573      0)
"prim_step_rX"                      3072     3072 5.898240e+06   5.467148e+05   178.488 (  2652      0)   176.290 (  2816      0)
"prim_step_dyn"                     3072     3072 5.898240e+06   1.540089e+05    61.660 (   292      0)    38.003 (  2816      0)
"prim_advance_exp"                  3072     3072 5.898240e+06   1.539394e+05    61.637 (   292      0)    37.979 (  2816      0)
"U3-5stage_timestep"                3072     3072 5.898240e+06   8.120078e+04    39.087 (   367      0)    17.098 (  2944      0)
"compute_and_apply_rhs"             3072     3072 2.949120e+07   8.036040e+04    38.818 (   367      0)    16.798 (  2944      0)
"caar_bexchV"                       3072     3072 2.949120e+07   4.695101e+04    28.182 (   367      0)     4.149 (  2816      0)
"advance_hypervis_dp"               3072     3072 5.898240e+06   7.262447e+04    30.874 (  1231      0)    19.410 (  3005      0)
"biwkdp3d_bexchV"                   3072     3072 1.769472e+07   1.742626e+04    10.528 (  1227      0)     2.848 (   640      0)
"ahdp_bexchV2"                      3072     3072 1.769472e+07   1.701158e+04    10.205 (   218      0)     2.698 (  3008      0)
"prim_step_advec"                   3072     3072 5.898240e+06   3.917923e+05   138.339 (  2822      0)   116.282 (   292      0)
"PAT_remap"                         3072     3072 5.898240e+06   3.917583e+05   138.328 (  2822      0)   116.272 (   292      0)
"prim_advec_tracers_remap_rk2"      3072     3072 5.898240e+06   3.917046e+05   138.309 (  2822      0)   116.256 (   292      0)
"precomput_divdp"                   3072     3072 5.898240e+06   6.682097e+02     0.264 (   640      0)     0.205 (  1252      0)
"euler_step_0"                      3072     3072 5.898240e+06   9.444083e+04    34.946 (  2376      0)    27.094 (   347      0)
"bihmix_qminmax"                    3072     3072 1.769472e+07   1.786831e+05    67.635 (   768      0)    53.054 (   222      0)
"eus_neighbor_minmax1"              3072     3072 5.898240e+06   1.793235e+04     8.877 (  2376      0)     4.187 (   771      0)
"nmm_bexchV"                        3072     3072 5.898240e+06   1.083190e+04     6.722 (  2376      0)     1.958 (   771      0)
"eus_2d_advec"                      3072     3072 1.769472e+07   2.068002e+05    80.578 (   774      0)    60.197 (   292      0)
"eus_bexchV"                        3072     3072 1.769472e+07   4.414038e+04    28.823 (   774      0)     7.894 (   960      0)
"euler_step_1"                      3072     3072 5.898240e+06   7.574281e+04    27.575 (   835      0)    22.605 (   281      0)
"euler_step_2"                      3072     3072 5.898240e+06   2.156922e+05    78.589 (   646      0)    63.088 (  1116      0)
"nmm_bexchS_start"                  3072     3072 5.898240e+06   3.467178e+02     0.184 (   640      0)     0.069 (   989      0)
"biwksc_bexchV"                     3072     3072 5.898240e+06   2.095213e+04    13.023 (   754      0)     3.087 (  2330      0)
"nmm_bexchS_fini"                   3072     3072 5.898240e+06   1.530819e+03     0.612 (   430      0)     0.439 (  2307      0)
"qdp_tavg"                          3072     3072 5.898240e+06   4.953534e+03     1.932 (   615      0)     1.288 (  2006      0)
"vertical_remap"                    3072     3072 1.966080e+06   5.787087e+04    20.627 (   384      0)    18.550 (  1063      0)
"vertical_remap1_1"                 3072     3072 1.572864e+07   2.471584e+03     0.874 (  1664      0)     0.770 (  1095      0)
"remap_Q_ppm"                       3072     3072 4.718592e+07   5.698313e+04    20.301 (   384      0)    18.275 (  1063      0)
"vertical_remap1_2"                 3072     3072 1.572864e+07   3.612724e+03     1.273 (  1664      0)     1.145 (  1223      0)
"vertical_remap1_3"                 3072     3072 1.572864e+07   5.124050e+04    18.310 (   384      0)    16.435 (  1063      0)
"prim_run_subcyle_diags"            3072     3072 1.966080e+06   2.509038e+03     1.039 (  3019      0)     0.606 (  2652      0)
"t_prf"                                0        0 0.000000e+00   0.000000e+00     0.000 (     0      0)     0.000 (     0      0)

