
***** GLOBAL STATISTICS (   768 MPI TASKS) *****

$Id: gptl.c,v 1.157 2011-03-28 20:55:18 rosinski Exp $
'count' is cumulative. All other stats are max/min
name                           processes  threads        count      walltotal   wallmax (proc   thrd  )   wallmin (proc   thrd  )
"Total"                              768      768 7.680000e+02   1.239152e+05   161.410 (   576      0)   161.295 (   275      0)
"prim_init1"                         768      768 7.680000e+02   7.186839e+02     0.947 (   448      0)     0.909 (   718      0)
"PartitioningTime"                   768      768 7.680000e+02   1.638604e+00     0.004 (   663      0)     0.001 (   101      0)
"repro_sum_int"                      768      768 3.456000e+04   3.997418e+01     0.167 (   735      0)     0.023 (   171      0)
"prim_init2"                         768      768 7.680000e+02   1.188295e+02     0.269 (   735      0)     0.127 (   144      0)
"prim_printstate"                    768      768 7.680000e+02   4.411260e+01     0.062 (     0      0)     0.057 (   625      0)
"interp_movie_output"                768      768 1.536000e+03   3.096576e-01     0.001 (   673      0)     0.000 (   385      0)
"prim_main_loop"                     768      768 7.680000e+02   1.164011e+05   151.625 (   576      0)   151.512 (   275      0)
"prim_run"                           768      768 6.144000e+04   1.164003e+05   151.624 (   576      0)   151.511 (   275      0)
"ApplyCAMForcing"                    768      768 6.144000e+04   1.295650e+03     2.881 (    12      0)     1.288 (   542      0)
"prim_step_rX"                       768      768 1.843200e+05   1.029952e+05   134.845 (   543      0)   132.259 (     0      0)
"prim_step_dyn"                      768      768 1.843200e+05   2.631150e+04    43.551 (   415      0)    22.905 (   576      0)
"prim_advance_exp"                   768      768 1.843200e+05   2.630879e+04    43.547 (   415      0)    22.902 (   576      0)
"U3-5stage_timestep"                 768      768 1.843200e+05   1.387344e+04    30.565 (   550      0)    10.324 (   728      0)
"compute_and_apply_rhs"              768      768 9.216000e+05   1.375877e+04    30.421 (   550      0)    10.169 (   728      0)
"caar_bexchV"                        768      768 9.216000e+05   7.466532e+03    22.332 (   550      0)     1.366 (     0      0)
"advance_hypervis_dp"                768      768 1.843200e+05   1.243154e+04    26.361 (   403      0)    11.813 (   536      0)
"biwkdp3d_bexchV"                    768      768 5.529600e+05   2.724966e+03    10.717 (   405      0)     0.584 (   576      0)
"ahdp_bexchV2"                       768      768 5.529600e+05   2.428891e+03    10.306 (   399      0)     0.612 (   576      0)
"prim_step_advec"                    768      768 1.843200e+05   7.649204e+04   109.786 (   610      0)    90.777 (   415      0)
"PAT_remap"                          768      768 1.843200e+05   7.649094e+04   109.785 (   610      0)    90.776 (   415      0)
"prim_advec_tracers_remap_rk2"       768      768 1.843200e+05   7.648913e+04   109.782 (   610      0)    90.773 (   415      0)
"precomput_divdp"                    768      768 1.843200e+05   1.342514e+02     0.221 (   576      0)     0.160 (   386      0)
"euler_step_0"                       768      768 1.843200e+05   1.930042e+04    28.894 (   598      0)    20.447 (    93      0)
"bihmix_qminmax"                     768      768 5.529600e+05   3.556090e+04    54.385 (   596      0)    40.835 (   400      0)
"eus_neighbor_minmax1"               768      768 1.843200e+05   3.901015e+03     7.670 (   600      0)     2.663 (    81      0)
"nmm_bexchV"                         768      768 1.843200e+05   1.928438e+03     5.577 (    75      0)     0.971 (    81      0)
"eus_2d_advec"                       768      768 5.529600e+05   3.948648e+04    58.211 (    82      0)    46.160 (   500      0)
"eus_bexchV"                         768      768 5.529600e+05   6.801205e+03    17.536 (    82      0)     4.237 (   192      0)
"euler_step_1"                       768      768 1.843200e+05   1.462247e+04    21.408 (    93      0)    17.127 (   671      0)
"euler_step_2"                       768      768 1.843200e+05   4.113752e+04    59.216 (   576      0)    48.456 (   482      0)
"nmm_bexchS_start"                   768      768 1.843200e+05   1.177211e+01     0.030 (    23      0)     0.008 (   111      0)
"biwksc_bexchV"                      768      768 1.843200e+05   2.872870e+03     7.527 (   559      0)     1.597 (   168      0)
"nmm_bexchS_fini"                    768      768 1.843200e+05   5.589116e+02     1.437 (   585      0)     0.439 (    90      0)
"qdp_tavg"                           768      768 1.843200e+05   1.287000e+03     3.388 (    38      0)     1.010 (   556      0)
"vertical_remap"                     768      768 6.144000e+04   1.121406e+04    16.437 (     0      0)    14.401 (    43      0)
"vertical_remap1_1"                  768      768 3.072000e+06   4.724825e+02     0.677 (     0      0)     0.593 (   262      0)
"remap_Q_ppm"                        768      768 9.216000e+06   1.104464e+04    16.168 (     0      0)    14.184 (    43      0)
"vertical_remap1_2"                  768      768 3.072000e+06   7.013274e+02     0.991 (     0      0)     0.894 (   313      0)
"vertical_remap1_3"                  768      768 3.072000e+06   9.934735e+03    14.600 (     0      0)    12.760 (    43      0)
"prim_run_subcyle_diags"             768      768 6.144000e+04   6.796565e+02     1.760 (    39      0)     0.519 (   545      0)
"t_prf"                                0        0 0.000000e+00   0.000000e+00     0.000 (     0      0)     0.000 (     0      0)

