
***** GLOBAL STATISTICS ( 24576 MPI TASKS) *****

$Id: gptl.c,v 1.157 2011-03-28 20:55:18 rosinski Exp $
'count' is cumulative. All other stats are max/min
name                           processes  threads        count      walltotal   wallmax (proc   thrd  )   wallmin (proc   thrd  )
"Total"                            24576    24576 2.457600e+04   8.402150e+06   341.935 (  4948      0)   341.847 ( 11552      0)
"prim_init1"                       24576    24576 2.457600e+04   3.700831e+04     1.598 (  7814      0)     1.416 ( 23165      0)
"PartitioningTime"                 24576    24576 2.457600e+04   1.235835e+02     0.019 ( 23395      0)     0.001 (  1514      0)
"repro_sum_int"                    24576    24576 1.105920e+06   2.263399e+04     2.209 ( 13002      0)     0.076 ( 22553      0)
"prim_init2"                       24576    24576 2.457600e+04   2.822485e+04     2.409 (  6828      0)     0.320 (   583      0)
"prim_printstate"                  24576    24576 2.457600e+04   2.805993e+03     0.141 (  7710      0)     0.099 (  4412      0)
"interp_movie_output"              24576    24576 4.915200e+04   1.487143e+02     0.017 ( 22419      0)     0.000 (  7341      0)
"prim_main_loop"                   24576    24576 2.457600e+04   8.204151e+06   333.853 ( 16572      0)   333.804 (   545      0)
"prim_run"                         24576    24576 1.258291e+08   8.203465e+06   333.831 ( 16572      0)   333.777 (   545      0)
"ApplyCAMForcing"                  24576    24576 1.258291e+08   4.062696e+04     1.895 (   896      0)     1.449 ( 21512      0)
"prim_step_rX"                     24576    24576 3.774874e+08   7.667802e+06   312.570 (  7719      0)   307.701 ( 16640      0)
"prim_step_dyn"                    24576    24576 3.774874e+08   3.432918e+06   161.518 (  7202      0)   107.872 (  7168      0)
"prim_advance_exp"                 24576    24576 3.774874e+08   3.429908e+06   161.393 (  7202      0)   107.733 (  7168      0)
"U3-5stage_timestep"               24576    24576 3.774874e+08   1.719545e+06   105.109 (  7202      0)    47.962 ( 10304      0)
"compute_and_apply_rhs"            24576    24576 1.887437e+09   1.704445e+06   104.494 (  7202      0)    47.294 ( 10304      0)
"caar_bexchV"                      24576    24576 1.887437e+09   1.425588e+06    93.340 (  7202      0)    33.917 ( 10304      0)
"advance_hypervis_dp"              24576    24576 3.774874e+08   1.705736e+06    94.927 (  7300      0)    55.170 (  7200      0)
"biwkdp3d_bexchV"                  24576    24576 1.132462e+09   7.068512e+05    45.430 (  7304      0)    21.044 (  4616      0)
"ahdp_bexchV2"                     24576    24576 1.132462e+09   7.017452e+05    45.137 (  7306      0)    20.704 (  4610      0)
"prim_step_advec"                  24576    24576 3.774874e+08   4.224674e+06   200.932 (  7168      0)   150.342 (  7202      0)
"PAT_remap"                        24576    24576 3.774874e+08   4.222664e+06   200.836 (  7168      0)   150.263 (  7202      0)
"prim_advec_tracers_remap_rk2"     24576    24576 3.774874e+08   4.219656e+06   200.692 (  7168      0)   150.140 (  7202      0)
"precomput_divdp"                  24576    24576 3.774874e+08   5.734202e+03     0.287 (   960      0)     0.217 ( 11659      0)
"euler_step_0"                     24576    24576 3.774874e+08   1.162727e+06    62.175 (  7336      0)    37.763 (  4450      0)
"bihmix_qminmax"                   24576    24576 1.132462e+09   1.870982e+06    90.534 ( 18432      0)    66.852 (  7132      0)
"eus_neighbor_minmax1"             24576    24576 3.774874e+08   3.417897e+05    23.789 (  5026      0)     9.573 (  9293      0)
"nmm_bexchV"                       24576    24576 3.774874e+08   2.911731e+05    21.831 (  5026      0)     7.475 (  4450      0)
"eus_2d_advec"                     24576    24576 1.132462e+09   2.276894e+06   112.798 (  7164      0)    78.248 ( 11594      0)
"eus_bexchV"                       24576    24576 1.132462e+09   1.045613e+06    62.425 ( 12968      0)    29.032 (  7296      0)
"euler_step_1"                     24576    24576 3.774874e+08   8.234003e+05    43.573 ( 21504      0)    26.888 (  9503      0)
"euler_step_2"                     24576    24576 3.774874e+08   2.182866e+06   105.470 ( 18431      0)    76.061 (  9506      0)
"nmm_bexchS_start"                 24576    24576 3.774874e+08   2.559074e+04     1.905 ( 21504      0)     0.666 (  9674      0)
"biwksc_bexchV"                    24576    24576 3.774874e+08   4.155194e+05    27.192 (  9813      0)    10.145 (  4234      0)
"nmm_bexchS_fini"                  24576    24576 3.774874e+08   7.364229e+03     0.711 ( 20565      0)     0.253 ( 21271      0)
"qdp_tavg"                         24576    24576 3.774874e+08   3.435969e+04     1.873 ( 18220      0)     1.160 (  8765      0)
"vertical_remap"                   24576    24576 1.258291e+08   4.694385e+05    23.235 ( 16640      0)    18.594 (  4511      0)
"vertical_remap1_1"                24576    24576 1.258291e+08   2.256453e+04     1.039 ( 16384      0)     0.844 ( 12099      0)
"remap_Q_ppm"                      24576    24576 3.774874e+08   4.613587e+05    22.857 ( 16640      0)    18.277 (  4511      0)
"vertical_remap1_2"                24576    24576 1.258291e+08   2.935900e+04     1.385 ( 16640      0)     1.152 (  9504      0)
"vertical_remap1_3"                24576    24576 1.258291e+08   4.126953e+05    20.639 ( 16640      0)    16.310 (  4511      0)
"prim_run_subcyle_diags"           24576    24576 1.258291e+08   1.411964e+04     0.802 (  2176      0)     0.464 ( 11816      0)
"t_prf"                                0        0 0.000000e+00   0.000000e+00     0.000 (     0      0)     0.000 (     0      0)

