
***** GLOBAL STATISTICS (  1920 MPI TASKS) *****

$Id: gptl.c,v 1.157 2011-03-28 20:55:18 rosinski Exp $
'count' is cumulative. All other stats are max/min
name                               processes  threads        count      walltotal   wallmax (proc   thrd  )   wallmin (proc   thrd  )
Total                                   1920     1920 1.920000e+03   2.295724e+05   119.590 (   384      0)   119.551 (   901      0)
prim_init1                              1920     1920 1.920000e+03   1.559705e+03     0.826 (   128      0)     0.779 (   920      0)
repro_sum_int                           1920     1920 8.640000e+04   1.579131e+02     0.344 (  1796      0)     0.025 (  1732      0)
prim_init2                              1920     1920 1.920000e+03   8.765067e+02     0.725 (  1796      0)     0.399 (  1230      0)
prim_printstate                         1920     1920 1.920000e+03   1.611036e+02     0.087 (     0      0)     0.083 (  1056      0)
interp_movie_output                     1920     1920 3.840000e+03   1.472400e+00     0.002 (   508      0)     0.000 (  1169      0)
prim_main_loop                          1920     1920 1.920000e+03   2.102405e+05   109.522 (   320      0)   109.484 (   904      0)
prim_run                                1920     1920 3.840000e+05   2.102367e+05   109.520 (   320      0)   109.482 (   907      0)
tl-sc prim_run_subcycle_c               1920     1920 3.840000e+05   2.102021e+05   109.506 (   320      0)   109.461 (   864      0)
tl-sc dp3d-from-ps                      1920     1920 3.840000e+05   2.969506e+01     0.022 (  1805      0)     0.015 (   668      0)
tl-sc prim_step-loop                    1920     1920 3.840000e+05   1.847012e+05    96.440 (  1703      0)    95.060 (  1408      0)
tl-s prim_step                          1920     1920 1.152000e+06   1.846949e+05    96.436 (  1703      0)    95.057 (  1408      0)
tl-s deep_copy+derived_dp               1920     1920 1.152000e+06   2.627546e+02     0.302 (  1840      0)     0.118 (   803      0)
tl-s prim_advance_exp-loop              1920     1920 1.152000e+06   5.140218e+04    32.371 (   871      0)    19.208 (  1844      0)
tl-ae prim_advance_exp                  1920     1920 1.152000e+06   5.139269e+04    32.366 (   871      0)    19.203 (  1844      0)
tl-ae U3-5stage_timestep                1920     1920 1.152000e+06   2.682614e+04    19.726 (   791      0)     9.186 (  1854      0)
caar compute                            1920     1920 5.760000e+06   1.019704e+04     6.318 (   320      0)     4.955 (   793      0)
caar_bexchV                             1920     1920 5.760000e+06   1.613447e+04    14.225 (   791      0)     3.111 (  1792      0)
tl-ae advance_hypervis_dp               1920     1920 1.152000e+06   2.454626e+04    17.220 (    34      0)     9.421 (  1844      0)
hvf-bhwk                                1920     1920 3.456000e+06   1.419528e+04    10.954 (  1362      0)     5.559 (  1892      0)
hvf-bexch                               1920     1920 6.912000e+06   1.530330e+04    12.479 (   871      0)     4.144 (  1792      0)
tl-s prim_advec_tracers_remap           1920     1920 1.152000e+06   1.330074e+05    76.627 (  1854      0)    63.481 (   871      0)
tl-at prim_advec_tracers_remap_RK2      1920     1920 1.152000e+06   1.329980e+05    76.622 (  1854      0)    63.476 (   871      0)
tl-at precompute_divdp                  1920     1920 1.152000e+06   2.286569e+02     0.284 (  1794      0)     0.100 (  1403      0)
tl-at esf-0                             1920     1920 1.152000e+06   3.647713e+04    24.074 (  1826      0)    16.657 (   934      0)
tl-at esf-1                             1920     1920 1.152000e+06   2.821408e+04    17.630 (  1333      0)    13.163 (   917      0)
tl-at esf-2                             1920     1920 1.152000e+06   6.438010e+04    37.735 (   433      0)    30.627 (   881      0)
tl-at qdp_time_avg                      1920     1920 1.152000e+06   3.645628e+03     2.265 (  1795      0)     1.550 (   803      0)
tl-sc vertical_remap                    1920     1920 3.840000e+05   2.283333e+04    12.820 (  1408      0)    11.656 (  1703      0)
Remap Thickness Functor                 1920     1920 3.840000e+05   1.371285e+02     0.090 (  1796      0)     0.063 (   670      0)
Remap Scale States Functor              1920     1920 3.840000e+05   6.636126e+01     0.064 (  1798      0)     0.025 (   806      0)
Remap Compute Grids Functor             1920     1920 3.840000e+05   8.412714e+02     0.539 (  1805      0)     0.398 (   806      0)
Remap Compute Remap Functor             1920     1920 3.840000e+05   2.167267e+04    12.230 (  1408      0)    11.075 (  1252      0)
Remap Rescale States Functor            1920     1920 3.840000e+05   8.119635e+01     0.090 (  1792      0)     0.039 (  1544      0)
tl-sc Q-from-qdp                        1920     1920 3.840000e+05   2.628833e+03     1.606 (  1792      0)     1.349 (  1005      0)
t_prf                                      0        0 0.000000e+00   0.000000e+00     0.000 (     0      0)     0.000 (     0      0)

