
***** GLOBAL STATISTICS ( 19200 MPI TASKS) *****

$Id: gptl.c,v 1.157 2011-03-28 20:55:18 rosinski Exp $
'count' is cumulative. All other stats are max/min
name                           processes  threads        count      walltotal   wallmax (proc   thrd  )   wallmin (proc   thrd  )
"Total"                            19200    19200 1.920000e+04   4.246657e+06   221.224 (  6647      0)   221.137 ( 13859      0)
"prim_init1"                       19200    19200 1.920000e+04   3.650372e+04     1.973 (  6100      0)     1.799 ( 16070      0)
"PartitioningTime"                 19200    19200 1.920000e+04   6.344909e+01     0.012 ( 12710      0)     0.001 ( 10179      0)
"repro_sum_int"                    19200    19200 8.640000e+05   1.651026e+04     2.648 (  7996      0)     0.201 ( 15945      0)
"prim_init2"                       19200    19200 1.920000e+04   2.305144e+04     2.956 (  2327      0)     0.545 (  5381      0)
"prim_printstate"                  19200    19200 1.920000e+04   5.990328e+03     0.337 (  2472      0)     0.298 ( 13278      0)
"interp_movie_output"              19200    19200 3.840000e+04   1.649316e+02     0.039 ( 19073      0)     0.000 (  4538      0)
"prim_main_loop"                   19200    19200 1.920000e+04   3.967222e+06   206.658 (  6528      0)   206.587 (  2479      0)
"prim_run"                         19200    19200 3.840000e+07   3.966922e+06   206.644 ( 17451      0)   206.576 (  2479      0)
"ApplyCAMForcing"                  19200    19200 3.840000e+07   2.587220e+04     1.586 ( 17920      0)     1.168 ( 18501      0)
"prim_step_rX"                     19200    19200 1.152000e+08   3.639614e+06   189.945 (   279      0)   187.550 (  6976      0)
"prim_step_dyn"                    19200    19200 1.152000e+08   1.385842e+06    83.390 ( 11579      0)    58.151 ( 15488      0)
"prim_advance_exp"                 19200    19200 1.152000e+08   1.384638e+06    83.341 ( 11579      0)    58.092 ( 15488      0)
"U3-5stage_timestep"               19200    19200 1.152000e+08   7.146911e+05    49.195 (  6492      0)    25.916 (  4736      0)
"compute_and_apply_rhs"            19200    19200 5.760000e+08   7.075942e+05    48.826 (  6492      0)    25.542 (  4736      0)
"caar_bexchV"                      19200    19200 5.760000e+08   5.280355e+05    39.770 (  6492      0)    14.462 (  4736      0)
"advance_hypervis_dp"              19200    19200 1.152000e+08   6.683201e+05    43.171 ( 16178      0)    29.676 ( 15503      0)
"biwkdp3d_bexchV"                  19200    19200 3.456000e+08   2.422459e+05    17.820 ( 17914      0)     9.238 ( 15488      0)
"ahdp_bexchV2"                     19200    19200 3.456000e+08   2.395738e+05    17.806 (  9299      0)     9.161 ( 16704      0)
"prim_step_advec"                  19200    19200 1.152000e+08   2.248476e+06   129.464 ( 15488      0)   106.090 ( 11579      0)
"PAT_remap"                        19200    19200 1.152000e+08   2.247818e+06   129.426 ( 15488      0)   106.056 ( 11579      0)
"prim_advec_tracers_remap_rk2"     19200    19200 1.152000e+08   2.246825e+06   129.367 ( 15488      0)   105.999 ( 11579      0)
"precomput_divdp"                  19200    19200 1.152000e+08   3.395845e+03     0.213 (   512      0)     0.165 (  9678      0)
"euler_step_0"                     19200    19200 1.152000e+08   5.775089e+05    35.102 (   832      0)    26.218 (  6972      0)
"bihmix_qminmax"                   19200    19200 3.456000e+08   1.004825e+06    62.049 ( 15488      0)    47.365 ( 11486      0)
"eus_neighbor_minmax1"             19200    19200 1.152000e+08   1.419471e+05    11.144 (  9292      0)     5.795 (  5723      0)
"nmm_bexchV"                       19200    19200 1.152000e+08   1.099362e+05     9.517 (  9383      0)     4.140 (  6937      0)
"eus_2d_advec"                     19200    19200 3.456000e+08   1.205386e+06    74.776 ( 16705      0)    55.797 ( 11707      0)
"eus_bexchV"                       19200    19200 3.456000e+08   4.272353e+05    34.399 ( 10054      0)    12.862 (  9792      0)
"euler_step_1"                     19200    19200 1.152000e+08   4.368145e+05    27.300 (  6528      0)    20.617 (  6758      0)
"euler_step_2"                     19200    19200 1.152000e+08   1.202900e+06    71.453 ( 16705      0)    56.077 (  3292      0)
"nmm_bexchS_start"                 19200    19200 1.152000e+08   7.278425e+03     0.746 (  6528      0)     0.227 (  6747      0)
"biwksc_bexchV"                    19200    19200 1.152000e+08   1.911921e+05    15.999 ( 11861      0)     5.652 ( 13121      0)
"nmm_bexchS_fini"                  19200    19200 1.152000e+08   4.737432e+03     0.459 ( 16042      0)     0.218 ( 10083      0)
"qdp_tavg"                         19200    19200 1.152000e+08   2.272979e+04     1.426 ( 16615      0)     1.013 ( 17788      0)
"vertical_remap"                   19200    19200 3.840000e+07   2.847230e+05    16.833 (  6976      0)    14.483 (  8473      0)
"vertical_remap1_1"                19200    19200 7.680000e+07   1.322395e+04     0.774 (  5193      0)     0.625 (  8199      0)
"remap_Q_ppm"                      19200    19200 2.304000e+08   2.799711e+05    16.571 (  6976      0)    14.258 (  8473      0)
"vertical_remap1_2"                19200    19200 7.680000e+07   1.774769e+04     1.028 (  4224      0)     0.895 (  2943      0)
"vertical_remap1_3"                19200    19200 7.680000e+07   2.509230e+05    14.956 (  6976      0)    12.767 ( 18201      0)
"prim_run_subcyle_diags"           19200    19200 3.840000e+07   1.113268e+04     0.764 ( 17287      0)     0.449 (  8855      0)
"t_prf"                                0        0 0.000000e+00   0.000000e+00     0.000 (     0      0)     0.000 (     0      0)

