
***** GLOBAL STATISTICS (  2048 MPI TASKS) *****

$Id: gptl.c,v 1.157 2011-03-28 20:55:18 rosinski Exp $
'count' is cumulative. All other stats are max/min
name                               processes  threads        count      walltotal   wallmax (proc   thrd  )   wallmin (proc   thrd  )
Total                                   2048     2048 2.048000e+03   3.030114e+05   147.978 (  1202      0)   147.944 (  1810      0)
prim_init1                              2048     2048 2.048000e+03   1.186448e+03     0.588 (   448      0)     0.556 (  1595      0)
repro_sum_int                           2048     2048 9.216000e+04   1.318101e+02     0.150 (    23      0)     0.026 (  1890      0)
prim_init2                              2048     2048 2.048000e+03   6.832205e+02     0.414 (    60      0)     0.297 (  1858      0)
prim_printstate                         2048     2048 2.048000e+03   1.461113e+02     0.075 (     0      0)     0.070 (   810      0)
interp_movie_output                     2048     2048 4.096000e+03   1.105515e+00     0.001 (   293      0)     0.000 (   560      0)
prim_main_loop                          2048     2048 2.048000e+03   2.932982e+05   143.235 (  1202      0)   143.200 (   678      0)
prim_run                                2048     2048 8.744960e+05   2.932913e+05   143.231 (  1202      0)   143.197 (   677      0)
tl-sc prim_run_subcycle_c               2048     2048 8.744960e+05   2.932597e+05   143.207 (  1216      0)   143.179 (   676      0)
tl-sc dp3d-from-ps                      2048     2048 8.744960e+05   4.212193e+01     0.023 (   512      0)     0.020 (   900      0)
tl-sc prim_step-loop                    2048     2048 8.744960e+05   2.584496e+05   126.487 (   163      0)   124.723 (  1536      0)
tl-s prim_step                          2048     2048 2.623488e+06   2.584354e+05   126.480 (   163      0)   124.716 (  1536      0)
tl-s deep_copy+derived_dp               2048     2048 2.623488e+06   3.529848e+02     0.191 (  1920      0)     0.156 (   281      0)
tl-s prim_advance_exp-loop              2048     2048 2.623488e+06   7.182848e+04    41.390 (   686      0)    26.635 (  1024      0)
tl-ae prim_advance_exp                  2048     2048 2.623488e+06   7.180846e+04    41.380 (   686      0)    26.624 (  1024      0)
tl-ae U3-5stage_timestep                2048     2048 2.623488e+06   3.850324e+04    24.421 (   835      0)    13.106 (  1024      0)
caar compute                            2048     2048 1.311744e+07   1.415370e+04     7.933 (   256      0)     6.542 (  1638      0)
caar_bexchV                             2048     2048 1.311744e+07   2.357498e+04    17.188 (   835      0)     4.848 (  1024      0)
tl-ae advance_hypervis_dp               2048     2048 2.623488e+06   3.326048e+04    20.720 (   691      0)    13.101 (  1164      0)
hvf-bhwk                                2048     2048 7.870464e+06   1.930801e+04    12.496 (   562      0)     7.671 (  1242      0)
hvf-bexch                               2048     2048 1.574093e+07   2.035394e+04    14.702 (   692      0)     5.960 (  1152      0)
tl-s prim_advec_tracers_remap           2048     2048 2.623488e+06   1.862037e+05    98.626 (  1166      0)    84.717 (   791      0)
tl-at prim_advec_tracers_remap_RK2      2048     2048 2.623488e+06   1.861819e+05    98.615 (  1166      0)    84.706 (   791      0)
tl-at precompute_divdp                  2048     2048 2.623488e+06   3.157995e+02     0.188 (  1280      0)     0.135 (   790      0)
tl-at esf-0                             2048     2048 2.623488e+06   5.142473e+04    30.419 (  1156      0)    21.637 (  1304      0)
tl-at esf-1                             2048     2048 2.623488e+06   3.939041e+04    22.560 (  1006      0)    17.687 (   926      0)
tl-at esf-2                             2048     2048 2.623488e+06   9.010233e+04    50.271 (  1192      0)    40.593 (  1767      0)
tl-at qdp_time_avg                      2048     2048 2.623488e+06   4.833983e+03     2.626 (  1495      0)     2.015 (   959      0)
tl-sc vertical_remap                    2048     2048 8.744960e+05   3.120105e+04    16.486 (  1536      0)    14.953 (   163      0)
Remap Thickness Functor                 2048     2048 8.744960e+05   1.871250e+02     0.100 (  1240      0)     0.083 (  2040      0)
Remap Scale States Functor              2048     2048 8.744960e+05   8.568974e+01     0.051 (  1285      0)     0.033 (  1649      0)
Remap Compute Grids Functor             2048     2048 8.744960e+05   1.141398e+03     0.618 (   990      0)     0.515 (   803      0)
Remap Compute Remap Functor             2048     2048 8.744960e+05   2.961247e+04    15.720 (  1536      0)    14.203 (   497      0)
Remap Rescale States Functor            2048     2048 8.744960e+05   1.143695e+02     0.065 (  1024      0)     0.053 (  1864      0)
tl-sc Q-from-qdp                        2048     2048 8.744960e+05   3.547227e+03     1.975 (   960      0)     1.716 (  1863      0)
t_prf                                      0        0 0.000000e+00   0.000000e+00     0.000 (     0      0)     0.000 (     0      0)

