
***** GLOBAL STATISTICS (  1536 MPI TASKS) *****

$Id: gptl.c,v 1.157 2011-03-28 20:55:18 rosinski Exp $
'count' is cumulative. All other stats are max/min
name                               processes  threads        count      walltotal   wallmax (proc   thrd  )   wallmin (proc   thrd  )
Total                                   1536     1536 1.536000e+03   1.857603e+05   120.978 (  1280      0)   120.916 (   190      0)
prim_init1                              1536     1536 1.536000e+03   1.229145e+03     0.813 (  1024      0)     0.762 (   765      0)
repro_sum_int                           1536     1536 6.912000e+04   1.407892e+02     0.386 (  1519      0)     0.025 (     0      0)
prim_init2                              1536     1536 1.536000e+03   8.166389e+02     0.826 (  1510      0)     0.464 (  1188      0)
prim_printstate                         1536     1536 1.536000e+03   1.401844e+02     0.094 (     0      0)     0.090 (   976      0)
interp_movie_output                     1536     1536 3.072000e+03   8.681037e-01     0.001 (  1013      0)     0.000 (   913      0)
prim_main_loop                          1536     1536 1.536000e+03   1.702424e+05   110.876 (  1280      0)   110.812 (   190      0)
prim_run                                1536     1536 2.457600e+05   1.702399e+05   110.874 (  1280      0)   110.811 (   137      0)
tl-sc prim_run_subcycle_c               1536     1536 2.457600e+05   1.702086e+05   110.851 (  1280      0)   110.787 (   188      0)
tl-sc dp3d-from-ps                      1536     1536 2.457600e+05   2.296568e+01     0.017 (   640      0)     0.014 (   845      0)
tl-sc prim_step-loop                    1536     1536 2.457600e+05   1.498176e+05    97.777 (  1495      0)    96.430 (   704      0)
tl-s prim_step                          1536     1536 7.372800e+05   1.498134e+05    97.774 (  1495      0)    96.427 (   704      0)
tl-s deep_copy+derived_dp               1536     1536 7.372800e+05   2.037729e+02     0.173 (   674      0)     0.117 (   846      0)
tl-s prim_advance_exp-loop              1536     1536 7.372800e+05   4.196471e+04    33.691 (   368      0)    18.855 (  1280      0)
tl-ae prim_advance_exp                  1536     1536 7.372800e+05   4.195848e+04    33.688 (   368      0)    18.850 (  1280      0)
tl-ae U3-5stage_timestep                1536     1536 7.372800e+05   2.182317e+04    22.792 (  1244      0)     9.311 (  1280      0)
caar compute                            1536     1536 3.686400e+06   8.066685e+03     6.109 (   256      0)     4.914 (   442      0)
caar_bexchV                             1536     1536 3.686400e+06   1.337917e+04    17.515 (  1244      0)     2.996 (  1280      0)
tl-ae advance_hypervis_dp               1536     1536 7.372800e+05   2.012220e+04    20.123 (   368      0)     9.408 (  1327      0)
hvf-bhwk                                1536     1536 2.211840e+06   1.160567e+04    12.128 (   369      0)     5.483 (  1507      0)
hvf-bexch                               1536     1536 4.423680e+06   1.281283e+04    15.616 (   368      0)     3.646 (  1280      0)
tl-s prim_advec_tracers_remap           1536     1536 7.372800e+05   1.076302e+05    78.084 (  1343      0)    63.763 (   368      0)
tl-at prim_advec_tracers_remap_RK2      1536     1536 7.372800e+05   1.076240e+05    78.079 (  1343      0)    63.759 (   368      0)
tl-at precompute_divdp                  1536     1536 7.372800e+05   1.727677e+02     0.142 (   757      0)     0.092 (   340      0)
tl-at esf-0                             1536     1536 7.372800e+05   2.953150e+04    23.646 (  1320      0)    16.782 (   368      0)
tl-at esf-1                             1536     1536 7.372800e+05   2.277818e+04    17.420 (   817      0)    13.249 (  1502      0)
tl-at esf-2                             1536     1536 7.372800e+05   5.217371e+04    39.172 (   906      0)    30.726 (   367      0)
tl-at qdp_time_avg                      1536     1536 7.372800e+05   2.933927e+03     2.222 (  1308      0)     1.575 (  1415      0)
tl-sc vertical_remap                    1536     1536 2.457600e+05   1.826041e+04    12.879 (   704      0)    11.660 (  1495      0)
Remap Thickness Functor                 1536     1536 2.457600e+05   1.080768e+02     0.086 (  1301      0)     0.062 (  1279      0)
Remap Scale States Functor              1536     1536 2.457600e+05   5.198903e+01     0.042 (   819      0)     0.025 (  1522      0)
Remap Compute Grids Functor             1536     1536 2.457600e+05   6.715724e+02     0.513 (   256      0)     0.401 (  1090      0)
Remap Compute Remap Functor             1536     1536 2.457600e+05   1.734159e+04    12.204 (   704      0)    11.075 (   955      0)
Remap Rescale States Functor            1536     1536 2.457600e+05   6.420136e+01     0.049 (   576      0)     0.039 (   621      0)
tl-sc Q-from-qdp                        1536     1536 2.457600e+05   2.101765e+03     1.529 (   512      0)     1.354 (  1174      0)
t_prf                                      0        0 0.000000e+00   0.000000e+00     0.000 (     0      0)     0.000 (     0      0)

