
***** GLOBAL STATISTICS (  1280 MPI TASKS) *****

$Id: gptl.c,v 1.157 2011-03-28 20:55:18 rosinski Exp $
'count' is cumulative. All other stats are max/min
name                               processes  threads        count      walltotal   wallmax (proc   thrd  )   wallmin (proc   thrd  )
Total                                   1280     1280 1.280000e+03   1.514926e+05   118.379 (  1216      0)   118.338 (  1059      0)
prim_init1                              1280     1280 1.280000e+03   1.250733e+03     0.988 (  1024      0)     0.929 (   132      0)
repro_sum_int                           1280     1280 5.760000e+04   1.212952e+02     0.352 (     0      0)     0.031 (   448      0)
prim_init2                              1280     1280 1.280000e+03   7.475510e+02     0.851 (   147      0)     0.524 (   767      0)
prim_printstate                         1280     1280 1.280000e+03   1.272945e+02     0.103 (     0      0)     0.099 (   111      0)
interp_movie_output                     1280     1280 2.560000e+03   9.742825e-01     0.002 (   168      0)     0.000 (  1069      0)
prim_main_loop                          1280     1280 1.280000e+03   1.383155e+05   108.084 (  1216      0)   108.044 (  1036      0)
prim_run                                1280     1280 1.715200e+05   1.383134e+05   108.082 (  1216      0)   108.042 (   994      0)
tl-sc prim_run_subcycle_c               1280     1280 1.715200e+05   1.382785e+05   108.055 (  1216      0)   108.011 (   151      0)
tl-sc dp3d-from-ps                      1280     1280 1.715200e+05   1.910374e+01     0.017 (   512      0)     0.014 (   903      0)
tl-sc prim_step-loop                    1280     1280 1.715200e+05   1.212030e+05    94.945 (  1097      0)    93.640 (   896      0)
tl-s prim_step                          1280     1280 5.145600e+05   1.212001e+05    94.943 (  1097      0)    93.638 (   896      0)
tl-s deep_copy+derived_dp               1280     1280 5.145600e+05   1.731678e+02     0.166 (   838      0)     0.117 (  1046      0)
tl-s prim_advance_exp-loop              1280     1280 5.145600e+05   3.049303e+04    29.228 (   476      0)    18.380 (   892      0)
tl-ae prim_advance_exp                  1280     1280 5.145600e+05   3.048844e+04    29.225 (   476      0)    18.377 (   892      0)
tl-ae U3-5stage_timestep                1280     1280 5.145600e+05   1.676611e+04    18.389 (   692      0)     9.130 (   892      0)
caar compute                            1280     1280 2.572800e+06   6.772634e+03     6.067 (   832      0)     4.980 (   494      0)
caar_bexchV                             1280     1280 2.572800e+06   9.687126e+03    13.003 (   692      0)     2.998 (   832      0)
tl-ae advance_hypervis_dp               1280     1280 5.145600e+05   1.371292e+04    15.054 (   471      0)     9.035 (  1046      0)
hvf-bhwk                                1280     1280 1.543680e+06   8.196532e+03     9.454 (   476      0)     5.358 (  1056      0)
hvf-bexch                               1280     1280 3.087360e+06   7.516770e+03    10.368 (   468      0)     3.472 (    64      0)
tl-s prim_advec_tracers_remap           1280     1280 5.145600e+05   9.052366e+04    75.391 (   891      0)    65.178 (   476      0)
tl-at prim_advec_tracers_remap_RK2      1280     1280 5.145600e+05   9.051927e+04    75.387 (   891      0)    65.175 (   476      0)
tl-at precompute_divdp                  1280     1280 5.145600e+05   1.524673e+02     0.162 (   832      0)     0.102 (   217      0)
tl-at esf-0                             1280     1280 5.145600e+05   2.492917e+04    23.341 (  1085      0)    16.797 (   342      0)
tl-at esf-1                             1280     1280 5.145600e+05   1.922568e+04    17.402 (   981      0)    13.417 (   596      0)
tl-at esf-2                             1280     1280 5.145600e+05   4.366002e+04    38.171 (   666      0)    31.282 (   464      0)
tl-at qdp_time_avg                      1280     1280 5.145600e+05   2.527324e+03     2.444 (   857      0)     1.620 (   568      0)
tl-sc vertical_remap                    1280     1280 1.715200e+05   1.528760e+04    12.871 (   896      0)    11.693 (  1097      0)
Remap Thickness Functor                 1280     1280 1.715200e+05   9.026393e+01     0.080 (   774      0)     0.062 (   568      0)
Remap Scale States Functor              1280     1280 1.715200e+05   4.278619e+01     0.043 (   867      0)     0.025 (   568      0)
Remap Compute Grids Functor             1280     1280 1.715200e+05   5.717165e+02     0.525 (   101      0)     0.403 (   669      0)
Remap Compute Remap Functor             1280     1280 1.715200e+05   1.451345e+04    12.269 (   896      0)    11.110 (  1097      0)
Remap Rescale States Functor            1280     1280 1.715200e+05   5.341754e+01     0.050 (    64      0)     0.039 (  1063      0)
tl-sc Q-from-qdp                        1280     1280 1.715200e+05   1.764557e+03     1.532 (   832      0)     1.364 (  1067      0)
t_prf                                      0        0 0.000000e+00   0.000000e+00     0.000 (     0      0)     0.000 (     0      0)

