
***** GLOBAL STATISTICS (  1600 MPI TASKS) *****

$Id: gptl.c,v 1.157 2011-03-28 20:55:18 rosinski Exp $
'count' is cumulative. All other stats are max/min
name                               processes  threads        count      walltotal   wallmax (proc   thrd  )   wallmin (proc   thrd  )
Total                                   1600     1600 1.600000e+03   2.502430e+05   156.507 (  1088      0)   156.313 (   679      0)
prim_init1                              1600     1600 1.600000e+03   2.593433e+03     1.643 (    64      0)     1.530 (  1146      0)
repro_sum_int                           1600     1600 7.200000e+04   1.408279e+02     0.211 (  1423      0)     0.033 (   384      0)
prim_init2                              1600     1600 1.600000e+03   1.537799e+03     1.088 (  1088      0)     0.903 (   750      0)
prim_printstate                         1600     1600 1.600000e+03   2.590241e+02     0.165 (     0      0)     0.160 (  1322      0)
interp_movie_output                     1600     1600 3.200000e+03   8.723798e-01     0.001 (   727      0)     0.000 (   519      0)
prim_main_loop                          1600     1600 1.600000e+03   2.214864e+05   138.535 (  1088      0)   138.342 (   671      0)
prim_run                                1600     1600 1.344000e+05   2.214845e+05   138.533 (  1088      0)   138.341 (   679      0)
tl-sc prim_run_subcycle_c               1600     1600 1.344000e+05   2.214092e+05   138.481 (  1088      0)   138.295 (   672      0)
tl-sc dp3d-from-ps                      1600     1600 1.344000e+05   2.608203e+01     0.018 (   512      0)     0.016 (   703      0)
tl-sc prim_step-loop                    1600     1600 1.344000e+05   1.964459e+05   123.632 (  1553      0)   121.317 (   704      0)
tl-s prim_step                          1600     1600 4.032000e+05   1.964436e+05   123.631 (  1553      0)   121.316 (   704      0)
tl-s deep_copy+derived_dp               1600     1600 4.032000e+05   2.363819e+02     0.189 (  1045      0)     0.130 (   865      0)
tl-s prim_advance_exp-loop              1600     1600 4.032000e+05   5.396660e+04    51.186 (   941      0)    19.326 (  1088      0)
tl-ae prim_advance_exp                  1600     1600 4.032000e+05   5.396280e+04    51.183 (   941      0)    19.324 (  1088      0)
tl-ae U3-5stage_timestep                1600     1600 4.032000e+05   3.072173e+04    37.257 (  1005      0)     8.992 (  1553      0)
caar compute                            1600     1600 2.016000e+06   9.312527e+03     6.501 (  1088      0)     5.449 (   998      0)
caar_bexchV                             1600     1600 2.016000e+06   2.101107e+04    31.516 (  1005      0)     2.870 (  1553      0)
tl-ae advance_hypervis_dp               1600     1600 4.032000e+05   2.323391e+04    24.694 (   933      0)     9.394 (  1137      0)
hvf-bhwk                                1600     1600 1.209600e+06   1.351376e+04    15.479 (   933      0)     5.641 (    76      0)
hvf-bexch                               1600     1600 2.419200e+06   1.478356e+04    19.477 (   932      0)     3.457 (  1088      0)
tl-s prim_advec_tracers_remap           1600     1600 4.032000e+05   1.422326e+05   101.983 (  1145      0)    71.967 (   853      0)
tl-at prim_advec_tracers_remap_RK2      1600     1600 4.032000e+05   1.422291e+05   101.981 (  1145      0)    71.965 (   853      0)
tl-at precompute_divdp                  1600     1600 4.032000e+05   2.056313e+02     0.189 (  1087      0)     0.098 (   584      0)
tl-at esf-0                             1600     1600 4.032000e+05   3.768962e+04    32.684 (  1101      0)    18.513 (   779      0)
tl-at esf-1                             1600     1600 4.032000e+05   2.792782e+04    22.206 (    82      0)    14.701 (  1002      0)
tl-at esf-2                             1600     1600 4.032000e+05   7.296877e+04    52.833 (  1064      0)    33.940 (   853      0)
tl-at qdp_time_avg                      1600     1600 4.032000e+05   3.418408e+03     2.912 (  1105      0)     1.760 (  1013      0)
tl-sc vertical_remap                    1600     1600 1.344000e+05   2.243849e+04    15.397 (  1088      0)    13.185 (   959      0)
Remap Thickness Functor                 1600     1600 1.344000e+05   1.181930e+02     0.091 (  1293      0)     0.069 (  1517      0)
Remap Scale States Functor              1600     1600 1.344000e+05   5.840341e+01     0.055 (  1109      0)     0.028 (   824      0)
Remap Compute Grids Functor             1600     1600 1.344000e+05   7.798823e+02     0.582 (  1472      0)     0.451 (  1087      0)
Remap Compute Remap Functor             1600     1600 1.344000e+05   2.139509e+04    14.746 (  1088      0)    12.567 (   959      0)
Remap Rescale States Functor            1600     1600 1.344000e+05   7.380134e+01     0.055 (  1088      0)     0.042 (   332      0)
tl-sc Q-from-qdp                        1600     1600 1.344000e+05   2.495037e+03     1.720 (  1088      0)     1.540 (  1004      0)
t_prf                                      0        0 0.000000e+00   0.000000e+00     0.000 (     0      0)     0.000 (     0      0)

