
***** GLOBAL STATISTICS (   512 MPI TASKS) *****

$Id: gptl.c,v 1.157 2011-03-28 20:55:18 rosinski Exp $
'count' is cumulative. All other stats are max/min
name                               processes  threads        count      walltotal   wallmax (proc   thrd  )   wallmin (proc   thrd  )
Total                                    512      512 5.120000e+02   5.918608e+04   115.640 (   192      0)   115.520 (   324      0)
prim_init1                               512      512 5.120000e+02   4.466861e+02     0.883 (     0      0)     0.843 (   510      0)
repro_sum_int                            512      512 2.304000e+04   2.536494e+01     0.104 (    22      0)     0.026 (   192      0)
prim_init2                               512      512 5.120000e+02   6.105135e+02     1.256 (    54      0)     1.169 (   198      0)
prim_printstate                          512      512 5.120000e+02   9.405287e+01     0.188 (     0      0)     0.183 (   289      0)
interp_movie_output                      512      512 1.024000e+03   4.617686e-01     0.001 (   230      0)     0.000 (    96      0)
prim_main_loop                           512      512 5.120000e+02   5.370166e+04   104.928 (   192      0)   104.808 (   324      0)
prim_run                                 512      512 2.764800e+04   5.370124e+04   104.927 (   192      0)   104.808 (   324      0)
tl-sc prim_run_subcycle_c                512      512 2.764800e+04   5.365410e+04   104.836 (   384      0)   104.751 (   324      0)
tl-sc dp3d-from-ps                       512      512 2.764800e+04   7.473702e+00     0.016 (   256      0)     0.014 (   241      0)
tl-sc prim_step-loop                     512      512 2.764800e+04   4.678775e+04    91.613 (    61      0)    90.460 (   384      0)
tl-s prim_step                           512      512 8.294400e+04   4.678725e+04    91.612 (    61      0)    90.459 (   384      0)
tl-s deep_copy+derived_dp                512      512 8.294400e+04   7.077892e+01     0.168 (   293      0)     0.116 (   114      0)
tl-s prim_advance_exp-loop               512      512 8.294400e+04   1.098423e+04    27.132 (    84      0)    16.831 (   384      0)
tl-ae prim_advance_exp                   512      512 8.294400e+04   1.098311e+04    27.130 (    84      0)    16.829 (   384      0)
tl-ae U3-5stage_timestep                 512      512 8.294400e+04   6.184172e+03    17.335 (   329      0)     8.427 (   305      0)
caar compute                             512      512 4.147200e+05   2.702508e+03     5.808 (   128      0)     4.973 (   343      0)
caar_bexchV                              512      512 4.147200e+05   3.369146e+03    11.994 (   329      0)     2.512 (   384      0)
tl-ae advance_hypervis_dp                512      512 8.294400e+04   4.797411e+03    12.509 (    81      0)     8.108 (   478      0)
hvf-bhwk                                 512      512 2.488320e+05   2.916680e+03     8.856 (    82      0)     4.908 (   487      0)
hvf-bexch                                512      512 4.976640e+05   2.346664e+03     7.838 (    81      0)     2.978 (   384      0)
tl-s prim_advec_tracers_remap            512      512 8.294400e+04   3.573049e+04    73.743 (   443      0)    64.096 (    84      0)
tl-at prim_advec_tracers_remap_RK2       512      512 8.294400e+04   3.572975e+04    73.742 (   443      0)    64.094 (    84      0)
tl-at precompute_divdp                   512      512 8.294400e+04   6.217297e+01     0.154 (   448      0)     0.100 (   222      0)
tl-at esf-0                              512      512 8.294400e+04   9.976629e+03    22.205 (   422      0)    16.722 (   329      0)
tl-at esf-1                              512      512 8.294400e+04   7.533721e+03    16.196 (   483      0)    13.386 (   112      0)
tl-at esf-2                              512      512 8.294400e+04   1.709560e+04    35.133 (   445      0)    30.577 (    74      0)
tl-at qdp_time_avg                       512      512 8.294400e+04   1.057529e+03     2.719 (   406      0)     1.641 (   117      0)
tl-sc vertical_remap                     512      512 2.764800e+04   6.144122e+03    12.830 (   384      0)    11.751 (    61      0)
Remap Thickness Functor                  512      512 2.764800e+04   3.588302e+01     0.083 (   274      0)     0.062 (   254      0)
Remap Scale States Functor               512      512 2.764800e+04   1.739649e+01     0.053 (   475      0)     0.024 (   370      0)
Remap Compute Grids Functor              512      512 2.764800e+04   2.349650e+02     0.590 (   426      0)     0.405 (   370      0)
Remap Compute Remap Functor              512      512 2.764800e+04   5.831221e+03    12.260 (   384      0)    11.192 (    61      0)
Remap Rescale States Functor             512      512 2.764800e+04   2.109891e+01     0.050 (   448      0)     0.038 (   329      0)
tl-sc Q-from-qdp                         512      512 2.764800e+04   7.139470e+02     1.529 (   384      0)     1.374 (   329      0)
t_prf                                      0        0 0.000000e+00   0.000000e+00     0.000 (     0      0)     0.000 (     0      0)

