
***** GLOBAL STATISTICS (  1536 MPI TASKS) *****

$Id: gptl.c,v 1.157 2011-03-28 20:55:18 rosinski Exp $
'count' is cumulative. All other stats are max/min
name                           processes  threads        count      walltotal   wallmax (proc   thrd  )   wallmin (proc   thrd  )
"Total"                             1536     1536 1.536000e+03   1.038436e+05    67.617 (   768      0)    67.600 (   339      0)
"prim_init1"                        1536     1536 1.536000e+03   4.130555e+02     0.273 (    49      0)     0.266 (  1390      0)
"PartitioningTime"                  1536     1536 1.536000e+03   1.369102e+00     0.003 (   824      0)     0.000 (   545      0)
"repro_sum_int"                     1536     1536 6.912000e+04   9.173708e+01     0.107 (  1055      0)     0.021 (   351      0)
"prim_init2"                        1536     1536 1.536000e+03   1.444088e+02     0.140 (  1069      0)     0.055 (   351      0)
"prim_printstate"                   1536     1536 1.536000e+03   4.971585e+01     0.038 (     0      0)     0.031 (   185      0)
"interp_movie_output"               1536     1536 3.072000e+03   7.386122e-01     0.001 (   496      0)     0.000 (  1107      0)
"prim_main_loop"                    1536     1536 1.536000e+03   1.017181e+05    66.233 (   768      0)    66.216 (   163      0)
"prim_run"                          1536     1536 6.144000e+05   1.017143e+05    66.230 (   768      0)    66.213 (   162      0)
"ApplyCAMForcing"                   1536     1536 6.144000e+05   8.519803e+02     0.595 (    47      0)     0.491 (   700      0)
"prim_step_rX"                      1536     1536 1.843200e+06   9.122719e+04    59.512 (   779      0)    58.804 (   384      0)
"prim_step_dyn"                     1536     1536 1.843200e+06   2.720219e+04    21.561 (  1311      0)    13.839 (   704      0)
"prim_advance_exp"                  1536     1536 1.843200e+06   2.718409e+04    21.549 (  1311      0)    13.827 (   704      0)
"U3-5stage_timestep"                1536     1536 1.843200e+06   1.502759e+04    14.191 (   930      0)     6.235 (  1088      0)
"compute_and_apply_rhs"             1536     1536 9.216000e+06   1.486998e+04    14.093 (   930      0)     6.116 (  1088      0)
"caar_bexchV"                       1536     1536 9.216000e+06   9.511384e+03    10.741 (   930      0)     2.011 (  1088      0)
"advance_hypervis_dp"               1536     1536 1.843200e+06   1.212550e+04    11.284 (    85      0)     7.036 (   712      0)
"biwkdp3d_bexchV"                   1536     1536 5.529600e+06   3.085352e+03     4.410 (   938      0)     1.307 (   896      0)
"ahdp_bexchV2"                      1536     1536 5.529600e+06   2.979174e+03     3.600 (  1109      0)     1.488 (   704      0)
"prim_step_advec"                   1536     1536 1.843200e+06   6.387224e+04    44.929 (   704      0)    37.815 (  1311      0)
"PAT_remap"                         1536     1536 1.843200e+06   6.386150e+04    44.921 (   704      0)    37.809 (  1311      0)
"prim_advec_tracers_remap_rk2"      1536     1536 1.843200e+06   6.384508e+04    44.910 (   704      0)    37.798 (  1311      0)
"precomput_divdp"                   1536     1536 1.843200e+06   1.073555e+02     0.079 (   640      0)     0.067 (  1293      0)
"euler_step_0"                      1536     1536 1.843200e+06   1.559745e+04    11.708 (   768      0)     8.882 (  1501      0)
"bihmix_qminmax"                    1536     1536 5.529600e+06   2.882300e+04    22.031 (   704      0)    17.125 (  1111      0)
"eus_neighbor_minmax1"              1536     1536 1.843200e+06   3.122779e+03     3.045 (   708      0)     1.484 (   904      0)
"nmm_bexchV"                        1536     1536 1.843200e+06   2.062533e+03     2.355 (   827      0)     0.798 (   904      0)
"eus_2d_advec"                      1536     1536 5.529600e+06   3.398932e+04    26.052 (   898      0)    19.472 (  1311      0)
"eus_bexchV"                        1536     1536 5.529600e+06   8.715418e+03     9.947 (   898      0)     3.357 (     0      0)
"euler_step_1"                      1536     1536 1.843200e+06   1.236188e+04     8.964 (  1096      0)     7.113 (  1503      0)
"euler_step_2"                      1536     1536 1.843200e+06   3.496988e+04    24.836 (   898      0)    20.560 (  1117      0)
"nmm_bexchS_start"                  1536     1536 1.843200e+06   1.054264e+02     0.111 (   896      0)     0.044 (  1410      0)
"biwksc_bexchV"                     1536     1536 1.843200e+06   4.057079e+03     4.552 (   810      0)     1.545 (  1105      0)
"nmm_bexchS_fini"                   1536     1536 1.843200e+06   2.004340e+02     0.156 (  1534      0)     0.121 (   859      0)
"qdp_tavg"                          1536     1536 1.843200e+06   7.496080e+02     0.576 (    47      0)     0.418 (   188      0)
"vertical_remap"                    1536     1536 6.144000e+05   9.111761e+03     6.526 (   384      0)     5.837 (   665      0)
"vertical_remap1_1"                 1536     1536 2.457600e+06   3.943923e+02     0.279 (  1280      0)     0.246 (    67      0)
"remap_Q_ppm"                       1536     1536 7.372800e+06   8.969709e+03     6.423 (   384      0)     5.747 (  1270      0)
"vertical_remap1_2"                 1536     1536 2.457600e+06   5.670638e+02     0.401 (   384      0)     0.359 (   598      0)
"vertical_remap1_3"                 1536     1536 2.457600e+06   8.063443e+03     5.785 (   384      0)     5.159 (  1437      0)
"prim_run_subcyle_diags"            1536     1536 6.144000e+05   3.736480e+02     0.324 (    62      0)     0.193 (   701      0)
"t_prf"                                0        0 0.000000e+00   0.000000e+00     0.000 (     0      0)     0.000 (     0      0)

