
***** GLOBAL STATISTICS (   512 MPI TASKS) *****

$Id: gptl.c,v 1.157 2011-03-28 20:55:18 rosinski Exp $
'count' is cumulative. All other stats are max/min
name                               processes  threads        count      walltotal   wallmax (proc   thrd  )   wallmin (proc   thrd  )
Total                                    512      512 5.120000e+02   2.365422e+04    46.211 (   320      0)    46.195 (    90      0)
prim_init1                               512      512 5.120000e+02   2.308365e+02     0.453 (   459      0)     0.447 (    84      0)
repro_sum_int                            512      512 2.304000e+04   8.533003e+01     0.269 (    39      0)     0.026 (   464      0)
prim_init2                               512      512 5.120000e+02   2.561582e+02     0.552 (    23      0)     0.360 (   464      0)
prim_printstate                          512      512 5.120000e+02   3.304732e+01     0.070 (     0      0)     0.060 (   481      0)
interp_movie_output                      512      512 1.024000e+03   6.958370e-01     0.002 (    21      0)     0.000 (   290      0)
prim_main_loop                           512      512 5.120000e+02   2.262780e+04    44.206 (   320      0)    44.190 (    85      0)
prim_run                                 512      512 6.860800e+04   2.262669e+04    44.204 (   320      0)    44.187 (    77      0)
tl-sc prim_run_subcycle_c                512      512 6.860800e+04   2.262098e+04    44.193 (   320      0)    44.173 (    78      0)
tl-sc dp3d-from-ps                       512      512 6.860800e+04   3.876936e+00     0.009 (   256      0)     0.006 (    75      0)
tl-sc prim_step-loop                     512      512 6.860800e+04   1.985884e+04    38.875 (   325      0)    38.398 (   384      0)
tl-s prim_step                           512      512 2.058240e+05   1.985775e+04    38.873 (   325      0)    38.396 (   384      0)
tl-s deep_copy+derived_dp                512      512 2.058240e+05   2.799400e+01     0.061 (   365      0)     0.050 (    66      0)
tl-s prim_advance_exp-loop               512      512 2.058240e+05   5.375459e+03    11.899 (   497      0)     8.515 (   320      0)
tl-ae prim_advance_exp                   512      512 2.058240e+05   5.373103e+03    11.894 (   497      0)     8.510 (   320      0)
tl-ae U3-5stage_timestep                 512      512 2.058240e+05   2.992521e+03     7.486 (   497      0)     4.149 (   128      0)
caar compute                             512      512 1.029120e+06   1.108113e+03     2.506 (    64      0)     2.051 (   496      0)
caar_bexchV                              512      512 1.029120e+06   1.822067e+03     5.255 (   497      0)     1.561 (   128      0)
tl-ae advance_hypervis_dp                512      512 2.058240e+05   2.377116e+03     5.962 (   187      0)     4.144 (    56      0)
hvf-bhwk                                 512      512 6.174720e+05   1.404385e+03     3.570 (   174      0)     2.439 (   424      0)
hvf-bexch                                512      512 1.234944e+06   1.347117e+03     4.038 (   181      0)     1.907 (   320      0)
tl-s prim_advec_tracers_remap            512      512 2.058240e+05   1.445044e+04    30.099 (   355      0)    26.800 (   209      0)
tl-at prim_advec_tracers_remap_RK2       512      512 2.058240e+05   1.444878e+04    30.095 (   355      0)    26.796 (   209      0)
tl-at precompute_divdp                   512      512 2.058240e+05   2.845993e+01     0.065 (    76      0)     0.048 (   155      0)
tl-at esf-0                              512      512 2.058240e+05   4.093234e+03     9.342 (   353      0)     6.704 (   430      0)
tl-at esf-1                              512      512 2.058240e+05   3.026348e+03     6.622 (   295      0)     5.365 (   497      0)
tl-at esf-2                              512      512 2.058240e+05   6.920165e+03    14.426 (   360      0)    12.683 (   476      0)
tl-at qdp_time_avg                       512      512 2.058240e+05   3.718215e+02     0.805 (   351      0)     0.660 (   318      0)
tl-sc vertical_remap                     512      512 6.860800e+04   2.478240e+03     5.174 (   384      0)     4.758 (   325      0)
Remap Thickness Functor                  512      512 6.860800e+04   1.796807e+01     0.039 (   185      0)     0.032 (   511      0)
Remap Scale States Functor               512      512 6.860800e+04   8.190091e+00     0.020 (   104      0)     0.012 (   156      0)
Remap Compute Grids Functor              512      512 6.860800e+04   8.984354e+01     0.188 (   192      0)     0.168 (   149      0)
Remap Compute Remap Functor              512      512 6.860800e+04   2.331142e+03     4.899 (   384      0)     4.462 (   144      0)
Remap Rescale States Functor             512      512 6.860800e+04   8.976139e+00     0.020 (   320      0)     0.016 (   463      0)
tl-sc Q-from-qdp                         512      512 6.860800e+04   2.785159e+02     0.612 (   128      0)     0.540 (   497      0)
t_prf                                      0        0 0.000000e+00   0.000000e+00     0.000 (     0      0)     0.000 (     0      0)

