
***** GLOBAL STATISTICS (  9600 MPI TASKS) *****

$Id: gptl.c,v 1.157 2011-03-28 20:55:18 rosinski Exp $
'count' is cumulative. All other stats are max/min
name                               processes  threads        count      walltotal   wallmax (proc   thrd  )   wallmin (proc   thrd  )
Total                                   9600     9600 9.600000e+03   1.569482e+06   163.518 (  3244      0)   163.456 (  3954      0)
prim_init1                              9600     9600 9.600000e+03   1.384509e+04     1.478 (  2271      0)     1.396 (  5420      0)
repro_sum_int                           9600     9600 4.320000e+05   4.425929e+03     1.899 (    30      0)     0.056 (  1529      0)
prim_init2                              9600     9600 9.600000e+03   8.729135e+03     2.298 (    50      0)     0.486 (  1790      0)
prim_printstate                         9600     9600 9.600000e+03   1.015754e+03     0.124 (  1956      0)     0.095 (  8008      0)
interp_movie_output                     9600     9600 1.920000e+04   1.665381e+01     0.006 (  3158      0)     0.000 (  1559      0)
prim_main_loop                          9600     9600 9.600000e+03   1.451739e+06   151.250 (  9011      0)   151.196 (  2079      0)
prim_run                                9600     9600 9.600000e+06   1.451478e+06   151.219 (  2626      0)   151.170 (  2100      0)
tl-sc prim_run_subcycle_c               9600     9600 9.600000e+06   1.451177e+06   151.190 (  4927      0)   151.135 (  6784      0)
tl-sc dp3d-from-ps                      9600     9600 9.600000e+06   2.631623e+02     0.047 (  1664      0)     0.019 (  2818      0)
tl-sc prim_step-loop                    9600     9600 9.600000e+06   1.322238e+06   137.995 (   717      0)   133.768 (  2959      0)
tl-s prim_step                          9600     9600 2.880000e+07   1.322092e+06   137.980 (   717      0)   133.752 (  2959      0)
tl-s deep_copy+derived_dp               9600     9600 2.880000e+07   1.501058e+03     0.205 (  1600      0)     0.138 (  4728      0)
tl-s prim_advance_exp-loop              9600     9600 2.880000e+07   5.191922e+05    60.737 (  9378      0)    43.037 (  4944      0)
tl-ae prim_advance_exp                  9600     9600 2.880000e+07   5.190001e+05    60.715 (  9378      0)    43.017 (  4944      0)
tl-ae U3-5stage_timestep                9600     9600 2.880000e+07   2.604548e+05    35.959 (  4828      0)    20.550 (  9327      0)
caar compute                            9600     9600 1.440000e+08   5.482061e+04     6.850 (  4032      0)     5.423 (  4678      0)
caar_bexchV                             9600     9600 1.440000e+08   2.012962e+05    30.036 (  4828      0)    13.974 (  4736      0)
tl-ae advance_hypervis_dp               9600     9600 2.880000e+07   2.581656e+05    36.260 (  4563      0)    21.566 (  4946      0)
hvf-bhwk                                9600     9600 8.640000e+07   1.384658e+05    20.070 (  4562      0)    11.595 (  4957      0)
hvf-bexch                               9600     9600 1.728000e+08   2.093978e+05    31.131 (  4563      0)    16.384 (  9329      0)
tl-s prim_advec_tracers_remap           9600     9600 2.880000e+07   8.009814e+05    94.574 (  4944      0)    76.824 (  9378      0)
tl-at prim_advec_tracers_remap_RK2      9600     9600 2.880000e+07   8.007588e+05    94.550 (  4944      0)    76.801 (  9378      0)
tl-at precompute_divdp                  9600     9600 2.880000e+07   1.379027e+03     0.178 (  4928      0)     0.128 (  8845      0)
tl-at esf-0                             9600     9600 2.880000e+07   2.237578e+05    28.004 (  9490      0)    20.245 (  8160      0)
tl-at esf-1                             9600     9600 2.880000e+07   1.613113e+05    19.664 (  9499      0)    14.781 (  8138      0)
tl-at esf-2                             9600     9600 2.880000e+07   3.969843e+05    49.931 (  4945      0)    37.753 (  4598      0)
tl-at qdp_time_avg                      9600     9600 2.880000e+07   1.621889e+04     1.884 (  5248      0)     1.471 (  4863      0)
tl-sc vertical_remap                    9600     9600 9.600000e+06   1.155556e+05    15.998 (  2959      0)    11.784 (   717      0)
Remap Thickness Functor                 9600     9600 9.600000e+06   8.636096e+02     0.110 (  6272      0)     0.077 (  6911      0)
Remap Scale States Functor              9600     9600 9.600000e+06   3.908748e+02     0.053 (  4440      0)     0.033 (  6911      0)
Remap Compute Grids Functor             9600     9600 9.600000e+06   4.227352e+03     0.518 (  2959      0)     0.417 (  9313      0)
Remap Compute Remap Functor             9600     9600 9.600000e+06   1.088716e+05    15.245 (  2970      0)    11.091 (  8277      0)
Remap Rescale States Functor            9600     9600 9.600000e+06   4.822254e+02     0.060 (  3840      0)     0.047 (  5240      0)
tl-sc Q-from-qdp                        9600     9600 9.600000e+06   1.290937e+04     1.549 (  9408      0)     1.334 (  6380      0)
t_prf                                      0        0 0.000000e+00   0.000000e+00     0.000 (     0      0)     0.000 (     0      0)

