
***** GLOBAL STATISTICS (  1536 MPI TASKS) *****

$Id: gptl.c,v 1.157 2011-03-28 20:55:18 rosinski Exp $
'count' is cumulative. All other stats are max/min
name                               processes  threads        count      walltotal   wallmax (proc   thrd  )   wallmin (proc   thrd  )
Total                                   1536     1536 1.536000e+03   8.104091e+04    52.768 (    42      0)    52.754 (  1506      0)
prim_init1                              1536     1536 1.536000e+03   6.709330e+02     0.445 (   215      0)     0.428 (   443      0)
repro_sum_int                           1536     1536 6.912000e+04   8.987333e+01     0.217 (    30      0)     0.020 (  1343      0)
prim_init2                              1536     1536 1.536000e+03   4.997374e+02     0.467 (    48      0)     0.283 (  1332      0)
prim_printstate                         1536     1536 1.536000e+03   9.155691e+01     0.064 (   317      0)     0.052 (   674      0)
interp_movie_output                     1536     1536 3.072000e+03   1.486978e+00     0.003 (   376      0)     0.000 (   313      0)
prim_main_loop                          1536     1536 1.536000e+03   7.800848e+04    50.790 (   768      0)    50.783 (  1506      0)
prim_run                                1536     1536 6.144000e+05   7.800296e+04    50.787 (   773      0)    50.780 (  1530      0)
tl-sc prim_run_subcycle_c               1536     1536 6.144000e+05   7.798638e+04    50.777 (    45      0)    50.768 (   416      0)
tl-sc dp3d-from-ps                      1536     1536 6.144000e+05   1.323750e+01     0.011 (   128      0)     0.008 (  1026      0)
tl-sc prim_step-loop                    1536     1536 6.144000e+05   6.968299e+04    45.506 (   126      0)    44.911 (  1152      0)
tl-s prim_step                          1536     1536 1.843200e+06   6.967364e+04    45.500 (   126      0)    44.904 (  1152      0)
tl-s deep_copy+derived_dp               1536     1536 1.843200e+06   9.063475e+01     0.067 (  1152      0)     0.056 (   123      0)
tl-s prim_advance_exp-loop              1536     1536 1.843200e+06   2.181077e+04    17.090 (    95      0)    11.576 (   192      0)
tl-ae prim_advance_exp                  1536     1536 1.843200e+06   2.179760e+04    17.082 (    95      0)    11.567 (   192      0)
tl-ae U3-5stage_timestep                1536     1536 1.843200e+06   1.207381e+04    11.093 (    95      0)     5.640 (   704      0)
caar compute                            1536     1536 9.216000e+06   3.531530e+03     2.742 (   320      0)     2.179 (  1336      0)
caar_bexchV                             1536     1536 9.216000e+06   8.265733e+03     8.710 (    95      0)     2.733 (   704      0)
tl-ae advance_hypervis_dp               1536     1536 1.843200e+06   9.699618e+03     8.384 (    85      0)     5.695 (  1154      0)
hvf-bhwk                                1536     1536 5.529600e+06   5.480783e+03     5.047 (    85      0)     3.168 (   191      0)
hvf-bexch                               1536     1536 1.105920e+07   6.546455e+03     6.293 (    85      0)     3.359 (   192      0)
tl-s prim_advec_tracers_remap           1536     1536 1.843200e+06   4.774506e+04    33.363 (   192      0)    28.248 (    95      0)
tl-at prim_advec_tracers_remap_RK2      1536     1536 1.843200e+06   4.773079e+04    33.352 (   192      0)    28.240 (    95      0)
tl-at precompute_divdp                  1536     1536 1.843200e+06   9.047078e+01     0.069 (   128      0)     0.054 (  1271      0)
tl-at esf-0                             1536     1536 1.843200e+06   1.305925e+04    10.153 (   960      0)     7.257 (    93      0)
tl-at esf-1                             1536     1536 1.843200e+06   9.800175e+03     7.353 (   712      0)     5.515 (  1504      0)
tl-at esf-2                             1536     1536 1.843200e+06   2.365447e+04    16.897 (   714      0)    14.340 (    89      0)
tl-at qdp_time_avg                      1536     1536 1.843200e+06   1.054918e+03     0.763 (  1198      0)     0.590 (   447      0)
tl-sc vertical_remap                    1536     1536 6.144000e+05   7.449615e+03     5.233 (  1152      0)     4.713 (   126      0)
Remap Thickness Functor                 1536     1536 6.144000e+05   5.965249e+01     0.050 (  1024      0)     0.032 (  1346      0)
Remap Scale States Functor              1536     1536 6.144000e+05   2.544151e+01     0.021 (    58      0)     0.013 (  1346      0)
Remap Compute Grids Functor             1536     1536 6.144000e+05   2.734014e+02     0.201 (     0      0)     0.166 (   126      0)
Remap Compute Remap Functor             1536     1536 6.144000e+05   7.011741e+03     4.932 (  1152      0)     4.449 (   126      0)
Remap Rescale States Functor            1536     1536 6.144000e+05   3.097824e+01     0.023 (   128      0)     0.019 (  1507      0)
tl-sc Q-from-qdp                        1536     1536 6.144000e+05   8.273283e+02     0.613 (   448      0)     0.535 (    99      0)
t_prf                                      0        0 0.000000e+00   0.000000e+00     0.000 (     0      0)     0.000 (     0      0)

