
***** GLOBAL STATISTICS (  5760 MPI TASKS) *****

$Id: gptl.c,v 1.157 2011-03-28 20:55:18 rosinski Exp $
'count' is cumulative. All other stats are max/min
name                           processes  threads        count      walltotal   wallmax (proc   thrd  )   wallmin (proc   thrd  )
"Total"                             5760     5760 5.760000e+03   1.124181e+06   195.217 (  5183      0)   195.139 (  3479      0)
"prim_init1"                        5760     5760 5.760000e+03   9.747690e+03     1.718 (  1217      0)     1.591 (   366      0)
"PartitioningTime"                  5760     5760 5.760000e+03   2.356321e+01     0.011 (  3806      0)     0.003 (   666      0)
"repro_sum_int"                     5760     5760 2.592000e+05   8.840963e+02     0.365 (  5531      0)     0.038 (   289      0)
"prim_init2"                        5760     5760 5.760000e+03   1.344269e+03     0.442 (  3476      0)     0.126 (  3607      0)
"prim_printstate"                   5760     5760 5.760000e+03   3.514877e+02     0.066 (     0      0)     0.058 (   712      0)
"interp_movie_output"               5760     5760 1.152000e+04   9.979287e+00     0.008 (  3785      0)     0.000 (  4762      0)
"prim_main_loop"                    5760     5760 5.760000e+03   1.012406e+06   175.809 (  5184      0)   175.736 (  3075      0)
"prim_run"                          5760     5760 1.728000e+06   1.012390e+06   175.806 (  5184      0)   175.733 (  3075      0)
"ApplyCAMForcing"                   5760     5760 1.728000e+06   9.649629e+03     1.828 (  1152      0)     1.421 (  3981      0)
"prim_step_rX"                      5760     5760 5.184000e+06   9.014326e+05   156.884 (   826      0)   154.973 (  2816      0)
"prim_step_dyn"                     5760     5760 5.184000e+06   2.497277e+05    54.548 (  2079      0)    31.865 (  2961      0)
"prim_advance_exp"                  5760     5760 5.184000e+06   2.496608e+05    54.535 (  2079      0)    31.853 (  2961      0)
"U3-5stage_timestep"                5760     5760 5.184000e+06   1.266590e+05    30.994 (  1832      0)    14.558 (  4672      0)
"compute_and_apply_rhs"             5760     5760 2.592000e+07   1.255043e+05    30.800 (  1832      0)    14.341 (  4672      0)
"caar_bexchV"                       5760     5760 2.592000e+07   7.175615e+04    21.650 (  1832      0)     3.634 (  4672      0)
"advance_hypervis_dp"               5760     5760 5.184000e+06   1.228992e+05    28.062 (  2099      0)    16.384 (   308      0)
"biwkdp3d_bexchV"                   5760     5760 1.555200e+07   3.076477e+04     9.860 (  1140      0)     2.364 (  1728      0)
"ahdp_bexchV2"                      5760     5760 1.555200e+07   3.023119e+04     9.432 (  1119      0)     2.491 (  1728      0)
"prim_step_advec"                   5760     5760 5.184000e+06   6.502414e+05   124.347 (  2961      0)   101.781 (  2079      0)
"PAT_remap"                         5760     5760 5.184000e+06   6.502119e+05   124.342 (  2961      0)   101.776 (  2079      0)
"prim_advec_tracers_remap_rk2"      5760     5760 5.184000e+06   6.501647e+05   124.334 (  2961      0)   101.768 (  2079      0)
"precomput_divdp"                   5760     5760 5.184000e+06   1.092356e+03     0.215 (     0      0)     0.178 (  2118      0)
"euler_step_0"                      5760     5760 5.184000e+06   1.545022e+05    30.870 (  5589      0)    23.858 (  1948      0)
"bihmix_qminmax"                    5760     5760 1.555200e+07   2.876005e+05    56.945 (   256      0)    46.056 (  2206      0)
"eus_neighbor_minmax1"              5760     5760 5.184000e+06   2.954873e+04     7.963 (  3060      0)     3.671 (  1922      0)
"nmm_bexchV"                        5760     5760 5.184000e+06   1.790208e+04     5.865 (  2165      0)     1.742 (  1922      0)
"eus_2d_advec"                      5760     5760 1.555200e+07   3.525541e+05    74.704 (  5591      0)    52.895 (  2101      0)
"eus_bexchV"                        5760     5760 1.555200e+07   6.369696e+04    19.895 (   194      0)     5.435 (  1856      0)
"euler_step_1"                      5760     5760 5.184000e+06   1.226248e+05    24.112 (  2983      0)    19.474 (  3829      0)
"euler_step_2"                      5760     5760 5.184000e+06   3.633657e+05    71.195 (  2963      0)    55.338 (  2100      0)
"nmm_bexchS_start"                  5760     5760 5.184000e+06   3.030034e+02     0.083 (  2823      0)     0.027 (  1189      0)
"biwksc_bexchV"                     5760     5760 5.184000e+06   2.879016e+04     9.119 (  1837      0)     2.739 (  1084      0)
"nmm_bexchS_fini"                   5760     5760 5.184000e+06   2.720028e+03     0.630 (  1087      0)     0.378 (  3336      0)
"qdp_tavg"                          5760     5760 5.184000e+06   8.390028e+03     1.769 (  4136      0)     1.123 (  4991      0)
"vertical_remap"                    5760     5760 1.728000e+06   9.558109e+04    18.178 (  2816      0)    16.301 (   922      0)
"vertical_remap1_1"                 5760     5760 2.592000e+07   4.035493e+03     0.795 (  3532      0)     0.672 (  2314      0)
"remap_Q_ppm"                       5760     5760 7.776000e+07   9.415469e+04    17.888 (  2816      0)    16.063 (   922      0)
"vertical_remap1_2"                 5760     5760 2.592000e+07   5.952574e+03     1.131 (  3532      0)     1.007 (   948      0)
"vertical_remap1_3"                 5760     5760 2.592000e+07   8.471792e+04    16.108 (  2816      0)    14.437 (   680      0)
"prim_run_subcyle_diags"            5760     5760 1.728000e+06   4.342805e+03     0.941 (  1085      0)     0.563 (  1978      0)
"t_prf"                                0        0 0.000000e+00   0.000000e+00     0.000 (     0      0)     0.000 (     0      0)

