
***** GLOBAL STATISTICS (  1728 MPI TASKS) *****

$Id: gptl.c,v 1.157 2011-03-28 20:55:18 rosinski Exp $
'count' is cumulative. All other stats are max/min
name                               processes  threads        count      walltotal   wallmax (proc   thrd  )   wallmin (proc   thrd  )
Total                                   1728     1728 1.728000e+03   2.669512e+05   154.569 (   241      0)   154.391 (  1488      0)
prim_init1                              1728     1728 1.728000e+03   2.821239e+03     1.659 (  1088      0)     1.538 (   250      0)
repro_sum_int                           1728     1728 7.776000e+04   1.930708e+02     0.238 (   251      0)     0.030 (   640      0)
prim_init2                              1728     1728 1.728000e+03   1.594407e+03     1.061 (   194      0)     0.834 (  1617      0)
prim_printstate                         1728     1728 1.728000e+03   2.680332e+02     0.158 (     0      0)     0.154 (   943      0)
interp_movie_output                     1728     1728 3.456000e+03   1.176193e+00     0.001 (   532      0)     0.000 (  1307      0)
prim_main_loop                          1728     1728 1.728000e+03   2.360368e+05   136.676 (   239      0)   136.501 (  1488      0)
prim_run                                1728     1728 1.555200e+05   2.360345e+05   136.675 (   239      0)   136.500 (  1488      0)
tl-sc prim_run_subcycle_c               1728     1728 1.555200e+05   2.359650e+05   136.634 (   384      0)   136.468 (  1487      0)
tl-sc dp3d-from-ps                      1728     1728 1.555200e+05   2.796540e+01     0.018 (  1536      0)     0.016 (  1686      0)
tl-sc prim_step-loop                    1728     1728 1.555200e+05   2.091891e+05   121.923 (  1534      0)   119.592 (  1280      0)
tl-s prim_step                          1728     1728 4.665600e+05   2.091864e+05   121.922 (  1534      0)   119.591 (  1280      0)
tl-s deep_copy+derived_dp               1728     1728 4.665600e+05   2.501164e+02     0.170 (   135      0)     0.129 (  1519      0)
tl-s prim_advance_exp-loop              1728     1728 4.665600e+05   5.972276e+04    51.669 (  1481      0)    18.747 (   237      0)
tl-ae prim_advance_exp                  1728     1728 4.665600e+05   5.971827e+04    51.667 (  1481      0)    18.743 (   237      0)
tl-ae U3-5stage_timestep                1728     1728 4.665600e+05   3.322550e+04    38.317 (  1485      0)     9.165 (   101      0)
caar compute                            1728     1728 2.332800e+06   9.983656e+03     6.541 (   640      0)     5.424 (  1486      0)
caar_bexchV                             1728     1728 2.332800e+06   2.281068e+04    32.409 (  1485      0)     2.937 (   101      0)
tl-ae advance_hypervis_dp               1728     1728 4.665600e+05   2.648438e+04    25.233 (   848      0)     9.132 (   218      0)
hvf-bhwk                                1728     1728 1.399680e+06   1.534264e+04    15.469 (  1606      0)     5.521 (   218      0)
hvf-bexch                               1728     1728 2.799360e+06   1.742127e+04    20.131 (   848      0)     3.702 (   245      0)
tl-s prim_advec_tracers_remap           1728     1728 4.665600e+05   1.492042e+05   102.946 (   237      0)    69.909 (  1481      0)
tl-at prim_advec_tracers_remap_RK2      1728     1728 4.665600e+05   1.492002e+05   102.944 (   237      0)    69.907 (  1481      0)
tl-at precompute_divdp                  1728     1728 4.665600e+05   2.202005e+02     0.201 (  1090      0)     0.097 (   618      0)
tl-at esf-0                             1728     1728 4.665600e+05   3.897955e+04    30.468 (    91      0)    18.392 (   594      0)
tl-at esf-1                             1728     1728 4.665600e+05   2.952803e+04    22.367 (   231      0)    14.714 (  1487      0)
tl-at esf-2                             1728     1728 4.665600e+05   7.686013e+04    55.152 (   383      0)    33.708 (  1592      0)
tl-at qdp_time_avg                      1728     1728 4.665600e+05   3.589974e+03     2.459 (  1088      0)     1.719 (  1640      0)
tl-sc vertical_remap                    1728     1728 1.555200e+05   2.407619e+04    15.287 (  1280      0)    13.082 (    59      0)
Remap Thickness Functor                 1728     1728 1.555200e+05   1.271076e+02     0.084 (   669      0)     0.068 (  1534      0)
Remap Scale States Functor              1728     1728 1.555200e+05   6.062524e+01     0.045 (  1194      0)     0.028 (  1643      0)
Remap Compute Grids Functor             1728     1728 1.555200e+05   8.312223e+02     0.573 (   640      0)     0.446 (   279      0)
Remap Compute Remap Functor             1728     1728 1.555200e+05   2.296322e+04    14.621 (  1280      0)    12.462 (    59      0)
Remap Rescale States Functor            1728     1728 1.555200e+05   7.877700e+01     0.055 (  1344      0)     0.042 (  1303      0)
tl-sc Q-from-qdp                        1728     1728 1.555200e+05   2.667616e+03     1.696 (  1152      0)     1.527 (  1584      0)
t_prf                                      0        0 0.000000e+00   0.000000e+00     0.000 (     0      0)     0.000 (     0      0)

