
***** GLOBAL STATISTICS (  1920 MPI TASKS) *****

$Id: gptl.c,v 1.157 2011-03-28 20:55:18 rosinski Exp $
'count' is cumulative. All other stats are max/min
name                               processes  threads        count      walltotal   wallmax (proc   thrd  )   wallmin (proc   thrd  )
Total                                   1920     1920 1.920000e+03   2.923488e+05   152.332 (   986      0)   152.215 (   698      0)
prim_init1                              1920     1920 1.920000e+03   3.190326e+03     1.680 (  1728      0)     1.552 (  1504      0)
repro_sum_int                           1920     1920 8.640000e+04   1.620142e+02     0.228 (  1505      0)     0.032 (   640      0)
prim_init2                              1920     1920 1.920000e+03   1.568022e+03     0.971 (  1496      0)     0.765 (   163      0)
prim_printstate                         1920     1920 1.920000e+03   2.736854e+02     0.148 (     0      0)     0.141 (   161      0)
interp_movie_output                     1920     1920 3.840000e+03   1.457490e+00     0.002 (  1665      0)     0.000 (   548      0)
prim_main_loop                          1920     1920 1.920000e+03   2.581561e+05   134.524 (  1856      0)   134.406 (   699      0)
prim_run                                1920     1920 1.920000e+05   2.581535e+05   134.523 (  1856      0)   134.404 (   699      0)
tl-sc prim_run_subcycle_c               1920     1920 1.920000e+05   2.580854e+05   134.492 (   986      0)   134.357 (    63      0)
tl-sc dp3d-from-ps                      1920     1920 1.920000e+05   3.160864e+01     0.020 (  1280      0)     0.016 (   602      0)
tl-sc prim_step-loop                    1920     1920 1.920000e+05   2.282911e+05   119.771 (   107      0)   117.424 (  1472      0)
tl-s prim_step                          1920     1920 5.760000e+05   2.282879e+05   119.769 (   107      0)   117.422 (  1472      0)
tl-s deep_copy+derived_dp               1920     1920 5.760000e+05   2.863260e+02     0.186 (  1527      0)     0.131 (   104      0)
tl-s prim_advance_exp-loop              1920     1920 5.760000e+05   6.342581e+04    46.112 (    63      0)    18.437 (   987      0)
tl-ae prim_advance_exp                  1920     1920 5.760000e+05   6.341965e+04    46.110 (    63      0)    18.434 (   987      0)
tl-ae U3-5stage_timestep                1920     1920 5.760000e+05   3.423836e+04    33.428 (   166      0)     9.095 (   987      0)
caar compute                            1920     1920 2.880000e+06   1.116513e+04     6.870 (   704      0)     5.479 (   155      0)
caar_bexchV                             1920     1920 2.880000e+06   2.258552e+04    27.520 (   166      0)     2.875 (   987      0)
tl-ae advance_hypervis_dp               1920     1920 5.760000e+05   2.917097e+04    24.380 (  1388      0)     9.164 (  1008      0)
hvf-bhwk                                1920     1920 1.728000e+06   1.680727e+04    14.593 (  1636      0)     5.553 (  1008      0)
hvf-bexch                               1920     1920 3.456000e+06   1.906852e+04    19.241 (  1388      0)     3.526 (  1728      0)
tl-s prim_advec_tracers_remap           1920     1920 5.760000e+05   1.645642e+05   101.121 (   987      0)    73.165 (    63      0)
tl-at prim_advec_tracers_remap_RK2      1920     1920 5.760000e+05   1.645593e+05   101.118 (   987      0)    73.162 (    63      0)
tl-at precompute_divdp                  1920     1920 5.760000e+05   2.545049e+02     0.221 (  1883      0)     0.100 (  1340      0)
tl-at esf-0                             1920     1920 5.760000e+05   4.302599e+04    29.564 (  1155      0)    18.654 (  1134      0)
tl-at esf-1                             1920     1920 5.760000e+05   3.253255e+04    21.671 (   125      0)    15.143 (    75      0)
tl-at esf-2                             1920     1920 5.760000e+05   8.466082e+04    53.272 (   124      0)    34.833 (    63      0)
tl-at qdp_time_avg                      1920     1920 5.760000e+05   4.058117e+03     2.690 (   821      0)     1.730 (   132      0)
tl-sc vertical_remap                    1920     1920 1.920000e+05   2.679288e+04    15.278 (  1472      0)    13.106 (  1655      0)
Remap Thickness Functor                 1920     1920 1.920000e+05   1.458096e+02     0.089 (   767      0)     0.069 (  1376      0)
Remap Scale States Functor              1920     1920 1.920000e+05   6.980088e+01     0.054 (   811      0)     0.027 (  1868      0)
Remap Compute Grids Functor             1920     1920 1.920000e+05   9.408372e+02     0.567 (  1198      0)     0.448 (   895      0)
Remap Compute Remap Functor             1920     1920 1.920000e+05   2.552721e+04    14.578 (  1472      0)    12.465 (  1655      0)
Remap Rescale States Functor            1920     1920 1.920000e+05   8.760600e+01     0.055 (     0      0)     0.042 (  1769      0)
tl-sc Q-from-qdp                        1920     1920 1.920000e+05   2.964799e+03     1.702 (  1408      0)     1.529 (   176      0)
t_prf                                      0        0 0.000000e+00   0.000000e+00     0.000 (     0      0)     0.000 (     0      0)

