
***** GLOBAL STATISTICS (  5760 MPI TASKS) *****

$Id: gptl.c,v 1.157 2011-03-28 20:55:18 rosinski Exp $
'count' is cumulative. All other stats are max/min
name                               processes  threads        count      walltotal   wallmax (proc   thrd  )   wallmin (proc   thrd  )
Total                                   5760     5760 5.760000e+03   9.052165e+05   157.203 (  1752      0)   157.122 (  3065      0)
prim_init1                              5760     5760 5.760000e+03   1.035155e+04     1.823 (   256      0)     1.699 (  4713      0)
repro_sum_int                           5760     5760 2.592000e+05   1.153139e+03     0.629 (    25      0)     0.049 (  3327      0)
prim_init2                              5760     5760 5.760000e+03   3.711673e+03     1.015 (   738      0)     0.493 (  4203      0)
prim_printstate                         5760     5760 5.760000e+03   7.444860e+02     0.137 (  1217      0)     0.124 (  4856      0)
interp_movie_output                     5760     5760 1.152000e+04   1.208773e+01     0.008 (  1899      0)     0.000 (   907      0)
prim_main_loop                          5760     5760 5.760000e+03   8.021903e+05   139.314 (  1752      0)   139.234 (  3051      0)
prim_run                                5760     5760 1.728000e+06   8.021714e+05   139.310 (  1752      0)   139.231 (  3063      0)
tl-sc prim_run_subcycle_c               5760     5760 1.728000e+06   8.020847e+05   139.295 (  1792      0)   139.210 (  3070      0)
tl-sc dp3d-from-ps                      5760     5760 1.728000e+06   1.081163e+02     0.024 (  3392      0)     0.017 (  1963      0)
tl-sc prim_step-loop                    5760     5760 1.728000e+06   7.120040e+05   124.614 (  1457      0)   121.890 (  4416      0)
tl-s prim_step                          5760     5760 5.184000e+06   7.119765e+05   124.609 (  1457      0)   121.885 (  4416      0)
tl-s deep_copy+derived_dp               5760     5760 5.184000e+06   8.496023e+02     0.164 (  4096      0)     0.136 (   331      0)
tl-s prim_advance_exp-loop              5760     5760 5.184000e+06   2.171348e+05    49.525 (  3047      0)    21.490 (  3432      0)
tl-ae prim_advance_exp                  5760     5760 5.184000e+06   2.170913e+05    49.517 (  3047      0)    21.483 (  3432      0)
tl-ae U3-5stage_timestep                5760     5760 5.184000e+06   1.096911e+05    29.063 (  5534      0)    10.523 (  3432      0)
caar compute                            5760     5760 2.592000e+07   3.430357e+04     6.931 (  3264      0)     5.650 (  5101      0)
caar_bexchV                             5760     5760 2.592000e+07   7.359439e+04    22.839 (  5534      0)     4.075 (  3432      0)
tl-ae advance_hypervis_dp               5760     5760 5.184000e+06   1.073110e+05    29.453 (  1136      0)    10.945 (  3432      0)
hvf-bhwk                                5760     5760 1.555200e+07   6.020685e+04    16.930 (  1097      0)     6.423 (   331      0)
hvf-bexch                               5760     5760 3.110400e+07   7.618780e+04    24.132 (  1136      0)     5.261 (   320      0)
tl-s prim_advec_tracers_remap           5760     5760 5.184000e+06   4.938944e+05   102.718 (  3432      0)    74.699 (  3047      0)
tl-at prim_advec_tracers_remap_RK2      5760     5760 5.184000e+06   4.938523e+05   102.711 (  3432      0)    74.692 (  3047      0)
tl-at precompute_divdp                  5760     5760 5.184000e+06   7.541351e+02     0.154 (  5568      0)     0.115 (  4823      0)
tl-at esf-0                             5760     5760 5.184000e+06   1.267278e+05    27.482 (  3433      0)    19.206 (   487      0)
tl-at esf-1                             5760     5760 5.184000e+06   9.664862e+04    23.342 (  1757      0)    15.196 (  3560      0)
tl-at esf-2                             5760     5760 5.184000e+06   2.580491e+05    55.460 (  1735      0)    35.779 (  1151      0)
tl-at qdp_time_avg                      5760     5760 5.184000e+06   1.144682e+04     2.321 (  4992      0)     1.747 (  5110      0)
tl-sc vertical_remap                    5760     5760 1.728000e+06   8.116285e+04    15.664 (  4736      0)    13.106 (  1457      0)
Remap Thickness Functor                 5760     5760 1.728000e+06   4.711221e+02     0.093 (  3264      0)     0.072 (  4827      0)
Remap Scale States Functor              5760     5760 1.728000e+06   2.171250e+02     0.047 (  3106      0)     0.029 (  5634      0)
Remap Compute Grids Functor             5760     5760 1.728000e+06   2.771383e+03     0.566 (  4992      0)     0.457 (  5639      0)
Remap Compute Remap Functor             5760     5760 1.728000e+06   7.724886e+04    14.923 (  4736      0)    12.443 (  1457      0)
Remap Rescale States Functor            5760     5760 1.728000e+06   2.766887e+02     0.055 (  5120      0)     0.045 (  5029      0)
tl-sc Q-from-qdp                        5760     5760 1.728000e+06   8.770795e+03     1.722 (  4224      0)     1.510 (   229      0)
t_prf                                      0        0 0.000000e+00   0.000000e+00     0.000 (     0      0)     0.000 (     0      0)

