
***** GLOBAL STATISTICS ( 86400 MPI TASKS) *****

$Id: gptl.c,v 1.157 2011-03-28 20:55:18 rosinski Exp $
'count' is cumulative. All other stats are max/min
name                           processes  threads        count      walltotal   wallmax (proc   thrd  )   wallmin (proc   thrd  )
"Total"                            86400    86400 8.640000e+04   2.613189e+07   302.647 ( 58560      0)   302.298 (  1302      0)
"prim_init1"                       86400    86400 8.640000e+04   6.305460e+05     7.557 ( 12606      0)     6.969 ( 85880      0)
"PartitioningTime"                 86400    86400 8.640000e+04   8.377908e+02     0.039 ( 51025      0)     0.002 ( 54423      0)
"repro_sum_int"                    86400    86400 3.888000e+06   1.656108e+05     8.039 ( 78125      0)     0.164 ( 78912      0)
"prim_init2"                       86400    86400 8.640000e+04   2.217556e+05     8.634 ( 57259      0)     0.832 ( 78969      0)
"prim_printstate"                  86400    86400 8.640000e+04   1.984079e+04     0.280 ( 63420      0)     0.191 ( 47308      0)
"interp_movie_output"              86400    86400 1.728000e+05   1.659555e+03     0.046 (  1152      0)     0.004 ( 83095      0)
"prim_main_loop"                   86400    86400 8.640000e+04   2.200036e+07   254.699 ( 57066      0)   254.573 ( 35490      0)
"prim_run"                         86400    86400 3.888000e+08   2.199707e+07   254.672 ( 57066      0)   254.534 ( 35504      0)
"ApplyCAMForcing"                  86400    86400 3.888000e+08   1.270359e+05     1.708 ( 39744      0)     1.289 ( 42876      0)
"prim_step_rX"                     86400    86400 1.166400e+09   2.032430e+07   235.822 ( 32337      0)   232.222 ( 51200      0)
"prim_step_dyn"                    86400    86400 1.166400e+09   7.917607e+06   110.019 ( 74079      0)    71.507 ( 26496      0)
"prim_advance_exp"                 86400    86400 1.166400e+09   7.907150e+06   109.898 ( 74079      0)    71.367 ( 26496      0)
"U3-5stage_timestep"               86400    86400 1.166400e+09   4.118040e+06    69.735 ( 58530      0)    29.915 ( 21376      0)
"compute_and_apply_rhs"            86400    86400 5.832000e+09   4.070986e+06    69.178 ( 58530      0)    29.288 ( 21376      0)
"caar_bexchV"                      86400    86400 5.832000e+09   3.198795e+06    59.448 ( 58530      0)    17.343 ( 21376      0)
"advance_hypervis_dp"              86400    86400 1.166400e+09   3.773865e+06    59.559 ( 74192      0)    32.699 ( 21357      0)
"biwkdp3d_bexchV"                  86400    86400 3.499200e+09   1.429400e+06    26.436 ( 85910      0)    10.739 ( 21393      0)
"ahdp_bexchV2"                     86400    86400 3.499200e+09   1.419703e+06    26.790 ( 74191      0)    10.741 ( 21357      0)
"prim_step_advec"                  86400    86400 1.166400e+09   1.237355e+07   161.073 ( 57940      0)   125.098 ( 75424      0)
"PAT_remap"                        86400    86400 1.166400e+09   1.236738e+07   161.002 ( 57940      0)   125.028 ( 75424      0)
"prim_advec_tracers_remap_rk2"     86400    86400 1.166400e+09   1.235815e+07   160.898 ( 57940      0)   124.924 ( 75424      0)
"precomput_divdp"                  86400    86400 1.166400e+09   1.781196e+04     0.263 ( 56000      0)     0.191 ( 53495      0)
"euler_step_0"                     86400    86400 1.166400e+09   3.168563e+06    46.990 ( 75662      0)    30.878 ( 22498      0)
"bihmix_qminmax"                   86400    86400 3.499200e+09   5.378691e+06    76.133 ( 67840      0)    55.198 ( 58531      0)
"eus_neighbor_minmax1"             86400    86400 1.166400e+09   8.326239e+05    16.978 ( 25230      0)     6.776 ( 21400      0)
"nmm_bexchV"                       86400    86400 1.166400e+09   6.732608e+05    15.240 ( 25230      0)     5.079 ( 21348      0)
"eus_2d_advec"                     86400    86400 3.499200e+09   6.755465e+06    94.898 ( 58242      0)    64.897 ( 75424      0)
"eus_bexchV"                       86400    86400 3.499200e+09   2.602749e+06    46.628 ( 67842      0)    18.994 ( 31498      0)
"euler_step_1"                     86400    86400 1.166400e+09   2.337675e+06    36.388 ( 59264      0)    22.547 ( 42784      0)
"euler_step_2"                     86400    86400 1.166400e+09   6.694746e+06    89.826 (  5122      0)    64.673 ( 45535      0)
"nmm_bexchS_start"                 86400    86400 1.166400e+09   7.377554e+04     1.742 ( 58496      0)     0.535 ( 42591      0)
"biwksc_bexchV"                    86400    86400 1.166400e+09   1.110215e+06    22.893 ( 67839      0)     7.459 ( 43423      0)
"nmm_bexchS_fini"                  86400    86400 1.166400e+09   2.343487e+04     0.583 ( 24682      0)     0.226 ( 67793      0)
"qdp_tavg"                         86400    86400 1.166400e+09   1.071860e+05     1.758 ( 66688      0)     0.991 ( 72829      0)
"vertical_remap"                   86400    86400 3.888000e+08   1.460703e+06    19.725 ( 12224      0)    16.395 ( 61729      0)
"vertical_remap1_1"                86400    86400 3.888000e+08   7.531131e+04     1.016 ( 27499      0)     0.754 (   149      0)
"remap_Q_ppm"                      86400    86400 1.166400e+09   1.433385e+06    19.365 ( 12224      0)    16.101 ( 62653      0)
"vertical_remap1_2"                86400    86400 3.888000e+08   9.105624e+04     1.280 ( 26436      0)     1.013 ( 58499      0)
"vertical_remap1_3"                86400    86400 3.888000e+08   1.278117e+06    17.414 ( 12672      0)    14.328 ( 21981      0)
"prim_run_subcyle_diags"           86400    86400 3.888000e+08   4.694245e+04     0.739 ( 73600      0)     0.406 ( 58456      0)
"t_prf"                                0        0 0.000000e+00   0.000000e+00     0.000 (     0      0)     0.000 (     0      0)

