
***** GLOBAL STATISTICS (  8192 MPI TASKS) *****

$Id: gptl.c,v 1.157 2011-03-28 20:55:18 rosinski Exp $
'count' is cumulative. All other stats are max/min
name                               processes  threads        count      walltotal   wallmax (proc   thrd  )   wallmin (proc   thrd  )
Total                                   8192     8192 8.192000e+03   1.725283e+06   210.638 (    27      0)   210.566 (  2478      0)
prim_init1                              8192     8192 8.192000e+03   7.360414e+03     0.920 (  2251      0)     0.862 (  2443      0)
repro_sum_int                           8192     8192 3.686400e+05   2.201052e+03     0.572 (    17      0)     0.093 (  7936      0)
prim_init2                              8192     8192 8.192000e+03   5.886930e+03     1.040 (  6341      0)     0.514 (  1472      0)
prim_printstate                         8192     8192 8.192000e+03   1.799122e+03     0.245 (  3920      0)     0.199 (  4169      0)
interp_movie_output                     8192     8192 1.638400e+04   1.767458e+01     0.014 (  7374      0)     0.000 (  6051      0)
prim_main_loop                          8192     8192 8.192000e+03   1.678292e+06   204.889 (  4924      0)   204.848 (  7389      0)
prim_run                                8192     8192 1.398374e+07   1.678189e+06   204.877 (  4877      0)   204.834 (  7360      0)
tl-sc prim_run_subcycle_c               8192     8192 1.398374e+07   1.677945e+06   204.843 (  4317      0)   204.806 (  7360      0)
tl-sc dp3d-from-ps                      8192     8192 1.398374e+07   2.458595e+02     0.038 (  1024      0)     0.027 (   381      0)
tl-sc prim_step-loop                    8192     8192 1.398374e+07   1.536792e+06   187.921 (  2370      0)   185.859 (  3392      0)
tl-s prim_step                          8192     8192 4.195123e+07   1.536577e+06   187.898 (  2370      0)   185.831 (  3392      0)
tl-s deep_copy+derived_dp               8192     8192 4.195123e+07   1.597970e+03     0.224 (   704      0)     0.186 (  1625      0)
tl-s prim_advance_exp-loop              8192     8192 4.195123e+07   6.064080e+05    86.112 (  2001      0)    57.552 (  7168      0)
tl-ae prim_advance_exp                  8192     8192 4.195123e+07   6.061367e+05    86.080 (  2001      0)    57.511 (  7168      0)
tl-ae U3-5stage_timestep                8192     8192 4.195123e+07   3.042929e+05    49.411 (  4875      0)    26.528 (   704      0)
caar compute                            8192     8192 2.097562e+08   6.078262e+04     8.660 (  4672      0)     6.993 (  2022      0)
caar_bexchV                             8192     8192 2.097562e+08   2.382544e+05    41.647 (  4875      0)    17.298 (   704      0)
tl-ae advance_hypervis_dp               8192     8192 4.195123e+07   3.013242e+05    48.332 (  1883      0)    28.861 (  4881      0)
hvf-bhwk                                8192     8192 1.258537e+08   1.606507e+05    27.361 (  1058      0)    15.332 (  4880      0)
hvf-bexch                               8192     8192 2.517074e+08   2.467539e+05    41.627 (  1988      0)    22.228 (  1703      0)
tl-s prim_advec_tracers_remap           8192     8192 4.195123e+07   9.279854e+05   128.643 (  2389      0)   101.299 (  2001      0)
tl-at prim_advec_tracers_remap_RK2      8192     8192 4.195123e+07   9.276648e+05   128.600 (  2389      0)   101.261 (  2001      0)
tl-at precompute_divdp                  8192     8192 4.195123e+07   1.661478e+03     0.236 (  1728      0)     0.185 (  7307      0)
tl-at esf-0                             8192     8192 4.195123e+07   2.601067e+05    37.553 (  1362      0)    26.955 (  1000      0)
tl-at esf-1                             8192     8192 4.195123e+07   1.848898e+05    26.579 (  1447      0)    20.651 (  1977      0)
tl-at esf-2                             8192     8192 4.195123e+07   4.621148e+05    71.384 (  1701      0)    49.989 (  2003      0)
tl-at qdp_time_avg                      8192     8192 4.195123e+07   1.731078e+04     2.438 (  5441      0)     1.866 (  7935      0)
tl-sc vertical_remap                    8192     8192 1.398374e+07   1.265023e+05    17.147 (  3494      0)    15.120 (  2370      0)
Remap Thickness Functor                 8192     8192 1.398374e+07   9.311105e+02     0.132 (  3136      0)     0.104 (   578      0)
Remap Scale States Functor              8192     8192 1.398374e+07   4.284084e+02     0.064 (  1374      0)     0.044 (  4323      0)
Remap Compute Grids Functor             8192     8192 1.398374e+07   4.570948e+03     0.640 (  6208      0)     0.535 (  1599      0)
Remap Compute Remap Functor             8192     8192 1.398374e+07   1.192276e+05    16.280 (  3494      0)    14.244 (  2370      0)
Remap Rescale States Functor            8192     8192 1.398374e+07   5.616101e+02     0.080 (  3072      0)     0.065 (  2536      0)
tl-sc Q-from-qdp                        8192     8192 1.398374e+07   1.410093e+04     2.026 (  2112      0)     1.706 (  2744      0)
t_prf                                      0        0 0.000000e+00   0.000000e+00     0.000 (     0      0)     0.000 (     0      0)

