
***** GLOBAL STATISTICS (   128 MPI TASKS) *****

$Id: gptl.c,v 1.157 2011-03-28 20:55:18 rosinski Exp $
'count' is cumulative. All other stats are max/min
name                               processes  threads        count      walltotal   wallmax (proc   thrd  )   wallmin (proc   thrd  )
Total                                    128      128 1.280000e+02   5.631614e+03    44.027 (     0      0)    43.968 (   127      0)
prim_init1                               128      128 1.280000e+02   4.019538e+01     0.317 (    64      0)     0.312 (     6      0)
repro_sum_int                            128      128 5.760000e+03   3.626833e+00     0.035 (    84      0)     0.014 (     0      0)
prim_init2                               128      128 1.280000e+02   1.022898e+02     0.809 (     1      0)     0.790 (    54      0)
prim_printstate                          128      128 1.280000e+02   1.341170e+01     0.108 (     0      0)     0.104 (    76      0)
interp_movie_output                      128      128 2.560000e+02   4.524422e-02     0.001 (   120      0)     0.000 (    83      0)
prim_main_loop                           128      128 1.280000e+02   5.363854e+03    41.935 (     0      0)    41.876 (   126      0)
prim_run                                 128      128 4.352000e+03   5.363777e+03    41.934 (     0      0)    41.875 (   127      0)
tl-sc prim_run_subcycle_c                128      128 4.352000e+03   5.358732e+03    41.891 (     0      0)    41.843 (   125      0)
tl-sc dp3d-from-ps                       128      128 4.352000e+03   7.699416e-01     0.006 (     0      0)     0.006 (   123      0)
tl-sc prim_step-loop                     128      128 4.352000e+03   4.665667e+03    36.531 (    75      0)    36.170 (     0      0)
tl-s prim_step                           128      128 1.305600e+04   4.665592e+03    36.531 (    75      0)    36.170 (     0      0)
tl-s deep_copy+derived_dp                128      128 1.305600e+04   7.298995e+00     0.070 (    36      0)     0.047 (    72      0)
tl-s prim_advance_exp-loop               128      128 1.305600e+04   1.095453e+03    10.317 (   126      0)     6.829 (     0      0)
tl-ae prim_advance_exp                   128      128 1.305600e+04   1.095316e+03    10.316 (   126      0)     6.828 (     0      0)
tl-ae U3-5stage_timestep                 128      128 1.305600e+04   6.222249e+02     6.631 (    80      0)     3.434 (     0      0)
caar compute                             128      128 6.528000e+04   2.733027e+02     2.348 (     0      0)     2.000 (    81      0)
caar_bexchV                              128      128 6.528000e+04   3.372276e+02     4.485 (    80      0)     0.982 (     0      0)
tl-ae advance_hypervis_dp                128      128 1.305600e+04   4.728569e+02     4.438 (   125      0)     3.340 (    49      0)
hvf-bhwk                                 128      128 3.916800e+04   2.910100e+02     2.697 (   108      0)     2.028 (    52      0)
hvf-bexch                                128      128 7.833600e+04   2.243085e+02     2.539 (   125      0)     1.170 (     0      0)
tl-s prim_advec_tracers_remap            128      128 1.305600e+04   3.562572e+03    29.280 (     0      0)    26.052 (    87      0)
tl-at prim_advec_tracers_remap_RK2       128      128 1.305600e+04   3.562458e+03    29.279 (     0      0)    26.051 (    87      0)
tl-at precompute_divdp                   128      128 1.305600e+04   6.466584e+00     0.062 (     0      0)     0.045 (   109      0)
tl-at esf-0                              128      128 1.305600e+04   9.772303e+02     8.340 (     0      0)     6.631 (   125      0)
tl-at esf-1                              128      128 1.305600e+04   7.472278e+02     6.224 (    72      0)     5.235 (   123      0)
tl-at esf-2                              128      128 1.305600e+04   1.727660e+03    13.966 (    75      0)    12.990 (    95      0)
tl-at qdp_time_avg                       128      128 1.305600e+04   1.032583e+02     0.918 (    33      0)     0.630 (    72      0)
tl-sc vertical_remap                     128      128 4.352000e+03   6.201692e+02     5.095 (     0      0)     4.764 (    83      0)
Remap Thickness Functor                  128      128 4.352000e+03   3.635710e+00     0.034 (    33      0)     0.025 (   113      0)
Remap Scale States Functor               128      128 4.352000e+03   1.822143e+00     0.018 (    35      0)     0.010 (    72      0)
Remap Compute Grids Functor              128      128 4.352000e+03   2.269794e+01     0.207 (     7      0)     0.161 (    72      0)
Remap Compute Remap Functor              128      128 4.352000e+03   5.881916e+02     4.855 (     0      0)     4.528 (    83      0)
Remap Rescale States Functor             128      128 4.352000e+03   2.127771e+00     0.019 (     0      0)     0.016 (    87      0)
tl-sc Q-from-qdp                         128      128 4.352000e+03   7.201013e+01     0.618 (     0      0)     0.555 (   125      0)
t_prf                                      0        0 0.000000e+00   0.000000e+00     0.000 (     0      0)     0.000 (     0      0)

