
***** GLOBAL STATISTICS (   768 MPI TASKS) *****

$Id: gptl.c,v 1.157 2011-03-28 20:55:18 rosinski Exp $
'count' is cumulative. All other stats are max/min
name                               processes  threads        count      walltotal   wallmax (proc   thrd  )   wallmin (proc   thrd  )
Total                                    768      768 7.680000e+02   9.058027e+04   118.001 (   576      0)   117.904 (   418      0)
prim_init1                               768      768 7.680000e+02   6.081766e+02     0.803 (   640      0)     0.753 (   214      0)
repro_sum_int                            768      768 3.456000e+04   5.213831e+01     0.215 (    38      0)     0.026 (   256      0)
prim_init2                               768      768 7.680000e+02   6.495433e+02     1.003 (    63      0)     0.797 (   262      0)
prim_printstate                          768      768 7.680000e+02   1.070892e+02     0.145 (     0      0)     0.139 (   453      0)
interp_movie_output                      768      768 1.536000e+03   3.868983e-01     0.001 (    13      0)     0.000 (   511      0)
prim_main_loop                           768      768 7.680000e+02   8.264924e+04   107.674 (   576      0)   107.577 (   420      0)
prim_run                                 768      768 6.144000e+04   8.264844e+04   107.673 (   576      0)   107.576 (   418      0)
tl-sc prim_run_subcycle_c                768      768 6.144000e+04   8.261483e+04   107.622 (   576      0)   107.539 (   420      0)
tl-sc dp3d-from-ps                       768      768 6.144000e+04   1.106168e+01     0.018 (   639      0)     0.014 (   559      0)
tl-sc prim_step-loop                     768      768 6.144000e+04   7.244891e+04    94.575 (   176      0)    93.289 (   576      0)
tl-s prim_step                           768      768 1.843200e+05   7.244787e+04    94.574 (   176      0)    93.287 (   576      0)
tl-s deep_copy+derived_dp                768      768 1.843200e+05   1.057145e+02     0.229 (   598      0)     0.114 (   490      0)
tl-s prim_advance_exp-loop               768      768 1.843200e+05   1.924199e+04    31.987 (   483      0)    18.667 (   576      0)
tl-ae prim_advance_exp                   768      768 1.843200e+05   1.924017e+04    31.985 (   483      0)    18.665 (   576      0)
tl-ae U3-5stage_timestep                 768      768 1.843200e+05   1.038511e+04    20.157 (   485      0)     9.069 (   613      0)
caar compute                             768      768 9.216000e+05   4.000178e+03     5.769 (   128      0)     4.860 (   466      0)
caar_bexchV                              768      768 9.216000e+05   6.214032e+03    15.005 (   485      0)     3.139 (     0      0)
tl-ae advance_hypervis_dp                768      768 1.843200e+05   8.851760e+03    18.715 (   417      0)     8.747 (   528      0)
hvf-bhwk                                 768      768 5.529600e+05   5.220352e+03    11.212 (   417      0)     5.243 (   198      0)
hvf-bexch                                768      768 1.105920e+06   5.248654e+03    14.145 (   417      0)     3.773 (   576      0)
tl-s prim_advec_tracers_remap            768      768 1.843200e+05   5.309640e+04    74.969 (   611      0)    62.265 (   484      0)
tl-at prim_advec_tracers_remap_RK2       768      768 1.843200e+05   5.309483e+04    74.967 (   611      0)    62.263 (   484      0)
tl-at precompute_divdp                   768      768 1.843200e+05   9.431871e+01     0.294 (   583      0)     0.088 (   386      0)
tl-at esf-0                              768      768 1.843200e+05   1.476442e+04    23.002 (   610      0)    16.293 (    92      0)
tl-at esf-1                              768      768 1.843200e+05   1.124096e+04    16.855 (   677      0)    13.119 (    90      0)
tl-at esf-2                              768      768 1.843200e+05   2.545118e+04    36.154 (   548      0)    29.920 (   500      0)
tl-at qdp_time_avg                       768      768 1.843200e+05   1.535095e+03     2.524 (   241      0)     1.558 (   489      0)
tl-sc vertical_remap                     768      768 6.144000e+04   9.087481e+03    12.768 (   576      0)    11.621 (   176      0)
Remap Thickness Functor                  768      768 6.144000e+04   5.158622e+01     0.079 (   243      0)     0.061 (   490      0)
Remap Scale States Functor               768      768 6.144000e+04   2.530401e+01     0.044 (   597      0)     0.024 (   559      0)
Remap Compute Grids Functor              768      768 6.144000e+04   3.301443e+02     0.521 (   597      0)     0.401 (   155      0)
Remap Compute Remap Functor              768      768 6.144000e+04   8.642781e+03    12.192 (   576      0)    11.062 (   749      0)
Remap Rescale States Functor             768      768 6.144000e+04   3.126255e+01     0.084 (   577      0)     0.037 (   424      0)
tl-sc Q-from-qdp                         768      768 6.144000e+04   1.065703e+03     1.578 (   581      0)     1.360 (   551      0)
t_prf                                      0        0 0.000000e+00   0.000000e+00     0.000 (     0      0)     0.000 (     0      0)

