
***** GLOBAL STATISTICS (   768 MPI TASKS) *****

$Id: gptl.c,v 1.157 2011-03-28 20:55:18 rosinski Exp $
'count' is cumulative. All other stats are max/min
name                           processes  threads        count      walltotal   wallmax (proc   thrd  )   wallmin (proc   thrd  )
"Total"                              768      768 7.680000e+02   4.849444e+04    63.154 (   192      0)    63.135 (   453      0)
"prim_init1"                         768      768 7.680000e+02   2.083694e+02     0.274 (   193      0)     0.268 (   375      0)
"PartitioningTime"                   768      768 7.680000e+02   1.679918e+00     0.004 (   244      0)     0.000 (   449      0)
"repro_sum_int"                      768      768 3.456000e+04   2.867618e+01     0.096 (    40      0)     0.020 (   765      0)
"prim_init2"                         768      768 7.680000e+02   6.027290e+01     0.141 (    46      0)     0.061 (   641      0)
"prim_printstate"                    768      768 7.680000e+02   2.610083e+01     0.041 (     0      0)     0.033 (   476      0)
"interp_movie_output"                768      768 1.536000e+03   3.622293e-01     0.001 (   274      0)     0.000 (    96      0)
"prim_main_loop"                     768      768 7.680000e+02   4.698904e+04    61.194 (   192      0)    61.175 (   453      0)
"prim_run"                           768      768 1.536000e+05   4.698783e+04    61.192 (   192      0)    61.173 (   453      0)
"ApplyCAMForcing"                    768      768 1.536000e+05   4.400781e+02     0.617 (    70      0)     0.485 (   189      0)
"prim_step_rX"                       768      768 4.608000e+05   4.176727e+04    54.512 (   292      0)    53.897 (   512      0)
"prim_step_dyn"                      768      768 4.608000e+05   1.089550e+04    17.079 (    59      0)    10.871 (   192      0)
"prim_advance_exp"                   768      768 4.608000e+05   1.089000e+04    17.072 (    59      0)    10.865 (   192      0)
"U3-5stage_timestep"                 768      768 4.608000e+05   5.971812e+03    10.312 (   154      0)     5.137 (   192      0)
"compute_and_apply_rhs"              768      768 2.304000e+06   5.905491e+03    10.225 (   154      0)     5.040 (   192      0)
"caar_bexchV"                        768      768 2.304000e+06   3.282383e+03     6.862 (   154      0)     1.038 (   192      0)
"advance_hypervis_dp"                768      768 4.608000e+05   4.909257e+03     7.794 (    72      0)     5.694 (   148      0)
"biwkdp3d_bexchV"                    768      768 1.382400e+06   9.814968e+02     2.101 (    55      0)     0.585 (   192      0)
"ahdp_bexchV2"                       768      768 1.382400e+06   9.311442e+02     2.020 (    58      0)     0.600 (   192      0)
"prim_step_advec"                    768      768 4.608000e+05   3.080029e+04    42.986 (   192      0)    37.262 (    59      0)
"PAT_remap"                          768      768 4.608000e+05   3.079761e+04    42.982 (   192      0)    37.258 (    59      0)
"prim_advec_tracers_remap_rk2"       768      768 4.608000e+05   3.079343e+04    42.976 (   192      0)    37.253 (    59      0)
"precomput_divdp"                    768      768 4.608000e+05   5.233505e+01     0.078 (   384      0)     0.065 (   554      0)
"euler_step_0"                       768      768 4.608000e+05   7.623465e+03    11.502 (   128      0)     8.369 (   188      0)
"bihmix_qminmax"                     768      768 1.382400e+06   1.398745e+04    20.802 (   128      0)    16.672 (   422      0)
"eus_neighbor_minmax1"               768      768 4.608000e+05   1.502280e+03     3.051 (   309      0)     1.262 (   190      0)
"nmm_bexchV"                         768      768 4.608000e+05   9.179865e+02     2.330 (   309      0)     0.573 (   198      0)
"eus_2d_advec"                       768      768 1.382400e+06   1.631984e+04    24.687 (   198      0)    19.273 (    86      0)
"eus_bexchV"                         768      768 1.382400e+06   3.658691e+03     8.213 (   134      0)     2.361 (    64      0)
"euler_step_1"                       768      768 4.608000e+05   6.006493e+03     8.774 (   323      0)     7.222 (   168      0)
"euler_step_2"                       768      768 4.608000e+05   1.670739e+04    23.509 (   198      0)    20.148 (    36      0)
"nmm_bexchS_start"                   768      768 4.608000e+05   2.640711e+01     0.053 (     0      0)     0.021 (   615      0)
"biwksc_bexchV"                      768      768 4.608000e+05   1.620574e+03     3.734 (   191      0)     1.184 (    81      0)
"nmm_bexchS_fini"                    768      768 4.608000e+05   1.182831e+02     0.187 (   615      0)     0.137 (   166      0)
"qdp_tavg"                           768      768 4.608000e+05   3.877953e+02     0.607 (    71      0)     0.418 (   297      0)
"vertical_remap"                     768      768 1.536000e+05   4.513782e+03     6.365 (   512      0)     5.802 (   536      0)
"vertical_remap1_1"                  768      768 1.228800e+06   1.921986e+02     0.269 (   128      0)     0.242 (   536      0)
"remap_Q_ppm"                        768      768 3.686400e+06   4.444625e+03     6.267 (   512      0)     5.716 (   159      0)
"vertical_remap1_2"                  768      768 1.228800e+06   2.812957e+02     0.393 (   576      0)     0.359 (   300      0)
"vertical_remap1_3"                  768      768 1.228800e+06   3.997838e+03     5.647 (   512      0)     5.136 (   487      0)
"prim_run_subcyle_diags"             768      768 1.536000e+05   1.979888e+02     0.339 (   198      0)     0.192 (   315      0)
"t_prf"                                0        0 0.000000e+00   0.000000e+00     0.000 (     0      0)     0.000 (     0      0)

