
***** GLOBAL STATISTICS (   512 MPI TASKS) *****

$Id: gptl.c,v 1.157 2011-03-28 20:55:18 rosinski Exp $
'count' is cumulative. All other stats are max/min
name                               processes  threads        count      walltotal   wallmax (proc   thrd  )   wallmin (proc   thrd  )
Total                                    512      512 5.120000e+02   7.445160e+04   145.463 (    69      0)   145.374 (   340      0)
prim_init1                               512      512 5.120000e+02   3.033149e+02     0.600 (    96      0)     0.572 (   360      0)
repro_sum_int                            512      512 2.304000e+04   3.177579e+01     0.101 (    59      0)     0.026 (   448      0)
prim_init2                               512      512 5.120000e+02   4.241562e+02     0.875 (    27      0)     0.790 (   482      0)
prim_printstate                          512      512 5.120000e+02   6.812523e+01     0.138 (     0      0)     0.132 (   501      0)
interp_movie_output                      512      512 1.024000e+03   2.727089e-01     0.001 (   124      0)     0.000 (   276      0)
prim_main_loop                           512      512 5.120000e+02   7.176524e+04   140.215 (    69      0)   140.126 (   335      0)
prim_run                                 512      512 5.478400e+04   7.176461e+04   140.214 (    69      0)   140.125 (   340      0)
tl-sc prim_run_subcycle_c                512      512 5.478400e+04   7.173855e+04   140.175 (    11      0)   140.082 (   335      0)
tl-sc dp3d-from-ps                       512      512 5.478400e+04   9.422654e+00     0.020 (   256      0)     0.018 (   373      0)
tl-sc prim_step-loop                     512      512 5.478400e+04   6.300621e+04   123.355 (    40      0)   121.803 (   384      0)
tl-s prim_step                           512      512 1.643520e+05   6.300524e+04   123.354 (    40      0)   121.801 (   384      0)
tl-s deep_copy+derived_dp                512      512 1.643520e+05   9.133456e+01     0.224 (   312      0)     0.155 (   383      0)
tl-s prim_advance_exp-loop               512      512 1.643520e+05   1.562426e+04    37.210 (   238      0)    21.920 (    64      0)
tl-ae prim_advance_exp                   512      512 1.643520e+05   1.562275e+04    37.207 (   249      0)    21.918 (    64      0)
tl-ae U3-5stage_timestep                 512      512 1.643520e+05   8.660926e+03    23.282 (   238      0)    10.899 (    64      0)
caar compute                             512      512 8.217600e+05   3.432787e+03     7.445 (   256      0)     6.361 (    32      0)
caar_bexchV                              512      512 8.217600e+05   5.080866e+03    16.232 (   178      0)     3.218 (    64      0)
tl-ae advance_hypervis_dp                512      512 1.643520e+05   6.958913e+03    18.168 (   329      0)    10.809 (    89      0)
hvf-bhwk                                 512      512 4.930560e+05   4.171344e+03    12.441 (   329      0)     6.551 (   126      0)
hvf-bexch                                512      512 9.861120e+05   3.854858e+03    12.238 (   316      0)     3.823 (    64      0)
tl-s prim_advec_tracers_remap            512      512 1.643520e+05   4.728621e+04   100.079 (    64      0)    85.452 (   238      0)
tl-at prim_advec_tracers_remap_RK2       512      512 1.643520e+05   4.728472e+04   100.076 (    64      0)    85.449 (   238      0)
tl-at precompute_divdp                   512      512 1.643520e+05   8.216232e+01     0.224 (   311      0)     0.124 (   338      0)
tl-at esf-0                              512      512 1.643520e+05   1.340499e+04    30.099 (    97      0)    22.230 (   337      0)
tl-at esf-1                              512      512 1.643520e+05   9.786534e+03    21.203 (   104      0)    17.096 (   336      0)
tl-at esf-2                              512      512 1.643520e+05   2.259621e+04    47.771 (   147      0)    40.752 (   246      0)
tl-at qdp_time_avg                       512      512 1.643520e+05   1.406807e+03     3.490 (   389      0)     2.183 (   200      0)
tl-sc vertical_remap                     512      512 5.478400e+04   7.812828e+03    16.362 (   384      0)    14.954 (   305      0)
Remap Thickness Functor                  512      512 5.478400e+04   4.526931e+01     0.103 (   112      0)     0.079 (   156      0)
Remap Scale States Functor               512      512 5.478400e+04   2.395750e+01     0.069 (   120      0)     0.035 (   504      0)
Remap Compute Grids Functor              512      512 5.478400e+04   2.933310e+02     0.671 (   435      0)     0.518 (   200      0)
Remap Compute Remap Functor              512      512 5.478400e+04   7.417217e+03    15.588 (   384      0)    14.222 (   308      0)
Remap Rescale States Functor             512      512 5.478400e+04   2.727398e+01     0.065 (   384      0)     0.049 (   318      0)
tl-sc Q-from-qdp                         512      512 5.478400e+04   9.085866e+02     1.951 (   384      0)     1.750 (   178      0)
t_prf                                      0        0 0.000000e+00   0.000000e+00     0.000 (     0      0)     0.000 (     0      0)

