
***** GLOBAL STATISTICS (   256 MPI TASKS) *****

$Id: gptl.c,v 1.157 2011-03-28 20:55:18 rosinski Exp $
'count' is cumulative. All other stats are max/min
name                           processes  threads        count      walltotal   wallmax (proc   thrd  )   wallmin (proc   thrd  )
"Total"                              256      256 2.560000e+02   5.904920e+04   230.732 (     0      0)   230.524 (    92      0)
"prim_init1"                         256      256 2.560000e+02   3.054796e+02     1.207 (     0      0)     1.178 (   138      0)
"PartitioningTime"                   256      256 2.560000e+02   2.266319e+00     0.012 (   190      0)     0.006 (   250      0)
"repro_sum_int"                      256      256 1.152000e+04   7.864977e+00     0.058 (    47      0)     0.017 (   192      0)
"prim_init2"                         256      256 2.560000e+02   6.185915e+01     0.268 (    12      0)     0.230 (   215      0)
"prim_printstate"                    256      256 2.560000e+02   2.036317e+01     0.083 (     0      0)     0.079 (   136      0)
"interp_movie_output"                256      256 5.120000e+02   1.693103e-01     0.001 (   198      0)     0.000 (     8      0)
"prim_main_loop"                     256      256 2.560000e+02   5.764926e+04   225.257 (     0      0)   225.052 (    92      0)
"prim_run"                           256      256 1.382400e+04   5.764893e+04   225.257 (     0      0)   225.050 (    92      0)
"ApplyCAMForcing"                    256      256 1.382400e+04   6.716684e+02     4.104 (   249      0)     1.733 (   100      0)
"prim_step_rX"                       256      256 4.147200e+04   5.148147e+04   203.139 (   120      0)   199.285 (     0      0)
"prim_step_dyn"                      256      256 4.147200e+04   9.120721e+03    60.284 (    92      0)    27.848 (     0      0)
"prim_advance_exp"                   256      256 4.147200e+04   9.120105e+03    60.282 (    92      0)    27.846 (     0      0)
"U3-5stage_timestep"                 256      256 4.147200e+04   5.181692e+03    45.445 (    92      0)    12.551 (    44      0)
"compute_and_apply_rhs"              256      256 2.073600e+05   5.130940e+03    45.243 (    92      0)    12.333 (    44      0)
"caar_bexchV"                        256      256 2.073600e+05   2.311396e+03    34.339 (    92      0)     0.957 (     0      0)
"advance_hypervis_dp"                256      256 4.147200e+04   3.937098e+03    17.593 (   218      0)    14.701 (   158      0)
"biwkdp3d_bexchV"                    256      256 1.244160e+05   3.771587e+02     3.659 (   218      0)     0.520 (     0      0)
"ahdp_bexchV2"                       256      256 1.244160e+05   3.629356e+02     3.613 (   243      0)     0.592 (     0      0)
"prim_step_advec"                    256      256 4.147200e+04   4.223548e+04   171.748 (    51      0)   142.406 (    92      0)
"PAT_remap"                          256      256 4.147200e+04   4.223519e+04   171.747 (    51      0)   142.405 (    92      0)
"prim_advec_tracers_remap_rk2"       256      256 4.147200e+04   4.223470e+04   171.745 (    51      0)   142.403 (    92      0)
"precomput_divdp"                    256      256 4.147200e+04   6.410717e+01     0.337 (     0      0)     0.219 (    71      0)
"euler_step_0"                       256      256 4.147200e+04   1.143770e+04    47.512 (   177      0)    37.455 (   106      0)
"bihmix_qminmax"                     256      256 1.244160e+05   2.024685e+04    85.930 (    57      0)    67.408 (    91      0)
"eus_neighbor_minmax1"               256      256 4.147200e+04   2.765325e+03    12.546 (   174      0)     7.458 (   116      0)
"nmm_bexchV"                         256      256 4.147200e+04   1.240742e+03     6.635 (    71      0)     2.453 (   115      0)
"eus_2d_advec"                       256      256 1.244160e+05   2.080168e+04    88.786 (    95      0)    72.657 (    92      0)
"eus_bexchV"                         256      256 1.244160e+05   4.954291e+03    29.840 (   100      0)    13.498 (     0      0)
"euler_step_1"                       256      256 4.147200e+04   7.542346e+03    31.250 (    81      0)    24.394 (    92      0)
"euler_step_2"                       256      256 4.147200e+04   2.207195e+04    89.928 (    54      0)    77.272 (   121      0)
"nmm_bexchS_start"                   256      256 4.147200e+04   3.471273e+00     0.026 (    13      0)     0.006 (   129      0)
"biwksc_bexchV"                      256      256 4.147200e+04   2.130572e+03    10.806 (   114      0)     4.616 (   161      0)
"nmm_bexchS_fini"                    256      256 4.147200e+04   6.302362e+02     4.429 (     4      0)     0.706 (    90      0)
"qdp_tavg"                           256      256 4.147200e+04   1.116601e+03     6.072 (    45      0)     1.734 (   114      0)
"vertical_remap"                     256      256 1.382400e+04   4.838940e+03    21.210 (   192      0)    18.648 (   247      0)
"vertical_remap1_1"                  256      256 1.327104e+06   2.021219e+02     0.871 (   128      0)     0.771 (    40      0)
"remap_Q_ppm"                        256      256 3.981312e+06   4.764769e+03    20.856 (   192      0)    18.366 (   247      0)
"vertical_remap1_2"                  256      256 1.327104e+06   3.015123e+02     1.285 (   128      0)     1.155 (    40      0)
"vertical_remap1_3"                  256      256 1.327104e+06   4.288100e+03    18.859 (   192      0)    16.524 (   247      0)
"prim_run_subcyle_diags"             256      256 1.382400e+04   4.822817e+02     2.963 (   199      0)     0.719 (   161      0)
"t_prf"                                0        0 0.000000e+00   0.000000e+00     0.000 (     0      0)     0.000 (     0      0)

