
***** GLOBAL STATISTICS (   320 MPI TASKS) *****

$Id: gptl.c,v 1.157 2011-03-28 20:55:18 rosinski Exp $
'count' is cumulative. All other stats are max/min
name                           processes  threads        count      walltotal   wallmax (proc   thrd  )   wallmin (proc   thrd  )
"Total"                              320      320 3.200000e+02   6.379335e+04   199.459 (   256      0)   199.195 (    95      0)
"prim_init1"                         320      320 3.200000e+02   4.097522e+02     1.297 (   256      0)     1.254 (   161      0)
"PartitioningTime"                   320      320 3.200000e+02   5.123944e-01     0.005 (   254      0)     0.001 (   170      0)
"repro_sum_int"                      320      320 1.440000e+04   9.577832e+00     0.037 (   171      0)     0.024 (    64      0)
"prim_init2"                         320      320 3.200000e+02   8.062531e+01     0.256 (    19      0)     0.248 (    72      0)
"prim_printstate"                    320      320 3.200000e+02   2.916398e+01     0.096 (     0      0)     0.090 (   102      0)
"interp_movie_output"                320      320 6.400000e+02   1.514106e-01     0.001 (   278      0)     0.000 (   244      0)
"prim_main_loop"                     320      320 3.200000e+02   6.028597e+04   188.499 (   256      0)   188.234 (    95      0)
"prim_run"                           320      320 1.088000e+04   6.028569e+04   188.498 (   256      0)   188.233 (    95      0)
"ApplyCAMForcing"                    320      320 1.088000e+04   6.955193e+02     3.690 (   312      0)     1.334 (    78      0)
"prim_step_rX"                       320      320 3.264000e+04   5.411418e+04   170.693 (    88      0)   167.987 (   256      0)
"prim_step_dyn"                      320      320 3.264000e+04   1.013596e+04    46.836 (   124      0)    22.388 (   300      0)
"prim_advance_exp"                   320      320 3.264000e+04   1.013548e+04    46.834 (   124      0)    22.386 (   300      0)
"U3-5stage_timestep"                 320      320 3.264000e+04   5.986048e+03    34.821 (   124      0)    10.420 (   128      0)
"compute_and_apply_rhs"              320      320 1.632000e+05   5.938115e+03    34.668 (   124      0)    10.270 (   128      0)
"caar_bexchV"                        320      320 1.632000e+05   3.161267e+03    26.183 (   124      0)     1.111 (   128      0)
"advance_hypervis_dp"                320      320 3.264000e+04   4.148684e+03    17.834 (    55      0)    11.433 (   176      0)
"biwkdp3d_bexchV"                    320      320 9.792000e+04   5.274819e+02     6.460 (   127      0)     0.451 (   256      0)
"ahdp_bexchV2"                       320      320 9.792000e+04   4.658878e+02     5.397 (   130      0)     0.573 (    64      0)
"prim_step_advec"                    320      320 3.264000e+04   4.383924e+04   145.882 (   300      0)   123.101 (   124      0)
"PAT_remap"                          320      320 3.264000e+04   4.383901e+04   145.881 (   300      0)   123.100 (   124      0)
"prim_advec_tracers_remap_rk2"       320      320 3.264000e+04   4.383862e+04   145.880 (   300      0)   123.099 (   124      0)
"precomput_divdp"                    320      320 3.264000e+04   6.500330e+01     0.299 (    63      0)     0.171 (   116      0)
"euler_step_0"                       320      320 3.264000e+04   1.239229e+04    42.005 (   303      0)    32.680 (    28      0)
"bihmix_qminmax"                     320      320 9.792000e+04   2.068779e+04    70.538 (   301      0)    57.233 (    70      0)
"eus_neighbor_minmax1"               320      320 3.264000e+04   2.847878e+03    12.187 (   210      0)     4.875 (    25      0)
"nmm_bexchV"                         320      320 3.264000e+04   1.173837e+03     7.160 (   210      0)     1.702 (    18      0)
"eus_2d_advec"                       320      320 9.792000e+04   2.183950e+04    75.326 (   253      0)    61.485 (   124      0)
"eus_bexchV"                         320      320 9.792000e+04   5.265856e+03    27.065 (    83      0)     9.566 (    62      0)
"euler_step_1"                       320      320 3.264000e+04   7.349686e+03    26.481 (    20      0)    19.168 (    92      0)
"euler_step_2"                       320      320 3.264000e+04   2.278806e+04    75.760 (   253      0)    64.958 (   124      0)
"nmm_bexchS_start"                   320      320 3.264000e+04   3.261891e+00     0.023 (   283      0)     0.004 (    18      0)
"biwksc_bexchV"                      320      320 3.264000e+04   2.332807e+03    10.662 (   109      0)     3.721 (    43      0)
"nmm_bexchS_fini"                    320      320 3.264000e+04   6.480653e+02     3.562 (   271      0)     0.630 (    91      0)
"qdp_tavg"                           320      320 3.264000e+04   1.241888e+03     5.545 (   287      0)     1.368 (    86      0)
"vertical_remap"                     320      320 1.088000e+04   4.783394e+03    16.913 (     0      0)    14.683 (   265      0)
"vertical_remap1_1"                  320      320 1.305600e+06   2.003615e+02     0.691 (     0      0)     0.609 (   130      0)
"remap_Q_ppm"                        320      320 3.916800e+06   4.708900e+03    16.628 (     0      0)    14.462 (   264      0)
"vertical_remap1_2"                  320      320 1.305600e+06   2.977891e+02     1.015 (     0      0)     0.913 (   130      0)
"vertical_remap1_3"                  320      320 1.305600e+06   4.237501e+03    15.024 (     0      0)    13.002 (   178      0)
"prim_run_subcyle_diags"             320      320 1.088000e+04   5.105750e+02     2.557 (   263      0)     0.594 (    43      0)
"t_prf"                                0        0 0.000000e+00   0.000000e+00     0.000 (     0      0)     0.000 (     0      0)

