
***** GLOBAL STATISTICS (  1152 MPI TASKS) *****

$Id: gptl.c,v 1.157 2011-03-28 20:55:18 rosinski Exp $
'count' is cumulative. All other stats are max/min
name                           processes  threads        count      walltotal   wallmax (proc   thrd  )   wallmin (proc   thrd  )
"Total"                             1152     1152 1.152000e+03   2.391599e+05   207.753 (  1024      0)   207.472 (   850      0)
"prim_init1"                        1152     1152 1.152000e+03   2.166701e+03     1.899 (   128      0)     1.812 (  1083      0)
"PartitioningTime"                  1152     1152 1.152000e+03   4.533095e+00     0.013 (   481      0)     0.003 (   790      0)
"repro_sum_int"                     1152     1152 5.184000e+04   1.042134e+02     0.183 (   107      0)     0.046 (   956      0)
"prim_init2"                        1152     1152 1.152000e+03   2.987467e+02     0.355 (   200      0)     0.219 (   918      0)
"prim_printstate"                   1152     1152 1.152000e+03   9.362269e+01     0.091 (     0      0)     0.080 (   818      0)
"interp_movie_output"               1152     1152 2.304000e+03   5.545189e-01     0.001 (  1112      0)     0.000 (   539      0)
"prim_main_loop"                    1152     1152 1.152000e+03   2.182916e+05   189.638 (  1024      0)   189.357 (   850      0)
"prim_run"                          1152     1152 6.912000e+04   2.182905e+05   189.637 (  1024      0)   189.356 (   850      0)
"ApplyCAMForcing"                   1152     1152 6.912000e+04   2.142716e+03     2.931 (   898      0)     1.440 (   350      0)
"prim_step_rX"                      1152     1152 2.073600e+05   1.957329e+05   170.562 (   351      0)   168.020 (   897      0)
"prim_step_dyn"                     1152     1152 2.073600e+05   5.236596e+04    62.796 (    44      0)    24.223 (  1027      0)
"prim_advance_exp"                  1152     1152 2.073600e+05   5.236311e+04    62.794 (    44      0)    24.221 (  1027      0)
"U3-5stage_timestep"                1152     1152 2.073600e+05   2.761746e+04    44.030 (   435      0)    11.187 (  1080      0)
"compute_and_apply_rhs"             1152     1152 1.036800e+06   2.743290e+04    43.884 (   435      0)    11.011 (  1080      0)
"caar_bexchV"                       1152     1152 1.036800e+06   1.691044e+04    35.091 (   435      0)     1.469 (  1081      0)
"advance_hypervis_dp"               1152     1152 2.073600e+05   2.474130e+04    34.740 (   772      0)    12.630 (   165      0)
"biwkdp3d_bexchV"                   1152     1152 6.220800e+05   6.501861e+03    14.998 (   772      0)     0.479 (  1024      0)
"ahdp_bexchV2"                      1152     1152 6.220800e+05   6.024235e+03    14.427 (   770      0)     0.528 (  1024      0)
"prim_step_advec"                   1152     1152 2.073600e+05   1.430381e+05   144.823 (  1027      0)   107.273 (    44      0)
"PAT_remap"                         1152     1152 2.073600e+05   1.430368e+05   144.821 (  1027      0)   107.272 (    44      0)
"prim_advec_tracers_remap_rk2"      1152     1152 2.073600e+05   1.430347e+05   144.820 (  1027      0)   107.271 (    44      0)
"precomput_divdp"                   1152     1152 2.073600e+05   2.319012e+02     0.296 (   564      0)     0.176 (   822      0)
"euler_step_0"                      1152     1152 2.073600e+05   3.682387e+04    42.637 (   910      0)    25.061 (   745      0)
"bihmix_qminmax"                    1152     1152 6.220800e+05   6.569462e+04    69.943 (  1042      0)    49.302 (   812      0)
"eus_neighbor_minmax1"              1152     1152 2.073600e+05   8.162802e+03    12.642 (   249      0)     3.303 (   650      0)
"nmm_bexchV"                        1152     1152 2.073600e+05   4.141757e+03    10.452 (   805      0)     1.141 (   646      0)
"eus_2d_advec"                      1152     1152 6.220800e+05   7.483659e+04    80.951 (   350      0)    54.066 (   476      0)
"eus_bexchV"                        1152     1152 6.220800e+05   1.481936e+04    26.168 (   891      0)     5.311 (    64      0)
"euler_step_1"                      1152     1152 2.073600e+05   2.626594e+04    30.362 (   909      0)    19.230 (   491      0)
"euler_step_2"                      1152     1152 2.073600e+05   7.745639e+04    79.985 (  1021      0)    56.699 (   428      0)
"nmm_bexchS_start"                  1152     1152 2.073600e+05   1.387698e+01     0.036 (   883      0)     0.006 (   772      0)
"biwksc_bexchV"                     1152     1152 2.073600e+05   5.801691e+03    11.387 (   509      0)     1.633 (   448      0)
"nmm_bexchS_fini"                   1152     1152 2.073600e+05   1.290019e+03     3.431 (  1055      0)     0.597 (   419      0)
"qdp_tavg"                          1152     1152 2.073600e+05   2.247917e+03     3.456 (  1080      0)     1.166 (   643      0)
"vertical_remap"                    1152     1152 6.912000e+04   1.897709e+04    18.214 (  1024      0)    16.230 (   709      0)
"vertical_remap1_1"                 1152     1152 5.184000e+06   7.995548e+02     0.758 (   192      0)     0.673 (   839      0)
"remap_Q_ppm"                       1152     1152 1.555200e+07   1.868513e+04    17.913 (  1024      0)    15.991 (   709      0)
"vertical_remap1_2"                 1152     1152 5.184000e+06   1.186474e+03     1.116 (   192      0)     1.004 (   470      0)
"vertical_remap1_3"                 1152     1152 5.184000e+06   1.680803e+04    16.182 (  1024      0)    14.364 (   709      0)
"prim_run_subcyle_diags"            1152     1152 6.912000e+04   1.107162e+03     1.960 (  1035      0)     0.596 (   807      0)
"t_prf"                                0        0 0.000000e+00   0.000000e+00     0.000 (     0      0)     0.000 (     0      0)

