
***** GLOBAL STATISTICS (   320 MPI TASKS) *****

$Id: gptl.c,v 1.157 2011-03-28 20:55:18 rosinski Exp $
'count' is cumulative. All other stats are max/min
name                               processes  threads        count      walltotal   wallmax (proc   thrd  )   wallmin (proc   thrd  )
Total                                    320      320 3.200000e+02   7.758385e+04   242.939 (   128      0)   241.693 (    63      0)
prim_init1                               320      320 3.200000e+02   5.380072e+02     1.711 (   192      0)     1.612 (    28      0)
repro_sum_int                            320      320 1.440000e+04   2.541539e+01     0.176 (    27      0)     0.027 (   192      0)
prim_init2                               320      320 3.200000e+02   1.357623e+03     4.333 (    53      0)     4.191 (    67      0)
prim_printstate                          320      320 3.200000e+02   1.663598e+02     0.525 (     0      0)     0.519 (   202      0)
interp_movie_output                      320      320 6.400000e+02   1.529512e-01     0.001 (    50      0)     0.000 (   287      0)
prim_main_loop                           320      320 3.200000e+02   6.897200e+04   216.027 (   128      0)   214.780 (    63      0)
prim_run                                 320      320 5.440000e+03   6.897176e+04   216.026 (   128      0)   214.780 (    63      0)
tl-sc prim_run_subcycle_c                320      320 5.440000e+03   6.881108e+04   215.471 (   128      0)   214.589 (    63      0)
tl-sc dp3d-from-ps                       320      320 5.440000e+03   7.582134e+00     0.042 (   138      0)     0.018 (    95      0)
tl-sc prim_step-loop                     320      320 5.440000e+03   6.375800e+04   200.203 (    18      0)   198.151 (   256      0)
tl-s prim_step                           320      320 1.632000e+04   6.375787e+04   200.203 (    18      0)   198.150 (   256      0)
tl-s deep_copy+derived_dp                320      320 1.632000e+04   8.967538e+01     0.462 (   156      0)     0.160 (   127      0)
tl-s prim_advance_exp-loop               320      320 1.632000e+04   1.149676e+04    53.176 (    39      0)    18.603 (   189      0)
tl-ae prim_advance_exp                   320      320 1.632000e+04   1.149636e+04    53.174 (    39      0)    18.602 (   189      0)
tl-ae U3-5stage_timestep                 320      320 1.632000e+04   7.794263e+03    43.406 (    39      0)     9.120 (   184      0)
caar compute                             320      320 8.160000e+04   1.916603e+03     6.522 (   156      0)     5.639 (   111      0)
caar_bexchV                              320      320 8.160000e+04   5.802205e+03    37.314 (     9      0)     2.591 (   128      0)
tl-ae advance_hypervis_dp                320      320 1.632000e+04   3.701762e+03    24.359 (   248      0)     8.950 (     6      0)
hvf-bhwk                                 320      320 4.896000e+04   2.286275e+03    17.042 (    96      0)     5.380 (   175      0)
hvf-bexch                                320      320 9.792000e+04   1.968886e+03    18.954 (   255      0)     3.510 (     6      0)
tl-s prim_advec_tracers_remap            320      320 1.632000e+04   5.217102e+04   180.665 (   189      0)   145.812 (    39      0)
tl-at prim_advec_tracers_remap_RK2       320      320 1.632000e+04   5.217084e+04   180.665 (   189      0)   145.812 (    39      0)
tl-at precompute_divdp                   320      320 1.632000e+04   8.385042e+01     0.415 (   192      0)     0.159 (   159      0)
tl-at esf-0                              320      320 1.632000e+04   1.689020e+04    57.166 (   184      0)    47.099 (   203      0)
tl-at esf-1                              320      320 1.632000e+04   1.073774e+04    39.176 (   186      0)    29.495 (   104      0)
tl-at esf-2                              320      320 1.632000e+04   2.295190e+04    83.604 (   165      0)    59.478 (    63      0)
tl-at qdp_time_avg                       320      320 1.632000e+04   1.505958e+03     7.971 (   174      0)     2.099 (   127      0)
tl-sc vertical_remap                     320      320 5.440000e+03   4.473690e+03    14.971 (   256      0)    13.446 (    18      0)
Remap Thickness Functor                  320      320 5.440000e+03   3.105816e+01     0.136 (   278      0)     0.070 (   127      0)
Remap Scale States Functor               320      320 5.440000e+03   2.174484e+01     0.110 (   242      0)     0.034 (   303      0)
Remap Compute Grids Functor              320      320 5.440000e+03   1.928698e+02     0.814 (   135      0)     0.480 (    51      0)
Remap Compute Remap Functor              320      320 5.440000e+03   4.193327e+03    14.064 (   128      0)    12.712 (   191      0)
Remap Rescale States Functor             320      320 5.440000e+03   2.001981e+01     0.149 (   128      0)     0.045 (   274      0)
tl-sc Q-from-qdp                         320      320 5.440000e+03   5.716038e+02     2.291 (   183      0)     1.579 (    39      0)
t_prf                                      0        0 0.000000e+00   0.000000e+00     0.000 (     0      0)     0.000 (     0      0)

