
***** GLOBAL STATISTICS (  3072 MPI TASKS) *****

$Id: gptl.c,v 1.157 2011-03-28 20:55:18 rosinski Exp $
'count' is cumulative. All other stats are max/min
name                               processes  threads        count      walltotal   wallmax (proc   thrd  )   wallmin (proc   thrd  )
Total                                   3072     3072 3.072000e+03   2.081209e+05    67.766 (  2688      0)    67.734 (  1851      0)
prim_init1                              3072     3072 3.072000e+03   1.095440e+03     0.363 (    65      0)     0.349 (  3008      0)
repro_sum_int                           3072     3072 1.382400e+05   6.178010e+02     0.368 (    60      0)     0.028 (  2992      0)
prim_init2                              3072     3072 3.072000e+03   1.091898e+03     0.506 (    25      0)     0.181 (  2198      0)
prim_printstate                         3072     3072 3.072000e+03   1.785862e+02     0.065 (     0      0)     0.057 (   637      0)
interp_movie_output                     3072     3072 6.144000e+03   3.517233e+00     0.004 (  1817      0)     0.000 (  1491      0)
prim_main_loop                          3072     3072 3.072000e+03   2.024607e+05    65.924 (  2688      0)    65.891 (   172      0)
prim_run                                3072     3072 2.457600e+06   2.024439e+05    65.917 (  2686      0)    65.885 (   128      0)
tl-sc prim_run_subcycle_c               3072     3072 2.457600e+06   2.024086e+05    65.906 (  2658      0)    65.871 (  1835      0)
tl-sc dp3d-from-ps                      3072     3072 2.457600e+06   3.434586e+01     0.016 (  2368      0)     0.010 (  1834      0)
tl-sc prim_step-loop                    3072     3072 2.457600e+06   1.857366e+05    60.583 (  2671      0)    59.820 (  1472      0)
tl-s prim_step                          3072     3072 7.372800e+06   1.857001e+05    60.572 (  2671      0)    59.806 (  1472      0)
tl-s deep_copy+derived_dp               3072     3072 7.372800e+06   2.099414e+02     0.082 (  1088      0)     0.064 (   760      0)
tl-s prim_advance_exp-loop              3072     3072 7.372800e+06   7.291658e+04    27.425 (  2593      0)    19.342 (  2688      0)
tl-ae prim_advance_exp                  3072     3072 7.372800e+06   7.287143e+04    27.411 (  2593      0)    19.326 (  2688      0)
tl-ae U3-5stage_timestep                3072     3072 7.372800e+06   3.740944e+04    16.388 (   361      0)     8.724 (  1762      0)
caar compute                            3072     3072 3.686400e+07   7.411760e+03     2.819 (  1792      0)     2.258 (  2117      0)
caar_bexchV                             3072     3072 3.686400e+07   2.926853e+04    13.805 (   361      0)     5.725 (   768      0)
tl-ae advance_hypervis_dp               3072     3072 7.372800e+06   3.537610e+04    14.683 (   342      0)     9.452 (   364      0)
hvf-bhwk                                3072     3072 2.211840e+07   1.889860e+04     8.539 (   679      0)     4.815 (   747      0)
hvf-bexch                               3072     3072 4.423680e+07   2.864495e+04    12.451 (   342      0)     7.135 (   364      0)
tl-s prim_advec_tracers_remap           3072     3072 7.372800e+06   1.124748e+05    40.570 (  2944      0)    32.963 (  2593      0)
tl-at prim_advec_tracers_remap_RK2      3072     3072 7.372800e+06   1.124203e+05    40.551 (  2944      0)    32.946 (  2593      0)
tl-at precompute_divdp                  3072     3072 7.372800e+06   2.262044e+02     0.086 (   640      0)     0.065 (  2602      0)
tl-at esf-0                             3072     3072 7.372800e+06   3.096234e+04    11.950 (  2423      0)     8.570 (   357      0)
tl-at esf-1                             3072     3072 7.372800e+06   2.232304e+04     8.104 (   896      0)     6.478 (   361      0)
tl-at esf-2                             3072     3072 7.372800e+06   5.660578e+04    21.531 (   924      0)    16.139 (  2499      0)
tl-at qdp_time_avg                      3072     3072 7.372800e+06   2.033133e+03     0.745 (  2241      0)     0.578 (  2005      0)
tl-sc vertical_remap                    3072     3072 2.457600e+06   1.492888e+04     5.408 (  1472      0)     4.754 (   866      0)
Remap Thickness Functor                 3072     3072 2.457600e+06   1.220892e+02     0.046 (  1984      0)     0.036 (   377      0)
Remap Scale States Functor              3072     3072 2.457600e+06   5.907075e+01     0.026 (  1088      0)     0.015 (   377      0)
Remap Compute Grids Functor             3072     3072 2.457600e+06   5.461144e+02     0.201 (  1088      0)     0.168 (   249      0)
Remap Compute Remap Functor             3072     3072 2.457600e+06   1.400517e+04     5.076 (  1472      0)     4.458 (   241      0)
Remap Rescale States Functor            3072     3072 2.457600e+06   7.382056e+01     0.029 (  1088      0)     0.023 (   844      0)
tl-sc Q-from-qdp                        3072     3072 2.457600e+06   1.657836e+03     0.634 (   896      0)     0.535 (  2741      0)
t_prf                                      0        0 0.000000e+00   0.000000e+00     0.000 (     0      0)     0.000 (     0      0)

