
***** GLOBAL STATISTICS ( 38400 MPI TASKS) *****

$Id: gptl.c,v 1.157 2011-03-28 20:55:18 rosinski Exp $
'count' is cumulative. All other stats are max/min
name                               processes  threads        count      walltotal   wallmax (proc   thrd  )   wallmin (proc   thrd  )
Total                                  38400    38400 3.840000e+04   9.400558e+06   244.969 ( 35908      0)   244.645 (  7076      0)
prim_init1                             38400    38400 3.840000e+04   1.242003e+05     3.449 (   697      0)     3.030 ( 21240      0)
repro_sum_int                          38400    38400 1.728000e+06   7.677372e+04    10.949 (     8      0)     0.128 (  5930      0)
prim_init2                             38400    38400 3.840000e+04   1.406594e+05    12.303 (     6      0)     1.169 (  6574      0)
prim_printstate                        38400    38400 3.840000e+04   1.061919e+04     0.372 (     0      0)     0.224 ( 22544      0)
interp_movie_output                    38400    38400 7.680000e+04   4.577538e+02     0.051 ( 34966      0)     0.000 (  8177      0)
prim_main_loop                         38400    38400 3.840000e+04   8.454685e+06   220.261 ( 38152      0)   220.077 (  8089      0)
prim_run                               38400    38400 1.536000e+08   8.453380e+06   220.239 ( 38152      0)   220.032 (  8064      0)
tl-sc prim_run_subcycle_c              38400    38400 1.536000e+08   8.448858e+06   220.106 ( 25283      0)   219.929 (  8704      0)
tl-sc dp3d-from-ps                     38400    38400 1.536000e+08   2.000089e+03     0.143 ( 19008      0)     0.033 ( 25859      0)
tl-sc prim_step-loop                   38400    38400 1.536000e+08   7.910955e+06   206.561 (  9827      0)   202.787 (   192      0)
tl-s prim_step                         38400    38400 4.608000e+08   7.908842e+06   206.508 (  9827      0)   202.728 (   192      0)
tl-s deep_copy+derived_dp              38400    38400 4.608000e+08   9.056968e+03     0.386 (  9600      0)     0.209 ( 11038      0)
tl-s prim_advance_exp-loop             38400    38400 4.608000e+08   3.515960e+06   104.310 ( 12000      0)    72.760 ( 11712      0)
tl-ae prim_advance_exp                 38400    38400 4.608000e+08   3.513013e+06   104.239 ( 12000      0)    72.679 ( 11712      0)
tl-ae U3-5stage_timestep               38400    38400 4.608000e+08   1.774428e+06    64.920 ( 11678      0)    33.631 ( 13952      0)
caar compute                           38400    38400 2.304000e+09   2.463979e+05     7.688 (  2688      0)     6.028 ( 37066      0)
caar_bexchV                            38400    38400 2.304000e+09   1.495901e+06    57.888 ( 11678      0)    25.236 ( 11712      0)
tl-ae advance_hypervis_dp              38400    38400 4.608000e+08   1.733665e+06    59.725 ( 36508      0)    35.598 ( 34293      0)
hvf-bhwk                               38400    38400 1.382400e+09   9.017144e+05    32.960 ( 36509      0)    18.137 ( 34293      0)
hvf-bexch                              38400    38400 2.764800e+09   1.501662e+06    53.750 ( 36508      0)    29.710 ( 34293      0)
tl-s prim_advec_tracers_remap          38400    38400 4.608000e+08   4.377946e+06   131.183 ( 11712      0)   101.226 ( 12000      0)
tl-at prim_advec_tracers_remap_RK2     38400    38400 4.608000e+08   4.374673e+06   131.086 ( 11712      0)   101.139 ( 12000      0)
tl-at precompute_divdp                 38400    38400 4.608000e+08   9.914372e+03     0.403 ( 36160      0)     0.208 ( 22348      0)
tl-at esf-0                            38400    38400 4.608000e+08   1.233969e+06    42.755 ( 36843      0)    26.381 ( 37239      0)
tl-at esf-1                            38400    38400 4.608000e+08   8.463302e+05    27.903 ( 36630      0)    17.981 ( 36831      0)
tl-at esf-2                            38400    38400 4.608000e+08   2.205909e+06    70.450 ( 34276      0)    48.591 ( 22237      0)
tl-at qdp_time_avg                     38400    38400 4.608000e+08   6.268140e+04     2.019 ( 24192      0)     1.477 ( 19477      0)
tl-sc vertical_remap                   38400    38400 1.536000e+08   4.802972e+05    15.482 (   192      0)    12.003 (  3469      0)
Remap Thickness Functor                38400    38400 1.536000e+08   6.213798e+03     0.262 ( 23296      0)     0.110 ( 21621      0)
Remap Scale States Functor             38400    38400 1.536000e+08   3.192845e+03     0.153 ( 32000      0)     0.057 ( 22463      0)
Remap Compute Grids Functor            38400    38400 1.536000e+08   1.886544e+04     0.596 (  4160      0)     0.445 ( 31594      0)
Remap Compute Remap Functor            38400    38400 1.536000e+08   4.385658e+05    14.255 (   192      0)    11.057 ( 33474      0)
Remap Rescale States Functor           38400    38400 1.536000e+08   3.012738e+03     0.104 ( 29108      0)     0.071 ( 19135      0)
tl-sc Q-from-qdp                       38400    38400 1.536000e+08   5.261839e+04     1.736 (  2688      0)     1.356 ( 20002      0)
t_prf                                      0        0 0.000000e+00   0.000000e+00     0.000 (     0      0)     0.000 (     0      0)

