
***** GLOBAL STATISTICS (   384 MPI TASKS) *****

$Id: gptl.c,v 1.157 2011-03-28 20:55:18 rosinski Exp $
'count' is cumulative. All other stats are max/min
name                           processes  threads        count      walltotal   wallmax (proc   thrd  )   wallmin (proc   thrd  )
"Total"                              384      384 3.840000e+02   1.111931e+05   289.713 (   256      0)   289.325 (   139      0)
"prim_init1"                         384      384 3.840000e+02   9.867778e+02     2.591 (   129      0)     2.507 (   382      0)
"PartitioningTime"                   384      384 3.840000e+02   1.179321e+00     0.005 (   190      0)     0.003 (   335      0)
"repro_sum_int"                      384      384 1.728000e+04   2.392551e+01     0.107 (   329      0)     0.024 (   231      0)
"prim_init2"                         384      384 3.840000e+02   2.280328e+02     0.633 (   328      0)     0.560 (   224      0)
"prim_printstate"                    384      384 3.840000e+02   5.713901e+01     0.155 (     0      0)     0.148 (   352      0)
"interp_movie_output"                384      384 7.680000e+02   1.382799e+00     0.019 (    24      0)     0.000 (   374      0)
"prim_main_loop"                     384      384 3.840000e+02   1.002123e+05   261.129 (   256      0)   260.718 (   139      0)
"prim_run"                           384      384 7.680000e+03   1.002112e+05   261.129 (   256      0)   260.717 (   139      0)
"ApplyCAMForcing"                    384      384 7.680000e+03   1.300331e+03     4.710 (   304      0)     2.060 (   128      0)
"prim_step_rX"                       384      384 2.304000e+04   9.150964e+04   240.284 (   139      0)   236.746 (   320      0)
"prim_step_dyn"                      384      384 2.304000e+04   1.144615e+04    44.170 (   139      0)    24.187 (   256      0)
"prim_advance_exp"                   384      384 2.304000e+04   1.144576e+04    44.169 (   139      0)    24.186 (   256      0)
"U3-5stage_timestep"                 384      384 2.304000e+04   6.310060e+03    30.413 (   139      0)    10.823 (    54      0)
"compute_and_apply_rhs"              384      384 1.152000e+05   6.243696e+03    30.261 (   139      0)    10.638 (    54      0)
"caar_bexchV"                        384      384 1.152000e+05   2.437273e+03    19.199 (   139      0)     0.802 (   256      0)
"advance_hypervis_dp"                384      384 2.304000e+04   5.135053e+03    15.221 (    55      0)    12.610 (   315      0)
"biwkdp3d_bexchV"                    384      384 6.912000e+04   4.794622e+02     2.938 (    65      0)     0.451 (   256      0)
"ahdp_bexchV2"                       384      384 6.912000e+04   4.626340e+02     2.449 (    62      0)     0.484 (   256      0)
"prim_step_advec"                    384      384 2.304000e+04   7.981835e+04   212.840 (   319      0)   195.222 (   139      0)
"PAT_remap"                          384      384 2.304000e+04   7.981816e+04   212.840 (   319      0)   195.221 (   139      0)
"prim_advec_tracers_remap_rk2"       384      384 2.304000e+04   7.981783e+04   212.839 (   319      0)   195.220 (   139      0)
"precomput_divdp"                    384      384 2.304000e+04   1.097093e+02     0.417 (   383      0)     0.200 (   298      0)
"euler_step_0"                       384      384 2.304000e+04   2.344928e+04    64.489 (    63      0)    59.017 (   378      0)
"bihmix_qminmax"                     384      384 6.912000e+04   3.719538e+04   103.782 (   337      0)    87.464 (    43      0)
"eus_neighbor_minmax1"               384      384 2.304000e+04   5.049975e+03    16.556 (   218      0)    10.722 (   183      0)
"nmm_bexchV"                         384      384 2.304000e+04   2.257806e+03     8.063 (     5      0)     4.051 (   183      0)
"eus_2d_advec"                       384      384 6.912000e+04   4.020731e+04   115.779 (     1      0)    95.136 (   225      0)
"eus_bexchV"                         384      384 6.912000e+04   1.087662e+04    37.369 (    18      0)    19.946 (   242      0)
"euler_step_1"                       384      384 2.304000e+04   1.438163e+04    39.798 (   280      0)    35.236 (   242      0)
"euler_step_2"                       384      384 2.304000e+04   3.957433e+04   108.779 (   341      0)    91.388 (   139      0)
"nmm_bexchS_start"                   384      384 2.304000e+04   3.032118e+00     0.015 (    42      0)     0.003 (     1      0)
"biwksc_bexchV"                      384      384 2.304000e+04   4.350172e+03    14.446 (   328      0)     7.933 (   256      0)
"nmm_bexchS_fini"                    384      384 2.304000e+04   1.699607e+03     6.009 (   287      0)     1.503 (    43      0)
"qdp_tavg"                           384      384 2.304000e+04   2.301367e+03     7.349 (   202      0)     2.527 (   182      0)
"vertical_remap"                     384      384 7.680000e+03   6.310973e+03    18.628 (   128      0)    16.170 (    63      0)
"vertical_remap1_1"                  384      384 1.728000e+06   2.635144e+02     0.753 (   128      0)     0.666 (    63      0)
"remap_Q_ppm"                        384      384 5.184000e+06   6.211879e+03    18.304 (   128      0)    15.923 (    63      0)
"vertical_remap1_2"                  384      384 1.728000e+06   3.925453e+02     1.114 (   128      0)     1.002 (    61      0)
"vertical_remap1_3"                  384      384 1.728000e+06   5.591066e+03    16.553 (   128      0)    14.341 (    63      0)
"prim_run_subcyle_diags"             384      384 7.680000e+03   7.954509e+02     3.125 (   274      0)     0.658 (   242      0)
"t_prf"                                0        0 0.000000e+00   0.000000e+00     0.000 (     0      0)     0.000 (     0      0)

