
***** GLOBAL STATISTICS (  1024 MPI TASKS) *****

$Id: gptl.c,v 1.157 2011-03-28 20:55:18 rosinski Exp $
'count' is cumulative. All other stats are max/min
name                               processes  threads        count      walltotal   wallmax (proc   thrd  )   wallmin (proc   thrd  )
Total                                   1024     1024 1.024000e+03   1.435495e+05   140.205 (   576      0)   140.169 (   287      0)
prim_init1                              1024     1024 1.024000e+03   6.246872e+02     0.622 (   192      0)     0.584 (   260      0)
repro_sum_int                           1024     1024 4.608000e+04   6.986936e+01     0.129 (     7      0)     0.035 (   128      0)
prim_init2                              1024     1024 1.024000e+03   5.117962e+02     0.552 (    27      0)     0.467 (   251      0)
prim_printstate                         1024     1024 1.024000e+03   1.046729e+02     0.106 (     0      0)     0.101 (   299      0)
interp_movie_output                     1024     1024 2.048000e+03   6.342442e-01     0.001 (   797      0)     0.000 (   474      0)
prim_main_loop                          1024     1024 1.024000e+03   1.384987e+05   135.273 (   576      0)   135.237 (   278      0)
prim_run                                1024     1024 2.191360e+05   1.384966e+05   135.271 (   576      0)   135.234 (   287      0)
tl-sc prim_run_subcycle_c               1024     1024 2.191360e+05   1.384763e+05   135.251 (   576      0)   135.213 (   290      0)
tl-sc dp3d-from-ps                      1024     1024 2.191360e+05   1.951424e+01     0.021 (   448      0)     0.018 (   152      0)
tl-sc prim_step-loop                    1024     1024 2.191360e+05   1.210189e+05   118.492 (    47      0)   116.845 (   768      0)
tl-s prim_step                          1024     1024 6.574080e+05   1.210152e+05   118.489 (    47      0)   116.842 (   768      0)
tl-s deep_copy+derived_dp               1024     1024 6.574080e+05   1.754831e+02     0.189 (   375      0)     0.154 (   945      0)
tl-s prim_advance_exp-loop              1024     1024 6.574080e+05   3.136955e+04    36.665 (   489      0)    24.144 (   192      0)
tl-ae prim_advance_exp                  1024     1024 6.574080e+05   3.136405e+04    36.660 (   489      0)    24.138 (   192      0)
tl-ae U3-5stage_timestep                1024     1024 6.574080e+05   1.691252e+04    21.624 (   467      0)    11.845 (   367      0)
caar compute                            1024     1024 3.287040e+06   6.943112e+03     7.782 (   192      0)     6.398 (    37      0)
caar_bexchV                             1024     1024 3.287040e+06   9.642335e+03    14.660 (   930      0)     3.931 (   192      0)
tl-ae advance_hypervis_dp               1024     1024 6.574080e+05   1.443977e+04    20.513 (   367      0)    11.916 (   324      0)
hvf-bhwk                                1024     1024 1.972224e+06   8.567901e+03    12.008 (   368      0)     7.148 (   253      0)
hvf-bexch                               1024     1024 3.944448e+06   8.091137e+03    14.370 (   367      0)     4.708 (   192      0)
tl-s prim_advec_tracers_remap           1024     1024 6.574080e+05   8.945688e+04    92.898 (   192      0)    81.158 (   489      0)
tl-at prim_advec_tracers_remap_RK2      1024     1024 6.574080e+05   8.945141e+04    92.891 (   192      0)    81.152 (   489      0)
tl-at precompute_divdp                  1024     1024 6.574080e+05   1.494212e+02     0.170 (   966      0)     0.127 (   113      0)
tl-at esf-0                             1024     1024 6.574080e+05   2.432718e+04    27.048 (   192      0)    21.556 (    36      0)
tl-at esf-1                             1024     1024 6.574080e+05   1.911330e+04    20.639 (   331      0)    16.621 (   262      0)
tl-at esf-2                             1024     1024 6.574080e+05   4.331213e+04    46.325 (   608      0)    38.931 (   489      0)
tl-at qdp_time_avg                      1024     1024 6.574080e+05   2.518814e+03     2.707 (   700      0)     2.085 (    42      0)
tl-sc vertical_remap                    1024     1024 2.191360e+05   1.563491e+04    16.423 (   768      0)    14.966 (    47      0)
Remap Thickness Functor                 1024     1024 2.191360e+05   9.179555e+01     0.100 (   219      0)     0.081 (   191      0)
Remap Scale States Functor              1024     1024 2.191360e+05   4.372298e+01     0.052 (   604      0)     0.033 (   452      0)
Remap Compute Grids Functor             1024     1024 2.191360e+05   5.768419e+02     0.626 (   604      0)     0.517 (   447      0)
Remap Compute Remap Functor             1024     1024 2.191360e+05   1.484838e+04    15.683 (   768      0)    14.226 (    47      0)
Remap Rescale States Functor            1024     1024 2.191360e+05   5.551827e+01     0.063 (   640      0)     0.050 (   551      0)
tl-sc Q-from-qdp                        1024     1024 2.191360e+05   1.797686e+03     1.961 (   960      0)     1.738 (   278      0)
t_prf                                      0        0 0.000000e+00   0.000000e+00     0.000 (     0      0)     0.000 (     0      0)

