
***** GLOBAL STATISTICS (  1536 MPI TASKS) *****

$Id: gptl.c,v 1.157 2011-03-28 20:55:18 rosinski Exp $
'count' is cumulative. All other stats are max/min
name                               processes  threads        count      walltotal   wallmax (proc   thrd  )   wallmin (proc   thrd  )
Total                                   1536     1536 1.536000e+03   2.210984e+05   143.961 (  1088      0)   143.933 (   578      0)
prim_init1                              1536     1536 1.536000e+03   9.782924e+02     0.647 (    65      0)     0.610 (   705      0)
repro_sum_int                           1536     1536 6.912000e+04   1.129215e+02     0.175 (     8      0)     0.036 (   449      0)
prim_init2                              1536     1536 1.536000e+03   6.260718e+02     0.486 (    47      0)     0.371 (   372      0)
prim_printstate                         1536     1536 1.536000e+03   1.378215e+02     0.092 (     0      0)     0.088 (    83      0)
interp_movie_output                     1536     1536 3.072000e+03   8.855524e-01     0.001 (   995      0)     0.000 (   739      0)
prim_main_loop                          1536     1536 1.536000e+03   2.135414e+05   139.042 (   896      0)   139.015 (   604      0)
prim_run                                1536     1536 4.915200e+05   2.135371e+05   139.039 (   896      0)   139.012 (   586      0)
tl-sc prim_run_subcycle_c               1536     1536 4.915200e+05   2.135136e+05   139.022 (   896      0)   138.994 (   587      0)
tl-sc dp3d-from-ps                      1536     1536 4.915200e+05   3.052716e+01     0.022 (   704      0)     0.019 (    84      0)
tl-sc prim_step-loop                    1536     1536 4.915200e+05   1.874051e+05   122.295 (    67      0)   120.634 (  1152      0)
tl-s prim_step                          1536     1536 1.474560e+06   1.873970e+05   122.290 (    67      0)   120.629 (  1152      0)
tl-s deep_copy+derived_dp               1536     1536 1.474560e+06   2.652887e+02     0.200 (   850      0)     0.155 (   764      0)
tl-s prim_advance_exp-loop              1536     1536 1.474560e+06   5.169022e+04    39.062 (    28      0)    26.209 (  1216      0)
tl-ae prim_advance_exp                  1536     1536 1.474560e+06   5.167866e+04    39.055 (    28      0)    26.201 (  1216      0)
tl-ae U3-5stage_timestep                1536     1536 1.474560e+06   2.773576e+04    25.672 (   437      0)    12.283 (   532      0)
caar compute                            1536     1536 7.372800e+06   1.051905e+04     8.012 (  1216      0)     6.408 (   717      0)
caar_bexchV                             1536     1536 7.372800e+06   1.667990e+04    18.606 (   437      0)     4.476 (   768      0)
tl-ae advance_hypervis_dp               1536     1536 1.474560e+06   2.391715e+04    23.154 (   617      0)    12.920 (   750      0)
hvf-bhwk                                1536     1536 4.423680e+06   1.399435e+04    14.042 (   234      0)     7.622 (  1436      0)
hvf-bexch                               1536     1536 8.847360e+06   1.434256e+04    16.950 (   617      0)     5.719 (  1216      0)
tl-s prim_advec_tracers_remap           1536     1536 1.474560e+06   1.354123e+05    94.625 (   896      0)    82.801 (    28      0)
tl-at prim_advec_tracers_remap_RK2      1536     1536 1.474560e+06   1.354000e+05    94.615 (   896      0)    82.793 (    28      0)
tl-at precompute_divdp                  1536     1536 1.474560e+06   2.294447e+02     0.192 (  1088      0)     0.130 (  1374      0)
tl-at esf-0                             1536     1536 1.474560e+06   3.646430e+04    27.004 (   959      0)    21.584 (   743      0)
tl-at esf-1                             1536     1536 1.474560e+06   2.885688e+04    20.959 (   482      0)    16.943 (  1311      0)
tl-at esf-2                             1536     1536 1.474560e+06   6.608348e+04    46.730 (   808      0)    39.558 (    28      0)
tl-at qdp_time_avg                      1536     1536 1.474560e+06   3.698657e+03     2.873 (   512      0)     2.015 (   362      0)
tl-sc vertical_remap                    1536     1536 4.915200e+05   2.339531e+04    16.393 (  1152      0)    14.948 (   141      0)
Remap Thickness Functor                 1536     1536 4.915200e+05   1.407911e+02     0.102 (   513      0)     0.081 (   895      0)
Remap Scale States Functor              1536     1536 4.915200e+05   6.495523e+01     0.052 (  1019      0)     0.033 (   767      0)
Remap Compute Grids Functor             1536     1536 4.915200e+05   8.622914e+02     0.626 (  1509      0)     0.514 (   319      0)
Remap Compute Remap Functor             1536     1536 4.915200e+05   2.220390e+04    15.631 (  1152      0)    14.213 (   141      0)
Remap Rescale States Functor            1536     1536 4.915200e+05   8.468650e+01     0.063 (   768      0)     0.052 (   115      0)
tl-sc Q-from-qdp                        1536     1536 4.915200e+05   2.671479e+03     1.965 (  1472      0)     1.724 (   110      0)
t_prf                                      0        0 0.000000e+00   0.000000e+00     0.000 (     0      0)     0.000 (     0      0)

