
***** GLOBAL STATISTICS (  1920 MPI TASKS) *****

$Id: gptl.c,v 1.157 2011-03-28 20:55:18 rosinski Exp $
'count' is cumulative. All other stats are max/min
name                           processes  threads        count      walltotal   wallmax (proc   thrd  )   wallmin (proc   thrd  )
"Total"                             1920     1920 1.920000e+03   3.013583e+05   156.989 (  1408      0)   156.932 (   915      0)
"prim_init1"                        1920     1920 1.920000e+03   1.622318e+03     0.859 (   384      0)     0.801 (  1429      0)
"PartitioningTime"                  1920     1920 1.920000e+03   4.072852e+00     0.004 (   336      0)     0.001 (  1174      0)
"repro_sum_int"                     1920     1920 8.640000e+04   1.723639e+02     0.382 (   912      0)     0.034 (  1222      0)
"prim_init2"                        1920     1920 1.920000e+03   4.265616e+02     0.511 (  1409      0)     0.165 (  1537      0)
"prim_printstate"                   1920     1920 1.920000e+03   1.409990e+02     0.079 (   746      0)     0.062 (  1522      0)
"interp_movie_output"               1920     1920 3.840000e+03   1.085104e+00     0.001 (   157      0)     0.000 (  1756      0)
"prim_main_loop"                    1920     1920 1.920000e+03   2.823866e+05   147.108 (  1408      0)   147.051 (   915      0)
"prim_run"                          1920     1920 3.840000e+05   2.823830e+05   147.106 (  1408      0)   147.049 (   915      0)
"ApplyCAMForcing"                   1920     1920 3.840000e+05   2.966121e+03     1.717 (  1856      0)     1.279 (  1833      0)
"prim_step_rX"                      1920     1920 1.152000e+06   2.493918e+05   130.254 (   819      0)   128.210 (  1408      0)
"prim_step_dyn"                     1920     1920 1.152000e+06   6.215765e+04    39.528 (  1256      0)    24.250 (  1792      0)
"prim_advance_exp"                  1920     1920 1.152000e+06   6.214249e+04    39.520 (  1256      0)    24.243 (  1792      0)
"U3-5stage_timestep"                1920     1920 1.152000e+06   3.259864e+04    24.779 (  1191      0)    11.240 (   384      0)
"compute_and_apply_rhs"             1920     1920 5.760000e+06   3.227313e+04    24.625 (  1191      0)    11.058 (   384      0)
"caar_bexchV"                       1920     1920 5.760000e+06   1.636649e+04    16.700 (   820      0)     1.585 (  1600      0)
"advance_hypervis_dp"               1920     1920 1.152000e+06   2.952056e+04    21.685 (  1016      0)    12.740 (  1775      0)
"biwkdp3d_bexchV"                   1920     1920 3.456000e+06   5.730021e+03     7.042 (  1016      0)     0.910 (  1408      0)
"ahdp_bexchV2"                      1920     1920 3.456000e+06   5.462629e+03     6.767 (  1014      0)     0.962 (  1792      0)
"prim_step_advec"                   1920     1920 1.152000e+06   1.867819e+05   104.393 (  1792      0)    90.250 (  1256      0)
"PAT_remap"                         1920     1920 1.152000e+06   1.867752e+05   104.389 (  1792      0)    90.246 (  1256      0)
"prim_advec_tracers_remap_rk2"      1920     1920 1.152000e+06   1.867645e+05   104.383 (  1792      0)    90.241 (  1256      0)
"precomput_divdp"                   1920     1920 1.152000e+06   3.288692e+02     0.201 (  1600      0)     0.161 (  1104      0)
"euler_step_0"                      1920     1920 1.152000e+06   4.597668e+04    27.489 (  1792      0)    20.861 (   952      0)
"bihmix_qminmax"                    1920     1920 3.456000e+06   8.563804e+04    51.109 (  1587      0)    40.499 (  1222      0)
"eus_neighbor_minmax1"              1920     1920 1.152000e+06   8.674463e+03     7.343 (  1659      0)     2.884 (  1222      0)
"nmm_bexchV"                        1920     1920 1.152000e+06   4.721517e+03     5.071 (  1659      0)     1.107 (  1222      0)
"eus_2d_advec"                      1920     1920 3.456000e+06   9.800532e+04    59.104 (  1793      0)    46.471 (  1250      0)
"eus_bexchV"                        1920     1920 3.456000e+06   1.719263e+04    16.897 (  1785      0)     4.586 (  1408      0)
"euler_step_1"                      1920     1920 1.152000e+06   3.614604e+04    21.352 (  1094      0)    17.328 (  1164      0)
"euler_step_2"                      1920     1920 1.152000e+06   1.015973e+05    57.030 (  1862      0)    48.657 (  1047      0)
"nmm_bexchS_start"                  1920     1920 1.152000e+06   6.704667e+01     0.057 (  1088      0)     0.019 (  1559      0)
"biwksc_bexchV"                     1920     1920 1.152000e+06   7.692745e+03     8.034 (  1788      0)     1.872 (  1217      0)
"nmm_bexchS_fini"                   1920     1920 1.152000e+06   9.118236e+02     0.625 (  1599      0)     0.374 (   806      0)
"qdp_tavg"                          1920     1920 1.152000e+06   2.671506e+03     2.127 (  1432      0)     1.008 (   806      0)
"vertical_remap"                    1920     1920 3.840000e+05   2.822754e+04    16.656 (  1408      0)    14.442 (   918      0)
"vertical_remap1_1"                 1920     1920 7.680000e+06   1.189884e+03     0.699 (   757      0)     0.593 (   310      0)
"remap_Q_ppm"                       1920     1920 2.304000e+07   2.780379e+04    16.401 (  1408      0)    14.230 (   918      0)
"vertical_remap1_2"                 1920     1920 7.680000e+06   1.760825e+03     1.019 (  1088      0)     0.891 (   310      0)
"vertical_remap1_3"                 1920     1920 7.680000e+06   2.501496e+04    14.851 (  1408      0)    12.788 (   918      0)
"prim_run_subcyle_diags"            1920     1920 3.840000e+05   1.370903e+03     0.949 (   371      0)     0.506 (   471      0)
"t_prf"                                0        0 0.000000e+00   0.000000e+00     0.000 (     0      0)     0.000 (     0      0)

