
***** GLOBAL STATISTICS (   384 MPI TASKS) *****

$Id: gptl.c,v 1.157 2011-03-28 20:55:18 rosinski Exp $
'count' is cumulative. All other stats are max/min
name                           processes  threads        count      walltotal   wallmax (proc   thrd  )   wallmin (proc   thrd  )
"Total"                              384      384 3.840000e+02   7.994871e+04   208.279 (   320      0)   208.127 (    73      0)
"prim_init1"                         384      384 3.840000e+02   3.084414e+02     0.812 (   129      0)     0.782 (   332      0)
"PartitioningTime"                   384      384 3.840000e+02   1.142292e+00     0.004 (   304      0)     0.001 (   129      0)
"repro_sum_int"                      384      384 1.728000e+04   1.478917e+01     0.076 (    14      0)     0.022 (    64      0)
"prim_init2"                         384      384 3.840000e+02   6.178296e+01     0.201 (     0      0)     0.144 (    95      0)
"prim_printstate"                    384      384 3.840000e+02   2.407405e+01     0.070 (     0      0)     0.062 (     1      0)
"interp_movie_output"                384      384 7.680000e+02   2.587245e-01     0.001 (   231      0)     0.000 (   153      0)
"prim_main_loop"                     384      384 3.840000e+02   7.807121e+04   203.390 (   320      0)   203.237 (    73      0)
"prim_run"                           384      384 3.072000e+04   7.807071e+04   203.389 (   320      0)   203.236 (    73      0)
"ApplyCAMForcing"                    384      384 3.072000e+04   8.153124e+02     3.728 (   369      0)     1.676 (   101      0)
"prim_step_rX"                       384      384 9.216000e+04   6.943688e+04   181.729 (   110      0)   178.733 (   320      0)
"prim_step_dyn"                      384      384 9.216000e+04   1.698251e+04    62.366 (    73      0)    28.156 (   363      0)
"prim_advance_exp"                   384      384 9.216000e+04   1.698123e+04    62.362 (    73      0)    28.153 (   363      0)
"U3-5stage_timestep"                 384      384 9.216000e+04   9.844890e+03    46.772 (    73      0)    12.692 (   363      0)
"compute_and_apply_rhs"              384      384 4.608000e+05   9.771696e+03    46.604 (    73      0)    12.475 (   363      0)
"caar_bexchV"                        384      384 4.608000e+05   5.705400e+03    36.498 (    73      0)     1.185 (   320      0)
"advance_hypervis_dp"                384      384 9.216000e+04   7.134346e+03    39.511 (    63      0)    14.883 (   223      0)
"biwkdp3d_bexchV"                    384      384 2.764800e+05   1.358542e+03    16.527 (   149      0)     0.610 (   320      0)
"ahdp_bexchV2"                       384      384 2.764800e+05   1.061666e+03    13.494 (    62      0)     0.644 (   320      0)
"prim_step_advec"                    384      384 9.216000e+04   5.232442e+04   151.011 (   364      0)   118.713 (    73      0)
"PAT_remap"                          384      384 9.216000e+04   5.232386e+04   151.010 (   364      0)   118.711 (    73      0)
"prim_advec_tracers_remap_rk2"       384      384 9.216000e+04   5.232290e+04   151.007 (   364      0)   118.709 (    73      0)
"precomput_divdp"                    384      384 9.216000e+04   8.831240e+01     0.295 (   320      0)     0.206 (    53      0)
"euler_step_0"                       384      384 9.216000e+04   1.302978e+04    39.630 (   256      0)    27.993 (    18      0)
"bihmix_qminmax"                     384      384 2.764800e+05   2.417110e+04    71.602 (   329      0)    54.270 (   210      0)
"eus_neighbor_minmax1"               384      384 9.216000e+04   2.544441e+03     9.197 (   345      0)     3.756 (   253      0)
"nmm_bexchV"                         384      384 9.216000e+04   1.148870e+03     5.741 (   254      0)     1.330 (   253      0)
"eus_2d_advec"                       384      384 2.764800e+05   2.708164e+04    80.362 (   195      0)    60.136 (    74      0)
"eus_bexchV"                         384      384 2.764800e+05   5.364170e+03    26.038 (   111      0)     5.510 (    75      0)
"euler_step_1"                       384      384 9.216000e+04   1.005118e+04    29.456 (    85      0)    22.296 (    96      0)
"euler_step_2"                       384      384 9.216000e+04   2.817844e+04    79.796 (   375      0)    62.728 (    73      0)
"nmm_bexchS_start"                   384      384 9.216000e+04   6.260294e+00     0.032 (   318      0)     0.009 (    24      0)
"biwksc_bexchV"                      384      384 9.216000e+04   2.073289e+03    10.515 (   108      0)     1.758 (    73      0)
"nmm_bexchS_fini"                    384      384 9.216000e+04   5.007131e+02     2.863 (   311      0)     0.643 (   207      0)
"qdp_tavg"                           384      384 9.216000e+04   9.712716e+02     4.758 (   343      0)     1.388 (    87      0)
"vertical_remap"                     384      384 3.072000e+04   7.180590e+03    20.687 (   320      0)    18.433 (   289      0)
"vertical_remap1_1"                  384      384 1.966080e+06   3.024220e+02     0.868 (   192      0)     0.766 (   337      0)
"remap_Q_ppm"                        384      384 5.898240e+06   7.071455e+03    20.346 (   320      0)    18.159 (   289      0)
"vertical_remap1_2"                  384      384 1.966080e+06   4.492548e+02     1.275 (   192      0)     1.147 (    60      0)
"vertical_remap1_3"                  384      384 1.966080e+06   6.360448e+03    18.376 (   320      0)    16.319 (   376      0)
"prim_run_subcyle_diags"             384      384 3.072000e+04   4.754989e+02     2.525 (   322      0)     0.713 (   215      0)
"t_prf"                                0        0 0.000000e+00   0.000000e+00     0.000 (     0      0)     0.000 (     0      0)

