
***** GLOBAL STATISTICS (  2560 MPI TASKS) *****

$Id: gptl.c,v 1.157 2011-03-28 20:55:18 rosinski Exp $
'count' is cumulative. All other stats are max/min
name                               processes  threads        count      walltotal   wallmax (proc   thrd  )   wallmin (proc   thrd  )
Total                                   2560     2560 2.560000e+03   3.132463e+05   122.384 (  1280      0)   122.343 (  1988      0)
prim_init1                              2560     2560 2.560000e+03   2.183643e+03     0.865 (    64      0)     0.807 (    78      0)
repro_sum_int                           2560     2560 1.152000e+05   2.446442e+02     0.281 (    82      0)     0.028 (   887      0)
prim_init2                              2560     2560 2.560000e+03   1.039912e+03     0.584 (    78      0)     0.341 (   868      0)
prim_printstate                         2560     2560 2.560000e+03   1.949603e+02     0.079 (     0      0)     0.074 (  1677      0)
interp_movie_output                     2560     2560 5.120000e+03   8.366031e+00     0.009 (  1782      0)     0.000 (  1798      0)
prim_main_loop                          2560     2560 2.560000e+03   2.879164e+05   112.495 (  1280      0)   112.446 (   369      0)
prim_run                                2560     2560 6.835200e+05   2.879043e+05   112.488 (  1408      0)   112.442 (   557      0)
tl-sc prim_run_subcycle_c               2560     2560 6.835200e+05   2.878641e+05   112.471 (  1344      0)   112.422 (   742      0)
tl-sc dp3d-from-ps                      2560     2560 6.835200e+05   4.333789e+01     0.026 (   384      0)     0.015 (  1684      0)
tl-sc prim_step-loop                    2560     2560 6.835200e+05   2.537952e+05    99.393 (  2239      0)    98.090 (  2048      0)
tl-s prim_step                          2560     2560 2.050560e+06   2.537842e+05    99.389 (  2239      0)    98.086 (  2048      0)
tl-s deep_copy+derived_dp               2560     2560 2.050560e+06   3.468719e+02     0.153 (  1561      0)     0.123 (  2367      0)
tl-s prim_advance_exp-loop              2560     2560 2.050560e+06   7.182639e+04    32.444 (  1623      0)    22.227 (  1318      0)
tl-ae prim_advance_exp                  2560     2560 2.050560e+06   7.180831e+04    32.436 (  1623      0)    22.219 (  1318      0)
tl-ae U3-5stage_timestep                2560     2560 2.050560e+06   3.778051e+04    19.233 (   750      0)    10.600 (  1344      0)
caar compute                            2560     2560 1.025280e+07   1.374791e+04     6.213 (   448      0)     5.092 (  2116      0)
caar_bexchV                             2560     2560 1.025280e+07   2.331953e+04    13.579 (   749      0)     4.222 (  1344      0)
tl-ae advance_hypervis_dp               2560     2560 2.050560e+06   3.399205e+04    16.704 (  1640      0)    10.681 (  1309      0)
hvf-bhwk                                2560     2560 6.151680e+06   1.957863e+04    10.182 (  1858      0)     6.266 (  1329      0)
hvf-bexch                               2560     2560 1.230336e+07   2.151452e+04    11.940 (  1640      0)     5.777 (  1307      0)
tl-s prim_advec_tracers_remap           2560     2560 2.050560e+06   1.815715e+05    76.845 (  1318      0)    66.527 (  1623      0)
tl-at prim_advec_tracers_remap_RK2      2560     2560 2.050560e+06   1.815547e+05    76.838 (  1318      0)    66.520 (  1623      0)
tl-at precompute_divdp                  2560     2560 2.050560e+06   3.035194e+02     0.144 (  1728      0)     0.104 (  1903      0)
tl-at esf-0                             2560     2560 2.050560e+06   4.970658e+04    21.927 (  1280      0)    17.168 (  1687      0)
tl-at esf-1                             2560     2560 2.050560e+06   3.840577e+04    16.604 (  2456      0)    13.647 (  1619      0)
tl-at esf-2                             2560     2560 2.050560e+06   8.824964e+04    38.876 (  1322      0)    32.077 (   940      0)
tl-at qdp_time_avg                      2560     2560 2.050560e+06   4.796934e+03     2.111 (    64      0)     1.625 (   784      0)
tl-sc vertical_remap                    2560     2560 6.835200e+05   3.053282e+04    12.823 (  1792      0)    11.675 (   718      0)
Remap Thickness Functor                 2560     2560 6.835200e+05   1.821187e+02     0.082 (    50      0)     0.064 (   565      0)
Remap Scale States Functor              2560     2560 6.835200e+05   8.410693e+01     0.040 (  1338      0)     0.026 (  1276      0)
Remap Compute Grids Functor             2560     2560 6.835200e+05   1.131370e+03     0.495 (    48      0)     0.405 (  2042      0)
Remap Compute Remap Functor             2560     2560 6.835200e+05   2.897498e+04    12.206 (  1920      0)    11.099 (  2252      0)
Remap Rescale States Functor            2560     2560 6.835200e+05   1.105838e+02     0.050 (  2240      0)     0.041 (   748      0)
tl-sc Q-from-qdp                        2560     2560 6.835200e+05   3.477113e+03     1.532 (  2240      0)     1.345 (  2379      0)
t_prf                                      0        0 0.000000e+00   0.000000e+00     0.000 (     0      0)     0.000 (     0      0)

