
***** GLOBAL STATISTICS (   192 MPI TASKS) *****

$Id: gptl.c,v 1.157 2011-03-28 20:55:18 rosinski Exp $
'count' is cumulative. All other stats are max/min
name                           processes  threads        count      walltotal   wallmax (proc   thrd  )   wallmin (proc   thrd  )
"Total"                              192      192 1.920000e+02   4.796013e+04   249.867 (    64      0)   249.636 (    42      0)
"prim_init1"                         192      192 1.920000e+02   2.610289e+02     1.369 (    64      0)     1.351 (   163      0)
"PartitioningTime"                   192      192 1.920000e+02   8.414061e-01     0.005 (    67      0)     0.004 (    35      0)
"repro_sum_int"                      192      192 8.640000e+03   1.287730e+01     0.117 (    38      0)     0.031 (   145      0)
"prim_init2"                         192      192 1.920000e+02   7.608505e+01     0.413 (    58      0)     0.386 (   191      0)
"prim_printstate"                    192      192 1.920000e+02   1.927516e+01     0.107 (     0      0)     0.099 (    67      0)
"interp_movie_output"                192      192 3.840000e+02   8.669329e-02     0.001 (   106      0)     0.000 (    44      0)
"prim_main_loop"                     192      192 1.920000e+02   4.682270e+04   243.942 (    64      0)   243.713 (    42      0)
"prim_run"                           192      192 7.680000e+03   4.682253e+04   243.941 (    64      0)   243.712 (    42      0)
"ApplyCAMForcing"                    192      192 7.680000e+03   6.442799e+02     5.502 (   117      0)     2.216 (   149      0)
"prim_step_rX"                       192      192 2.304000e+04   4.192530e+04   221.352 (   149      0)   215.917 (    64      0)
"prim_step_dyn"                      192      192 2.304000e+04   6.530631e+03    47.489 (    42      0)    27.800 (    99      0)
"prim_advance_exp"                   192      192 2.304000e+04   6.530286e+03    47.487 (    42      0)    27.799 (    99      0)
"U3-5stage_timestep"                 192      192 2.304000e+04   3.701974e+03    32.133 (    47      0)    12.830 (   109      0)
"compute_and_apply_rhs"              192      192 1.152000e+05   3.664125e+03    31.945 (    47      0)    12.612 (    99      0)
"caar_bexchV"                        192      192 1.152000e+05   1.526015e+03    20.557 (    47      0)     0.979 (    64      0)
"advance_hypervis_dp"                192      192 2.304000e+04   2.827779e+03    16.253 (   152      0)    14.259 (   104      0)
"biwkdp3d_bexchV"                    192      192 6.912000e+04   2.308574e+02     2.577 (   152      0)     0.499 (    64      0)
"ahdp_bexchV2"                       192      192 6.912000e+04   2.298356e+02     1.826 (   148      0)     0.558 (    64      0)
"prim_step_advec"                    192      192 2.304000e+04   3.527190e+04   188.598 (    99      0)   172.177 (    42      0)
"PAT_remap"                          192      192 2.304000e+04   3.527173e+04   188.597 (    99      0)   172.177 (    42      0)
"prim_advec_tracers_remap_rk2"       192      192 2.304000e+04   3.527143e+04   188.596 (    99      0)   172.175 (    42      0)
"precomput_divdp"                    192      192 2.304000e+04   5.156169e+01     0.509 (    64      0)     0.222 (    20      0)
"euler_step_0"                       192      192 2.304000e+04   1.004134e+04    55.079 (    99      0)    49.648 (    48      0)
"bihmix_qminmax"                     192      192 6.912000e+04   1.719823e+04    94.760 (   126      0)    77.120 (    47      0)
"eus_neighbor_minmax1"               192      192 2.304000e+04   2.452446e+03    14.961 (   117      0)    10.446 (    60      0)
"nmm_bexchV"                         192      192 2.304000e+04   1.002527e+03     8.302 (    10      0)     3.271 (    64      0)
"eus_2d_advec"                       192      192 6.912000e+04   1.687388e+04    94.834 (   148      0)    82.814 (    42      0)
"eus_bexchV"                         192      192 6.912000e+04   4.130060e+03    26.420 (    61      0)    15.043 (    64      0)
"euler_step_1"                       192      192 2.304000e+04   5.759536e+03    33.271 (   132      0)    25.720 (    41      0)
"euler_step_2"                       192      192 2.304000e+04   1.827332e+04    98.340 (    57      0)    87.071 (    42      0)
"nmm_bexchS_start"                   192      192 2.304000e+04   2.509791e+00     0.028 (    74      0)     0.006 (   163      0)
"biwksc_bexchV"                      192      192 2.304000e+04   1.592389e+03    12.859 (   115      0)     3.131 (    37      0)
"nmm_bexchS_fini"                    192      192 2.304000e+04   7.574002e+02     5.537 (    68      0)     1.081 (   149      0)
"qdp_tavg"                           192      192 2.304000e+04   1.144456e+03     7.532 (   124      0)     2.169 (    61      0)
"vertical_remap"                     192      192 7.680000e+03   3.580393e+03    21.230 (   128      0)    18.435 (   124      0)
"vertical_remap1_1"                  192      192 9.830400e+05   1.498185e+02     0.870 (    64      0)     0.764 (    25      0)
"remap_Q_ppm"                        192      192 2.949120e+06   3.525408e+03    20.872 (   128      0)    18.160 (   124      0)
"vertical_remap1_2"                  192      192 9.830400e+05   2.231032e+02     1.281 (    64      0)     1.145 (    30      0)
"vertical_remap1_3"                  192      192 9.830400e+05   3.172298e+03    18.864 (   128      0)    16.335 (   124      0)
"prim_run_subcyle_diags"             192      192 7.680000e+03   4.860849e+02     3.660 (   102      0)     0.764 (   159      0)
"t_prf"                                0        0 0.000000e+00   0.000000e+00     0.000 (     0      0)     0.000 (     0      0)

