
***** GLOBAL STATISTICS (   128 MPI TASKS) *****

$Id: gptl.c,v 1.157 2011-03-28 20:55:18 rosinski Exp $
'count' is cumulative. All other stats are max/min
name                           processes  threads        count      walltotal   wallmax (proc   thrd  )   wallmin (proc   thrd  )
"Total"                              128      128 1.280000e+02   7.821060e+03    61.130 (     2      0)    61.059 (   123      0)
"prim_init1"                         128      128 1.280000e+02   8.640414e+01     0.675 (   119      0)     0.675 (    47      0)
"PartitioningTime"                   128      128 1.280000e+02   2.443204e-01     0.003 (    69      0)     0.000 (    64      0)
"repro_sum_int"                      128      128 5.760000e+03   2.628977e+00     0.036 (    46      0)     0.014 (     0      0)
"prim_init2"                         128      128 1.280000e+02   1.794700e+01     0.158 (    33      0)     0.135 (    70      0)
"prim_printstate"                    128      128 1.280000e+02   4.752112e+00     0.043 (     0      0)     0.037 (    29      0)
"interp_movie_output"                128      128 2.560000e+02   6.685972e-02     0.001 (    77      0)     0.000 (    67      0)
"prim_main_loop"                     128      128 1.280000e+02   7.586537e+03    59.298 (     2      0)    59.226 (   123      0)
"prim_run"                           128      128 4.352000e+03   7.586448e+03    59.298 (     2      0)    59.225 (   123      0)
"ApplyCAMForcing"                    128      128 4.352000e+03   8.513275e+01     0.904 (    35      0)     0.533 (    72      0)
"prim_step_rX"                       128      128 1.305600e+04   6.674077e+03    52.375 (   116      0)    51.727 (     2      0)
"prim_step_dyn"                      128      128 1.305600e+04   1.398359e+03    15.076 (   123      0)     8.715 (     2      0)
"prim_advance_exp"                   128      128 1.305600e+04   1.398153e+03    15.075 (   123      0)     8.714 (     2      0)
"U3-5stage_timestep"                 128      128 1.305600e+04   7.888783e+02     9.973 (   123      0)     4.095 (     2      0)
"compute_and_apply_rhs"              128      128 6.528000e+04   7.803945e+02     9.909 (   123      0)     4.027 (     2      0)
"caar_bexchV"                        128      128 6.528000e+04   3.397669e+02     6.629 (   123      0)     0.343 (     2      0)
"advance_hypervis_dp"                128      128 1.305600e+04   6.089861e+02     5.197 (    65      0)     4.579 (    25      0)
"biwkdp3d_bexchV"                    128      128 3.916800e+04   5.121250e+01     0.681 (   124      0)     0.176 (     2      0)
"ahdp_bexchV2"                       128      128 3.916800e+04   5.023419e+01     0.710 (   121      0)     0.188 (     2      0)
"prim_step_advec"                    128      128 1.305600e+04   5.262695e+03    42.919 (     2      0)    37.174 (   123      0)
"PAT_remap"                          128      128 1.305600e+04   5.262617e+03    42.918 (     2      0)    37.174 (   123      0)
"prim_advec_tracers_remap_rk2"       128      128 1.305600e+04   5.262485e+03    42.917 (     2      0)    37.173 (   123      0)
"precomput_divdp"                    128      128 1.305600e+04   9.084604e+00     0.081 (     2      0)     0.068 (   102      0)
"euler_step_0"                       128      128 1.305600e+04   1.309507e+03    11.092 (     2      0)     8.887 (   117      0)
"bihmix_qminmax"                     128      128 3.916800e+04   2.437739e+03    20.413 (    46      0)    17.333 (    87      0)
"eus_neighbor_minmax1"               128      128 1.305600e+04   2.562736e+02     2.398 (    29      0)     1.383 (    73      0)
"nmm_bexchV"                         128      128 1.305600e+04   1.152565e+02     1.171 (    29      0)     0.487 (    73      0)
"eus_2d_advec"                       128      128 3.916800e+04   2.725328e+03    22.627 (    72      0)    19.214 (    84      0)
"eus_bexchV"                         128      128 3.916800e+04   5.077080e+02     5.956 (   111      0)     2.564 (    86      0)
"euler_step_1"                       128      128 1.305600e+04   1.001381e+03     8.159 (   113      0)     6.901 (   123      0)
"euler_step_2"                       128      128 1.305600e+04   2.853168e+03    22.989 (    11      0)    20.717 (   127      0)
"nmm_bexchS_start"                   128      128 1.305600e+04   7.670193e-01     0.012 (    57      0)     0.004 (     1      0)
"biwksc_bexchV"                      128      128 1.305600e+04   2.149598e+02     2.108 (    46      0)     1.024 (    87      0)
"nmm_bexchS_fini"                    128      128 1.305600e+04   5.546794e+01     0.787 (    25      0)     0.181 (   117      0)
"qdp_tavg"                           128      128 1.305600e+04   8.881527e+01     0.949 (    40      0)     0.429 (    72      0)
"vertical_remap"                     128      128 4.352000e+03   7.628366e+02     6.527 (     2      0)     5.894 (    37      0)
"vertical_remap1_1"                  128      128 2.088960e+05   3.191562e+01     0.270 (    64      0)     0.242 (    37      0)
"remap_Q_ppm"                        128      128 6.266880e+05   7.514914e+02     6.423 (     2      0)     5.808 (    37      0)
"vertical_remap1_2"                  128      128 2.088960e+05   4.754476e+01     0.399 (    64      0)     0.366 (    20      0)
"vertical_remap1_3"                  128      128 2.088960e+05   6.763171e+02     5.795 (     2      0)     5.230 (    37      0)
"prim_run_subcyle_diags"             128      128 4.352000e+03   4.852820e+01     0.630 (     0      0)     0.213 (   123      0)
"t_prf"                                0        0 0.000000e+00   0.000000e+00     0.000 (     0      0)     0.000 (     0      0)

