LAST_GIT_COMMIT_SHA:STRING=adf77c97ed8425a245449f2582d2441f4b72da1e
10940568

***** GLOBAL STATISTICS ( 24576 MPI TASKS) *****

$Id: gptl.c,v 1.157 2011-03-28 20:55:18 rosinski Exp $
'count' is cumulative. All other stats are max/min
name                           processes  threads        count      walltotal   wallmax (proc   thrd  )   wallmin (proc   thrd  )
"Total"                            24576    24576 2.457600e+04   8.783239e+06   357.487 ( 14336      0)   357.325 ( 20007      0)
"prim_init1"                       24576    24576 2.457600e+04   6.151063e+04     2.666 (  2694      0)     2.233 ( 23782      0)
"PartitioningTime"                 24576    24576 2.457600e+04   1.221560e+03     0.093 ( 17751      0)     0.004 (  2244      0)
"repro_sum_int"                    24576    24576 1.105920e+06   1.294277e+04     2.291 (    29      0)     0.108 ( 11588      0)
"prim_init2"                       24576    24576 2.457600e+04   2.342390e+04     2.683 (    22      0)     0.529 ( 17582      0)
"prim_printstate"                  24576    24576 2.457600e+04   3.363365e+03     0.195 ( 21947      0)     0.097 ( 14530      0)
"interp_movie_output"              24576    24576 4.915200e+04   3.406255e+02     0.053 ( 13008      0)     0.000 ( 20115      0)
"prim_main_loop"                   24576    24576 2.457600e+04   8.609932e+06   350.370 (   512      0)   350.286 ( 20263      0)
"prim_run"                         24576    24576 2.516582e+08   8.609414e+06   350.358 (  3165      0)   350.265 ( 20256      0)
"ApplyCAMForcing"                  24576    24576 2.516582e+08   4.519691e+04     1.996 ( 15456      0)     1.797 ( 22159      0)
"prim_step_rX"                     24576    24576 7.549747e+08   8.127500e+06   331.137 (  3159      0)   328.823 ( 15456      0)
"prim_step_dyn"                    24576    24576 7.549747e+08   2.968177e+06   157.757 ( 23263      0)    86.879 ( 14144      0)
"prim_advance_exp"                 24576    24576 7.549747e+08   2.966710e+06   157.695 ( 23263      0)    86.813 ( 14144      0)
"U3-5stage_timestep"               24576    24576 7.549747e+08   1.543269e+06   105.517 ( 23263      0)    36.074 (  7829      0)
"compute_and_apply_rhs"            24576    24576 3.774874e+09   1.537737e+06   105.279 ( 23263      0)    35.845 (  7829      0)
"caar_bexchV"                      24576    24576 3.774874e+09   1.315204e+06    95.808 ( 23263      0)    26.752 (  7829      0)
"advance_hypervis_dp"              24576    24576 7.549747e+08   1.421648e+06    81.645 ( 17878      0)    41.915 (  7432      0)
"biwkdp3d_bexchV"                  24576    24576 2.264924e+09   5.963183e+05    41.060 ( 18729      0)    15.867 ( 14064      0)
"ahdp_bexchV2"                     24576    24576 2.264924e+09   6.047995e+05    41.703 ( 18905      0)    16.157 ( 14509      0)
"prim_step_advec"                  24576    24576 7.549747e+08   5.147525e+06   242.910 ( 14250      0)   172.186 ( 23263      0)
"PAT_remap"                        24576    24576 7.549747e+08   5.146544e+06   242.869 ( 14250      0)   172.143 ( 23263      0)
"prim_advec_tracers_remap_rk2"     24576    24576 7.549747e+08   5.145058e+06   242.800 ( 14250      0)   172.085 ( 23263      0)
"precomput_divdp"                  24576    24576 7.549747e+08   4.044244e+03     0.270 (  3968      0)     0.118 (   369      0)
"euler_step_0"                     24576    24576 7.549747e+08   1.431418e+06    74.864 ( 14129      0)    43.755 ( 23243      0)
"bihmix_qminmax"                   24576    24576 2.264924e+09   2.359671e+06   125.037 ( 14144      0)    74.320 ( 18808      0)
"eus_neighbor_minmax1"             24576    24576 7.549747e+08   4.691235e+05    31.941 ( 18353      0)    11.195 ( 16253      0)
"nmm_bexchV"                       24576    24576 7.549747e+08   3.742386e+05    27.978 ( 18353      0)     7.781 ( 16253      0)
"eus_2d_advec"                     24576    24576 2.264924e+09   2.668546e+06   143.640 ( 14248      0)    84.837 (  3612      0)
"eus_bexchV"                       24576    24576 2.264924e+09   1.533861e+06    96.756 ( 13399      0)    38.203 (  3612      0)
"euler_step_1"                     24576    24576 7.549747e+08   8.897632e+05    46.211 ( 22186      0)    28.248 ( 22415      0)
"euler_step_2"                     24576    24576 7.549747e+08   2.712658e+06   127.202 ( 14146      0)    88.917 ( 19678      0)
"nmm_bexchS_start"                 24576    24576 7.549747e+08   1.516535e+04     1.229 (    16      0)     0.257 ( 14663      0)
"biwksc_bexchV"                    24576    24576 7.549747e+08   7.260977e+05    46.067 (  4773      0)    15.503 ( 16268      0)
"nmm_bexchS_fini"                  24576    24576 7.549747e+08   2.088298e+03     0.448 ( 13674      0)     0.047 (  3793      0)
"qdp_tavg"                         24576    24576 7.549747e+08   1.030474e+05     4.623 ( 15456      0)     4.045 ( 19049      0)
"vertical_remap"                   24576    24576 2.516582e+08   3.684388e+05    16.259 ( 15456      0)    14.682 (  4110      0)
"vertical_remap1_1"                24576    24576 2.516582e+08   2.268836e+04     1.019 ( 15458      0)     0.888 (  8598      0)
"remap_Q_ppm"                      24576    24576 7.549747e+08   3.612904e+05    15.922 ( 15456      0)    14.411 (  4110      0)
"vertical_remap1_2"                24576    24576 2.516582e+08   2.829614e+04     1.252 ( 15456      0)     1.131 ( 18695      0)
"vertical_remap1_3"                24576    24576 2.516582e+08   3.111730e+05    13.695 ( 15456      0)    12.418 (  4110      0)
"prim_run_subcyle_diags"           24576    24576 2.516582e+08   4.926366e+04     2.368 ( 15460      0)     1.840 ( 23347      0)
"t_prf"                                0        0 0.000000e+00   0.000000e+00     0.000 (     0      0)     0.000 (     0      0)

10940568
