LAST_GIT_COMMIT_SHA:STRING=4790f40f2fb6acbc051ce4c988681a628c18e83d

***** GLOBAL STATISTICS (   512 MPI TASKS) *****

$Id: gptl.c,v 1.157 2011-03-28 20:55:18 rosinski Exp $
'count' is cumulative. All other stats are max/min
name                               processes  threads        count      walltotal   wallmax (proc   thrd  )   wallmin (proc   thrd  )
Total                                    512      512 5.120000e+02   4.883306e+04    95.380 (    12      0)    95.367 (   317      0)
prim_init1                               512      512 5.120000e+02   9.694423e+01     0.191 (   342      0)     0.189 (   464      0)
repro_sum_int                            512      512 2.304000e+04   9.859546e+00     0.042 (    21      0)     0.007 (    93      0)
prim_init2                               512      512 5.120000e+02   9.826355e+01     0.220 (    22      0)     0.178 (    93      0)
prim_printstate                          512      512 5.120000e+02   9.079640e+00     0.019 (   233      0)     0.017 (    30      0)
interp_movie_output                      512      512 1.024000e+03   9.666944e-02     0.000 (   433      0)     0.000 (    20      0)
prim_main_loop                           512      512 5.120000e+02   4.844767e+04    94.627 (   398      0)    94.615 (   317      0)
prim_run                                 512      512 1.367040e+05   4.844727e+04    94.627 (    64      0)    94.614 (   317      0)
tl-sc prim_run_subcycle_c                512      512 1.367040e+05   4.844073e+04    94.615 (    64      0)    94.604 (   330      0)
tl-sc dp3d-from-ps                       512      512 1.367040e+05   5.326550e+00     0.014 (   459      0)     0.008 (   490      0)
tl-sc prim_step-loop                     512      512 1.367040e+05   4.550899e+04    89.040 (   328      0)    88.575 (   410      0)
tl-s prim_step                           512      512 4.101120e+05   4.550782e+04    89.038 (   328      0)    88.572 (   410      0)
tl-s deep_copy+derived_dp                512      512 4.101120e+05   9.548461e+01     0.251 (   465      0)     0.115 (   490      0)
tl-s prim_advance_exp-loop               512      512 4.101120e+05   6.999970e+03    16.656 (    46      0)    11.583 (    14      0)
tl-ae prim_advance_exp                   512      512 4.101120e+05   6.998567e+03    16.653 (    46      0)    11.580 (    14      0)
tl-ae U3-5stage_timestep                 512      512 4.101120e+05   3.961460e+03    11.092 (    46      0)     5.965 (   449      0)
caar compute                             512      512 2.050560e+06   1.253570e+03     2.652 (   145      0)     2.263 (   490      0)
caar_bexchV                              512      512 2.050560e+06   2.660393e+03     8.405 (    46      0)     3.577 (   449      0)
tl-ae advance_hypervis_dp                512      512 4.101120e+05   3.035323e+03     6.534 (   103      0)     5.481 (    41      0)
hvf-bhwk                                 512      512 1.230336e+06   1.781495e+03     4.010 (   105      0)     3.167 (    42      0)
hvf-bexch                                512      512 2.460672e+06   1.939819e+03     4.428 (   102      0)     3.330 (    41      0)
tl-s prim_advec_tracers_remap            512      512 4.101120e+05   3.840971e+04    77.267 (    14      0)    71.914 (    46      0)
tl-at prim_advec_tracers_remap_RK2       512      512 4.101120e+05   3.840786e+04    77.264 (    14      0)    71.911 (    46      0)
tl-at precompute_divdp                   512      512 4.101120e+05   6.573837e+01     0.180 (   325      0)     0.077 (   210      0)
tl-at esf-0                              512      512 4.101120e+05   1.121804e+04    23.671 (   314      0)    19.132 (   302      0)
tl-at esf-1                              512      512 4.101120e+05   8.322646e+03    16.864 (   465      0)    15.688 (   306      0)
tl-at esf-2                              512      512 4.101120e+05   1.773621e+04    36.958 (   147      0)    32.895 (   122      0)
tl-at qdp_time_avg                       512      512 4.101120e+05   1.054013e+03     2.483 (   411      0)     1.571 (   490      0)
tl-sc vertical_remap                     512      512 1.367040e+05   2.502701e+03     5.174 (   410      0)     4.739 (   490      0)
Remap Thickness Functor                  512      512 1.367040e+05   2.540823e+01     0.064 (    10      0)     0.036 (   490      0)
Remap Scale States Functor               512      512 1.367040e+05   1.552420e+01     0.047 (   465      0)     0.015 (   490      0)
Remap Compute Grids Functor              512      512 1.367040e+05   1.437332e+02     0.413 (   131      0)     0.183 (   490      0)
Remap Compute Remap Functor              512      512 1.367040e+05   2.296648e+03     4.669 (   400      0)     4.448 (   170      0)
Remap Rescale States Functor             512      512 1.367040e+05   1.864569e+01     0.046 (    14      0)     0.033 (   302      0)
tl-sc Q-from-qdp                         512      512 1.367040e+05   4.221966e+02     0.889 (   393      0)     0.743 (    46      0)
t_prf                                      0        0 0.000000e+00   0.000000e+00     0.000 (     0      0)     0.000 (     0      0)

