LAST_GIT_COMMIT_SHA:STRING=adf77c97ed8425a245449f2582d2441f4b72da1e
10940535

***** GLOBAL STATISTICS (   384 MPI TASKS) *****

$Id: gptl.c,v 1.157 2011-03-28 20:55:18 rosinski Exp $
'count' is cumulative. All other stats are max/min
name                           processes  threads        count      walltotal   wallmax (proc   thrd  )   wallmin (proc   thrd  )
"Total"                              384      384 3.840000e+02   2.133984e+04    55.574 (   351      0)    55.570 (   232      0)
"prim_init1"                         384      384 3.840000e+02   3.188872e+01     0.089 (     0      0)     0.080 (   367      0)
"PartitioningTime"                   384      384 3.840000e+02   4.829712e-01     0.003 (    24      0)     0.001 (   354      0)
"repro_sum_int"                      384      384 1.728000e+04   4.732016e+00     0.020 (   269      0)     0.005 (     7      0)
"prim_init2"                         384      384 3.840000e+02   9.656809e+00     0.031 (    28      0)     0.021 (    66      0)
"prim_printstate"                    384      384 3.840000e+02   2.675110e+00     0.015 (     0      0)     0.007 (    64      0)
"interp_movie_output"                384      384 7.680000e+02   8.694267e-02     0.000 (   354      0)     0.000 (   178      0)
"prim_main_loop"                     384      384 3.840000e+02   2.124571e+04    55.329 (   345      0)    55.324 (   232      0)
"prim_run"                           384      384 1.843200e+05   2.124535e+04    55.328 (   351      0)    55.323 (   232      0)
"ApplyCAMForcing"                    384      384 1.843200e+05   1.833248e+02     0.566 (   160      0)     0.387 (   119      0)
"prim_step_rX"                       384      384 5.529600e+05   1.959555e+04    51.223 (   119      0)    50.810 (    36      0)
"prim_step_dyn"                      384      384 5.529600e+05   3.201420e+03    10.897 (   119      0)     6.581 (   293      0)
"prim_advance_exp"                   384      384 5.529600e+05   3.199853e+03    10.893 (   119      0)     6.577 (   293      0)
"U3-5stage_timestep"                 384      384 5.529600e+05   1.992889e+03     7.687 (   119      0)     3.574 (   293      0)
"compute_and_apply_rhs"              384      384 2.764800e+06   1.982043e+03     7.659 (   119      0)     3.547 (   293      0)
"caar_bexchV"                        384      384 2.764800e+06   1.297989e+03     5.841 (   119      0)     1.810 (   293      0)
"advance_hypervis_dp"                384      384 5.529600e+05   1.205150e+03     3.950 (    64      0)     2.836 (   266      0)
"biwkdp3d_bexchV"                    384      384 1.658880e+06   2.964308e+02     1.414 (    64      0)     0.590 (    32      0)
"ahdp_bexchV2"                       384      384 1.658880e+06   2.794343e+02     1.259 (   148      0)     0.557 (    32      0)
"prim_step_advec"                    384      384 5.529600e+05   1.635038e+04    44.251 (   293      0)    40.211 (   119      0)
"PAT_remap"                          384      384 5.529600e+05   1.634920e+04    44.248 (   293      0)    40.208 (   119      0)
"prim_advec_tracers_remap_rk2"       384      384 5.529600e+05   1.634756e+04    44.244 (   293      0)    40.204 (   119      0)
"precomput_divdp"                    384      384 5.529600e+05   4.194044e+01     0.161 (    38      0)     0.071 (   118      0)
"euler_step_0"                       384      384 5.529600e+05   4.836256e+03    14.425 (   378      0)    10.450 (   205      0)
"bihmix_qminmax"                     384      384 1.658880e+06   7.629922e+03    22.283 (   378      0)    17.309 (    39      0)
"eus_neighbor_minmax1"               384      384 5.529600e+05   1.303521e+03     4.929 (   281      0)     1.954 (   135      0)
"nmm_bexchV"                         384      384 5.529600e+05   8.328538e+02     3.560 (   281      0)     0.953 (   135      0)
"eus_2d_advec"                       384      384 1.658880e+06   8.331104e+03    24.988 (    40      0)    19.553 (   118      0)
"eus_bexchV"                         384      384 1.658880e+06   3.453538e+03    12.456 (    39      0)     6.647 (    74      0)
"euler_step_1"                       384      384 5.529600e+05   3.178451e+03     8.898 (   210      0)     7.658 (    95      0)
"euler_step_2"                       384      384 5.529600e+05   7.958318e+03    21.878 (   344      0)    19.654 (    74      0)
"nmm_bexchS_start"                   384      384 5.529600e+05   3.113273e+01     0.111 (    90      0)     0.052 (   168      0)
"biwksc_bexchV"                      384      384 5.529600e+05   1.571913e+03     5.050 (   228      0)     2.791 (    40      0)
"nmm_bexchS_fini"                    384      384 5.529600e+05   1.120812e+02     0.349 (   134      0)     0.229 (   274      0)
"qdp_tavg"                           384      384 5.529600e+05   3.254597e+02     0.968 (   174      0)     0.783 (    37      0)
"vertical_remap"                     384      384 1.843200e+05   1.089816e+03     2.913 (     8      0)     2.786 (   134      0)
"vertical_remap1_1"                  384      384 7.372800e+05   6.333598e+01     0.170 (     8      0)     0.162 (    86      0)
"remap_Q_ppm"                        384      384 2.211840e+06   1.070586e+03     2.856 (     8      0)     2.740 (   134      0)
"vertical_remap1_2"                  384      384 7.372800e+05   8.223050e+01     0.217 (     8      0)     0.212 (   165      0)
"vertical_remap1_3"                  384      384 7.372800e+05   9.273558e+02     2.476 (     8      0)     2.372 (   134      0)
"prim_run_subcyle_diags"             384      384 1.843200e+05   3.190393e+02     1.038 (    38      0)     0.695 (   119      0)
"t_prf"                                0        0 0.000000e+00   0.000000e+00     0.000 (     0      0)     0.000 (     0      0)

10940535
