LAST_GIT_COMMIT_SHA:STRING=adf77c97ed8425a245449f2582d2441f4b72da1e
10940534

***** GLOBAL STATISTICS (   256 MPI TASKS) *****

$Id: gptl.c,v 1.157 2011-03-28 20:55:18 rosinski Exp $
'count' is cumulative. All other stats are max/min
name                           processes  threads        count      walltotal   wallmax (proc   thrd  )   wallmin (proc   thrd  )
"Total"                              256      256 2.560000e+02   1.484097e+04    57.975 (   223      0)    57.969 (   234      0)
"prim_init1"                         256      256 2.560000e+02   1.953057e+01     0.080 (     0      0)     0.075 (   226      0)
"PartitioningTime"                   256      256 2.560000e+02   3.405821e-01     0.002 (   181      0)     0.001 (    74      0)
"repro_sum_int"                      256      256 1.152000e+04   2.048105e+00     0.013 (    18      0)     0.004 (   109      0)
"prim_init2"                         256      256 2.560000e+02   6.732748e+00     0.031 (   184      0)     0.023 (    68      0)
"prim_printstate"                    256      256 2.560000e+02   1.937087e+00     0.011 (     0      0)     0.007 (   148      0)
"interp_movie_output"                256      256 5.120000e+02   3.964591e-02     0.000 (   165      0)     0.000 (   235      0)
"prim_main_loop"                     256      256 2.560000e+02   1.478106e+04    57.741 (   223      0)    57.735 (   234      0)
"prim_run"                           256      256 8.192000e+04   1.478090e+04    57.741 (   207      0)    57.734 (   234      0)
"ApplyCAMForcing"                    256      256 8.192000e+04   1.463192e+02     0.687 (    89      0)     0.426 (   254      0)
"prim_step_rX"                       256      256 2.457600e+05   1.362672e+04    53.501 (   254      0)    52.983 (    88      0)
"prim_step_dyn"                      256      256 2.457600e+05   2.127078e+03    11.771 (   235      0)     5.923 (    88      0)
"prim_advance_exp"                   256      256 2.457600e+05   2.126203e+03    11.768 (   235      0)     5.919 (    88      0)
"U3-5stage_timestep"                 256      256 2.457600e+05   1.354589e+03     8.956 (   235      0)     3.065 (    88      0)
"compute_and_apply_rhs"              256      256 1.228800e+06   1.347394e+03     8.926 (   235      0)     3.037 (    88      0)
"caar_bexchV"                        256      256 1.228800e+06   8.833253e+02     7.041 (   235      0)     1.322 (    88      0)
"advance_hypervis_dp"                256      256 2.457600e+05   7.707381e+02     3.737 (   163      0)     2.728 (    43      0)
"biwkdp3d_bexchV"                    256      256 7.372800e+05   1.814367e+02     1.265 (   164      0)     0.522 (    96      0)
"ahdp_bexchV2"                       256      256 7.372800e+05   1.714902e+02     1.171 (   163      0)     0.541 (    98      0)
"prim_step_advec"                    256      256 2.457600e+05   1.146670e+04    46.966 (    88      0)    41.608 (   235      0)
"PAT_remap"                          256      256 2.457600e+05   1.146607e+04    46.963 (    88      0)    41.605 (   235      0)
"prim_advec_tracers_remap_rk2"       256      256 2.457600e+05   1.146528e+04    46.960 (    88      0)    41.602 (   235      0)
"precomput_divdp"                    256      256 2.457600e+05   2.631067e+01     0.178 (   124      0)     0.053 (   254      0)
"euler_step_0"                       256      256 2.457600e+05   3.281905e+03    14.605 (   228      0)    10.739 (   235      0)
"bihmix_qminmax"                     256      256 7.372800e+05   5.432992e+03    23.378 (    64      0)    18.662 (    26      0)
"eus_neighbor_minmax1"               256      256 2.457600e+05   8.802561e+02     4.587 (   228      0)     2.113 (   229      0)
"nmm_bexchV"                         256      256 2.457600e+05   5.420593e+02     3.166 (   228      0)     0.978 (   122      0)
"eus_2d_advec"                       256      256 7.372800e+05   5.743188e+03    25.250 (    58      0)    20.118 (   249      0)
"eus_bexchV"                         256      256 7.372800e+05   2.242927e+03    11.901 (   222      0)     6.183 (     7      0)
"euler_step_1"                       256      256 2.457600e+05   2.275640e+03     9.617 (    86      0)     8.371 (     7      0)
"euler_step_2"                       256      256 2.457600e+05   5.626918e+03    23.470 (    90      0)    20.534 (    20      0)
"nmm_bexchS_start"                   256      256 2.457600e+05   1.377116e+01     0.081 (   124      0)     0.030 (   190      0)
"biwksc_bexchV"                      256      256 2.457600e+05   9.724522e+02     4.918 (   228      0)     2.396 (    26      0)
"nmm_bexchS_fini"                    256      256 2.457600e+05   1.007087e+02     0.483 (    94      0)     0.259 (   250      0)
"qdp_tavg"                           256      256 2.457600e+05   2.509030e+02     1.312 (    94      0)     0.802 (   238      0)
"vertical_remap"                     256      256 8.192000e+04   7.298127e+02     2.928 (    83      0)     2.784 (   231      0)
"vertical_remap1_1"                  256      256 4.915200e+05   4.197957e+01     0.169 (    83      0)     0.159 (   231      0)
"remap_Q_ppm"                        256      256 1.474560e+06   7.170056e+02     2.871 (    83      0)     2.740 (   231      0)
"vertical_remap1_2"                  256      256 4.915200e+05   5.476571e+01     0.217 (    36      0)     0.212 (   204      0)
"vertical_remap1_3"                  256      256 4.915200e+05   6.218446e+02     2.493 (    83      0)     2.374 (   231      0)
"prim_run_subcyle_diags"             256      256 8.192000e+04   2.383172e+02     1.104 (   124      0)     0.745 (    20      0)
"t_prf"                                0        0 0.000000e+00   0.000000e+00     0.000 (     0      0)     0.000 (     0      0)

10940534
