LAST_GIT_COMMIT_SHA:STRING=4790f40f2fb6acbc051ce4c988681a628c18e83d

***** GLOBAL STATISTICS (   576 MPI TASKS) *****

$Id: gptl.c,v 1.157 2011-03-28 20:55:18 rosinski Exp $
'count' is cumulative. All other stats are max/min
name                               processes  threads        count      walltotal   wallmax (proc   thrd  )   wallmin (proc   thrd  )
Total                                    576      576 5.760000e+02   1.584290e+05   275.176 (    79      0)   274.823 (   496      0)
prim_init1                               576      576 5.760000e+02   4.276328e+02     0.746 (   441      0)     0.735 (    82      0)
repro_sum_int                            576      576 2.592000e+04   1.465966e+01     0.057 (   378      0)     0.012 (    51      0)
prim_init2                               576      576 5.760000e+02   4.154240e+02     0.753 (   378      0)     0.706 (    51      0)
prim_printstate                          576      576 5.760000e+02   4.423110e+01     0.080 (     0      0)     0.076 (   150      0)
interp_movie_output                      576      576 1.152000e+03   1.527872e-01     0.000 (   417      0)     0.000 (   227      0)
prim_main_loop                           576      576 5.760000e+02   1.548079e+05   268.890 (    79      0)   268.536 (   496      0)
prim_run                                 576      576 3.456000e+04   1.548077e+05   268.890 (    79      0)   268.536 (   496      0)
tl-sc prim_run_subcycle_c                576      576 3.456000e+04   1.547471e+05   268.794 (    79      0)   268.492 (   496      0)
tl-sc dp3d-from-ps                       576      576 3.456000e+04   1.341866e+01     0.034 (   224      0)     0.019 (   126      0)
tl-sc prim_step-loop                     576      576 3.456000e+04   1.455766e+05   253.235 (    98      0)   251.779 (   364      0)
tl-s prim_step                           576      576 1.036800e+05   1.455763e+05   253.235 (    98      0)   251.778 (   364      0)
tl-s deep_copy+derived_dp                576      576 1.036800e+05   2.578795e+02     0.680 (   254      0)     0.264 (   130      0)
tl-s prim_advance_exp-loop               576      576 1.036800e+05   3.104730e+04    70.959 (   306      0)    39.664 (   378      0)
tl-ae prim_advance_exp                   576      576 1.036800e+05   3.104666e+04    70.958 (   306      0)    39.663 (   378      0)
tl-ae U3-5stage_timestep                 576      576 1.036800e+05   1.614410e+04    47.577 (   305      0)    15.329 (    34      0)
caar compute                             576      576 5.184000e+05   4.451767e+03     8.811 (   417      0)     6.965 (   138      0)
caar_bexchV                              576      576 5.184000e+05   1.146901e+04    39.649 (   114      0)     7.832 (    34      0)
tl-ae advance_hypervis_dp                576      576 1.036800e+05   1.490132e+04    32.397 (   400      0)    21.278 (   337      0)
hvf-bhwk                                 576      576 3.110400e+05   8.151768e+03    20.765 (   209      0)    11.269 (   160      0)
hvf-bexch                                576      576 6.220800e+05   9.701338e+03    24.000 (   459      0)    11.538 (   340      0)
tl-s prim_advec_tracers_remap            576      576 1.036800e+05   1.142698e+05   212.902 (   378      0)   180.896 (   208      0)
tl-at prim_advec_tracers_remap_RK2       576      576 1.036800e+05   1.142692e+05   212.901 (   378      0)   180.895 (   208      0)
tl-at precompute_divdp                   576      576 1.036800e+05   2.188263e+02     0.535 (    85      0)     0.162 (   280      0)
tl-at esf-0                              576      576 1.036800e+05   3.201476e+04    62.602 (   559      0)    51.971 (   271      0)
tl-at esf-1                              576      576 1.036800e+05   2.480031e+04    47.157 (   144      0)    39.684 (    71      0)
tl-at esf-2                              576      576 1.036800e+05   5.433513e+04   105.968 (    39      0)    78.886 (   208      0)
tl-at qdp_time_avg                       576      576 1.036800e+05   2.896450e+03     7.177 (   224      0)     3.661 (   129      0)
tl-sc vertical_remap                     576      576 3.456000e+04   7.848655e+03    14.546 (   364      0)    13.112 (   452      0)
Remap Thickness Functor                  576      576 3.456000e+04   6.670270e+01     0.155 (   225      0)     0.092 (   126      0)
Remap Scale States Functor               576      576 3.456000e+04   4.768571e+01     0.144 (   225      0)     0.037 (   130      0)
Remap Compute Grids Functor              576      576 3.456000e+04   4.269569e+02     1.212 (   225      0)     0.491 (   231      0)
Remap Compute Remap Functor              576      576 3.456000e+04   7.246911e+03    13.169 (   364      0)    12.302 (   467      0)
Remap Rescale States Functor             576      576 3.456000e+04   5.512919e+01     0.119 (   232      0)     0.091 (   112      0)
tl-sc Q-from-qdp                         576      576 3.456000e+04   1.307991e+03     2.581 (   236      0)     2.146 (   112      0)
t_prf                                      0        0 0.000000e+00   0.000000e+00     0.000 (     0      0)     0.000 (     0      0)

