LAST_GIT_COMMIT_SHA:STRING=adf77c97ed8425a245449f2582d2441f4b72da1e
10940603

***** GLOBAL STATISTICS (   384 MPI TASKS) *****

$Id: gptl.c,v 1.157 2011-03-28 20:55:18 rosinski Exp $
'count' is cumulative. All other stats are max/min
name                           processes  threads        count      walltotal   wallmax (proc   thrd  )   wallmin (proc   thrd  )
"Total"                              384      384 3.840000e+02   1.104632e+05   287.751 (   153      0)   287.582 (   267      0)
"prim_init1"                         384      384 3.840000e+02   3.434965e+02     0.898 (    69      0)     0.877 (   292      0)
"PartitioningTime"                   384      384 3.840000e+02   2.023801e+00     0.007 (   224      0)     0.004 (   103      0)
"repro_sum_int"                      384      384 1.728000e+04   5.571761e+00     0.030 (   336      0)     0.005 (   103      0)
"prim_init2"                         384      384 3.840000e+02   1.522113e+02     0.414 (     0      0)     0.387 (   234      0)
"prim_printstate"                    384      384 3.840000e+02   2.284345e+01     0.065 (     0      0)     0.059 (    41      0)
"interp_movie_output"                384      384 7.680000e+02   6.871963e-02     0.000 (   257      0)     0.000 (   297      0)
"prim_main_loop"                     384      384 3.840000e+02   1.080518e+05   281.472 (   153      0)   281.303 (   267      0)
"prim_run"                           384      384 1.536000e+04   1.080517e+05   281.471 (   153      0)   281.302 (   267      0)
"ApplyCAMForcing"                    384      384 1.536000e+04   1.622807e+03     4.870 (   190      0)     2.765 (    39      0)
"prim_step_rX"                       384      384 4.608000e+04   9.913442e+04   260.425 (    39      0)   257.039 (   252      0)
"prim_step_dyn"                      384      384 4.608000e+04   1.885070e+04    58.622 (   331      0)    42.761 (   198      0)
"prim_advance_exp"                   384      384 4.608000e+04   1.885028e+04    58.621 (   331      0)    42.760 (   198      0)
"U3-5stage_timestep"                 384      384 4.608000e+04   9.350647e+03    33.232 (   331      0)    17.844 (    91      0)
"compute_and_apply_rhs"              384      384 2.304000e+05   9.194168e+03    32.952 (   331      0)    17.523 (    91      0)
"caar_bexchV"                        384      384 2.304000e+05   4.310788e+03    20.600 (   331      0)     4.010 (   153      0)
"advance_hypervis_dp"                384      384 4.608000e+04   9.499076e+03    27.840 (    34      0)    21.708 (   294      0)
"biwkdp3d_bexchV"                    384      384 1.382400e+05   2.110859e+03     9.838 (   327      0)     2.248 (   128      0)
"ahdp_bexchV2"                       384      384 1.382400e+05   2.207027e+03     9.741 (   325      0)     2.710 (   134      0)
"prim_step_advec"                    384      384 4.608000e+04   7.997442e+04   214.251 (   198      0)   200.221 (   331      0)
"PAT_remap"                          384      384 4.608000e+04   7.997425e+04   214.250 (   198      0)   200.221 (   331      0)
"prim_advec_tracers_remap_rk2"       384      384 4.608000e+04   7.997395e+04   214.250 (   198      0)   200.220 (   331      0)
"precomput_divdp"                    384      384 4.608000e+04   1.815362e+02     0.579 (   224      0)     0.238 (   235      0)
"euler_step_0"                       384      384 4.608000e+04   2.201065e+04    59.853 (   198      0)    53.337 (   325      0)
"bihmix_qminmax"                     384      384 1.382400e+05   3.802311e+04   105.768 (   383      0)    92.018 (   350      0)
"eus_neighbor_minmax1"               384      384 4.608000e+04   5.750502e+03    18.658 (   383      0)    12.036 (   350      0)
"nmm_bexchV"                         384      384 4.608000e+04   2.457592e+03     9.499 (   383      0)     4.022 (   350      0)
"eus_2d_advec"                       384      384 1.382400e+05   3.902805e+04   110.042 (   252      0)    92.672 (   203      0)
"eus_bexchV"                         384      384 1.382400e+05   9.119067e+03    34.779 (   251      0)    15.411 (    93      0)
"euler_step_1"                       384      384 4.608000e+04   1.572278e+04    43.126 (   374      0)    39.123 (   170      0)
"euler_step_2"                       384      384 4.608000e+04   3.932017e+04   106.579 (   198      0)    95.066 (    11      0)
"nmm_bexchS_start"                   384      384 4.608000e+04   3.076244e+00     0.013 (   376      0)     0.004 (    27      0)
"biwksc_bexchV"                      384      384 4.608000e+04   3.051821e+03    10.422 (   313      0)     5.349 (   274      0)
"nmm_bexchS_fini"                    384      384 4.608000e+04   1.681572e+03     5.165 (   129      0)     2.901 (   349      0)
"qdp_tavg"                           384      384 4.608000e+04   2.737514e+03     8.678 (   203      0)     4.132 (   127      0)
"vertical_remap"                     384      384 1.536000e+04   5.098761e+03    13.683 (   203      0)    13.042 (   293      0)
"vertical_remap1_1"                  384      384 3.456000e+06   2.855946e+02     0.751 (   203      0)     0.739 (    50      0)
"remap_Q_ppm"                        384      384 1.036800e+07   5.019942e+03    13.429 (   203      0)    12.842 (   293      0)
"vertical_remap1_2"                  384      384 3.456000e+06   3.841692e+02     1.006 (   105      0)     0.994 (   158      0)
"vertical_remap1_3"                  384      384 3.456000e+06   4.359557e+03    11.704 (   203      0)    11.130 (   293      0)
"prim_run_subcyle_diags"             384      384 1.536000e+04   1.853110e+03     6.623 (   357      0)     4.112 (   203      0)
"t_prf"                                0        0 0.000000e+00   0.000000e+00     0.000 (     0      0)     0.000 (     0      0)

10940603
