LAST_GIT_COMMIT_SHA:STRING=adf77c97ed8425a245449f2582d2441f4b72da1e
10940552

***** GLOBAL STATISTICS (  6144 MPI TASKS) *****

$Id: gptl.c,v 1.157 2011-03-28 20:55:18 rosinski Exp $
'count' is cumulative. All other stats are max/min
name                           processes  threads        count      walltotal   wallmax (proc   thrd  )   wallmin (proc   thrd  )
"Total"                             6144     6144 6.144000e+03   7.018774e+05   114.253 (    26      0)   114.219 (  2716      0)
"prim_init1"                        6144     6144 6.144000e+03   5.517048e+03     0.929 (  3041      0)     0.859 (  1775      0)
"PartitioningTime"                  6144     6144 6.144000e+03   1.942669e+02     0.044 (  4482      0)     0.010 (  3773      0)
"repro_sum_int"                     6144     6144 2.764800e+05   1.227030e+03     0.675 (     1      0)     0.026 (  5481      0)
"prim_init2"                        6144     6144 6.144000e+03   1.771581e+03     0.780 (    12      0)     0.113 (  4941      0)
"prim_printstate"                   6144     6144 6.144000e+03   1.938218e+02     0.043 (  4971      0)     0.027 (  1151      0)
"interp_movie_output"               6144     6144 1.228800e+04   2.144920e+01     0.011 (  4105      0)     0.000 (  4887      0)
"prim_main_loop"                    6144     6144 6.144000e+03   6.889190e+05   112.137 (  1521      0)   112.119 (  3361      0)
"prim_run"                          6144     6144 1.966080e+07   6.888881e+05   112.134 (  5336      0)   112.113 (  3228      0)
"ApplyCAMForcing"                   6144     6144 1.966080e+07   3.523740e+03     0.607 (  1854      0)     0.561 (  1075      0)
"prim_step_rX"                      6144     6144 5.898240e+07   6.511630e+05   106.119 (  2516      0)   105.555 (   224      0)
"prim_step_dyn"                     6144     6144 5.898240e+07   2.391429e+05    49.846 (  3317      0)    30.440 (   254      0)
"prim_advance_exp"                  6144     6144 5.898240e+07   2.390384e+05    49.829 (  3317      0)    30.422 (   254      0)
"U3-5stage_timestep"                6144     6144 5.898240e+07   1.232074e+05    32.136 (  3319      0)    12.560 (  1061      0)
"compute_and_apply_rhs"             6144     6144 2.949120e+08   1.227788e+05    32.071 (  3319      0)    12.491 (  1061      0)
"caar_bexchV"                       6144     6144 2.949120e+08   1.052829e+05    29.160 (  3319      0)     9.701 (  1061      0)
"advance_hypervis_dp"               6144     6144 5.898240e+07   1.156868e+05    26.597 (  1065      0)    14.273 (  4622      0)
"biwkdp3d_bexchV"                   6144     6144 1.769472e+08   4.892242e+04    13.250 (  1064      0)     5.549 (  4622      0)
"ahdp_bexchV2"                      6144     6144 1.769472e+08   4.976144e+04    13.438 (  1062      0)     5.600 (  4610      0)
"prim_step_advec"                   6144     6144 5.898240e+07   4.111173e+05    75.087 (   254      0)    55.986 (  3317      0)
"PAT_remap"                         6144     6144 5.898240e+07   4.110412e+05    75.075 (   254      0)    55.973 (  3317      0)
"prim_advec_tracers_remap_rk2"      6144     6144 5.898240e+07   4.109324e+05    75.057 (   254      0)    55.955 (  3317      0)
"precomput_divdp"                   6144     6144 5.898240e+07   3.440893e+02     0.083 (  1952      0)     0.042 (  4050      0)
"euler_step_0"                      6144     6144 5.898240e+07   1.152933e+05    23.929 (  2403      0)    14.204 (  4834      0)
"bihmix_qminmax"                    6144     6144 1.769472e+08   1.897989e+05    39.133 (  1660      0)    24.292 (  1095      0)
"eus_neighbor_minmax1"              6144     6144 5.898240e+07   3.840378e+04     9.814 (  2387      0)     3.627 (   317      0)
"nmm_bexchV"                        6144     6144 5.898240e+07   3.088917e+04     8.626 (  2387      0)     2.457 (   317      0)
"eus_2d_advec"                      6144     6144 1.769472e+08   2.119890e+05    44.173 (  3496      0)    27.742 (  3317      0)
"eus_bexchV"                        6144     6144 1.769472e+08   1.234165e+05    29.434 (  1581      0)    13.366 (  3317      0)
"euler_step_1"                      6144     6144 5.898240e+07   7.099539e+04    14.582 (  1188      0)     9.009 (  3295      0)
"euler_step_2"                      6144     6144 5.898240e+07   2.159287e+05    39.745 (  1639      0)    28.971 (  3319      0)
"nmm_bexchS_start"                  6144     6144 5.898240e+07   1.150932e+03     0.392 (  1580      0)     0.082 (  1079      0)
"biwksc_bexchV"                     6144     6144 5.898240e+07   5.720565e+04    14.305 (  3498      0)     5.167 (  1070      0)
"nmm_bexchS_fini"                   6144     6144 5.898240e+07   1.507645e+02     0.219 (  5034      0)     0.015 (  2763      0)
"qdp_tavg"                          6144     6144 5.898240e+07   8.037037e+03     1.392 (   224      0)     1.268 (   362      0)
"vertical_remap"                    6144     6144 1.966080e+07   2.879056e+04     4.952 (   224      0)     4.591 (  4308      0)
"vertical_remap1_1"                 6144     6144 1.966080e+07   1.780610e+03     0.310 (  3532      0)     0.278 (   469      0)
"remap_Q_ppm"                       6144     6144 5.898240e+07   2.822678e+04     4.848 (   224      0)     4.506 (  4308      0)
"vertical_remap1_2"                 6144     6144 1.966080e+07   2.191966e+03     0.377 (   224      0)     0.350 (  4308      0)
"vertical_remap1_3"                 6144     6144 1.966080e+07   2.432545e+04     4.177 (  1844      0)     3.886 (  4308      0)
"prim_run_subcyle_diags"            6144     6144 1.966080e+07   3.958675e+03     0.752 (  1632      0)     0.584 (  4407      0)
"t_prf"                                0        0 0.000000e+00   0.000000e+00     0.000 (     0      0)     0.000 (     0      0)

10940552
