LAST_GIT_COMMIT_SHA:STRING=4790f40f2fb6acbc051ce4c988681a628c18e83d

***** GLOBAL STATISTICS (  1536 MPI TASKS) *****

$Id: gptl.c,v 1.157 2011-03-28 20:55:18 rosinski Exp $
'count' is cumulative. All other stats are max/min
name                               processes  threads        count      walltotal   wallmax (proc   thrd  )   wallmin (proc   thrd  )
Total                                   1536     1536 1.536000e+03   9.296140e+04    60.532 (   384      0)    60.513 (  1000      0)
prim_init1                              1536     1536 1.536000e+03   5.151034e+02     0.349 (  1483      0)     0.329 (   228      0)
repro_sum_int                           1536     1536 6.912000e+04   9.507474e+01     0.183 (    13      0)     0.022 (   571      0)
prim_init2                              1536     1536 1.536000e+03   2.906085e+02     0.310 (    28      0)     0.145 (   380      0)
prim_printstate                         1536     1536 1.536000e+03   5.375255e+01     0.038 (   280      0)     0.034 (   411      0)
interp_movie_output                     1536     1536 3.072000e+03   1.434903e+00     0.003 (   705      0)     0.000 (  1232      0)
prim_main_loop                          1536     1536 1.536000e+03   9.176659e+04    59.753 (   448      0)    59.729 (  1238      0)
prim_run                                1536     1536 2.949120e+06   9.176143e+04    59.750 (   384      0)    59.726 (  1241      0)
tl-sc prim_run_subcycle_c               1536     1536 2.949120e+06   9.175060e+04    59.744 (  1344      0)    59.719 (  1241      0)
tl-sc dp3d-from-ps                      1536     1536 2.949120e+06   1.022502e+01     0.009 (   192      0)     0.006 (  1064      0)
tl-sc prim_step-loop                    1536     1536 2.949120e+06   8.663803e+04    56.455 (  1067      0)    56.242 (   922      0)
tl-s prim_step                          1536     1536 8.847360e+06   8.662576e+04    56.447 (  1067      0)    56.234 (   922      0)
tl-s deep_copy+derived_dp               1536     1536 8.847360e+06   1.303334e+02     0.112 (    29      0)     0.059 (   687      0)
tl-s prim_advance_exp-loop              1536     1536 8.847360e+06   3.084503e+04    24.212 (   588      0)    15.236 (   874      0)
tl-ae prim_advance_exp                  1536     1536 8.847360e+06   3.083179e+04    24.203 (   588      0)    15.228 (   874      0)
tl-ae U3-5stage_timestep                1536     1536 8.847360e+06   1.627841e+04    14.849 (  1288      0)     6.604 (  1151      0)
caar compute                            1536     1536 4.423680e+07   2.135898e+03     1.486 (   960      0)     1.354 (  1487      0)
caar_bexchV                             1536     1536 4.423680e+07   1.400710e+04    13.375 (  1288      0)     5.123 (  1151      0)
tl-ae advance_hypervis_dp               1536     1536 8.847360e+06   1.453353e+04    12.428 (   958      0)     7.620 (    59      0)
hvf-bhwk                                1536     1536 2.654208e+07   7.837049e+03     6.980 (   959      0)     4.072 (   869      0)
hvf-bexch                               1536     1536 5.308416e+07   1.240754e+04    11.013 (   958      0)     6.225 (    59      0)
tl-s prim_advec_tracers_remap           1536     1536 8.847360e+06   5.562151e+04    41.085 (   874      0)    32.090 (   588      0)
tl-at prim_advec_tracers_remap_RK2      1536     1536 8.847360e+06   5.560444e+04    41.074 (   874      0)    32.080 (   588      0)
tl-at precompute_divdp                  1536     1536 8.847360e+06   7.734392e+01     0.071 (  1215      0)     0.039 (   776      0)
tl-at esf-0                             1536     1536 8.847360e+06   1.639511e+04    12.849 (  1487      0)     8.549 (   520      0)
tl-at esf-1                             1536     1536 8.847360e+06   1.034827e+04     7.717 (   855      0)     5.466 (   437      0)
tl-at esf-2                             1536     1536 8.847360e+06   2.754391e+04    21.092 (  1469      0)    15.757 (   592      0)
tl-at qdp_time_avg                      1536     1536 8.847360e+06   1.180899e+03     0.795 (    20      0)     0.760 (   286      0)
tl-sc vertical_remap                    1536     1536 2.949120e+06   4.433527e+03     3.040 (   922      0)     2.836 (  1067      0)
Remap Thickness Functor                 1536     1536 2.949120e+06   4.621929e+01     0.037 (   437      0)     0.027 (   146      0)
Remap Scale States Functor              1536     1536 2.949120e+06   1.842726e+01     0.015 (   573      0)     0.010 (  1254      0)
Remap Compute Grids Functor             1536     1536 2.949120e+06   1.829094e+02     0.131 (    12      0)     0.112 (  1041      0)
Remap Compute Remap Functor             1536     1536 2.949120e+06   4.121909e+03     2.827 (   922      0)     2.638 (  1066      0)
Remap Rescale States Functor            1536     1536 2.949120e+06   3.308463e+01     0.023 (  1181      0)     0.021 (  1495      0)
tl-sc Q-from-qdp                        1536     1536 2.949120e+06   6.557765e+02     0.441 (   896      0)     0.422 (  1101      0)
t_prf                                      0        0 0.000000e+00   0.000000e+00     0.000 (     0      0)     0.000 (     0      0)

