LAST_GIT_COMMIT_SHA:STRING=adf77c97ed8425a245449f2582d2441f4b72da1e
10940572

***** GLOBAL STATISTICS (   128 MPI TASKS) *****

$Id: gptl.c,v 1.157 2011-03-28 20:55:18 rosinski Exp $
'count' is cumulative. All other stats are max/min
name                           processes  threads        count      walltotal   wallmax (proc   thrd  )   wallmin (proc   thrd  )
"Total"                              128      128 1.280000e+02   3.308171e+04   258.542 (    71      0)   258.347 (   115      0)
"prim_init1"                         128      128 1.280000e+02   8.336676e+01     0.653 (   103      0)     0.645 (    15      0)
"PartitioningTime"                   128      128 1.280000e+02   3.613522e-01     0.003 (    58      0)     0.002 (   117      0)
"repro_sum_int"                      128      128 5.760000e+03   1.253322e+00     0.015 (    16      0)     0.006 (   126      0)
"prim_init2"                         128      128 1.280000e+02   6.828087e+01     0.538 (     7      0)     0.529 (    81      0)
"prim_printstate"                    128      128 1.280000e+02   1.188451e+01     0.096 (     0      0)     0.093 (   100      0)
"interp_movie_output"                128      128 2.560000e+02   2.174807e-02     0.000 (     4      0)     0.000 (   106      0)
"prim_main_loop"                     128      128 1.280000e+02   3.257142e+04   254.555 (    71      0)   254.360 (   115      0)
"prim_run"                           128      128 3.456000e+03   3.257140e+04   254.555 (    71      0)   254.360 (   115      0)
"ApplyCAMForcing"                    128      128 3.456000e+03   5.124035e+02     4.527 (    77      0)     2.190 (   115      0)
"prim_step_rX"                       128      128 1.036800e+04   2.987225e+04   235.742 (   115      0)   232.401 (    60      0)
"prim_step_dyn"                      128      128 1.036800e+04   5.721610e+03    52.645 (   115      0)    39.134 (    71      0)
"prim_advance_exp"                   128      128 1.036800e+04   5.721512e+03    52.644 (   115      0)    39.133 (    71      0)
"U3-5stage_timestep"                 128      128 1.036800e+04   2.957698e+03    30.674 (   114      0)    18.500 (    69      0)
"compute_and_apply_rhs"              128      128 5.184000e+04   2.908351e+03    30.375 (   115      0)    17.890 (    69      0)
"caar_bexchV"                        128      128 5.184000e+04   1.464184e+03    19.639 (   115      0)     3.475 (    71      0)
"advance_hypervis_dp"                128      128 1.036800e+04   2.763679e+03    25.857 (    41      0)    20.566 (    73      0)
"biwkdp3d_bexchV"                    128      128 3.110400e+04   5.671986e+02     9.264 (    41      0)     1.845 (    71      0)
"ahdp_bexchV2"                       128      128 3.110400e+04   5.754731e+02     6.697 (    15      0)     2.228 (    71      0)
"prim_step_advec"                    128      128 1.036800e+04   2.405521e+04   192.897 (    71      0)   182.228 (   115      0)
"PAT_remap"                          128      128 1.036800e+04   2.405517e+04   192.897 (    71      0)   182.228 (   115      0)
"prim_advec_tracers_remap_rk2"       128      128 1.036800e+04   2.405509e+04   192.897 (    71      0)   182.228 (   115      0)
"precomput_divdp"                    128      128 1.036800e+04   5.548470e+01     0.519 (    31      0)     0.206 (    23      0)
"euler_step_0"                       128      128 1.036800e+04   6.651274e+03    53.674 (    69      0)    49.762 (    15      0)
"bihmix_qminmax"                     128      128 3.110400e+04   1.151684e+04    94.233 (    83      0)    85.215 (    57      0)
"eus_neighbor_minmax1"               128      128 1.036800e+04   1.733576e+03    15.886 (    40      0)    11.596 (    58      0)
"nmm_bexchV"                         128      128 1.036800e+04   7.356796e+02     7.009 (    17      0)     4.600 (    59      0)
"eus_2d_advec"                       128      128 3.110400e+04   1.164195e+04    98.359 (    60      0)    83.769 (   114      0)
"eus_bexchV"                         128      128 3.110400e+04   2.798410e+03    30.148 (    57      0)    14.443 (   114      0)
"euler_step_1"                       128      128 1.036800e+04   4.731075e+03    37.989 (    49      0)    35.385 (    39      0)
"euler_step_2"                       128      128 1.036800e+04   1.177699e+04    95.733 (    80      0)    87.431 (   117      0)
"nmm_bexchS_start"                   128      128 1.036800e+04   6.810746e-01     0.008 (    87      0)     0.003 (    68      0)
"biwksc_bexchV"                      128      128 1.036800e+04   9.101462e+02     8.939 (    80      0)     5.302 (   117      0)
"nmm_bexchS_fini"                    128      128 1.036800e+04   5.315033e+02     4.826 (    93      0)     2.876 (   115      0)
"qdp_tavg"                           128      128 1.036800e+04   8.399664e+02     7.756 (   114      0)     3.871 (    57      0)
"vertical_remap"                     128      128 3.456000e+03   1.534103e+03    12.196 (   114      0)    11.846 (   101      0)
"vertical_remap1_1"                  128      128 1.036800e+06   8.568357e+01     0.679 (    87      0)     0.663 (    54      0)
"remap_Q_ppm"                        128      128 3.110400e+06   1.510642e+03    11.974 (   114      0)    11.667 (   101      0)
"vertical_remap1_2"                  128      128 1.036800e+06   1.152823e+02     0.906 (   127      0)     0.894 (   120      0)
"vertical_remap1_3"                  128      128 1.036800e+06   1.312470e+03    10.428 (   114      0)    10.127 (   101      0)
"prim_run_subcyle_diags"             128      128 3.456000e+03   5.469578e+02     5.668 (    57      0)     3.663 (   115      0)
"t_prf"                                0        0 0.000000e+00   0.000000e+00     0.000 (     0      0)     0.000 (     0      0)

10940572
