LAST_GIT_COMMIT_SHA:STRING=adf77c97ed8425a245449f2582d2441f4b72da1e
10940524

***** GLOBAL STATISTICS (    64 MPI TASKS) *****

$Id: gptl.c,v 1.157 2011-03-28 20:55:18 rosinski Exp $
'count' is cumulative. All other stats are max/min
name                           processes  threads        count      walltotal   wallmax (proc   thrd  )   wallmin (proc   thrd  )
"Total"                               64       64 6.400000e+01   3.698140e+03    57.786 (     4      0)    57.779 (    63      0)
"prim_init1"                          64       64 6.400000e+01   1.538064e+01     0.241 (    30      0)     0.239 (    46      0)
"PartitioningTime"                    64       64 6.400000e+01   2.095952e-01     0.005 (     0      0)     0.001 (    59      0)
"repro_sum_int"                       64       64 2.880000e+03   1.371988e+00     0.036 (    24      0)     0.006 (    37      0)
"prim_init2"                          64       64 6.400000e+01   5.378737e+00     0.101 (     0      0)     0.068 (    37      0)
"prim_printstate"                     64       64 6.400000e+01   4.860523e-01     0.011 (     0      0)     0.006 (    14      0)
"interp_movie_output"                 64       64 1.280000e+02   1.263833e-02     0.000 (    41      0)     0.000 (     6      0)
"prim_main_loop"                      64       64 6.400000e+01   3.668302e+03    57.319 (    46      0)    57.314 (    63      0)
"prim_run"                            64       64 2.137600e+04   3.668260e+03    57.318 (    46      0)    57.313 (    63      0)
"ApplyCAMForcing"                     64       64 2.137600e+04   4.318625e+01     0.781 (    32      0)     0.425 (    43      0)
"prim_step_rX"                        64       64 6.412800e+04   3.361343e+03    52.871 (    43      0)    52.347 (     4      0)
"prim_step_dyn"                       64       64 6.412800e+04   3.974368e+02     9.651 (    63      0)     5.003 (     4      0)
"prim_advance_exp"                    64       64 6.412800e+04   3.972354e+02     9.648 (    63      0)     5.000 (     4      0)
"U3-5stage_timestep"                  64       64 6.412800e+04   2.477118e+02     7.323 (    63      0)     2.661 (    34      0)
"compute_and_apply_rhs"               64       64 3.206400e+05   2.459259e+02     7.294 (    63      0)     2.632 (    34      0)
"caar_bexchV"                         64       64 3.206400e+05   1.271743e+02     5.289 (    63      0)     0.868 (    34      0)
"advance_hypervis_dp"                 64       64 6.412800e+04   1.493065e+02     2.352 (    17      0)     2.307 (    40      0)
"biwkdp3d_bexchV"                     64       64 1.923840e+05   2.067980e+01     0.338 (    18      0)     0.306 (    24      0)
"ahdp_bexchV2"                        64       64 1.923840e+05   2.114294e+01     0.347 (    56      0)     0.314 (    40      0)
"prim_step_advec"                     64       64 6.412800e+04   2.954558e+03    47.241 (    34      0)    43.056 (    63      0)
"PAT_remap"                           64       64 6.412800e+04   2.954408e+03    47.239 (    34      0)    43.054 (    63      0)
"prim_advec_tracers_remap_rk2"        64       64 6.412800e+04   2.954219e+03    47.236 (     4      0)    43.051 (    63      0)
"precomput_divdp"                     64       64 6.412800e+04   5.974164e+00     0.144 (    31      0)     0.052 (    43      0)
"euler_step_0"                        64       64 6.412800e+04   8.380889e+02    14.552 (    57      0)    10.508 (    63      0)
"bihmix_qminmax"                      64       64 1.923840e+05   1.393565e+03    22.899 (     4      0)    20.783 (    37      0)
"eus_neighbor_minmax1"                64       64 6.412800e+04   2.051498e+02     4.128 (    57      0)     2.491 (    33      0)
"nmm_bexchV"                          64       64 6.412800e+04   1.216059e+02     2.723 (    57      0)     1.299 (     9      0)
"eus_2d_advec"                        64       64 1.923840e+05   1.478969e+03    24.855 (     5      0)    20.505 (    43      0)
"eus_bexchV"                          64       64 1.923840e+05   4.981408e+02     9.178 (    37      0)     6.151 (    43      0)
"euler_step_1"                        64       64 6.412800e+04   5.930857e+02    10.092 (    11      0)     8.898 (    18      0)
"euler_step_2"                        64       64 6.412800e+04   1.443628e+03    23.492 (    30      0)    21.593 (    15      0)
"nmm_bexchS_start"                    64       64 6.412800e+04   3.130693e+00     0.077 (    50      0)     0.028 (    62      0)
"biwksc_bexchV"                       64       64 6.412800e+04   2.205084e+02     3.930 (    43      0)     2.831 (     5      0)
"nmm_bexchS_fini"                     64       64 6.412800e+04   2.872137e+01     0.602 (    27      0)     0.298 (    40      0)
"qdp_tavg"                            64       64 6.412800e+04   7.246368e+01     1.349 (    54      0)     0.912 (    63      0)
"vertical_remap"                      64       64 2.137600e+04   1.914133e+02     3.125 (    63      0)     2.919 (    48      0)
"vertical_remap1_1"                   64       64 1.282560e+05   1.101136e+01     0.179 (    10      0)     0.167 (    48      0)
"remap_Q_ppm"                         64       64 3.847680e+05   1.879521e+02     3.056 (    63      0)     2.871 (    48      0)
"vertical_remap1_2"                   64       64 1.282560e+05   1.433942e+01     0.227 (    11      0)     0.222 (    48      0)
"vertical_remap1_3"                   64       64 1.282560e+05   1.630225e+02     2.660 (    63      0)     2.488 (    48      0)
"prim_run_subcyle_diags"              64       64 2.137600e+04   6.187288e+01     1.122 (     4      0)     0.764 (    42      0)
"t_prf"                                0        0 0.000000e+00   0.000000e+00     0.000 (     0      0)     0.000 (     0      0)

10940524
