LAST_GIT_COMMIT_SHA:STRING=adf77c97ed8425a245449f2582d2441f4b72da1e
10940579

***** GLOBAL STATISTICS (   512 MPI TASKS) *****

$Id: gptl.c,v 1.157 2011-03-28 20:55:18 rosinski Exp $
'count' is cumulative. All other stats are max/min
name                           processes  threads        count      walltotal   wallmax (proc   thrd  )   wallmin (proc   thrd  )
"Total"                              512      512 5.120000e+02   1.305832e+05   255.083 (   418      0)   255.005 (   209      0)
"prim_init1"                         512      512 5.120000e+02   2.208252e+02     0.433 (   152      0)     0.426 (   439      0)
"PartitioningTime"                   512      512 5.120000e+02   1.479816e+00     0.004 (   170      0)     0.002 (    79      0)
"repro_sum_int"                      512      512 2.304000e+04   1.411445e+01     0.062 (   235      0)     0.008 (   480      0)
"prim_init2"                         512      512 5.120000e+02   7.795004e+01     0.187 (   235      0)     0.133 (   213      0)
"prim_printstate"                    512      512 5.120000e+02   1.265835e+01     0.029 (     0      0)     0.024 (   389      0)
"interp_movie_output"                512      512 1.024000e+03   1.601384e-01     0.000 (   360      0)     0.000 (   424      0)
"prim_main_loop"                     512      512 5.120000e+02   1.289396e+05   251.872 (   418      0)   251.795 (   209      0)
"prim_run"                           512      512 5.478400e+04   1.289393e+05   251.872 (   418      0)   251.794 (   209      0)
"ApplyCAMForcing"                    512      512 5.478400e+04   1.932575e+03     4.421 (   269      0)     2.379 (   464      0)
"prim_step_rX"                       512      512 1.643520e+05   1.183382e+05   233.137 (   464      0)   230.170 (   353      0)
"prim_step_dyn"                      512      512 1.643520e+05   2.278590e+04    51.456 (   464      0)    39.599 (   440      0)
"prim_advance_exp"                   512      512 1.643520e+05   2.278448e+04    51.453 (   464      0)    39.596 (   440      0)
"U3-5stage_timestep"                 512      512 1.643520e+05   1.130416e+04    30.438 (   464      0)    18.557 (    36      0)
"compute_and_apply_rhs"              512      512 8.217600e+05   1.112138e+04    30.060 (   464      0)    18.060 (    36      0)
"caar_bexchV"                        512      512 8.217600e+05   5.448662e+03    18.695 (   464      0)     4.555 (   440      0)
"advance_hypervis_dp"                512      512 1.643520e+05   1.147837e+04    25.066 (   254      0)    20.112 (   291      0)
"biwkdp3d_bexchV"                    512      512 4.930560e+05   2.741347e+03     8.534 (   375      0)     2.666 (   440      0)
"ahdp_bexchV2"                       512      512 4.930560e+05   2.850837e+03     8.245 (    40      0)     3.148 (   442      0)
"prim_step_advec"                    512      512 1.643520e+05   9.518491e+04   190.191 (   442      0)   180.837 (   464      0)
"PAT_remap"                          512      512 1.643520e+05   9.518432e+04   190.189 (   442      0)   180.836 (   464      0)
"prim_advec_tracers_remap_rk2"       512      512 1.643520e+05   9.518332e+04   190.188 (   442      0)   180.833 (   464      0)
"precomput_divdp"                    512      512 1.643520e+05   2.174087e+02     0.521 (    56      0)     0.221 (   274      0)
"euler_step_0"                       512      512 1.643520e+05   2.625609e+04    53.785 (   448      0)    48.066 (   429      0)
"bihmix_qminmax"                     512      512 4.930560e+05   4.518521e+04    93.590 (   226      0)    81.359 (   351      0)
"eus_neighbor_minmax1"               512      512 1.643520e+05   6.943594e+03    17.176 (   185      0)     9.712 (   430      0)
"nmm_bexchV"                         512      512 1.643520e+05   3.108188e+03     9.087 (   110      0)     2.779 (   430      0)
"eus_2d_advec"                       512      512 4.930560e+05   4.652482e+04    98.769 (   351      0)    83.701 (   219      0)
"eus_bexchV"                         512      512 4.930560e+05   1.139503e+04    30.617 (   406      0)    16.057 (   219      0)
"euler_step_1"                       512      512 1.643520e+05   1.876626e+04    40.086 (   287      0)    34.887 (   404      0)
"euler_step_2"                       512      512 1.643520e+05   4.669581e+04    94.401 (   226      0)    86.022 (   464      0)
"nmm_bexchS_start"                   512      512 1.643520e+05   1.117036e+01     0.034 (   129      0)     0.013 (   404      0)
"biwksc_bexchV"                      512      512 1.643520e+05   4.069140e+03    10.545 (   350      0)     4.813 (    99      0)
"nmm_bexchS_fini"                    512      512 1.643520e+05   1.723689e+03     4.799 (   283      0)     2.126 (   430      0)
"qdp_tavg"                           512      512 1.643520e+05   3.243421e+03     7.423 (   464      0)     3.960 (   350      0)
"vertical_remap"                     512      512 5.478400e+04   6.066878e+03    12.107 (    42      0)    11.715 (   354      0)
"vertical_remap1_1"                  512      512 4.108800e+06   3.393312e+02     0.670 (   189      0)     0.657 (    96      0)
"remap_Q_ppm"                        512      512 1.232640e+07   5.972413e+03    11.891 (    42      0)    11.537 (   100      0)
"vertical_remap1_2"                  512      512 4.108800e+06   4.549565e+02     0.896 (   118      0)     0.882 (    96      0)
"vertical_remap1_3"                  512      512 4.108800e+06   5.189459e+03    10.354 (    42      0)    10.015 (   354      0)
"prim_run_subcyle_diags"             512      512 5.478400e+04   2.194284e+03     5.969 (   350      0)     3.646 (   464      0)
"t_prf"                                0        0 0.000000e+00   0.000000e+00     0.000 (     0      0)     0.000 (     0      0)

10940579
