LAST_GIT_COMMIT_SHA:STRING=adf77c97ed8425a245449f2582d2441f4b72da1e
10940590

***** GLOBAL STATISTICS (  9600 MPI TASKS) *****

$Id: gptl.c,v 1.157 2011-03-28 20:55:18 rosinski Exp $
'count' is cumulative. All other stats are max/min
name                           processes  threads        count      walltotal   wallmax (proc   thrd  )   wallmin (proc   thrd  )
"Total"                             9600     9600 9.600000e+03   2.420930e+06   252.228 (  8479      0)   252.144 (   484      0)
"prim_init1"                        9600     9600 9.600000e+03   1.053432e+04     1.135 (  2081      0)     1.054 (  5646      0)
"PartitioningTime"                  9600     9600 9.600000e+03   9.119784e+01     0.021 (  4542      0)     0.001 (  9433      0)
"repro_sum_int"                     9600     9600 4.320000e+05   4.898337e+03     2.011 (    31      0)     0.048 (  8657      0)
"prim_init2"                        9600     9600 9.600000e+03   7.769669e+03     2.326 (     8      0)     0.345 (  9341      0)
"prim_printstate"                   9600     9600 9.600000e+03   8.988988e+02     0.117 (  6088      0)     0.077 (  2390      0)
"interp_movie_output"               9600     9600 1.920000e+04   5.973959e+01     0.021 (  8856      0)     0.000 (  8342      0)
"prim_main_loop"                    9600     9600 9.600000e+03   2.360975e+06   245.960 (  7936      0)   245.903 (   524      0)
"prim_run"                          9600     9600 1.920000e+07   2.360918e+06   245.957 (  8518      0)   245.893 (   429      0)
"ApplyCAMForcing"                   9600     9600 1.920000e+07   1.798655e+04     2.382 (  7717      0)     1.492 (  9160      0)
"prim_step_rX"                      9600     9600 5.760000e+07   2.183153e+06   229.273 (  8372      0)   225.979 (  3546      0)
"prim_step_dyn"                     9600     9600 5.760000e+07   4.737438e+05    62.711 (  3275      0)    36.534 (  1728      0)
"prim_advance_exp"                  9600     9600 5.760000e+07   4.735516e+05    62.692 (  3275      0)    36.512 (  1728      0)
"U3-5stage_timestep"                9600     9600 5.760000e+07   2.618360e+05    42.760 (  5343      0)    16.470 (  4416      0)
"compute_and_apply_rhs"             9600     9600 2.880000e+08   2.606668e+05    42.599 (  5343      0)    16.349 (  4416      0)
"caar_bexchV"                       9600     9600 2.880000e+08   1.879515e+05    34.467 (  5343      0)     8.934 (  4416      0)
"advance_hypervis_dp"               9600     9600 5.760000e+07   2.115288e+05    28.814 (  8341      0)    17.041 (  1951      0)
"biwkdp3d_bexchV"                   9600     9600 1.728000e+08   7.124431e+04    12.711 (  8598      0)     4.632 (  4298      0)
"ahdp_bexchV2"                      9600     9600 1.728000e+08   7.156440e+04    12.933 (  3908      0)     4.742 (  1694      0)
"prim_step_advec"                   9600     9600 5.760000e+07   1.705094e+06   189.067 (  1728      0)   164.579 (  3275      0)
"PAT_remap"                         9600     9600 5.760000e+07   1.704968e+06   189.055 (  1728      0)   164.567 (  3275      0)
"prim_advec_tracers_remap_rk2"      9600     9600 5.760000e+07   1.704788e+06   189.039 (  1728      0)   164.546 (  3275      0)
"precomput_divdp"                   9600     9600 5.760000e+07   4.204258e+03     0.745 (  2149      0)     0.246 (  8416      0)
"euler_step_0"                      9600     9600 5.760000e+07   4.905936e+05    60.560 (  1920      0)    40.814 (  5341      0)
"bihmix_qminmax"                    9600     9600 1.728000e+08   7.809561e+05    93.362 (  4890      0)    69.771 (  7933      0)
"eus_neighbor_minmax1"              9600     9600 5.760000e+07   1.335416e+05    20.703 (  4890      0)     8.295 (  2135      0)
"nmm_bexchV"                        9600     9600 5.760000e+07   8.799624e+04    15.662 (  4890      0)     4.278 (  2135      0)
"eus_2d_advec"                      9600     9600 1.728000e+08   8.844858e+05   108.702 (  5224      0)    81.823 (  1098      0)
"eus_bexchV"                        9600     9600 1.728000e+08   3.680719e+05    56.033 (  5224      0)    27.394 (  8351      0)
"euler_step_1"                      9600     9600 5.760000e+07   3.353984e+05    38.690 (  8109      0)    30.731 (  5322      0)
"euler_step_2"                      9600     9600 5.760000e+07   8.407007e+05    94.976 (  1912      0)    81.598 (  4815      0)
"nmm_bexchS_start"                  9600     9600 5.760000e+07   3.410885e+03     0.472 (  1381      0)     0.242 (   151      0)
"biwksc_bexchV"                     9600     9600 5.760000e+07   1.684905e+05    23.935 (  5162      0)    11.221 (  8194      0)
"nmm_bexchS_fini"                   9600     9600 5.760000e+07   1.137360e+04     1.721 (  7488      0)     0.906 (  5260      0)
"qdp_tavg"                          9600     9600 5.760000e+07   3.321453e+04     3.954 (  3532      0)     3.220 (  9061      0)
"vertical_remap"                    9600     9600 1.920000e+07   1.123620e+05    12.284 (  1838      0)    11.456 (  4395      0)
"vertical_remap1_1"                 9600     9600 7.680000e+07   6.596381e+03     0.724 (  1838      0)     0.669 (  4395      0)
"remap_Q_ppm"                       9600     9600 2.304000e+08   1.103928e+05    12.053 (  1838      0)    11.269 (  4395      0)
"vertical_remap1_2"                 9600     9600 7.680000e+07   8.542001e+03     0.928 (  1838      0)     0.880 (  8041      0)
"vertical_remap1_3"                 9600     9600 7.680000e+07   9.549667e+04    10.431 (  1838      0)     9.742 (  4395      0)
"prim_run_subcyle_diags"            9600     9600 1.920000e+07   4.151941e+04     5.641 (  3546      0)     2.824 (  2996      0)
"t_prf"                                0        0 0.000000e+00   0.000000e+00     0.000 (     0      0)     0.000 (     0      0)

10940590
