LAST_GIT_COMMIT_SHA:STRING=4790f40f2fb6acbc051ce4c988681a628c18e83d

***** GLOBAL STATISTICS (   640 MPI TASKS) *****

$Id: gptl.c,v 1.157 2011-03-28 20:55:18 rosinski Exp $
'count' is cumulative. All other stats are max/min
name                               processes  threads        count      walltotal   wallmax (proc   thrd  )   wallmin (proc   thrd  )
Total                                    640      640 6.400000e+02   1.760317e+05   275.168 (   534      0)   274.850 (   232      0)
prim_init1                               640      640 6.400000e+02   4.511061e+02     0.708 (   443      0)     0.688 (   529      0)
repro_sum_int                            640      640 2.880000e+04   3.629154e+01     0.220 (   606      0)     0.009 (    63      0)
prim_init2                               640      640 6.400000e+02   4.276629e+02     0.831 (   604      0)     0.619 (    34      0)
prim_printstate                          640      640 6.400000e+02   4.095443e+01     0.067 (     0      0)     0.064 (   383      0)
interp_movie_output                      640      640 1.280000e+03   1.913698e-01     0.000 (   442      0)     0.000 (   182      0)
prim_main_loop                           640      640 6.400000e+02   1.720955e+05   269.018 (   534      0)   268.700 (   232      0)
prim_run                                 640      640 4.288000e+04   1.720951e+05   269.017 (   534      0)   268.699 (   232      0)
tl-sc prim_run_subcycle_c                640      640 4.288000e+04   1.720329e+05   268.899 (   534      0)   268.660 (   232      0)
tl-sc dp3d-from-ps                       640      640 4.288000e+04   1.533723e+01     0.038 (   514      0)     0.019 (   589      0)
tl-sc prim_step-loop                     640      640 4.288000e+04   1.618016e+05   253.296 (   437      0)   252.102 (   451      0)
tl-s prim_step                           640      640 1.286400e+05   1.618012e+05   253.295 (   437      0)   252.101 (   451      0)
tl-s deep_copy+derived_dp                640      640 1.286400e+05   2.918446e+02     0.704 (   526      0)     0.264 (    37      0)
tl-s prim_advance_exp-loop               640      640 1.286400e+05   3.313965e+04    70.839 (   551      0)    38.308 (   381      0)
tl-ae prim_advance_exp                   640      640 1.286400e+05   3.313886e+04    70.838 (   551      0)    38.307 (   381      0)
tl-ae U3-5stage_timestep                 640      640 1.286400e+05   1.729188e+04    47.197 (   551      0)    15.589 (    37      0)
caar compute                             640      640 6.432000e+05   5.105212e+03     9.289 (   522      0)     7.260 (   426      0)
caar_bexchV                              640      640 6.432000e+05   1.192863e+04    39.470 (   551      0)     7.290 (    37      0)
tl-ae advance_hypervis_dp                640      640 1.286400e+05   1.584540e+04    28.991 (   299      0)    22.248 (   605      0)
hvf-bhwk                                 640      640 3.859200e+05   8.654635e+03    17.607 (   295      0)    11.380 (    38      0)
hvf-bexch                                640      640 7.718400e+05   9.793269e+03    20.708 (   299      0)    11.849 (   323      0)
tl-s prim_advec_tracers_remap            640      640 1.286400e+05   1.283680e+05   214.455 (   381      0)   181.343 (    58      0)
tl-at prim_advec_tracers_remap_RK2       640      640 1.286400e+05   1.283672e+05   214.454 (   381      0)   181.342 (    58      0)
tl-at precompute_divdp                   640      640 1.286400e+05   2.578855e+02     0.547 (   341      0)     0.248 (   219      0)
tl-at esf-0                              640      640 1.286400e+05   3.593144e+04    62.777 (    34      0)    52.059 (    79      0)
tl-at esf-1                              640      640 1.286400e+05   2.771456e+04    49.188 (   418      0)    40.155 (    71      0)
tl-at esf-2                              640      640 1.286400e+05   6.114976e+04   107.133 (   534      0)    79.788 (   126      0)
tl-at qdp_time_avg                       640      640 1.286400e+05   3.308712e+03     7.414 (   528      0)     3.809 (   621      0)
tl-sc vertical_remap                     640      640 4.288000e+04   8.749780e+03    14.433 (   123      0)    13.238 (   437      0)
Remap Thickness Functor                  640      640 4.288000e+04   7.562291e+01     0.154 (   450      0)     0.093 (   420      0)
Remap Scale States Functor               640      640 4.288000e+04   5.446284e+01     0.141 (   450      0)     0.038 (   420      0)
Remap Compute Grids Functor              640      640 4.288000e+04   4.841039e+02     1.237 (   521      0)     0.491 (   420      0)
Remap Compute Remap Functor              640      640 4.288000e+04   8.068406e+03    13.151 (    23      0)    12.217 (   463      0)
Remap Rescale States Functor             640      640 4.288000e+04   6.158027e+01     0.120 (   534      0)     0.092 (   452      0)
tl-sc Q-from-qdp                         640      640 4.288000e+04   1.465664e+03     2.638 (   516      0)     2.150 (    79      0)
t_prf                                      0        0 0.000000e+00   0.000000e+00     0.000 (     0      0)     0.000 (     0      0)

