LAST_GIT_COMMIT_SHA:STRING=adf77c97ed8425a245449f2582d2441f4b72da1e
10940553

***** GLOBAL STATISTICS (    32 MPI TASKS) *****

$Id: gptl.c,v 1.157 2011-03-28 20:55:18 rosinski Exp $
'count' is cumulative. All other stats are max/min
name                           processes  threads        count      walltotal   wallmax (proc   thrd  )   wallmin (proc   thrd  )
"Total"                               32       32 3.200000e+01   1.077651e+04   336.800 (    25      0)   336.645 (    16      0)
"prim_init1"                          32       32 3.200000e+01   3.569075e+01     1.116 (     5      0)     1.111 (    18      0)
"PartitioningTime"                    32       32 3.200000e+01   7.127547e-02     0.002 (    29      0)     0.002 (     0      0)
"repro_sum_int"                       32       32 1.440000e+03   1.148922e-01     0.004 (    20      0)     0.003 (     0      0)
"prim_init2"                          32       32 3.200000e+01   4.412437e+01     1.382 (     0      0)     1.379 (     3      0)
"prim_printstate"                     32       32 3.200000e+01   8.810661e+00     0.279 (     0      0)     0.275 (    16      0)
"interp_movie_output"                 32       32 6.400000e+01   1.068783e-02     0.000 (     4      0)     0.000 (    27      0)
"prim_main_loop"                      32       32 3.200000e+01   1.064873e+04   332.807 (    25      0)   332.652 (    16      0)
"prim_run"                            32       32 4.480000e+02   1.064873e+04   332.807 (    25      0)   332.651 (    16      0)
"ApplyCAMForcing"                     32       32 4.480000e+02   1.890699e+02     5.950 (    30      0)     5.870 (    17      0)
"prim_step_rX"                        32       32 1.344000e+03   9.736937e+03   304.723 (     8      0)   303.913 (     0      0)
"prim_step_dyn"                       32       32 1.344000e+03   1.676536e+03    53.276 (     8      0)    51.531 (     0      0)
"prim_advance_exp"                    32       32 1.344000e+03   1.676523e+03    53.275 (     8      0)    51.530 (     0      0)
"U3-5stage_timestep"                  32       32 1.344000e+03   8.094596e+02    26.233 (     8      0)    24.421 (     0      0)
"compute_and_apply_rhs"               32       32 6.720000e+03   7.790339e+02    25.271 (     8      0)    23.483 (     0      0)
"caar_bexchV"                         32       32 6.720000e+03   1.657079e+02     5.843 (     8      0)     4.416 (     0      0)
"advance_hypervis_dp"                 32       32 1.344000e+03   8.670436e+02    27.159 (    19      0)    27.031 (    29      0)
"biwkdp3d_bexchV"                     32       32 4.032000e+03   9.026464e+01     2.991 (    15      0)     2.640 (     0      0)
"ahdp_bexchV2"                        32       32 4.032000e+03   9.716369e+01     3.204 (    22      0)     2.834 (     0      0)
"prim_step_advec"                     32       32 1.344000e+03   8.023014e+03   251.421 (     0      0)   250.208 (    20      0)
"PAT_remap"                           32       32 1.344000e+03   8.023009e+03   251.421 (     0      0)   250.208 (    20      0)
"prim_advec_tracers_remap_rk2"        32       32 1.344000e+03   8.022998e+03   251.421 (     0      0)   250.207 (    20      0)
"precomput_divdp"                     32       32 1.344000e+03   1.792120e+01     0.581 (    31      0)     0.547 (    16      0)
"euler_step_0"                        32       32 1.344000e+03   2.221819e+03    69.878 (     0      0)    68.866 (    19      0)
"bihmix_qminmax"                      32       32 4.032000e+03   3.867177e+03   121.139 (     1      0)   120.436 (    23      0)
"eus_neighbor_minmax1"                32       32 1.344000e+03   5.793818e+02    18.248 (    21      0)    18.001 (    20      0)
"nmm_bexchV"                          32       32 1.344000e+03   2.422973e+02     7.789 (    12      0)     7.442 (    22      0)
"eus_2d_advec"                        32       32 4.032000e+03   3.832495e+03   120.618 (    13      0)   119.154 (     8      0)
"eus_bexchV"                          32       32 4.032000e+03   9.258073e+02    31.255 (    14      0)    27.453 (    30      0)
"euler_step_1"                        32       32 1.344000e+03   1.566852e+03    49.289 (     3      0)    48.747 (    19      0)
"euler_step_2"                        32       32 1.344000e+03   3.911072e+03   122.801 (     1      0)   121.795 (    26      0)
"nmm_bexchS_start"                    32       32 1.344000e+03   6.511045e-02     0.002 (    19      0)     0.002 (     5      0)
"biwksc_bexchV"                       32       32 1.344000e+03   3.131108e+02    10.160 (     1      0)     9.438 (     0      0)
"nmm_bexchS_fini"                     32       32 1.344000e+03   2.128042e+02     6.766 (    15      0)     6.382 (     0      0)
"qdp_tavg"                            32       32 1.344000e+03   3.052919e+02     9.671 (    30      0)     9.355 (    14      0)
"vertical_remap"                      32       32 4.480000e+02   5.090085e+02    15.990 (    22      0)    15.791 (    14      0)
"vertical_remap1_1"                   32       32 3.440640e+05   2.850635e+01     0.895 (    25      0)     0.886 (    14      0)
"remap_Q_ppm"                         32       32 1.032192e+06   5.014341e+02    15.753 (    22      0)    15.556 (    14      0)
"vertical_remap1_2"                   32       32 3.440640e+05   3.826660e+01     1.202 (    22      0)     1.189 (     6      0)
"vertical_remap1_3"                   32       32 3.440640e+05   4.355626e+02    13.686 (    22      0)    13.508 (     6      0)
"prim_run_subcyle_diags"              32       32 4.480000e+02   1.694173e+02     5.546 (     0      0)     5.162 (     8      0)
"t_prf"                                0        0 0.000000e+00   0.000000e+00     0.000 (     0      0)     0.000 (     0      0)

10940553
