LAST_GIT_COMMIT_SHA:STRING=4790f40f2fb6acbc051ce4c988681a628c18e83d

***** GLOBAL STATISTICS (    96 MPI TASKS) *****

$Id: gptl.c,v 1.157 2011-03-28 20:55:18 rosinski Exp $
'count' is cumulative. All other stats are max/min
name                               processes  threads        count      walltotal   wallmax (proc   thrd  )   wallmin (proc   thrd  )
Total                                     96       96 9.600000e+01   2.822054e+04   294.001 (    64      0)   293.897 (    41      0)
prim_init1                                96       96 9.600000e+01   3.299954e+01     0.345 (    65      0)     0.340 (     9      0)
repro_sum_int                             96       96 4.320000e+03   8.389912e-01     0.014 (    12      0)     0.005 (    32      0)
prim_init2                                96       96 9.600000e+01   1.116398e+02     1.172 (    17      0)     1.158 (    41      0)
prim_printstate                           96       96 9.600000e+01   1.080445e+01     0.115 (     0      0)     0.112 (     2      0)
interp_movie_output                       96       96 1.920000e+02   1.487350e-02     0.000 (    22      0)     0.000 (    11      0)
prim_main_loop                            96       96 9.600000e+01   2.795862e+04   291.273 (    64      0)   291.169 (    41      0)
prim_run                                  96       96 3.840000e+03   2.795859e+04   291.272 (    64      0)   291.169 (    41      0)
tl-sc prim_run_subcycle_c                 96       96 3.840000e+03   2.793473e+04   291.021 (    64      0)   290.921 (    41      0)
tl-sc dp3d-from-ps                        96       96 3.840000e+03   4.237349e+00     0.070 (    91      0)     0.026 (    33      0)
tl-sc prim_step-loop                      96       96 3.840000e+03   2.613657e+04   272.782 (    49      0)   271.872 (    42      0)
tl-s prim_step                            96       96 1.152000e+04   2.613652e+04   272.782 (    49      0)   271.871 (    42      0)
tl-s deep_copy+derived_dp                 96       96 1.152000e+04   7.331142e+01     0.945 (    65      0)     0.479 (    63      0)
tl-s prim_advance_exp-loop                96       96 1.152000e+04   4.848868e+03    56.233 (    41      0)    47.477 (    88      0)
tl-ae prim_advance_exp                    96       96 1.152000e+04   4.848787e+03    56.232 (    41      0)    47.476 (    88      0)
tl-ae U3-5stage_timestep                  96       96 1.152000e+04   2.319694e+03    30.479 (    41      0)    21.046 (    70      0)
caar compute                              96       96 5.760000e+04   9.249382e+02    10.957 (    74      0)     8.639 (    49      0)
caar_bexchV                               96       96 5.760000e+04   1.340671e+03    20.446 (    41      0)     9.846 (    70      0)
tl-ae advance_hypervis_dp                 96       96 1.152000e+04   2.528932e+03    27.209 (     4      0)    25.622 (    38      0)
hvf-bhwk                                  96       96 3.456000e+04   1.340086e+03    15.928 (    14      0)    12.667 (    88      0)
hvf-bexch                                 96       96 6.912000e+04   1.397327e+03    16.346 (     8      0)    12.590 (    86      0)
tl-s prim_advec_tracers_remap             96       96 1.152000e+04   2.121415e+04   224.194 (    88      0)   214.824 (    41      0)
tl-at prim_advec_tracers_remap_RK2        96       96 1.152000e+04   2.121407e+04   224.193 (    88      0)   214.823 (    41      0)
tl-at precompute_divdp                    96       96 1.152000e+04   4.801987e+01     0.626 (    50      0)     0.268 (    15      0)
tl-at esf-0                               96       96 1.152000e+04   6.022909e+03    63.898 (    68      0)    60.776 (    41      0)
tl-at esf-1                               96       96 1.152000e+04   4.641462e+03    49.995 (    18      0)    47.247 (    53      0)
tl-at esf-2                               96       96 1.152000e+04   9.683984e+03   103.555 (    93      0)    96.812 (    43      0)
tl-at qdp_time_avg                        96       96 1.152000e+04   8.171927e+02     9.256 (    64      0)     6.486 (    59      0)
tl-sc vertical_remap                      96       96 3.840000e+03   1.499277e+03    16.381 (    41      0)    15.145 (    49      0)
Remap Thickness Functor                   96       96 3.840000e+03   1.480825e+01     0.189 (    41      0)     0.112 (    31      0)
Remap Scale States Functor                96       96 3.840000e+03   1.226721e+01     0.184 (    41      0)     0.063 (    28      0)
Remap Compute Grids Functor               96       96 3.840000e+03   8.934414e+01     1.478 (    41      0)     0.582 (    28      0)
Remap Compute Remap Functor               96       96 3.840000e+03   1.368688e+03    14.391 (    41      0)    14.165 (    72      0)
Remap Rescale States Functor              96       96 3.840000e+03   1.182910e+01     0.164 (    91      0)     0.104 (    41      0)
tl-sc Q-from-qdp                          96       96 3.840000e+03   2.945692e+02     3.250 (    64      0)     2.610 (    41      0)
t_prf                                      0        0 0.000000e+00   0.000000e+00     0.000 (     0      0)     0.000 (     0      0)

