LAST_GIT_COMMIT_SHA:STRING=adf77c97ed8425a245449f2582d2441f4b72da1e
10940592

***** GLOBAL STATISTICS ( 19200 MPI TASKS) *****

$Id: gptl.c,v 1.157 2011-03-28 20:55:18 rosinski Exp $
'count' is cumulative. All other stats are max/min
name                           processes  threads        count      walltotal   wallmax (proc   thrd  )   wallmin (proc   thrd  )
"Total"                            19200    19200 1.920000e+04   4.753357e+06   247.649 ( 16628      0)   247.526 (  9892      0)
"prim_init1"                       19200    19200 1.920000e+04   3.392550e+04     1.867 ( 16611      0)     1.619 ( 11282      0)
"PartitioningTime"                 19200    19200 1.920000e+04   3.400204e+02     0.038 (  6320      0)     0.001 (  4787      0)
"repro_sum_int"                    19200    19200 8.640000e+05   6.579408e+03     1.368 ( 11266      0)     0.082 (  6773      0)
"prim_init2"                       19200    19200 1.920000e+04   1.275075e+04     1.653 (     6      0)     0.371 (  5987      0)
"prim_printstate"                  19200    19200 1.920000e+04   1.659605e+03     0.123 (  3396      0)     0.061 ( 16817      0)
"interp_movie_output"              19200    19200 3.840000e+04   1.875872e+02     0.036 (  2704      0)     0.000 (  9300      0)
"prim_main_loop"                   19200    19200 1.920000e+04   4.628977e+06   241.119 ( 14933      0)   241.060 (  8996      0)
"prim_run"                         19200    19200 7.680000e+07   4.628762e+06   241.115 ( 14933      0)   241.045 ( 18064      0)
"ApplyCAMForcing"                  19200    19200 7.680000e+07   2.856193e+04     1.653 (   320      0)     1.424 (  2543      0)
"prim_step_rX"                     19200    19200 2.304000e+08   4.309365e+06   225.132 ( 15497      0)   222.496 (   346      0)
"prim_step_dyn"                    19200    19200 2.304000e+08   1.064588e+06    75.051 ( 19140      0)    38.833 (  6232      0)
"prim_advance_exp"                 19200    19200 2.304000e+08   1.063978e+06    75.019 ( 19140      0)    38.801 (  6232      0)
"U3-5stage_timestep"               19200    19200 2.304000e+08   5.910122e+05    50.342 ( 11333      0)    18.824 (  7850      0)
"compute_and_apply_rhs"            19200    19200 1.152000e+09   5.883460e+05    50.201 ( 11333      0)    18.682 (  7850      0)
"caar_bexchV"                      19200    19200 1.152000e+09   4.480311e+05    42.502 ( 11333      0)    11.474 (  7850      0)
"advance_hypervis_dp"              19200    19200 2.304000e+08   4.723468e+05    30.227 ( 12165      0)    18.601 (  6223      0)
"biwkdp3d_bexchV"                  19200    19200 6.912000e+08   1.690894e+05    12.367 ( 12175      0)     5.561 (  6222      0)
"ahdp_bexchV2"                     19200    19200 6.912000e+08   1.687505e+05    12.205 ( 15096      0)     5.662 (  6216      0)
"prim_step_advec"                  19200    19200 2.304000e+08   3.236659e+06   184.145 (  6232      0)   149.174 ( 19140      0)
"PAT_remap"                        19200    19200 2.304000e+08   3.236264e+06   184.121 (  6232      0)   149.154 ( 19140      0)
"prim_advec_tracers_remap_rk2"     19200    19200 2.304000e+08   3.235605e+06   184.086 (  6232      0)   149.127 ( 19140      0)
"precomput_divdp"                  19200    19200 2.304000e+08   7.290103e+03     0.587 (  7392      0)     0.258 ( 18011      0)
"euler_step_0"                     19200    19200 2.304000e+08   9.456439e+05    60.673 (  7421      0)    37.317 ( 14106      0)
"bihmix_qminmax"                   19200    19200 6.912000e+08   1.519440e+06    95.625 (  7421      0)    65.745 ( 14822      0)
"eus_neighbor_minmax1"             19200    19200 2.304000e+08   2.884103e+05    23.380 (  6250      0)     8.342 ( 14979      0)
"nmm_bexchV"                       19200    19200 2.304000e+08   2.023000e+05    18.266 (  6250      0)     4.430 ( 14979      0)
"eus_2d_advec"                     19200    19200 6.912000e+08   1.640243e+06   106.810 (  7395      0)    72.142 ( 19186      0)
"eus_bexchV"                       19200    19200 6.912000e+08   7.978439e+05    63.290 (  7395      0)    29.026 ( 17224      0)
"euler_step_1"                     19200    19200 2.304000e+08   5.660939e+05    33.911 (  7855      0)    25.167 ( 19180      0)
"euler_step_2"                     19200    19200 2.304000e+08   1.650896e+06    94.353 ( 14257      0)    76.639 (  3053      0)
"nmm_bexchS_start"                 19200    19200 2.304000e+08   9.571411e+03     0.882 (  7904      0)     0.213 ( 14939      0)
"biwksc_bexchV"                    19200    19200 2.304000e+08   4.013525e+05    29.283 (  3157      0)    13.227 ( 15217      0)
"nmm_bexchS_fini"                  19200    19200 2.304000e+08   7.884825e+03     0.546 (  5293      0)     0.358 ( 16783      0)
"qdp_tavg"                         19200    19200 2.304000e+08   6.372155e+04     3.617 (   350      0)     3.221 (  1462      0)
"vertical_remap"                   19200    19200 7.680000e+07   2.242964e+05    12.580 (   324      0)    11.469 ( 15752      0)
"vertical_remap1_1"                19200    19200 1.536000e+08   1.368669e+04     0.788 (   324      0)     0.676 (  7253      0)
"remap_Q_ppm"                      19200    19200 4.608000e+08   2.200907e+05    12.313 (   324      0)    11.263 (  8919      0)
"vertical_remap1_2"                19200    19200 1.536000e+08   1.714802e+04     0.962 (   324      0)     0.880 ( 15752      0)
"vertical_remap1_3"                19200    19200 1.536000e+08   1.898933e+05    10.613 (   324      0)     9.726 (  8919      0)
"prim_run_subcyle_diags"           19200    19200 7.680000e+07   5.533945e+04     3.969 (   320      0)     2.321 ( 14959      0)
"t_prf"                                0        0 0.000000e+00   0.000000e+00     0.000 (     0      0)     0.000 (     0      0)

10940592
