LAST_GIT_COMMIT_SHA:STRING=4790f40f2fb6acbc051ce4c988681a628c18e83d

***** GLOBAL STATISTICS (  3840 MPI TASKS) *****

$Id: gptl.c,v 1.157 2011-03-28 20:55:18 rosinski Exp $
'count' is cumulative. All other stats are max/min
name                               processes  threads        count      walltotal   wallmax (proc   thrd  )   wallmin (proc   thrd  )
Total                                   3840     3840 3.840000e+03   9.157872e+05   238.505 (     0      0)   238.459 (  1729      0)
prim_init1                              3840     3840 3.840000e+03   3.019195e+03     0.821 (   487      0)     0.745 (  3231      0)
repro_sum_int                           3840     3840 1.728000e+05   7.402387e+02     0.461 (    30      0)     0.043 (  1236      0)
prim_init2                              3840     3840 3.840000e+03   1.956178e+03     0.743 (    31      0)     0.343 (   393      0)
prim_printstate                         3840     3840 3.840000e+03   2.446346e+02     0.074 (  1052      0)     0.055 (   402      0)
interp_movie_output                     3840     3840 7.680000e+03   9.451751e+00     0.005 (  1547      0)     0.002 (  2028      0)
prim_main_loop                          3840     3840 3.840000e+03   9.000361e+05   234.392 (  1200      0)   234.369 (  1729      0)
prim_run                                3840     3840 3.072000e+06   9.000186e+05   234.389 (  1187      0)   234.363 (  2699      0)
tl-sc prim_run_subcycle_c               3840     3840 3.072000e+06   8.999539e+05   234.374 (   753      0)   234.346 (  1630      0)
tl-sc dp3d-from-ps                      3840     3840 3.072000e+06   1.107745e+02     0.046 (  1773      0)     0.019 (   226      0)
tl-sc prim_step-loop                    3840     3840 3.072000e+06   8.451919e+05   220.561 (   207      0)   219.446 (   361      0)
tl-s prim_step                          3840     3840 9.216000e+06   8.451673e+05   220.557 (   207      0)   219.437 (   361      0)
tl-s deep_copy+derived_dp               3840     3840 9.216000e+06   1.863877e+03     0.683 (  3623      0)     0.262 (  1149      0)
tl-s prim_advance_exp-loop              3840     3840 9.216000e+06   1.144190e+05    37.810 (  1994      0)    21.448 (  1158      0)
tl-ae prim_advance_exp                  3840     3840 9.216000e+06   1.143766e+05    37.801 (  1994      0)    21.438 (  1158      0)
tl-ae U3-5stage_timestep                3840     3840 9.216000e+06   6.532319e+04    25.986 (   251      0)    10.469 (  1158      0)
caar compute                            3840     3840 4.608000e+07   2.317048e+04     6.662 (  3222      0)     5.520 (  2289      0)
caar_bexchV                             3840     3840 4.608000e+07   4.128929e+04    19.656 (  1994      0)     4.674 (  1158      0)
tl-ae advance_hypervis_dp               3840     3840 9.216000e+06   4.901782e+04    16.679 (  3235      0)    10.105 (   206      0)
hvf-bhwk                                3840     3840 2.764800e+07   2.930964e+04    10.443 (  3624      0)     6.287 (  3350      0)
hvf-bexch                               3840     3840 5.529600e+07   2.867864e+04    11.200 (  3235      0)     4.876 (   206      0)
tl-s prim_advec_tracers_remap           3840     3840 9.216000e+06   7.288244e+05   198.711 (  1158      0)   181.669 (   784      0)
tl-at prim_advec_tracers_remap_RK2      3840     3840 9.216000e+06   7.287842e+05   198.703 (  1158      0)   181.658 (   784      0)
tl-at precompute_divdp                  3840     3840 9.216000e+06   1.220872e+03     0.468 (  1271      0)     0.170 (  3626      0)
tl-at esf-0                             3840     3840 9.216000e+06   2.150181e+05    61.956 (  1190      0)    48.515 (  3221      0)
tl-at esf-1                             3840     3840 9.216000e+06   1.573107e+05    43.523 (  3074      0)    39.376 (   179      0)
tl-at esf-2                             3840     3840 9.216000e+06   3.359168e+05    99.089 (  1156      0)    81.070 (   787      0)
tl-at qdp_time_avg                      3840     3840 9.216000e+06   1.907439e+04     6.292 (  3751      0)     3.477 (  1149      0)
tl-sc vertical_remap                    3840     3840 3.072000e+06   4.691604e+04    12.838 (   361      0)    11.829 (  3063      0)
Remap Thickness Functor                 3840     3840 3.072000e+06   5.311552e+02     0.183 (  3093      0)     0.095 (  3417      0)
Remap Scale States Functor              3840     3840 3.072000e+06   2.995179e+02     0.121 (  2453      0)     0.037 (   228      0)
Remap Compute Grids Functor             3840     3840 3.072000e+06   2.724539e+03     1.067 (   277      0)     0.454 (   228      0)
Remap Compute Remap Functor             3840     3840 3.072000e+06   4.289469e+04    11.567 (  3590      0)    11.046 (   656      0)
Remap Rescale States Functor            3840     3840 3.072000e+06   3.439850e+02     0.113 (  3389      0)     0.082 (  3818      0)
tl-sc Q-from-qdp                        3840     3840 3.072000e+06   7.701725e+03     2.238 (  3616      0)     1.843 (  3403      0)
t_prf                                      0        0 0.000000e+00   0.000000e+00     0.000 (     0      0)     0.000 (     0      0)

