LAST_GIT_COMMIT_SHA:STRING=4790f40f2fb6acbc051ce4c988681a628c18e83d

***** GLOBAL STATISTICS ( 43200 MPI TASKS) *****

$Id: gptl.c,v 1.157 2011-03-28 20:55:18 rosinski Exp $
'count' is cumulative. All other stats are max/min
name                               processes  threads        count      walltotal   wallmax (proc   thrd  )   wallmin (proc   thrd  )
Total                                  43200    43200 4.320000e+04   1.295728e+07   300.141 (  1121      0)   299.758 ( 31039      0)
prim_init1                             43200    43200 4.320000e+04   2.844959e+05     6.804 (  1143      0)     6.337 ( 39371      0)
repro_sum_int                          43200    43200 1.944000e+06   3.273313e+04     5.949 (    13      0)     0.118 ( 37003      0)
prim_init2                             43200    43200 4.320000e+04   1.444698e+05     8.418 (    15      0)     2.469 (  9054      0)
prim_printstate                        43200    43200 4.320000e+04   1.292179e+04     0.374 ( 41530      0)     0.234 ( 23313      0)
interp_movie_output                    43200    43200 8.640000e+04   5.012254e+02     0.058 ( 32515      0)     0.005 (  3843      0)
prim_main_loop                         43200    43200 4.320000e+04   1.206975e+07   279.473 (   616      0)   279.248 ( 42848      0)
prim_run                               43200    43200 1.944000e+08   1.206852e+07   279.463 (   612      0)   279.236 ( 28716      0)
tl-sc prim_run_subcycle_c              43200    43200 1.944000e+08   1.206398e+07   279.328 (   639      0)   279.148 ( 41279      0)
tl-sc dp3d-from-ps                     43200    43200 1.944000e+08   1.884433e+03     0.125 ( 13472      0)     0.026 (  2126      0)
tl-sc prim_step-loop                   43200    43200 1.944000e+08   1.138241e+07   264.068 ( 32331      0)   262.463 ( 22262      0)
tl-s prim_step                         43200    43200 5.832000e+08   1.138152e+07   264.050 ( 32331      0)   262.440 ( 22262      0)
tl-s deep_copy+derived_dp              43200    43200 5.832000e+08   2.300562e+04     0.763 ( 10564      0)     0.390 (  7456      0)
tl-s prim_advance_exp-loop             43200    43200 5.832000e+08   3.363176e+06    98.835 ( 27194      0)    47.460 ( 17376      0)
tl-ae prim_advance_exp                 43200    43200 5.832000e+08   3.361240e+06    98.805 ( 27194      0)    47.427 ( 17376      0)
tl-ae U3-5stage_timestep               43200    43200 5.832000e+08   1.675078e+06    59.039 ( 41627      0)    23.641 (   202      0)
caar compute                           43200    43200 2.916000e+09   2.840419e+05     7.216 ( 17338      0)     6.223 ( 12297      0)
caar_bexchV                            43200    43200 2.916000e+09   1.375812e+06    51.888 ( 41627      0)    16.539 ( 17376      0)
tl-ae advance_hypervis_dp              43200    43200 5.832000e+08   1.684691e+06    56.415 ( 11158      0)    23.387 ( 17332      0)
hvf-bhwk                               43200    43200 1.749600e+09   9.083603e+05    34.611 (  3781      0)    13.244 ( 17483      0)
hvf-bexch                              43200    43200 3.499200e+09   1.415359e+06    49.908 ( 11158      0)    16.938 ( 17332      0)
tl-s prim_advec_tracers_remap          43200    43200 5.832000e+08   7.992575e+06   215.421 ( 17376      0)   163.809 ( 27194      0)
tl-at prim_advec_tracers_remap_RK2     43200    43200 5.832000e+08   7.991080e+06   215.389 ( 17376      0)   163.771 ( 27194      0)
tl-at precompute_divdp                 43200    43200 5.832000e+08   1.447056e+04     0.613 (  7423      0)     0.204 (  7186      0)
tl-at esf-0                            43200    43200 5.832000e+08   2.340124e+06    68.177 ( 17409      0)    46.039 (  7216      0)
tl-at esf-1                            43200    43200 5.832000e+08   1.420069e+06    40.649 ( 11140      0)    28.843 (  3785      0)
tl-at esf-2                            43200    43200 5.832000e+08   4.044859e+06   111.678 ( 29071      0)    77.020 ( 26925      0)
tl-at qdp_time_avg                     43200    43200 5.832000e+08   1.648687e+05     4.170 ( 13122      0)     3.632 ( 42037      0)
tl-sc vertical_remap                   43200    43200 1.944000e+08   5.914155e+05    14.621 ( 39978      0)    13.113 ( 18293      0)
Remap Thickness Functor                43200    43200 1.944000e+08   9.474050e+03     0.387 (  6030      0)     0.133 ( 19617      0)
Remap Scale States Functor             43200    43200 1.944000e+08   4.182201e+03     0.210 (  6938      0)     0.053 (   938      0)
Remap Compute Grids Functor            43200    43200 1.944000e+08   2.655349e+04     0.790 ( 17402      0)     0.504 ( 30935      0)
Remap Compute Remap Functor            43200    43200 1.944000e+08   5.374856e+05    13.281 ( 13044      0)    11.948 ( 31279      0)
Remap Rescale States Functor           43200    43200 1.944000e+08   4.160522e+03     0.104 (   320      0)     0.094 ( 39406      0)
tl-sc Q-from-qdp                       43200    43200 1.944000e+08   8.727914e+04     2.186 (   320      0)     2.004 ( 31760      0)
t_prf                                      0        0 0.000000e+00   0.000000e+00     0.000 (     0      0)     0.000 (     0      0)

