LAST_GIT_COMMIT_SHA:STRING=adf77c97ed8425a245449f2582d2441f4b72da1e
10940605

***** GLOBAL STATISTICS (   576 MPI TASKS) *****

$Id: gptl.c,v 1.157 2011-03-28 20:55:18 rosinski Exp $
'count' is cumulative. All other stats are max/min
name                           processes  threads        count      walltotal   wallmax (proc   thrd  )   wallmin (proc   thrd  )
"Total"                              576      576 5.760000e+02   1.665007e+05   289.158 (    79      0)   288.957 (   531      0)
"prim_init1"                         576      576 5.760000e+02   5.331672e+02     0.940 (   315      0)     0.908 (   374      0)
"PartitioningTime"                   576      576 5.760000e+02   3.426484e+00     0.008 (   341      0)     0.003 (    19      0)
"repro_sum_int"                      576      576 2.592000e+04   3.397846e+01     0.108 (   527      0)     0.027 (   290      0)
"prim_init2"                         576      576 5.760000e+02   2.144006e+02     0.395 (   381      0)     0.350 (   290      0)
"prim_printstate"                    576      576 5.760000e+02   4.604697e+01     0.088 (   441      0)     0.063 (   170      0)
"interp_movie_output"                576      576 1.152000e+03   2.065871e-01     0.002 (   189      0)     0.000 (   132      0)
"prim_main_loop"                     576      576 5.760000e+02   1.629388e+05   282.973 (    79      0)   282.782 (   531      0)
"prim_run"                           576      576 3.456000e+04   1.629386e+05   282.973 (    79      0)   282.782 (   531      0)
"ApplyCAMForcing"                    576      576 3.456000e+04   2.454490e+03     4.963 (   386      0)     2.517 (   129      0)
"prim_step_rX"                       576      576 1.036800e+05   1.495902e+05   261.960 (   147      0)   258.661 (   130      0)
"prim_step_dyn"                      576      576 1.036800e+05   2.915389e+04    60.901 (   147      0)    43.386 (    79      0)
"prim_advance_exp"                   576      576 1.036800e+05   2.915301e+04    60.900 (   147      0)    43.385 (    79      0)
"U3-5stage_timestep"                 576      576 1.036800e+05   1.441456e+04    36.455 (   531      0)    19.629 (    34      0)
"compute_and_apply_rhs"              576      576 5.184000e+05   1.418472e+04    36.068 (   531      0)    19.279 (    79      0)
"caar_bexchV"                        576      576 5.184000e+05   6.994850e+03    23.625 (   529      0)     4.655 (    79      0)
"advance_hypervis_dp"                576      576 1.036800e+05   1.473724e+04    29.717 (   468      0)    22.387 (   340      0)
"biwkdp3d_bexchV"                    576      576 3.110400e+05   3.600806e+03    11.647 (   109      0)     2.717 (    95      0)
"ahdp_bexchV2"                       576      576 3.110400e+05   3.712555e+03    11.157 (   196      0)     2.993 (    79      0)
"prim_step_advec"                    576      576 1.036800e+05   1.199784e+05   215.149 (    79      0)   200.171 (   147      0)
"PAT_remap"                          576      576 1.036800e+05   1.199780e+05   215.148 (    79      0)   200.170 (   147      0)
"prim_advec_tracers_remap_rk2"       576      576 1.036800e+05   1.199763e+05   215.147 (    79      0)   200.169 (   147      0)
"precomput_divdp"                    576      576 1.036800e+05   2.629469e+02     0.582 (   544      0)     0.247 (   160      0)
"euler_step_0"                       576      576 1.036800e+05   3.294444e+04    60.105 (   160      0)    54.122 (   402      0)
"bihmix_qminmax"                     576      576 3.110400e+05   5.691975e+04   104.011 (   474      0)    91.480 (   449      0)
"eus_neighbor_minmax1"               576      576 1.036800e+05   8.681514e+03    19.019 (   473      0)    12.373 (   451      0)
"nmm_bexchV"                         576      576 1.036800e+05   3.818978e+03    11.157 (   473      0)     4.590 (   402      0)
"eus_2d_advec"                       576      576 3.110400e+05   5.868596e+04   110.920 (   130      0)    92.123 (   532      0)
"eus_bexchV"                         576      576 3.110400e+05   1.386077e+04    33.173 (   133      0)    17.450 (   416      0)
"euler_step_1"                       576      576 1.036800e+05   2.361342e+04    43.224 (   202      0)    38.680 (   537      0)
"euler_step_2"                       576      576 1.036800e+05   5.905848e+04   108.308 (    79      0)    95.706 (   147      0)
"nmm_bexchS_start"                   576      576 1.036800e+05   6.862842e+00     0.020 (   277      0)     0.006 (    98      0)
"biwksc_bexchV"                      576      576 1.036800e+05   4.715836e+03     9.590 (    71      0)     6.045 (   448      0)
"nmm_bexchS_fini"                    576      576 1.036800e+05   2.483368e+03     5.168 (    83      0)     2.844 (   417      0)
"qdp_tavg"                           576      576 1.036800e+05   4.094180e+03     8.325 (   113      0)     4.130 (   126      0)
"vertical_remap"                     576      576 3.456000e+04   7.620024e+03    13.667 (   531      0)    13.004 (   451      0)
"vertical_remap1_1"                  576      576 5.184000e+06   4.276497e+02     0.758 (   120      0)     0.737 (   427      0)
"remap_Q_ppm"                        576      576 1.555200e+07   7.501656e+03    13.406 (   531      0)    12.803 (   451      0)
"vertical_remap1_2"                  576      576 5.184000e+06   5.739464e+02     1.009 (   416      0)     0.989 (   425      0)
"vertical_remap1_3"                  576      576 5.184000e+06   6.514177e+03    11.684 (   531      0)    11.095 (   451      0)
"prim_run_subcyle_diags"             576      576 3.456000e+04   2.767199e+03     6.967 (   130      0)     4.079 (   531      0)
"t_prf"                                0        0 0.000000e+00   0.000000e+00     0.000 (     0      0)     0.000 (     0      0)

10940605
