LAST_GIT_COMMIT_SHA:STRING=adf77c97ed8425a245449f2582d2441f4b72da1e
10940574

***** GLOBAL STATISTICS (   192 MPI TASKS) *****

$Id: gptl.c,v 1.157 2011-03-28 20:55:18 rosinski Exp $
'count' is cumulative. All other stats are max/min
name                           processes  threads        count      walltotal   wallmax (proc   thrd  )   wallmin (proc   thrd  )
"Total"                              192      192 1.920000e+02   4.844250e+04   252.347 (    64      0)   252.261 (    46      0)
"prim_init1"                         192      192 1.920000e+02   1.036354e+02     0.542 (    57      0)     0.536 (    95      0)
"PartitioningTime"                   192      192 1.920000e+02   4.616983e-01     0.004 (    40      0)     0.002 (    11      0)
"repro_sum_int"                      192      192 8.640000e+03   1.729193e+00     0.012 (    68      0)     0.007 (    79      0)
"prim_init2"                         192      192 1.920000e+02   6.692145e+01     0.351 (   117      0)     0.347 (    70      0)
"prim_printstate"                    192      192 1.920000e+02   1.003141e+01     0.056 (     0      0)     0.052 (   162      0)
"interp_movie_output"                192      192 3.840000e+02   4.218459e-02     0.000 (   162      0)     0.000 (    69      0)
"prim_main_loop"                     192      192 1.920000e+02   4.775454e+04   248.764 (    68      0)   248.677 (    46      0)
"prim_run"                           192      192 7.680000e+03   4.775448e+04   248.764 (    68      0)   248.677 (    46      0)
"ApplyCAMForcing"                    192      192 7.680000e+03   8.214397e+02     4.470 (   120      0)     3.297 (    46      0)
"prim_step_rX"                       192      192 2.304000e+04   4.371184e+04   229.160 (    46      0)   227.178 (    63      0)
"prim_step_dyn"                      192      192 2.304000e+04   7.876984e+03    43.754 (    29      0)    38.641 (    64      0)
"prim_advance_exp"                   192      192 2.304000e+04   7.876769e+03    43.753 (    29      0)    38.640 (    64      0)
"U3-5stage_timestep"                 192      192 2.304000e+04   3.859511e+03    22.508 (    46      0)    18.187 (   139      0)
"compute_and_apply_rhs"              192      192 1.152000e+05   3.776875e+03    22.146 (    46      0)    17.605 (   139      0)
"caar_bexchV"                        192      192 1.152000e+05   1.468957e+03    10.701 (    46      0)     3.467 (    64      0)
"advance_hypervis_dp"                192      192 2.304000e+04   4.016964e+03    22.889 (     8      0)    19.056 (   132      0)
"biwkdp3d_bexchV"                    192      192 6.912000e+04   7.627170e+02     6.266 (    14      0)     1.852 (    64      0)
"ahdp_bexchV2"                       192      192 6.912000e+04   8.043294e+02     6.135 (    29      0)     2.247 (    64      0)
"prim_step_advec"                    192      192 2.304000e+04   3.568594e+04   187.920 (    68      0)   183.006 (    29      0)
"PAT_remap"                          192      192 2.304000e+04   3.568584e+04   187.920 (    68      0)   183.006 (    29      0)
"prim_advec_tracers_remap_rk2"       192      192 2.304000e+04   3.568569e+04   187.919 (    68      0)   183.005 (    29      0)
"precomput_divdp"                    192      192 2.304000e+04   8.394106e+01     0.514 (    27      0)     0.226 (   117      0)
"euler_step_0"                       192      192 2.304000e+04   9.845988e+03    52.800 (   145      0)    49.241 (     8      0)
"bihmix_qminmax"                     192      192 6.912000e+04   1.711236e+04    92.605 (   117      0)    84.985 (    62      0)
"eus_neighbor_minmax1"               192      192 2.304000e+04   2.582896e+03    16.228 (   117      0)    11.579 (     8      0)
"nmm_bexchV"                         192      192 2.304000e+04   1.096435e+03     7.269 (   132      0)     4.516 (     8      0)
"eus_2d_advec"                       192      192 6.912000e+04   1.718606e+04    94.395 (   181      0)    85.052 (    46      0)
"eus_bexchV"                         192      192 6.912000e+04   4.052207e+03    26.812 (    62      0)    15.499 (    46      0)
"euler_step_1"                       192      192 2.304000e+04   6.998597e+03    37.299 (    15      0)    35.753 (   167      0)
"euler_step_2"                       192      192 2.304000e+04   1.745502e+04    91.911 (   139      0)    89.530 (    77      0)
"nmm_bexchS_start"                   192      192 2.304000e+04   1.468488e+00     0.011 (   146      0)     0.005 (   103      0)
"biwksc_bexchV"                      192      192 2.304000e+04   1.410564e+03     8.306 (    46      0)     6.412 (     0      0)
"nmm_bexchS_fini"                    192      192 2.304000e+04   8.103480e+02     4.654 (    76      0)     3.449 (    62      0)
"qdp_tavg"                           192      192 2.304000e+04   1.301478e+03     7.263 (    45      0)     4.970 (    62      0)
"vertical_remap"                     192      192 7.680000e+03   2.267994e+03    11.971 (    45      0)    11.646 (   144      0)
"vertical_remap1_1"                  192      192 1.536000e+06   1.268125e+02     0.665 (   161      0)     0.656 (    73      0)
"remap_Q_ppm"                        192      192 4.608000e+06   2.233619e+03    11.774 (    45      0)    11.470 (   144      0)
"vertical_remap1_2"                  192      192 1.536000e+06   1.705620e+02     0.893 (    48      0)     0.882 (   146      0)
"vertical_remap1_3"                  192      192 1.536000e+06   1.940356e+03    10.243 (    45      0)     9.952 (   144      0)
"prim_run_subcyle_diags"             192      192 7.680000e+03   7.868077e+02     4.916 (    34      0)     3.760 (    46      0)
"t_prf"                                0        0 0.000000e+00   0.000000e+00     0.000 (     0      0)     0.000 (     0      0)

10940574
