LAST_GIT_COMMIT_SHA:STRING=adf77c97ed8425a245449f2582d2441f4b72da1e
10940541

***** GLOBAL STATISTICS (    96 MPI TASKS) *****

$Id: gptl.c,v 1.157 2011-03-28 20:55:18 rosinski Exp $
'count' is cumulative. All other stats are max/min
name                           processes  threads        count      walltotal   wallmax (proc   thrd  )   wallmin (proc   thrd  )
"Total"                               96       96 9.600000e+01   9.697364e+03   101.026 (    38      0)   100.993 (    81      0)
"prim_init1"                          96       96 9.600000e+01   1.511988e+01     0.159 (    94      0)     0.157 (    11      0)
"PartitioningTime"                    96       96 9.600000e+01   1.224463e-01     0.002 (    54      0)     0.001 (    85      0)
"repro_sum_int"                       96       96 4.320000e+03   7.461441e-01     0.010 (    36      0)     0.004 (    30      0)
"prim_init2"                          96       96 9.600000e+01   1.104846e+01     0.120 (     0      0)     0.113 (    84      0)
"prim_printstate"                     96       96 9.600000e+01   2.015858e+00     0.026 (     0      0)     0.021 (     3      0)
"interp_movie_output"                 96       96 1.920000e+02   7.537293e-02     0.001 (    36      0)     0.000 (    83      0)
"prim_main_loop"                      96       96 9.600000e+01   9.639099e+03   100.419 (    38      0)   100.386 (    81      0)
"prim_run"                            96       96 4.800000e+03   9.639068e+03   100.419 (    38      0)   100.385 (    81      0)
"ApplyCAMForcing"                     96       96 4.800000e+03   1.407918e+02     1.785 (    50      0)     0.974 (    79      0)
"prim_step_rX"                        96       96 1.440000e+04   8.845258e+03    92.887 (    81      0)    91.828 (    60      0)
"prim_step_dyn"                       96       96 1.440000e+04   1.653762e+03    20.002 (    81      0)    15.723 (    38      0)
"prim_advance_exp"                    96       96 1.440000e+04   1.653609e+03    20.001 (    81      0)    15.721 (    38      0)
"U3-5stage_timestep"                  96       96 1.440000e+04   8.421733e+02    11.609 (    81      0)     7.458 (    38      0)
"compute_and_apply_rhs"               96       96 7.200000e+04   8.242844e+02    11.479 (    81      0)     7.203 (    38      0)
"caar_bexchV"                         96       96 7.200000e+04   3.776381e+02     7.425 (    81      0)     1.587 (    42      0)
"advance_hypervis_dp"                 96       96 1.440000e+04   8.112589e+02     8.852 (    88      0)     8.237 (    37      0)
"biwkdp3d_bexchV"                     96       96 4.320000e+04   1.559774e+02     2.483 (    79      0)     0.928 (    60      0)
"ahdp_bexchV2"                        96       96 4.320000e+04   1.633037e+02     2.481 (    87      0)     1.090 (    38      0)
"prim_step_advec"                     96       96 1.440000e+04   7.163958e+03    75.856 (    38      0)    72.533 (    81      0)
"PAT_remap"                           96       96 1.440000e+04   7.163905e+03    75.855 (    38      0)    72.532 (    81      0)
"prim_advec_tracers_remap_rk2"        96       96 1.440000e+04   7.163816e+03    75.854 (    38      0)    72.531 (    81      0)
"precomput_divdp"                     96       96 1.440000e+04   1.725563e+01     0.208 (    92      0)     0.101 (    21      0)
"euler_step_0"                        96       96 1.440000e+04   1.989311e+03    21.528 (    38      0)    19.326 (    81      0)
"bihmix_qminmax"                      96       96 4.320000e+04   3.411506e+03    36.938 (    21      0)    33.845 (    71      0)
"eus_neighbor_minmax1"                96       96 1.440000e+04   5.165452e+02     5.850 (    38      0)     4.571 (    94      0)
"nmm_bexchV"                          96       96 1.440000e+04   2.327032e+02     2.976 (    68      0)     1.743 (    93      0)
"eus_2d_advec"                        96       96 4.320000e+04   3.491110e+03    38.744 (     7      0)    33.090 (    79      0)
"eus_bexchV"                          96       96 4.320000e+04   8.750480e+02    11.891 (     7      0)     6.351 (    22      0)
"euler_step_1"                        96       96 1.440000e+04   1.407299e+03    15.494 (    20      0)    13.312 (    21      0)
"euler_step_2"                        96       96 1.440000e+04   3.506736e+03    37.134 (     7      0)    34.834 (    77      0)
"nmm_bexchS_start"                    96       96 1.440000e+04   1.001276e+00     0.014 (    33      0)     0.008 (    81      0)
"biwksc_bexchV"                       96       96 1.440000e+04   2.978545e+02     4.003 (    15      0)     2.291 (    56      0)
"nmm_bexchS_fini"                     96       96 1.440000e+04   1.591735e+02     1.926 (    43      0)     1.432 (    67      0)
"qdp_tavg"                            96       96 1.440000e+04   2.428600e+02     3.032 (    79      0)     1.837 (    67      0)
"vertical_remap"                      96       96 4.800000e+03   4.551651e+02     4.821 (    25      0)     4.682 (    71      0)
"vertical_remap1_1"                   96       96 3.072000e+05   2.544903e+01     0.269 (    25      0)     0.263 (    71      0)
"remap_Q_ppm"                         96       96 9.216000e+05   4.480167e+02     4.734 (    25      0)     4.611 (    71      0)
"vertical_remap1_2"                   96       96 3.072000e+05   3.414451e+01     0.357 (    49      0)     0.354 (    33      0)
"vertical_remap1_3"                   96       96 3.072000e+05   3.892791e+02     4.120 (    79      0)     4.003 (    71      0)
"prim_run_subcyle_diags"              96       96 4.800000e+03   1.657301e+02     2.123 (    67      0)     1.482 (    79      0)
"t_prf"                                0        0 0.000000e+00   0.000000e+00     0.000 (     0      0)     0.000 (     0      0)

10940541
