LAST_GIT_COMMIT_SHA:STRING=4790f40f2fb6acbc051ce4c988681a628c18e83d

***** GLOBAL STATISTICS (   384 MPI TASKS) *****

$Id: gptl.c,v 1.157 2011-03-28 20:55:18 rosinski Exp $
'count' is cumulative. All other stats are max/min
name                               processes  threads        count      walltotal   wallmax (proc   thrd  )   wallmin (proc   thrd  )
Total                                    384      384 3.840000e+02   2.130181e+04    55.474 (   102      0)    55.473 (   206      0)
prim_init1                               384      384 3.840000e+02   1.149659e+02     0.300 (     0      0)     0.299 (   156      0)
repro_sum_int                            384      384 1.728000e+04   4.891979e+00     0.034 (    12      0)     0.006 (   206      0)
prim_init2                               384      384 3.840000e+02   3.959353e+01     0.124 (    20      0)     0.096 (    79      0)
prim_printstate                          384      384 3.840000e+02   4.561623e+00     0.013 (     0      0)     0.012 (   264      0)
interp_movie_output                      384      384 7.680000e+02   7.407713e-02     0.000 (   254      0)     0.000 (    91      0)
prim_main_loop                           384      384 3.840000e+02   2.112200e+04    55.006 (   126      0)    55.004 (   204      0)
prim_run                                 384      384 7.680000e+05   2.112098e+04    55.004 (   116      0)    55.001 (   206      0)
tl-sc prim_run_subcycle_c                384      384 7.680000e+05   2.111848e+04    54.997 (   335      0)    54.993 (   206      0)
tl-sc dp3d-from-ps                       384      384 7.680000e+05   2.300544e+00     0.007 (   347      0)     0.006 (   114      0)
tl-sc prim_step-loop                     384      384 7.680000e+05   1.979381e+04    51.592 (    61      0)    51.427 (   185      0)
tl-s prim_step                           384      384 2.304000e+06   1.979070e+04    51.584 (    79      0)    51.419 (   185      0)
tl-s deep_copy+derived_dp                384      384 2.304000e+06   3.512945e+01     0.113 (   383      0)     0.069 (   310      0)
tl-s prim_advance_exp-loop               384      384 2.304000e+06   5.114337e+03    18.855 (   178      0)     9.832 (    15      0)
tl-ae prim_advance_exp                   384      384 2.304000e+06   5.111127e+03    18.845 (   178      0)     9.824 (    15      0)
tl-ae U3-5stage_timestep                 384      384 2.304000e+06   2.992497e+03    13.217 (   178      0)     4.557 (    15      0)
caar compute                             384      384 1.152000e+07   5.503663e+02     1.480 (   355      0)     1.398 (   339      0)
caar_bexchV                              384      384 1.152000e+07   2.408099e+03    11.665 (   178      0)     3.047 (    15      0)
tl-ae advance_hypervis_dp                384      384 2.304000e+06   2.113485e+03     7.932 (   362      0)     5.015 (    99      0)
hvf-bhwk                                 384      384 6.912000e+06   1.211505e+03     4.736 (   362      0)     2.868 (    95      0)
hvf-bexch                                384      384 1.382400e+07   1.563924e+03     6.526 (   362      0)     3.544 (    99      0)
tl-s prim_advec_tracers_remap            384      384 2.304000e+06   1.463400e+04    41.619 (    15      0)    32.553 (   178      0)
tl-at prim_advec_tracers_remap_RK2       384      384 2.304000e+06   1.462969e+04    41.610 (    15      0)    32.542 (   178      0)
tl-at precompute_divdp                   384      384 2.304000e+06   1.951528e+01     0.073 (     5      0)     0.039 (   245      0)
tl-at esf-0                              384      384 2.304000e+06   4.544314e+03    14.412 (    15      0)     9.030 (   331      0)
tl-at esf-1                              384      384 2.304000e+06   2.770237e+03     8.405 (    97      0)     5.570 (   207      0)
tl-at esf-2                              384      384 2.304000e+06   6.974303e+03    20.343 (   331      0)    15.524 (   183      0)
tl-at qdp_time_avg                       384      384 2.304000e+06   3.058561e+02     0.805 (   322      0)     0.789 (    78      0)
tl-sc vertical_remap                     384      384 7.680000e+05   1.148314e+03     3.104 (   185      0)     2.947 (    61      0)
Remap Thickness Functor                  384      384 7.680000e+05   1.084930e+01     0.031 (   347      0)     0.027 (   381      0)
Remap Scale States Functor               384      384 7.680000e+05   4.454680e+00     0.014 (   290      0)     0.010 (    57      0)
Remap Compute Grids Functor              384      384 7.680000e+05   4.631590e+01     0.129 (   257      0)     0.115 (   210      0)
Remap Compute Remap Functor              384      384 7.680000e+05   1.072138e+03     2.902 (   185      0)     2.751 (    61      0)
Remap Rescale States Functor             384      384 7.680000e+05   8.736469e+00     0.024 (   256      0)     0.022 (   146      0)
tl-sc Q-from-qdp                         384      384 7.680000e+05   1.707049e+02     0.455 (   160      0)     0.439 (   359      0)
t_prf                                      0        0 0.000000e+00   0.000000e+00     0.000 (     0      0)     0.000 (     0      0)

