LAST_GIT_COMMIT_SHA:STRING=4790f40f2fb6acbc051ce4c988681a628c18e83d

***** GLOBAL STATISTICS (   800 MPI TASKS) *****

$Id: gptl.c,v 1.157 2011-03-28 20:55:18 rosinski Exp $
'count' is cumulative. All other stats are max/min
name                               processes  threads        count      walltotal   wallmax (proc   thrd  )   wallmin (proc   thrd  )
Total                                    800      800 8.000000e+02   2.230964e+05   278.973 (    45      0)   278.708 (   691      0)
prim_init1                               800      800 8.000000e+02   5.967773e+02     0.749 (    29      0)     0.731 (   625      0)
repro_sum_int                            800      800 3.600000e+04   2.640354e+01     0.084 (    30      0)     0.010 (   447      0)
prim_init2                               800      800 8.000000e+02   4.314356e+02     0.587 (    14      0)     0.512 (   193      0)
prim_printstate                          800      800 8.000000e+02   4.698478e+01     0.062 (     0      0)     0.058 (   274      0)
interp_movie_output                      800      800 1.600000e+03   2.255144e-01     0.000 (   494      0)     0.000 (    52      0)
prim_main_loop                           800      800 8.000000e+02   2.182402e+05   272.901 (    45      0)   272.638 (   691      0)
prim_run                                 800      800 6.720000e+04   2.182397e+05   272.901 (    45      0)   272.638 (   691      0)
tl-sc prim_run_subcycle_c                800      800 6.720000e+04   2.181789e+05   272.828 (    47      0)   272.605 (   690      0)
tl-sc dp3d-from-ps                       800      800 6.720000e+04   1.858567e+01     0.035 (   665      0)     0.019 (   638      0)
tl-sc prim_step-loop                     800      800 6.720000e+04   2.053355e+05   257.175 (   611      0)   256.003 (   206      0)
tl-s prim_step                           800      800 2.016000e+05   2.053348e+05   257.174 (   611      0)   256.002 (   206      0)
tl-s deep_copy+derived_dp                800      800 2.016000e+05   3.664108e+02     0.716 (   657      0)     0.260 (   481      0)
tl-s prim_advance_exp-loop               800      800 2.016000e+05   4.343083e+04    72.311 (    70      0)    38.225 (   245      0)
tl-ae prim_advance_exp                   800      800 2.016000e+05   4.342970e+04    72.309 (    70      0)    38.224 (   245      0)
tl-ae U3-5stage_timestep                 800      800 2.016000e+05   2.236271e+04    47.382 (   469      0)    15.424 (    94      0)
caar compute                             800      800 1.008000e+06   6.315708e+03     9.309 (   333      0)     6.893 (   487      0)
caar_bexchV                              800      800 1.008000e+06   1.574735e+04    39.789 (   469      0)     7.444 (   411      0)
tl-ae advance_hypervis_dp                800      800 2.016000e+05   2.106465e+04    34.269 (   613      0)    20.725 (   245      0)
hvf-bhwk                                 800      800 6.048000e+05   1.147745e+04    19.488 (   302      0)    11.162 (   245      0)
hvf-bexch                                800      800 1.209600e+06   1.382837e+04    26.357 (   613      0)    11.146 (   719      0)
tl-s prim_advec_tracers_remap            800      800 2.016000e+05   1.615351e+05   218.443 (   245      0)   183.446 (    70      0)
tl-at prim_advec_tracers_remap_RK2       800      800 2.016000e+05   1.615339e+05   218.442 (   245      0)   183.445 (    70      0)
tl-at precompute_divdp                   800      800 2.016000e+05   3.156391e+02     0.575 (    33      0)     0.160 (   393      0)
tl-at esf-0                              800      800 2.016000e+05   4.508080e+04    65.064 (   109      0)    51.730 (   398      0)
tl-at esf-1                              800      800 2.016000e+05   3.486677e+04    50.028 (    92      0)    39.862 (   729      0)
tl-at esf-2                              800      800 2.016000e+05   7.719608e+04   109.881 (    88      0)    80.206 (    70      0)
tl-at qdp_time_avg                       800      800 2.016000e+05   4.067380e+03     7.197 (   647      0)     3.745 (   714      0)
tl-sc vertical_remap                     800      800 6.720000e+04   1.100468e+04    14.450 (   638      0)    13.172 (   610      0)
Remap Thickness Functor                  800      800 6.720000e+04   9.457803e+01     0.157 (   657      0)     0.093 (   713      0)
Remap Scale States Functor               800      800 6.720000e+04   6.734617e+01     0.150 (   657      0)     0.036 (   713      0)
Remap Compute Grids Functor              800      800 6.720000e+04   6.137577e+02     1.246 (   654      0)     0.492 (   713      0)
Remap Compute Remap Functor              800      800 6.720000e+04   1.014586e+04    13.257 (   109      0)    12.323 (   582      0)
Remap Rescale States Functor             800      800 6.720000e+04   7.697455e+01     0.125 (   667      0)     0.092 (   386      0)
tl-sc Q-from-qdp                         800      800 6.720000e+04   1.819397e+03     2.568 (   645      0)     2.136 (   638      0)
t_prf                                      0        0 0.000000e+00   0.000000e+00     0.000 (     0      0)     0.000 (     0      0)

