LAST_GIT_COMMIT_SHA:STRING=adf77c97ed8425a245449f2582d2441f4b72da1e
10940598

***** GLOBAL STATISTICS (   128 MPI TASKS) *****

$Id: gptl.c,v 1.157 2011-03-28 20:55:18 rosinski Exp $
'count' is cumulative. All other stats are max/min
name                           processes  threads        count      walltotal   wallmax (proc   thrd  )   wallmin (proc   thrd  )
"Total"                              128      128 1.280000e+02   3.894987e+04   304.460 (    76      0)   304.012 (    24      0)
"prim_init1"                         128      128 1.280000e+02   1.826837e+02     1.429 (    31      0)     1.422 (   113      0)
"PartitioningTime"                   128      128 1.280000e+02   7.296698e-01     0.007 (   103      0)     0.004 (    21      0)
"repro_sum_int"                      128      128 5.760000e+03   1.325294e+00     0.014 (   127      0)     0.007 (    43      0)
"prim_init2"                         128      128 1.280000e+02   1.563431e+02     1.226 (     0      0)     1.220 (    86      0)
"prim_printstate"                    128      128 1.280000e+02   3.209134e+01     0.257 (     0      0)     0.251 (    52      0)
"interp_movie_output"                128      128 2.560000e+02   3.167939e-02     0.000 (    57      0)     0.000 (   112      0)
"prim_main_loop"                     128      128 1.280000e+02   3.782410e+04   295.665 (    76      0)   295.216 (    24      0)
"prim_run"                           128      128 1.792000e+03   3.782407e+04   295.665 (    76      0)   295.216 (    24      0)
"ApplyCAMForcing"                    128      128 1.792000e+03   5.932967e+02     5.210 (    64      0)     2.871 (    22      0)
"prim_step_rX"                       128      128 5.376000e+03   3.467930e+04   273.220 (    22      0)   270.122 (     7      0)
"prim_step_dyn"                      128      128 5.376000e+03   6.474754e+03    58.879 (    22      0)    45.471 (    66      0)
"prim_advance_exp"                   128      128 5.376000e+03   6.474700e+03    58.879 (    22      0)    45.471 (    66      0)
"U3-5stage_timestep"                 128      128 5.376000e+03   3.294049e+03    33.510 (    22      0)    21.485 (    66      0)
"compute_and_apply_rhs"              128      128 2.688000e+04   3.231369e+03    33.221 (    22      0)    20.724 (    66      0)
"caar_bexchV"                        128      128 2.688000e+04   1.508204e+03    20.787 (    22      0)     3.757 (    66      0)
"advance_hypervis_dp"                128      128 5.376000e+03   3.180579e+03    27.528 (    24      0)    23.820 (    73      0)
"biwkdp3d_bexchV"                    128      128 1.612800e+04   6.209019e+02     9.422 (    24      0)     2.033 (    66      0)
"ahdp_bexchV2"                       128      128 1.612800e+04   6.297458e+02     7.113 (    43      0)     2.363 (    66      0)
"prim_step_advec"                    128      128 5.376000e+03   2.809355e+04   224.007 (    66      0)   213.300 (    22      0)
"PAT_remap"                          128      128 5.376000e+03   2.809353e+04   224.007 (    66      0)   213.300 (    22      0)
"prim_advec_tracers_remap_rk2"       128      128 5.376000e+03   2.809349e+04   224.007 (    66      0)   213.299 (    22      0)
"precomput_divdp"                    128      128 5.376000e+03   6.393678e+01     0.596 (    60      0)     0.243 (    41      0)
"euler_step_0"                       128      128 5.376000e+03   7.763863e+03    62.384 (    99      0)    57.671 (    11      0)
"bihmix_qminmax"                     128      128 1.612800e+04   1.343976e+04   107.989 (    84      0)    99.874 (     8      0)
"eus_neighbor_minmax1"               128      128 5.376000e+03   2.016949e+03    18.579 (    23      0)    13.565 (    62      0)
"nmm_bexchV"                         128      128 5.376000e+03   8.618317e+02     8.082 (    23      0)     5.181 (    10      0)
"eus_2d_advec"                       128      128 1.612800e+04   1.361133e+04   113.007 (     6      0)    99.103 (    22      0)
"eus_bexchV"                         128      128 1.612800e+04   3.280628e+03    35.521 (     6      0)    17.449 (   114      0)
"euler_step_1"                       128      128 5.376000e+03   5.518235e+03    44.020 (    42      0)    41.410 (    48      0)
"euler_step_2"                       128      128 5.376000e+03   1.376930e+04   111.539 (    77      0)   101.459 (    22      0)
"nmm_bexchS_start"                   128      128 5.376000e+03   3.612866e-01     0.004 (     1      0)     0.002 (     4      0)
"biwksc_bexchV"                      128      128 5.376000e+03   1.048876e+03     9.475 (    83      0)     6.476 (    27      0)
"nmm_bexchS_fini"                    128      128 5.376000e+03   6.448234e+02     5.779 (    70      0)     3.786 (   115      0)
"qdp_tavg"                           128      128 5.376000e+03   9.779920e+02     8.798 (   115      0)     4.661 (     6      0)
"vertical_remap"                     128      128 1.792000e+03   1.789488e+03    14.224 (   115      0)    13.834 (   106      0)
"vertical_remap1_1"                  128      128 1.209600e+06   1.000114e+02     0.788 (    88      0)     0.776 (     8      0)
"remap_Q_ppm"                        128      128 3.628800e+06   1.762140e+03    13.976 (   115      0)    13.624 (   106      0)
"vertical_remap1_2"                  128      128 1.209600e+06   1.346099e+02     1.058 (   115      0)     1.045 (   106      0)
"vertical_remap1_3"                  128      128 1.209600e+06   1.530764e+03    12.162 (   115      0)    11.828 (   106      0)
"prim_run_subcyle_diags"             128      128 1.792000e+03   6.370913e+02     6.346 (    63      0)     4.317 (    22      0)
"t_prf"                                0        0 0.000000e+00   0.000000e+00     0.000 (     0      0)     0.000 (     0      0)

10940598
