LAST_GIT_COMMIT_SHA:STRING=4790f40f2fb6acbc051ce4c988681a628c18e83d

***** GLOBAL STATISTICS (   192 MPI TASKS) *****

$Id: gptl.c,v 1.157 2011-03-28 20:55:18 rosinski Exp $
'count' is cumulative. All other stats are max/min
name                               processes  threads        count      walltotal   wallmax (proc   thrd  )   wallmin (proc   thrd  )
Total                                    192      192 1.920000e+02   4.486038e+04   233.700 (   129      0)   233.574 (   175      0)
prim_init1                               192      192 1.920000e+02   7.211132e+01     0.378 (    45      0)     0.370 (     1      0)
repro_sum_int                            192      192 8.640000e+03   2.529254e+00     0.024 (     4      0)     0.006 (   115      0)
prim_init2                               192      192 1.920000e+02   1.754356e+02     0.925 (   165      0)     0.905 (    50      0)
prim_printstate                          192      192 1.920000e+02   1.720882e+01     0.092 (     0      0)     0.090 (    88      0)
interp_movie_output                      192      192 3.840000e+02   4.876304e-02     0.000 (   178      0)     0.000 (     2      0)
prim_main_loop                           192      192 1.920000e+02   4.410286e+04   229.754 (   129      0)   229.628 (   175      0)
prim_run                                 192      192 7.680000e+03   4.410277e+04   229.754 (   129      0)   229.627 (   175      0)
tl-sc prim_run_subcycle_c                192      192 7.680000e+03   4.406557e+04   229.557 (   146      0)   229.441 (   175      0)
tl-sc dp3d-from-ps                       192      192 7.680000e+03   6.613829e+00     0.054 (   128      0)     0.020 (   161      0)
tl-sc prim_step-loop                     192      192 7.680000e+03   4.125655e+04   215.295 (   161      0)   214.554 (   146      0)
tl-s prim_step                           192      192 2.304000e+04   4.125645e+04   215.294 (   161      0)   214.554 (   146      0)
tl-s deep_copy+derived_dp                192      192 2.304000e+04   1.151949e+02     0.738 (   152      0)     0.302 (   191      0)
tl-s prim_advance_exp-loop               192      192 2.304000e+04   7.727921e+03    44.474 (   187      0)    37.649 (   133      0)
tl-ae prim_advance_exp                   192      192 2.304000e+04   7.727739e+03    44.473 (   187      0)    37.648 (   133      0)
tl-ae U3-5stage_timestep                 192      192 2.304000e+04   3.657016e+03    23.356 (   175      0)    16.667 (    95      0)
caar compute                             192      192 1.152000e+05   1.438439e+03     8.924 (   141      0)     6.614 (   191      0)
caar_bexchV                              192      192 1.152000e+05   2.142836e+03    15.702 (   175      0)     8.290 (    94      0)
tl-ae advance_hypervis_dp                192      192 2.304000e+04   4.070408e+03    22.646 (    85      0)    19.063 (    69      0)
hvf-bhwk                                 192      192 6.912000e+04   2.205093e+03    14.006 (    83      0)     9.655 (    79      0)
hvf-bexch                                192      192 1.382400e+05   2.383733e+03    14.433 (   109      0)    10.134 (   155      0)
tl-s prim_advec_tracers_remap            192      192 2.304000e+04   3.341296e+04   176.779 (   133      0)   169.825 (   187      0)
tl-at prim_advec_tracers_remap_RK2       192      192 2.304000e+04   3.341279e+04   176.779 (   133      0)   169.823 (   187      0)
tl-at precompute_divdp                   192      192 2.304000e+04   7.038925e+01     0.540 (   142      0)     0.187 (    69      0)
tl-at esf-0                              192      192 2.304000e+04   9.478744e+03    51.200 (    68      0)    47.712 (   167      0)
tl-at esf-1                              192      192 2.304000e+04   7.302212e+03    39.098 (   174      0)    36.834 (    81      0)
tl-at esf-2                              192      192 2.304000e+04   1.528035e+04    81.170 (    58      0)    76.062 (   175      0)
tl-at qdp_time_avg                       192      192 2.304000e+04   1.280167e+03     7.229 (   128      0)     4.468 (   191      0)
tl-sc vertical_remap                     192      192 7.680000e+03   2.342667e+03    12.752 (   175      0)    11.823 (   190      0)
Remap Thickness Functor                  192      192 7.680000e+03   2.328987e+01     0.148 (    68      0)     0.083 (   162      0)
Remap Scale States Functor               192      192 7.680000e+03   1.923063e+01     0.144 (   109      0)     0.038 (   191      0)
Remap Compute Grids Functor              192      192 7.680000e+03   1.396530e+02     1.163 (   175      0)     0.444 (   191      0)
Remap Compute Remap Functor              192      192 7.680000e+03   2.138954e+03    11.389 (    56      0)    11.059 (   134      0)
Remap Rescale States Functor             192      192 7.680000e+03   1.815541e+01     0.126 (   129      0)     0.081 (   109      0)
tl-sc Q-from-qdp                         192      192 7.680000e+03   4.595956e+02     2.550 (    64      0)     2.018 (   175      0)
t_prf                                      0        0 0.000000e+00   0.000000e+00     0.000 (     0      0)     0.000 (     0      0)

