LAST_GIT_COMMIT_SHA:STRING=4790f40f2fb6acbc051ce4c988681a628c18e83d

***** GLOBAL STATISTICS (  1152 MPI TASKS) *****

$Id: gptl.c,v 1.157 2011-03-28 20:55:18 rosinski Exp $
'count' is cumulative. All other stats are max/min
name                               processes  threads        count      walltotal   wallmax (proc   thrd  )   wallmin (proc   thrd  )
Total                                   1152     1152 1.152000e+03   3.212856e+05   278.976 (     2      0)   278.802 (   223      0)
prim_init1                              1152     1152 1.152000e+03   8.740485e+02     0.764 (     5      0)     0.743 (    70      0)
repro_sum_int                           1152     1152 5.184000e+04   8.213942e+01     0.304 (     8      0)     0.010 (   244      0)
prim_init2                              1152     1152 1.152000e+03   5.295273e+02     0.697 (     8      0)     0.391 (   357      0)
prim_printstate                         1152     1152 1.152000e+03   5.395649e+01     0.048 (     0      0)     0.045 (   753      0)
interp_movie_output                     1152     1152 2.304000e+03   7.645814e-01     0.001 (   815      0)     0.000 (   398      0)
prim_main_loop                          1152     1152 1.152000e+03   3.141197e+05   272.753 (     2      0)   272.584 (  1108      0)
prim_run                                1152     1152 1.382400e+05   3.141186e+05   272.752 (     2      0)   272.583 (  1108      0)
tl-sc prim_run_subcycle_c               1152     1152 1.382400e+05   3.140539e+05   272.697 (     2      0)   272.526 (   991      0)
tl-sc dp3d-from-ps                      1152     1152 1.382400e+05   2.709921e+01     0.039 (   851      0)     0.019 (   148      0)
tl-sc prim_step-loop                    1152     1152 1.382400e+05   2.957314e+05   257.308 (   831      0)   255.775 (    28      0)
tl-s prim_step                          1152     1152 4.147200e+05   2.957301e+05   257.308 (   831      0)   255.773 (    28      0)
tl-s deep_copy+derived_dp               1152     1152 4.147200e+05   5.202178e+02     0.701 (   863      0)     0.253 (   687      0)
tl-s prim_advance_exp-loop              1152     1152 4.147200e+05   6.216694e+04    75.075 (   141      0)    38.034 (   592      0)
tl-ae prim_advance_exp                  1152     1152 4.147200e+05   6.216459e+04    75.073 (   141      0)    38.031 (   592      0)
tl-ae U3-5stage_timestep                1152     1152 4.147200e+05   3.217967e+04    49.208 (   293      0)    15.054 (   160      0)
caar compute                            1152     1152 2.073600e+06   8.983095e+03     9.526 (   863      0)     6.877 (   255      0)
caar_bexchV                             1152     1152 2.073600e+06   2.279503e+04    40.924 (   293      0)     7.296 (   160      0)
tl-ae advance_hypervis_dp               1152     1152 4.147200e+05   2.998060e+04    33.699 (   638      0)    20.244 (   130      0)
hvf-bhwk                                1152     1152 1.244160e+06   1.639736e+04    21.710 (   485      0)    10.751 (   130      0)
hvf-bexch                               1152     1152 2.488320e+06   2.022090e+04    26.675 (   638      0)    11.553 (    56      0)
tl-s prim_advec_tracers_remap           1152     1152 4.147200e+05   2.330379e+05   218.740 (   592      0)   180.797 (   293      0)
tl-at prim_advec_tracers_remap_RK2      1152     1152 4.147200e+05   2.330355e+05   218.738 (   592      0)   180.794 (   293      0)
tl-at precompute_divdp                  1152     1152 4.147200e+05   4.232702e+02     0.571 (    28      0)     0.157 (   129      0)
tl-at esf-0                             1152     1152 4.147200e+05   6.483370e+04    66.461 (   350      0)    50.793 (   337      0)
tl-at esf-1                             1152     1152 4.147200e+05   5.020367e+04    49.744 (   166      0)    38.512 (  1108      0)
tl-at esf-2                             1152     1152 4.147200e+05   1.116332e+05   109.621 (   960      0)    77.265 (   293      0)
tl-at qdp_time_avg                      1152     1152 4.147200e+05   5.928214e+03     7.469 (   832      0)     3.655 (   253      0)
tl-sc vertical_remap                    1152     1152 1.382400e+05   1.570237e+04    14.632 (    28      0)    13.044 (   777      0)
Remap Thickness Functor                 1152     1152 1.382400e+05   1.360642e+02     0.163 (   863      0)     0.092 (    66      0)
Remap Scale States Functor              1152     1152 1.382400e+05   9.424152e+01     0.155 (   863      0)     0.036 (   685      0)
Remap Compute Grids Functor             1152     1152 1.382400e+05   8.770305e+02     1.244 (   860      0)     0.489 (   685      0)
Remap Compute Remap Functor             1152     1152 1.382400e+05   1.447813e+04    13.218 (    32      0)    12.161 (   839      0)
Remap Rescale States Functor            1152     1152 1.382400e+05   1.092190e+02     0.123 (   862      0)     0.091 (   869      0)
tl-sc Q-from-qdp                        1152     1152 1.382400e+05   2.591584e+03     2.712 (   841      0)     2.111 (   870      0)
t_prf                                      0        0 0.000000e+00   0.000000e+00     0.000 (     0      0)     0.000 (     0      0)

