LAST_GIT_COMMIT_SHA:STRING=adf77c97ed8425a245449f2582d2441f4b72da1e
10940557

***** GLOBAL STATISTICS (   192 MPI TASKS) *****

$Id: gptl.c,v 1.157 2011-03-28 20:55:18 rosinski Exp $
'count' is cumulative. All other stats are max/min
name                           processes  threads        count      walltotal   wallmax (proc   thrd  )   wallmin (proc   thrd  )
"Total"                              192      192 1.920000e+02   6.197376e+04   322.816 (    58      0)   322.733 (   123      0)
"prim_init1"                         192      192 1.920000e+02   6.566908e+01     0.343 (    32      0)     0.340 (    87      0)
"PartitioningTime"                   192      192 1.920000e+02   3.204207e-01     0.003 (    59      0)     0.001 (    12      0)
"repro_sum_int"                      192      192 8.640000e+03   1.281143e+00     0.010 (   117      0)     0.005 (    63      0)
"prim_init2"                         192      192 1.920000e+02   4.115225e+01     0.220 (     0      0)     0.213 (   171      0)
"prim_printstate"                    192      192 1.920000e+02   6.049299e+00     0.034 (     0      0)     0.031 (    37      0)
"interp_movie_output"                192      192 3.840000e+02   3.195548e-02     0.000 (   128      0)     0.000 (    13      0)
"prim_main_loop"                     192      192 1.920000e+02   6.164095e+04   321.082 (    58      0)   321.000 (   123      0)
"prim_run"                           192      192 1.536000e+04   6.164088e+04   321.082 (    58      0)   320.999 (   123      0)
"ApplyCAMForcing"                    192      192 1.536000e+04   1.036105e+03     5.707 (    54      0)     3.144 (   123      0)
"prim_step_rX"                       192      192 4.608000e+04   5.648222e+04   296.835 (   123      0)   293.251 (   152      0)
"prim_step_dyn"                      192      192 4.608000e+04   1.054417e+04    64.662 (   123      0)    50.099 (    58      0)
"prim_advance_exp"                   192      192 4.608000e+04   1.054376e+04    64.660 (   123      0)    50.098 (    58      0)
"U3-5stage_timestep"                 192      192 4.608000e+04   5.232322e+03    37.501 (   123      0)    22.979 (     7      0)
"compute_and_apply_rhs"              192      192 2.304000e+05   5.128953e+03    36.663 (   123      0)    22.670 (     7      0)
"caar_bexchV"                        192      192 2.304000e+05   2.312185e+03    19.549 (   123      0)     4.921 (    58      0)
"advance_hypervis_dp"                192      192 4.608000e+04   5.310880e+03    29.215 (   115      0)    26.268 (    51      0)
"biwkdp3d_bexchV"                    192      192 1.382400e+05   1.154136e+03     7.813 (     7      0)     2.747 (    32      0)
"ahdp_bexchV2"                       192      192 1.382400e+05   1.198892e+03     8.111 (   123      0)     3.166 (    36      0)
"prim_step_advec"                    192      192 4.608000e+04   4.574790e+04   242.577 (    58      0)   231.070 (   123      0)
"PAT_remap"                          192      192 4.608000e+04   4.574771e+04   242.576 (    58      0)   231.069 (   123      0)
"prim_advec_tracers_remap_rk2"       192      192 4.608000e+04   4.574743e+04   242.575 (    58      0)   231.067 (   123      0)
"precomput_divdp"                    192      192 4.608000e+04   1.049595e+02     0.665 (    31      0)     0.297 (     7      0)
"euler_step_0"                       192      192 4.608000e+04   1.262130e+04    68.752 (   107      0)    62.773 (    76      0)
"bihmix_qminmax"                     192      192 1.382400e+05   2.189072e+04   119.518 (   184      0)   108.356 (    71      0)
"eus_neighbor_minmax1"               192      192 4.608000e+04   3.312827e+03    21.380 (     7      0)    14.836 (    25      0)
"nmm_bexchV"                         192      192 4.608000e+04   1.445657e+03     9.883 (    88      0)     5.929 (    25      0)
"eus_2d_advec"                       192      192 1.382400e+05   2.210687e+04   122.794 (   169      0)   108.312 (   123      0)
"eus_bexchV"                         192      192 1.382400e+05   5.345750e+03    38.142 (    71      0)    22.019 (   122      0)
"euler_step_1"                       192      192 4.608000e+04   8.983075e+03    48.909 (   123      0)    45.541 (   183      0)
"euler_step_2"                       192      192 4.608000e+04   2.239553e+04   119.810 (   191      0)   107.845 (   123      0)
"nmm_bexchS_start"                   192      192 4.608000e+04   3.287475e+00     0.025 (     0      0)     0.012 (    37      0)
"biwksc_bexchV"                      192      192 4.608000e+04   1.803279e+03    12.244 (   184      0)     6.594 (   123      0)
"nmm_bexchS_fini"                    192      192 4.608000e+04   1.002597e+03     5.948 (    47      0)     4.156 (    73      0)
"qdp_tavg"                           192      192 4.608000e+04   1.641286e+03     9.646 (   123      0)     5.693 (    71      0)
"vertical_remap"                     192      192 1.536000e+04   2.901996e+03    15.530 (   123      0)    14.978 (    79      0)
"vertical_remap1_1"                  192      192 1.966080e+06   1.622628e+02     0.857 (   123      0)     0.840 (   178      0)
"remap_Q_ppm"                        192      192 5.898240e+06   2.857920e+03    15.240 (   123      0)    14.755 (    79      0)
"vertical_remap1_2"                  192      192 1.966080e+06   2.182391e+02     1.145 (   123      0)     1.131 (    75      0)
"vertical_remap1_3"                  192      192 1.966080e+06   2.482698e+03    13.274 (   123      0)    12.809 (    79      0)
"prim_run_subcyle_diags"             192      192 1.536000e+04   1.010227e+03     6.630 (   167      0)     4.749 (   123      0)
"t_prf"                                0        0 0.000000e+00   0.000000e+00     0.000 (     0      0)     0.000 (     0      0)

10940557
