LAST_GIT_COMMIT_SHA:STRING=adf77c97ed8425a245449f2582d2441f4b72da1e
10940526

***** GLOBAL STATISTICS (   128 MPI TASKS) *****

$Id: gptl.c,v 1.157 2011-03-28 20:55:18 rosinski Exp $
'count' is cumulative. All other stats are max/min
name                           processes  threads        count      walltotal   wallmax (proc   thrd  )   wallmin (proc   thrd  )
"Total"                              128      128 1.280000e+02   7.262484e+03    56.740 (    32      0)    56.735 (   125      0)
"prim_init1"                         128      128 1.280000e+02   9.071087e+00     0.076 (   108      0)     0.068 (    12      0)
"PartitioningTime"                   128      128 1.280000e+02   1.201959e-01     0.001 (     0      0)     0.001 (    50      0)
"repro_sum_int"                      128      128 5.760000e+03   3.438968e+00     0.052 (    18      0)     0.009 (    93      0)
"prim_init2"                         128      128 1.280000e+02   5.264286e+00     0.069 (     0      0)     0.023 (    93      0)
"prim_printstate"                    128      128 1.280000e+02   1.012072e+00     0.013 (     0      0)     0.007 (    61      0)
"interp_movie_output"                128      128 2.560000e+02   4.885125e-02     0.001 (    42      0)     0.000 (    25      0)
"prim_main_loop"                     128      128 1.280000e+02   7.234875e+03    56.524 (    31      0)    56.519 (   125      0)
"prim_run"                           128      128 8.537600e+04   7.234708e+03    56.523 (    44      0)    56.518 (   125      0)
"ApplyCAMForcing"                    128      128 8.537600e+04   5.393452e+01     0.542 (    32      0)     0.365 (   117      0)
"prim_step_rX"                       128      128 2.561280e+05   6.680404e+03    52.347 (   103      0)    51.994 (    32      0)
"prim_step_dyn"                      128      128 2.561280e+05   1.121538e+03    12.762 (    80      0)     5.908 (    34      0)
"prim_advance_exp"                   128      128 2.561280e+05   1.120912e+03    12.757 (    80      0)     5.903 (    34      0)
"U3-5stage_timestep"                 128      128 2.561280e+05   7.513968e+02     9.786 (    80      0)     3.035 (    34      0)
"compute_and_apply_rhs"              128      128 1.280640e+06   7.472243e+02     9.748 (    80      0)     3.002 (    34      0)
"caar_bexchV"                        128      128 1.280640e+06   5.065340e+02     7.770 (    80      0)     1.146 (    34      0)
"advance_hypervis_dp"                128      128 2.561280e+05   3.687047e+02     3.491 (    92      0)     2.799 (    48      0)
"biwkdp3d_bexchV"                    128      128 7.683840e+05   7.392459e+01     1.153 (    92      0)     0.502 (    23      0)
"ahdp_bexchV2"                       128      128 7.683840e+05   7.271623e+01     0.656 (    77      0)     0.509 (    23      0)
"prim_step_advec"                    128      128 2.561280e+05   5.544553e+03    45.983 (    34      0)    39.401 (    80      0)
"PAT_remap"                          128      128 2.561280e+05   5.544090e+03    45.979 (    34      0)    39.398 (    80      0)
"prim_advec_tracers_remap_rk2"       128      128 2.561280e+05   5.543460e+03    45.975 (    34      0)    39.393 (    80      0)
"precomput_divdp"                    128      128 2.561280e+05   1.457156e+01     0.182 (    30      0)     0.070 (    80      0)
"euler_step_0"                       128      128 2.561280e+05   1.681882e+03    15.483 (    34      0)     9.465 (    17      0)
"bihmix_qminmax"                     128      128 7.683840e+05   2.617840e+03    23.362 (   106      0)    17.666 (   109      0)
"eus_neighbor_minmax1"               128      128 2.561280e+05   4.623866e+02     5.403 (   106      0)     1.944 (   109      0)
"nmm_bexchV"                         128      128 2.561280e+05   3.037704e+02     4.090 (   106      0)     0.959 (   109      0)
"eus_2d_advec"                       128      128 7.683840e+05   2.795001e+03    25.862 (   102      0)    19.077 (    84      0)
"eus_bexchV"                         128      128 7.683840e+05   1.189277e+03    14.002 (   105      0)     6.320 (    87      0)
"euler_step_1"                       128      128 2.561280e+05   1.039434e+03     9.425 (    81      0)     7.210 (   123      0)
"euler_step_2"                       128      128 2.561280e+05   2.695854e+03    22.574 (    41      0)    19.307 (    85      0)
"nmm_bexchS_start"                   128      128 2.561280e+05   1.234244e+01     0.139 (    20      0)     0.057 (    75      0)
"biwksc_bexchV"                      128      128 2.561280e+05   5.801210e+02     5.699 (   106      0)     3.276 (     9      0)
"nmm_bexchS_fini"                    128      128 2.561280e+05   2.397376e+01     0.240 (    95      0)     0.111 (   117      0)
"qdp_tavg"                           128      128 2.561280e+05   1.090675e+02     0.936 (    52      0)     0.814 (    94      0)
"vertical_remap"                     128      128 8.537600e+04   3.807643e+02     3.104 (    17      0)     2.932 (   112      0)
"vertical_remap1_1"                  128      128 2.561280e+05   2.233619e+01     0.184 (    17      0)     0.169 (   111      0)
"remap_Q_ppm"                        128      128 7.683840e+05   3.739079e+02     3.042 (    17      0)     2.883 (   102      0)
"vertical_remap1_2"                  128      128 2.561280e+05   2.882826e+01     0.233 (    17      0)     0.223 (   101      0)
"vertical_remap1_3"                  128      128 2.561280e+05   3.235958e+02     2.633 (    17      0)     2.493 (   102      0)
"prim_run_subcyle_diags"             128      128 8.537600e+04   9.953552e+01     0.901 (    24      0)     0.687 (    80      0)
"t_prf"                                0        0 0.000000e+00   0.000000e+00     0.000 (     0      0)     0.000 (     0      0)

10940526
