LAST_GIT_COMMIT_SHA:STRING=adf77c97ed8425a245449f2582d2441f4b72da1e
10940604

***** GLOBAL STATISTICS (   480 MPI TASKS) *****

$Id: gptl.c,v 1.157 2011-03-28 20:55:18 rosinski Exp $
'count' is cumulative. All other stats are max/min
name                           processes  threads        count      walltotal   wallmax (proc   thrd  )   wallmin (proc   thrd  )
"Total"                              480      480 4.800000e+02   1.385816e+05   288.788 (   246      0)   288.617 (    94      0)
"prim_init1"                         480      480 4.800000e+02   4.461461e+02     0.933 (   362      0)     0.924 (   324      0)
"PartitioningTime"                   480      480 4.800000e+02   4.222060e+00     0.029 (    90      0)     0.003 (   229      0)
"repro_sum_int"                      480      480 2.160000e+04   1.416102e+01     0.064 (   310      0)     0.011 (   377      0)
"prim_init2"                         480      480 4.800000e+02   1.617457e+02     0.372 (   310      0)     0.319 (   228      0)
"prim_printstate"                    480      480 4.800000e+02   2.559099e+01     0.058 (     0      0)     0.053 (   238      0)
"interp_movie_output"                480      480 9.600000e+02   2.866182e-01     0.001 (    22      0)     0.000 (   358      0)
"prim_main_loop"                     480      480 4.800000e+02   1.355943e+05   282.565 (   246      0)   282.392 (    94      0)
"prim_run"                           480      480 2.400000e+04   1.355941e+05   282.565 (   246      0)   282.392 (    94      0)
"ApplyCAMForcing"                    480      480 2.400000e+04   2.057907e+03     4.832 (   188      0)     2.539 (    14      0)
"prim_step_rX"                       480      480 7.200000e+04   1.244582e+05   261.514 (   334      0)   258.220 (   246      0)
"prim_step_dyn"                      480      480 7.200000e+04   2.399740e+04    61.195 (   418      0)    42.192 (   246      0)
"prim_advance_exp"                   480      480 7.200000e+04   2.399665e+04    61.194 (   418      0)    42.191 (   246      0)
"U3-5stage_timestep"                 480      480 7.200000e+04   1.197004e+04    35.554 (    14      0)    18.503 (   286      0)
"compute_and_apply_rhs"              480      480 3.600000e+05   1.178059e+04    35.215 (    14      0)    18.154 (   286      0)
"caar_bexchV"                        480      480 3.600000e+05   5.792156e+03    22.331 (    14      0)     3.981 (   246      0)
"advance_hypervis_dp"                480      480 7.200000e+04   1.202573e+04    29.518 (   409      0)    22.300 (   244      0)
"biwkdp3d_bexchV"                    480      480 2.160000e+05   2.768172e+03    11.073 (   409      0)     2.246 (   246      0)
"ahdp_bexchV2"                       480      480 2.160000e+05   2.858150e+03    11.857 (   420      0)     2.756 (   248      0)
"prim_step_advec"                    480      480 7.200000e+04   1.000767e+05   215.361 (   246      0)   199.106 (   418      0)
"PAT_remap"                          480      480 7.200000e+04   1.000764e+05   215.361 (   246      0)   199.105 (   418      0)
"prim_advec_tracers_remap_rk2"       480      480 7.200000e+04   1.000759e+05   215.360 (   246      0)   199.104 (   418      0)
"precomput_divdp"                    480      480 7.200000e+04   2.277543e+02     0.575 (   314      0)     0.232 (   334      0)
"euler_step_0"                       480      480 7.200000e+04   2.752903e+04    59.304 (   242      0)    53.832 (   373      0)
"bihmix_qminmax"                     480      480 2.160000e+05   4.756397e+04   103.923 (   373      0)    91.046 (   352      0)
"eus_neighbor_minmax1"               480      480 7.200000e+04   7.222678e+03    19.020 (   334      0)    12.072 (    33      0)
"nmm_bexchV"                         480      480 7.200000e+04   3.126741e+03     9.640 (   374      0)     3.729 (   226      0)
"eus_2d_advec"                       480      480 2.160000e+05   4.886302e+04   109.114 (   156      0)    90.741 (   418      0)
"eus_bexchV"                         480      480 2.160000e+05   1.157386e+04    32.286 (   159      0)    16.406 (   334      0)
"euler_step_1"                       480      480 7.200000e+04   1.968597e+04    44.129 (   377      0)    39.271 (    38      0)
"euler_step_2"                       480      480 7.200000e+04   4.921577e+04   107.997 (   246      0)    94.585 (   418      0)
"nmm_bexchS_start"                   480      480 7.200000e+04   4.806321e+00     0.016 (   352      0)     0.006 (   371      0)
"biwksc_bexchV"                      480      480 7.200000e+04   3.896683e+03    10.647 (   373      0)     4.532 (   226      0)
"nmm_bexchS_fini"                    480      480 7.200000e+04   2.108247e+03     5.019 (   421      0)     3.113 (   352      0)
"qdp_tavg"                           480      480 7.200000e+04   3.415303e+03     8.683 (   334      0)     4.161 (   455      0)
"vertical_remap"                     480      480 2.400000e+04   6.348953e+03    13.713 (    94      0)    13.000 (   325      0)
"vertical_remap1_1"                  480      480 4.320000e+06   3.563688e+02     0.751 (   296      0)     0.736 (    76      0)
"remap_Q_ppm"                        480      480 1.296000e+07   6.250420e+03    13.447 (    94      0)    12.803 (   325      0)
"vertical_remap1_2"                  480      480 4.320000e+06   4.780661e+02     1.008 (   296      0)     0.990 (   268      0)
"vertical_remap1_3"                  480      480 4.320000e+06   5.427758e+03    11.727 (    94      0)    11.094 (   325      0)
"prim_run_subcyle_diags"             480      480 2.400000e+04   2.304493e+03     6.464 (   455      0)     4.051 (    14      0)
"t_prf"                                0        0 0.000000e+00   0.000000e+00     0.000 (     0      0)     0.000 (     0      0)

10940604
