LAST_GIT_COMMIT_SHA:STRING=adf77c97ed8425a245449f2582d2441f4b72da1e
10940588

***** GLOBAL STATISTICS (  3840 MPI TASKS) *****

$Id: gptl.c,v 1.157 2011-03-28 20:55:18 rosinski Exp $
'count' is cumulative. All other stats are max/min
name                           processes  threads        count      walltotal   wallmax (proc   thrd  )   wallmin (proc   thrd  )
"Total"                             3840     3840 3.840000e+03   9.617280e+05   250.481 (     0      0)   250.421 (  2977      0)
"prim_init1"                        3840     3840 3.840000e+03   2.684639e+03     0.724 (    10      0)     0.668 (  2990      0)
"PartitioningTime"                  3840     3840 3.840000e+03   2.803971e+01     0.013 (  2125      0)     0.001 (  1587      0)
"repro_sum_int"                     3840     3840 1.728000e+05   5.522826e+02     0.356 (  3337      0)     0.018 (  1117      0)
"prim_init2"                        3840     3840 3.840000e+03   8.356847e+02     0.419 (  3337      0)     0.096 (  3761      0)
"prim_printstate"                   3840     3840 3.840000e+03   1.158620e+02     0.051 (     0      0)     0.025 (  2408      0)
"interp_movie_output"               3840     3840 7.680000e+03   6.375077e+00     0.005 (  2070      0)     0.000 (  1621      0)
"prim_main_loop"                    3840     3840 3.840000e+03   9.472376e+05   246.686 (  2186      0)   246.665 (  1108      0)
"prim_run"                          3840     3840 3.072000e+06   9.472281e+05   246.684 (  2184      0)   246.663 (  1108      0)
"ApplyCAMForcing"                   3840     3840 3.072000e+06   1.002649e+04     3.380 (   166      0)     1.809 (  2410      0)
"prim_step_rX"                      3840     3840 9.216000e+06   8.729302e+05   228.715 (  2197      0)   225.985 (   164      0)
"prim_step_dyn"                     3840     3840 9.216000e+06   1.324143e+05    48.927 (  2410      0)    24.197 (  2212      0)
"prim_advance_exp"                  3840     3840 9.216000e+06   1.323727e+05    48.917 (  2410      0)    24.185 (  2212      0)
"U3-5stage_timestep"                3840     3840 9.216000e+06   8.022763e+04    36.187 (  1872      0)    11.088 (   164      0)
"compute_and_apply_rhs"             3840     3840 4.608000e+07   7.960166e+04    36.012 (  1872      0)    10.914 (   164      0)
"caar_bexchV"                       3840     3840 4.608000e+07   4.944000e+04    27.472 (  1557      0)     3.359 (   164      0)
"advance_hypervis_dp"               3840     3840 9.216000e+06   5.210318e+04    17.914 (   312      0)    10.156 (  2154      0)
"biwkdp3d_bexchV"                   3840     3840 2.764800e+07   1.252397e+04     6.996 (  3626      0)     1.590 (    68      0)
"ahdp_bexchV2"                      3840     3840 2.764800e+07   1.273563e+04     6.446 (   313      0)     1.665 (  2170      0)
"prim_step_advec"                   3840     3840 9.216000e+06   7.383094e+05   201.734 (  2208      0)   178.977 (   251      0)
"PAT_remap"                         3840     3840 9.216000e+06   7.382797e+05   201.727 (  2208      0)   178.971 (   251      0)
"prim_advec_tracers_remap_rk2"      3840     3840 9.216000e+06   7.382417e+05   201.716 (  2208      0)   178.960 (   251      0)
"precomput_divdp"                   3840     3840 9.216000e+06   1.609095e+03     0.614 (   195      0)     0.229 (   116      0)
"euler_step_0"                      3840     3840 9.216000e+06   2.076362e+05    61.661 (  3554      0)    43.356 (   618      0)
"bihmix_qminmax"                    3840     3840 2.764800e+07   3.522509e+05    99.641 (  2212      0)    80.096 (  2490      0)
"eus_neighbor_minmax1"              3840     3840 9.216000e+06   5.730581e+04    21.052 (  3554      0)     8.375 (   314      0)
"nmm_bexchV"                        3840     3840 9.216000e+06   3.497115e+04    15.256 (  3554      0)     3.724 (   197      0)
"eus_2d_advec"                      3840     3840 2.764800e+07   3.659702e+05   109.709 (   197      0)    85.883 (  3792      0)
"eus_bexchV"                        3840     3840 2.764800e+07   1.362647e+05    49.804 (  1733      0)    26.272 (  3791      0)
"euler_step_1"                      3840     3840 9.216000e+06   1.450574e+05    41.341 (  1898      0)    35.074 (   113      0)
"euler_step_2"                      3840     3840 9.216000e+06   3.658889e+05   101.558 (  2215      0)    88.714 (  1872      0)
"nmm_bexchS_start"                  3840     3840 9.216000e+06   6.158865e+02     0.242 (  2331      0)     0.098 (  3595      0)
"biwksc_bexchV"                     3840     3840 9.216000e+06   5.580749e+04    19.267 (   196      0)     9.560 (  1562      0)
"nmm_bexchS_fini"                   3840     3840 9.216000e+06   8.473171e+03     2.721 (  1639      0)     1.607 (   220      0)
"qdp_tavg"                          3840     3840 9.216000e+06   1.789332e+04     6.263 (   172      0)     3.465 (  1183      0)
"vertical_remap"                    3840     3840 3.072000e+06   4.580438e+04    12.375 (  2410      0)    11.695 (   196      0)
"vertical_remap1_1"                 3840     3840 3.072000e+07   2.585025e+03     0.691 (   178      0)     0.661 (  2193      0)
"remap_Q_ppm"                       3840     3840 9.216000e+07   4.501450e+04    12.115 (  2410      0)    11.508 (  3131      0)
"vertical_remap1_2"                 3840     3840 3.072000e+07   3.422648e+03     0.904 (  2281      0)     0.884 (  1580      0)
"vertical_remap1_3"                 3840     3840 3.072000e+07   3.910279e+04    10.561 (  2410      0)     9.983 (  3131      0)
"prim_run_subcyle_diags"            3840     3840 3.072000e+06   1.595863e+04     5.152 (  2432      0)     3.384 (  1557      0)
"t_prf"                                0        0 0.000000e+00   0.000000e+00     0.000 (     0      0)     0.000 (     0      0)

10940588
