LAST_GIT_COMMIT_SHA:STRING=adf77c97ed8425a245449f2582d2441f4b72da1e
10940619

***** GLOBAL STATISTICS (  4800 MPI TASKS) *****

$Id: gptl.c,v 1.157 2011-03-28 20:55:18 rosinski Exp $
'count' is cumulative. All other stats are max/min
name                           processes  threads        count      walltotal   wallmax (proc   thrd  )   wallmin (proc   thrd  )
"Total"                             4800     4800 4.800000e+03   1.386369e+06   288.851 (  1248      0)   288.800 (  4472      0)
"prim_init1"                        4800     4800 4.800000e+03   4.397702e+03     0.938 (   895      0)     0.888 (  4014      0)
"PartitioningTime"                  4800     4800 4.800000e+03   2.730609e+01     0.010 (  3698      0)     0.003 (   839      0)
"repro_sum_int"                     4800     4800 2.160000e+05   1.552336e+03     1.198 (  4663      0)     0.037 (  2593      0)
"prim_init2"                        4800     4800 4.800000e+03   1.983957e+03     1.316 (     0      0)     0.133 (  2599      0)
"prim_printstate"                   4800     4800 4.800000e+03   2.462713e+02     0.109 (     0      0)     0.048 (  3802      0)
"interp_movie_output"               4800     4800 9.600000e+03   1.365467e+01     0.007 (  3476      0)     0.001 (  4372      0)
"prim_main_loop"                    4800     4800 4.800000e+03   1.352835e+06   281.859 (  1248      0)   281.817 (  1687      0)
"prim_run"                          4800     4800 2.400000e+06   1.352823e+06   281.856 (   318      0)   281.815 (  4500      0)
"ApplyCAMForcing"                   4800     4800 2.400000e+06   1.539186e+04     4.004 (   942      0)     2.022 (  2584      0)
"prim_step_rX"                      4800     4800 7.200000e+06   1.247262e+06   261.812 (  3845      0)   258.420 (   639      0)
"prim_step_dyn"                     4800     4800 7.200000e+06   2.185894e+05    63.014 (  2584      0)    35.709 (  1249      0)
"prim_advance_exp"                  4800     4800 7.200000e+06   2.185467e+05    63.005 (  2584      0)    35.701 (  1249      0)
"U3-5stage_timestep"                4800     4800 7.200000e+06   1.208756e+05    43.258 (   696      0)    17.271 (   940      0)
"compute_and_apply_rhs"             4800     4800 3.600000e+07   1.192982e+05    42.903 (   696      0)    16.920 (   940      0)
"caar_bexchV"                       4800     4800 3.600000e+07   7.043537e+04    32.547 (   696      0)     6.083 (   639      0)
"advance_hypervis_dp"               4800     4800 7.200000e+06   9.762702e+04    24.934 (  3907      0)    16.039 (  1277      0)
"biwkdp3d_bexchV"                   4800     4800 2.160000e+07   2.608036e+04     9.463 (  3323      0)     2.588 (  1276      0)
"ahdp_bexchV2"                      4800     4800 2.160000e+07   2.786742e+04    10.306 (  3906      0)     2.699 (  1277      0)
"prim_step_advec"                   4800     4800 7.200000e+06   1.025472e+06   222.627 (  1249      0)   197.895 (  2584      0)
"PAT_remap"                         4800     4800 7.200000e+06   1.025447e+06   222.622 (  1249      0)   197.891 (  2584      0)
"prim_advec_tracers_remap_rk2"      4800     4800 7.200000e+06   1.025411e+06   222.615 (  1249      0)   197.881 (  2584      0)
"precomput_divdp"                   4800     4800 7.200000e+06   2.400117e+03     0.671 (  1244      0)     0.250 (  3969      0)
"euler_step_0"                      4800     4800 7.200000e+06   2.847017e+05    65.715 (  1248      0)    50.968 (   311      0)
"bihmix_qminmax"                    4800     4800 2.160000e+07   4.844062e+05   107.422 (   937      0)    92.490 (  3938      0)
"eus_neighbor_minmax1"              4800     4800 7.200000e+06   7.772688e+04    20.247 (  3948      0)    12.632 (  1209      0)
"nmm_bexchV"                        4800     4800 7.200000e+06   4.016541e+04    11.916 (  3948      0)     5.457 (  1209      0)
"eus_2d_advec"                      4800     4800 2.160000e+07   5.110094e+05   118.220 (  3859      0)    91.348 (  2584      0)
"eus_bexchV"                        4800     4800 2.160000e+07   1.534768e+05    44.387 (  3859      0)    20.463 (  4248      0)
"euler_step_1"                      4800     4800 7.200000e+06   2.014028e+05    44.190 (  1437      0)    38.512 (   984      0)
"euler_step_2"                      4800     4800 7.200000e+06   5.096181e+05   112.599 (   637      0)    96.113 (  4439      0)
"nmm_bexchS_start"                  4800     4800 7.200000e+06   4.598040e+02     0.149 (  2354      0)     0.053 (  1331      0)
"biwksc_bexchV"                     4800     4800 7.200000e+06   6.160610e+04    17.354 (  3963      0)     8.102 (  3906      0)
"nmm_bexchS_fini"                   4800     4800 7.200000e+06   1.519153e+04     3.985 (   952      0)     2.322 (  1448      0)
"qdp_tavg"                          4800     4800 7.200000e+06   2.714913e+04     7.538 (   952      0)     3.998 (  3904      0)
"vertical_remap"                    4800     4800 2.400000e+06   6.311047e+04    13.961 (  1272      0)    12.755 (  1992      0)
"vertical_remap1_1"                 4800     4800 4.320000e+07   3.589289e+03     0.771 (  1272      0)     0.735 (  1992      0)
"remap_Q_ppm"                       4800     4800 1.296000e+08   6.203310e+04    13.645 (  1272      0)    12.554 (  1992      0)
"vertical_remap1_2"                 4800     4800 4.320000e+07   4.785897e+03     1.017 (  1272      0)     0.988 (  4446      0)
"vertical_remap1_3"                 4800     4800 4.320000e+07   5.378878e+04    11.897 (  1272      0)    10.854 (  1992      0)
"prim_run_subcyle_diags"            4800     4800 2.400000e+06   2.335492e+04     6.296 (  2559      0)     3.856 (  3287      0)
"t_prf"                                0        0 0.000000e+00   0.000000e+00     0.000 (     0      0)     0.000 (     0      0)

10940619
