LAST_GIT_COMMIT_SHA:STRING=adf77c97ed8425a245449f2582d2441f4b72da1e
10940584

***** GLOBAL STATISTICS (  1536 MPI TASKS) *****

$Id: gptl.c,v 1.157 2011-03-28 20:55:18 rosinski Exp $
'count' is cumulative. All other stats are max/min
name                           processes  threads        count      walltotal   wallmax (proc   thrd  )   wallmin (proc   thrd  )
"Total"                             1536     1536 1.536000e+03   4.008515e+05   260.997 (   512      0)   260.945 (  1129      0)
"prim_init1"                        1536     1536 1.536000e+03   6.907968e+02     0.453 (   224      0)     0.440 (   980      0)
"PartitioningTime"                  1536     1536 1.536000e+03   4.308444e+00     0.004 (    92      0)     0.001 (  1056      0)
"repro_sum_int"                     1536     1536 6.912000e+04   9.710436e+01     0.135 (    59      0)     0.012 (  1507      0)
"prim_init2"                        1536     1536 1.536000e+03   1.890299e+02     0.196 (    59      0)     0.073 (   206      0)
"prim_printstate"                   1536     1536 1.536000e+03   3.106160e+01     0.023 (     0      0)     0.019 (   462      0)
"interp_movie_output"               1536     1536 3.072000e+03   1.224026e+00     0.002 (  1534      0)     0.000 (   990      0)
"prim_main_loop"                    1536     1536 1.536000e+03   3.958630e+05   257.748 (   512      0)   257.697 (  1129      0)
"prim_run"                          1536     1536 4.915200e+05   3.958605e+05   257.748 (   512      0)   257.695 (  1129      0)
"ApplyCAMForcing"                   1536     1536 4.915200e+05   4.521662e+03     3.477 (   205      0)     2.017 (   114      0)
"prim_step_rX"                      1536     1536 1.474560e+06   3.652462e+05   239.318 (  1206      0)   236.881 (    16      0)
"prim_step_dyn"                     1536     1536 1.474560e+06   7.616923e+04    60.395 (   114      0)    42.433 (   157      0)
"prim_advance_exp"                  1536     1536 1.474560e+06   7.616051e+04    60.388 (   114      0)    42.428 (   157      0)
"U3-5stage_timestep"                1536     1536 1.474560e+06   3.940068e+04    37.693 (   114      0)    19.373 (   157      0)
"compute_and_apply_rhs"             1536     1536 7.372800e+06   3.894553e+04    37.409 (   114      0)    18.979 (   157      0)
"caar_bexchV"                       1536     1536 7.372800e+06   2.423986e+04    27.577 (   114      0)     8.392 (   157      0)
"advance_hypervis_dp"               1536     1536 1.474560e+06   3.674910e+04    26.845 (   859      0)    21.170 (    57      0)
"biwkdp3d_bexchV"                   1536     1536 4.423680e+06   1.113634e+04     9.854 (   627      0)     5.107 (  1099      0)
"ahdp_bexchV2"                      1536     1536 4.423680e+06   1.149483e+04    10.399 (   789      0)     5.311 (    64      0)
"prim_step_advec"                   1536     1536 1.474560e+06   2.881416e+05   193.979 (   157      0)   178.172 (   114      0)
"PAT_remap"                         1536     1536 1.474560e+06   2.881366e+05   193.976 (   157      0)   178.169 (   114      0)
"prim_advec_tracers_remap_rk2"      1536     1536 1.474560e+06   2.881300e+05   193.972 (   157      0)   178.164 (   114      0)
"precomput_divdp"                   1536     1536 1.474560e+06   6.340212e+02     0.524 (   442      0)     0.256 (   803      0)
"euler_step_0"                      1536     1536 1.474560e+06   7.954992e+04    55.764 (   160      0)    47.823 (  1165      0)
"bihmix_qminmax"                    1536     1536 4.423680e+06   1.367838e+05    94.759 (   579      0)    81.507 (   663      0)
"eus_neighbor_minmax1"              1536     1536 1.474560e+06   2.197003e+04    17.867 (   986      0)    11.929 (   964      0)
"nmm_bexchV"                        1536     1536 1.474560e+06   1.160691e+04    11.663 (   986      0)     5.541 (   964      0)
"eus_2d_advec"                      1536     1536 4.423680e+06   1.425608e+05   101.125 (    15      0)    85.329 (  1035      0)
"eus_bexchV"                        1536     1536 4.423680e+06   4.351500e+04    36.123 (   885      0)    22.342 (  1366      0)
"euler_step_1"                      1536     1536 1.474560e+06   5.677929e+04    39.025 (  1015      0)    35.466 (   245      0)
"euler_step_2"                      1536     1536 1.474560e+06   1.430789e+05    99.399 (   801      0)    86.728 (   694      0)
"nmm_bexchS_start"                  1536     1536 1.474560e+06   9.791078e+01     0.095 (   225      0)     0.036 (   817      0)
"biwksc_bexchV"                     1536     1536 1.474560e+06   1.714260e+04    16.666 (   799      0)     6.779 (   824      0)
"nmm_bexchS_fini"                   1536     1536 1.474560e+06   4.637477e+03     3.671 (   367      0)     2.387 (  1165      0)
"qdp_tavg"                          1536     1536 1.474560e+06   8.059407e+03     6.314 (   206      0)     3.785 (  1184      0)
"vertical_remap"                    1536     1536 4.915200e+05   1.825184e+04    12.263 (   114      0)    11.696 (  1170      0)
"vertical_remap1_1"                 1536     1536 1.228800e+07   1.019113e+03     0.681 (  1339      0)     0.655 (  1170      0)
"remap_Q_ppm"                       1536     1536 3.686400e+07   1.795282e+04    12.019 (   114      0)    11.515 (  1170      0)
"vertical_remap1_2"                 1536     1536 1.228800e+07   1.364964e+03     0.897 (   438      0)     0.883 (  1294      0)
"vertical_remap1_3"                 1536     1536 1.228800e+07   1.560514e+04    10.481 (   114      0)     9.997 (  1253      0)
"prim_run_subcyle_diags"            1536     1536 4.915200e+05   6.772935e+03     5.483 (   632      0)     3.590 (   114      0)
"t_prf"                                0        0 0.000000e+00   0.000000e+00     0.000 (     0      0)     0.000 (     0      0)

10940584
