LAST_GIT_COMMIT_SHA:STRING=adf77c97ed8425a245449f2582d2441f4b72da1e
10940589

***** GLOBAL STATISTICS (  6400 MPI TASKS) *****

$Id: gptl.c,v 1.157 2011-03-28 20:55:18 rosinski Exp $
'count' is cumulative. All other stats are max/min
name                           processes  threads        count      walltotal   wallmax (proc   thrd  )   wallmin (proc   thrd  )
"Total"                             6400     6400 6.400000e+03   1.619880e+06   253.130 (  3598      0)   253.087 (  4521      0)
"prim_init1"                        6400     6400 6.400000e+03   5.350558e+03     0.889 (  2906      0)     0.803 (  5439      0)
"PartitioningTime"                  6400     6400 6.400000e+03   8.010438e+01     0.025 (  6151      0)     0.001 (  1736      0)
"repro_sum_int"                     6400     6400 2.880000e+05   2.381546e+03     1.462 (  4111      0)     0.034 (  2629      0)
"prim_init2"                        6400     6400 6.400000e+03   3.267716e+03     1.591 (  4111      0)     0.179 (   803      0)
"prim_printstate"                   6400     6400 6.400000e+03   3.502775e+02     0.066 (   386      0)     0.031 (  1953      0)
"interp_movie_output"               6400     6400 1.280000e+04   2.633835e+01     0.011 (  6030      0)     0.000 (  3437      0)
"prim_main_loop"                    6400     6400 6.400000e+03   1.587220e+06   248.018 (  2724      0)   247.989 (  5099      0)
"prim_run"                          6400     6400 8.537600e+06   1.587194e+06   248.014 (  1002      0)   247.985 (  5098      0)
"ApplyCAMForcing"                   6400     6400 8.537600e+06   1.466041e+04     3.119 (  2724      0)     1.561 (  1556      0)
"prim_step_rX"                      6400     6400 2.561280e+07   1.468143e+06   230.749 (  5707      0)   227.236 (  2720      0)
"prim_step_dyn"                     6400     6400 2.561280e+07   2.690100e+05    61.096 (  3179      0)    27.853 (  2726      0)
"prim_advance_exp"                  6400     6400 2.561280e+07   2.689089e+05    61.083 (  3179      0)    27.837 (  2726      0)
"U3-5stage_timestep"                6400     6400 2.561280e+07   1.531118e+05    44.660 (  1556      0)    12.991 (   970      0)
"compute_and_apply_rhs"             6400     6400 1.280640e+08   1.523517e+05    44.520 (  1556      0)    12.881 (   970      0)
"caar_bexchV"                       6400     6400 1.280640e+08   1.036156e+05    36.695 (  1556      0)     5.834 (   970      0)
"advance_hypervis_dp"               6400     6400 2.561280e+07   1.156998e+05    23.385 (   673      0)    13.497 (  2657      0)
"biwkdp3d_bexchV"                   6400     6400 7.683840e+07   3.441341e+04    10.339 (   692      0)     2.829 (  1511      0)
"ahdp_bexchV2"                      6400     6400 7.683840e+07   3.487129e+04     9.529 (   693      0)     3.010 (  1802      0)
"prim_step_advec"                   6400     6400 2.561280e+07   1.195882e+06   199.685 (  2730      0)   169.184 (  3179      0)
"PAT_remap"                         6400     6400 2.561280e+07   1.195818e+06   199.675 (  2730      0)   169.176 (  3179      0)
"prim_advec_tracers_remap_rk2"      6400     6400 2.561280e+07   1.195734e+06   199.662 (  2730      0)   169.164 (  3179      0)
"precomput_divdp"                   6400     6400 2.561280e+07   2.644093e+03     0.746 (  1009      0)     0.210 (  1318      0)
"euler_step_0"                      6400     6400 2.561280e+07   3.352595e+05    62.861 (  2730      0)    41.632 (  3179      0)
"bihmix_qminmax"                    6400     6400 7.683840e+07   5.609914e+05    99.462 (  1832      0)    74.549 (   421      0)
"eus_neighbor_minmax1"              6400     6400 2.561280e+07   9.211160e+04    21.715 (   952      0)     7.986 (   946      0)
"nmm_bexchV"                        6400     6400 2.561280e+07   5.870163e+04    17.119 (   708      0)     3.469 (  2682      0)
"eus_2d_advec"                      6400     6400 7.683840e+07   6.054573e+05   109.482 (   865      0)    82.450 (  5728      0)
"eus_bexchV"                        6400     6400 7.683840e+07   2.434633e+05    53.504 (   865      0)    23.333 (  5728      0)
"euler_step_1"                      6400     6400 2.561280e+07   2.378528e+05    41.793 (  5780      0)    33.383 (  2940      0)
"euler_step_2"                      6400     6400 2.561280e+07   5.941575e+05   101.026 (  2732      0)    84.922 (  5752      0)
"nmm_bexchS_start"                  6400     6400 2.561280e+07   1.454561e+03     0.359 (  4992      0)     0.123 (  2729      0)
"biwksc_bexchV"                     6400     6400 2.561280e+07   1.078453e+05    23.263 (  1749      0)     9.840 (  2298      0)
"nmm_bexchS_fini"                   6400     6400 2.561280e+07   9.657299e+03     2.121 (   577      0)     0.960 (  2184      0)
"qdp_tavg"                          6400     6400 2.561280e+07   2.546658e+04     5.500 (   982      0)     3.266 (   828      0)
"vertical_remap"                    6400     6400 8.537600e+06   7.594987e+04    12.637 (  2736      0)    11.586 (  3085      0)
"vertical_remap1_1"                 6400     6400 5.122560e+07   4.345398e+03     0.722 (  2750      0)     0.660 (  2898      0)
"remap_Q_ppm"                       6400     6400 1.536768e+08   7.462869e+04    12.372 (  2736      0)    11.401 (  3085      0)
"vertical_remap1_2"                 6400     6400 5.122560e+07   5.710252e+03     0.931 (  2736      0)     0.882 (  3127      0)
"vertical_remap1_3"                 6400     6400 5.122560e+07   6.473751e+04    10.753 (  2736      0)     9.878 (  3085      0)
"prim_run_subcyle_diags"            6400     6400 8.537600e+06   2.438467e+04     5.707 (    96      0)     2.967 (  1556      0)
"t_prf"                                0        0 0.000000e+00   0.000000e+00     0.000 (     0      0)     0.000 (     0      0)

10940589
