LAST_GIT_COMMIT_SHA:STRING=adf77c97ed8425a245449f2582d2441f4b72da1e
10940527

***** GLOBAL STATISTICS (   192 MPI TASKS) *****

$Id: gptl.c,v 1.157 2011-03-28 20:55:18 rosinski Exp $
'count' is cumulative. All other stats are max/min
name                           processes  threads        count      walltotal   wallmax (proc   thrd  )   wallmin (proc   thrd  )
"Total"                              192      192 1.920000e+02   1.073274e+04    55.901 (    45      0)    55.898 (    36      0)
"prim_init1"                         192      192 1.920000e+02   1.205662e+01     0.065 (     0      0)     0.062 (   106      0)
"PartitioningTime"                   192      192 1.920000e+02   1.924844e-01     0.001 (   182      0)     0.001 (   150      0)
"repro_sum_int"                      192      192 8.640000e+03   1.653542e+00     0.012 (    93      0)     0.006 (   180      0)
"prim_init2"                         192      192 1.920000e+02   4.848257e+00     0.027 (    21      0)     0.024 (   176      0)
"prim_printstate"                    192      192 1.920000e+02   1.917883e+00     0.012 (     0      0)     0.010 (    25      0)
"interp_movie_output"                192      192 3.840000e+02   3.130198e-02     0.000 (   120      0)     0.000 (   142      0)
"prim_main_loop"                     192      192 1.920000e+02   1.070278e+04    55.745 (   130      0)    55.741 (    36      0)
"prim_run"                           192      192 1.920000e+05   1.070251e+04    55.744 (   152      0)    55.740 (    36      0)
"ApplyCAMForcing"                    192      192 1.920000e+05   7.207038e+01     0.397 (   152      0)     0.358 (    16      0)
"prim_step_rX"                       192      192 5.760000e+05   9.902126e+03    51.672 (    15      0)    51.429 (   101      0)
"prim_step_dyn"                      192      192 5.760000e+05   1.837179e+03    13.694 (    37      0)     6.790 (   138      0)
"prim_advance_exp"                   192      192 5.760000e+05   1.835972e+03    13.688 (    37      0)     6.784 (   138      0)
"U3-5stage_timestep"                 192      192 5.760000e+05   1.194338e+03    10.316 (    37      0)     3.532 (   138      0)
"compute_and_apply_rhs"              192      192 2.880000e+06   1.187747e+03    10.281 (    37      0)     3.497 (   138      0)
"caar_bexchV"                        192      192 2.880000e+06   8.304114e+02     8.368 (    37      0)     1.668 (   138      0)
"advance_hypervis_dp"                192      192 5.760000e+05   6.399859e+02     3.796 (    72      0)     3.167 (   128      0)
"biwkdp3d_bexchV"                    192      192 1.728000e+06   1.551049e+02     1.165 (    74      0)     0.680 (   123      0)
"ahdp_bexchV2"                       192      192 1.728000e+06   1.493336e+02     0.944 (    78      0)     0.681 (   127      0)
"prim_step_advec"                    192      192 5.760000e+05   8.043123e+03    44.598 (   138      0)    37.835 (    37      0)
"PAT_remap"                          192      192 5.760000e+05   8.042160e+03    44.593 (   138      0)    37.830 (    37      0)
"prim_advec_tracers_remap_rk2"       192      192 5.760000e+05   8.040867e+03    44.587 (   138      0)    37.822 (    37      0)
"precomput_divdp"                    192      192 5.760000e+05   1.994212e+01     0.157 (    53      0)     0.060 (    27      0)
"euler_step_0"                       192      192 5.760000e+05   2.446228e+03    14.753 (   151      0)    10.147 (    91      0)
"bihmix_qminmax"                     192      192 1.728000e+06   3.829441e+03    23.319 (   136      0)    16.568 (    25      0)
"eus_neighbor_minmax1"               192      192 5.760000e+05   7.365031e+02     5.612 (    44      0)     2.165 (   166      0)
"nmm_bexchV"                         192      192 5.760000e+05   5.005860e+02     4.296 (    44      0)     1.044 (   165      0)
"eus_2d_advec"                       192      192 1.728000e+06   4.018981e+03    25.675 (   113      0)    17.508 (    23      0)
"eus_bexchV"                         192      192 1.728000e+06   1.893981e+03    15.067 (    14      0)     6.860 (    23      0)
"euler_step_1"                       192      192 5.760000e+05   1.385491e+03     8.136 (   142      0)     6.111 (   173      0)
"euler_step_2"                       192      192 5.760000e+05   4.023919e+03    22.806 (   142      0)    19.235 (    58      0)
"nmm_bexchS_start"                   192      192 5.760000e+05   2.163809e+01     0.198 (     1      0)     0.054 (    27      0)
"biwksc_bexchV"                      192      192 5.760000e+05   9.510674e+02     6.637 (   136      0)     3.308 (    25      0)
"nmm_bexchS_fini"                    192      192 5.760000e+05   2.018540e+01     0.123 (    64      0)     0.092 (    15      0)
"qdp_tavg"                           192      192 5.760000e+05   1.600608e+02     0.881 (   154      0)     0.810 (    46      0)
"vertical_remap"                     192      192 1.920000e+05   5.703653e+02     3.103 (   101      0)     2.909 (     9      0)
"vertical_remap1_1"                  192      192 3.840000e+05   3.388317e+01     0.188 (   101      0)     0.170 (    50      0)
"remap_Q_ppm"                        192      192 1.152000e+06   5.597872e+02     3.038 (   101      0)     2.859 (     9      0)
"vertical_remap1_2"                  192      192 3.840000e+05   4.331887e+01     0.235 (   101      0)     0.222 (    12      0)
"vertical_remap1_3"                  192      192 3.840000e+05   4.838740e+02     2.623 (   101      0)     2.473 (     9      0)
"prim_run_subcyle_diags"             192      192 1.920000e+05   1.285864e+02     0.721 (   119      0)     0.593 (    27      0)
"t_prf"                                0        0 0.000000e+00   0.000000e+00     0.000 (     0      0)     0.000 (     0      0)

10940527
