LAST_GIT_COMMIT_SHA:STRING=adf77c97ed8425a245449f2582d2441f4b72da1e
10940565

***** GLOBAL STATISTICS (  6144 MPI TASKS) *****

$Id: gptl.c,v 1.157 2011-03-28 20:55:18 rosinski Exp $
'count' is cumulative. All other stats are max/min
name                           processes  threads        count      walltotal   wallmax (proc   thrd  )   wallmin (proc   thrd  )
"Total"                             6144     6144 6.144000e+03   2.079065e+06   338.416 (  1557      0)   338.371 (  6066      0)
"prim_init1"                        6144     6144 6.144000e+03   6.618646e+03     1.114 (  3869      0)     1.037 (  4896      0)
"PartitioningTime"                  6144     6144 6.144000e+03   1.732241e+02     0.046 (  1338      0)     0.006 (   959      0)
"repro_sum_int"                     6144     6144 2.764800e+05   1.444064e+03     0.628 (     8      0)     0.027 (   613      0)
"prim_init2"                        6144     6144 6.144000e+03   2.059735e+03     0.738 (    14      0)     0.134 (  6141      0)
"prim_printstate"                   6144     6144 6.144000e+03   2.094824e+02     0.041 (  1224      0)     0.027 (  4141      0)
"interp_movie_output"               6144     6144 1.228800e+04   2.531438e+01     0.013 (  2386      0)     0.000 (  1391      0)
"prim_main_loop"                    6144     6144 6.144000e+03   2.060369e+06   335.356 (  5404      0)   335.328 (  2397      0)
"prim_run"                          6144     6144 1.572864e+07   2.060336e+06   335.352 (  2256      0)   335.323 (  2397      0)
"ApplyCAMForcing"                   6144     6144 1.572864e+07   1.450235e+04     2.820 (  2292      0)     1.940 (  2350      0)
"prim_step_rX"                      6144     6144 4.718592e+07   1.920301e+06   313.744 (  4962      0)   309.925 (   736      0)
"prim_step_dyn"                     6144     6144 4.718592e+07   4.927167e+05   100.808 (    33      0)    63.616 (  2284      0)
"prim_advance_exp"                  6144     6144 4.718592e+07   4.925714e+05   100.782 (    33      0)    63.594 (  2284      0)
"U3-5stage_timestep"                6144     6144 4.718592e+07   2.651043e+05    67.335 (    33      0)    27.056 (  2496      0)
"compute_and_apply_rhs"             6144     6144 2.359296e+08   2.641483e+05    67.159 (    33      0)    26.901 (  2496      0)
"caar_bexchV"                       6144     6144 2.359296e+08   2.051849e+05    57.094 (    33      0)    17.537 (  2496      0)
"advance_hypervis_dp"               6144     6144 4.718592e+07   2.273085e+05    47.686 (  1237      0)    30.459 (  1953      0)
"biwkdp3d_bexchV"                   6144     6144 1.415578e+08   8.616452e+04    19.830 (  2940      0)     9.650 (   737      0)
"ahdp_bexchV2"                      6144     6144 1.415578e+08   8.602260e+04    20.687 (  1237      0)    10.538 (  2080      0)
"prim_step_advec"                   6144     6144 4.718592e+07   1.424197e+06   247.424 (  2288      0)   212.289 (    33      0)
"PAT_remap"                         6144     6144 4.718592e+07   1.424096e+06   247.409 (  2288      0)   212.273 (    33      0)
"prim_advec_tracers_remap_rk2"      6144     6144 4.718592e+07   1.423951e+06   247.389 (  2288      0)   212.248 (    33      0)
"precomput_divdp"                   6144     6144 4.718592e+07   3.246581e+03     0.839 (  5732      0)     0.332 (  3001      0)
"euler_step_0"                      6144     6144 4.718592e+07   4.159798e+05    79.343 (  2062      0)    54.730 (  2397      0)
"bihmix_qminmax"                    6144     6144 1.415578e+08   6.535056e+05   120.710 (  2288      0)    91.782 (  1661      0)
"eus_neighbor_minmax1"              6144     6144 4.718592e+07   1.191212e+05    27.132 (  4581      0)    11.659 (  1991      0)
"nmm_bexchV"                        6144     6144 4.718592e+07   8.232908e+04    20.536 (  3013      0)     6.620 (  2920      0)
"eus_2d_advec"                      6144     6144 1.415578e+08   7.385458e+05   139.269 (  1282      0)   107.104 (  2378      0)
"eus_bexchV"                        6144     6144 1.415578e+08   3.344396e+05    75.010 (  1282      0)    38.319 (  2400      0)
"euler_step_1"                      6144     6144 4.718592e+07   2.784883e+05    49.587 (  1890      0)    39.946 (  2079      0)
"euler_step_2"                      6144     6144 4.718592e+07   6.985955e+05   122.256 (  1858      0)   105.454 (  2422      0)
"nmm_bexchS_start"                  6144     6144 4.718592e+07   2.801882e+03     0.588 (  1173      0)     0.322 (  1479      0)
"biwksc_bexchV"                     6144     6144 4.718592e+07   1.465819e+05    30.945 (  6101      0)    16.559 (  1666      0)
"nmm_bexchS_fini"                   6144     6144 4.718592e+07   9.367812e+03     1.991 (  4798      0)     1.214 (  1096      0)
"qdp_tavg"                          6144     6144 4.718592e+07   2.712015e+04     5.113 (  2292      0)     4.166 (  2917      0)
"vertical_remap"                    6144     6144 1.572864e+07   9.236943e+04    15.629 (  2080      0)    14.738 (  4182      0)
"vertical_remap1_1"                 6144     6144 6.291456e+07   5.368715e+03     0.909 (  2080      0)     0.853 (  4182      0)
"remap_Q_ppm"                       6144     6144 1.887437e+08   9.076092e+04    15.348 (   748      0)    14.496 (  4182      0)
"vertical_remap1_2"                 6144     6144 6.291456e+07   7.023717e+03     1.178 (   748      0)     1.130 (  1967      0)
"vertical_remap1_3"                 6144     6144 6.291456e+07   7.856778e+04    13.304 (   748      0)    12.544 (  4182      0)
"prim_run_subcyle_diags"            6144     6144 1.572864e+07   2.839207e+04     7.126 (  1856      0)     3.664 (  2350      0)
"t_prf"                                0        0 0.000000e+00   0.000000e+00     0.000 (     0      0)     0.000 (     0      0)

10940565
