LAST_GIT_COMMIT_SHA:STRING=4790f40f2fb6acbc051ce4c988681a628c18e83d

***** GLOBAL STATISTICS (  6400 MPI TASKS) *****

$Id: gptl.c,v 1.157 2011-03-28 20:55:18 rosinski Exp $
'count' is cumulative. All other stats are max/min
name                               processes  threads        count      walltotal   wallmax (proc   thrd  )   wallmin (proc   thrd  )
Total                                   6400     6400 6.400000e+03   1.569471e+06   245.269 (   898      0)   245.201 (  6054      0)
prim_init1                              6400     6400 6.400000e+03   5.318208e+03     0.866 (  3833      0)     0.785 (  4221      0)
repro_sum_int                           6400     6400 2.880000e+05   2.326031e+03     1.323 (  5550      0)     0.035 (  2408      0)
prim_init2                              6400     6400 6.400000e+03   4.957610e+03     1.743 (  1082      0)     0.405 (   178      0)
prim_printstate                         6400     6400 6.400000e+03   4.480105e+02     0.079 (  3390      0)     0.061 (   968      0)
interp_movie_output                     6400     6400 1.280000e+04   2.511664e+01     0.022 (  4041      0)     0.000 (    65      0)
prim_main_loop                          6400     6400 6.400000e+03   1.536191e+06   240.063 (   928      0)   240.007 (  4060      0)
prim_run                                6400     6400 8.537600e+06   1.536156e+06   240.059 (   934      0)   240.000 (  6369      0)
tl-sc prim_run_subcycle_c               6400     6400 8.537600e+06   1.536021e+06   240.019 (   849      0)   239.981 (  6369      0)
tl-sc dp3d-from-ps                      6400     6400 8.537600e+06   1.702671e+02     0.040 (  5612      0)     0.020 (   820      0)
tl-sc prim_step-loop                    6400     6400 8.537600e+06   1.445636e+06   226.254 (   362      0)   225.173 (    76      0)
tl-s prim_step                          6400     6400 2.561280e+07   1.445577e+06   226.248 (   362      0)   225.163 (    76      0)
tl-s deep_copy+derived_dp               6400     6400 2.561280e+07   2.916454e+03     0.705 (  3244      0)     0.249 (  5713      0)
tl-s prim_advance_exp-loop              6400     6400 2.561280e+07   2.334072e+05    47.848 (  1288      0)    23.799 (   864      0)
tl-ae prim_advance_exp                  6400     6400 2.561280e+07   2.333225e+05    47.835 (  1288      0)    23.788 (   864      0)
tl-ae U3-5stage_timestep                6400     6400 2.561280e+07   1.285510e+05    34.310 (  5707      0)    10.817 (  1951      0)
caar compute                            6400     6400 1.280640e+08   3.765792e+04     6.679 (  3622      0)     5.437 (  5712      0)
caar_bexchV                             6400     6400 1.280640e+08   8.943207e+04    28.230 (  5707      0)     5.062 (  1951      0)
tl-ae advance_hypervis_dp               6400     6400 2.561280e+07   1.046865e+05    21.078 (   593      0)    11.980 (   831      0)
hvf-bhwk                                6400     6400 7.683840e+07   6.055196e+04    13.144 (  5150      0)     6.991 (  5730      0)
hvf-bexch                               6400     6400 1.536768e+08   7.076041e+04    15.778 (   593      0)     6.802 (   831      0)
tl-s prim_advec_tracers_remap           6400     6400 2.561280e+07   1.209096e+06   201.949 (   864      0)   177.674 (  1288      0)
tl-at prim_advec_tracers_remap_RK2      6400     6400 2.561280e+07   1.209002e+06   201.935 (   864      0)   177.662 (  1288      0)
tl-at precompute_divdp                  6400     6400 2.561280e+07   1.900961e+03     0.508 (   753      0)     0.155 (  2652      0)
tl-at esf-0                             6400     6400 2.561280e+07   3.573683e+05    65.005 (   864      0)    47.155 (  1300      0)
tl-at esf-1                             6400     6400 2.561280e+07   2.634397e+05    45.124 (  5537      0)    38.573 (  2823      0)
tl-at esf-2                             6400     6400 2.561280e+07   5.584119e+05   101.781 (   884      0)    77.875 (   356      0)
tl-at qdp_time_avg                      6400     6400 2.561280e+07   2.729030e+04     5.904 (  3243      0)     3.281 (  5713      0)
tl-sc vertical_remap                    6400     6400 8.537600e+06   7.773268e+04    12.808 (   988      0)    11.766 (  4479      0)
Remap Thickness Functor                 6400     6400 8.537600e+06   8.767434e+02     0.199 (    20      0)     0.093 (  5564      0)
Remap Scale States Functor              6400     6400 8.537600e+06   4.297803e+02     0.114 (  5867      0)     0.034 (  5760      0)
Remap Compute Grids Functor             6400     6400 8.537600e+06   4.174137e+03     1.009 (    20      0)     0.447 (   814      0)
Remap Compute Remap Functor             6400     6400 8.537600e+06   7.141783e+04    11.678 (   988      0)    10.997 (  4482      0)
Remap Rescale States Functor            6400     6400 8.537600e+06   5.644111e+02     0.118 (  3256      0)     0.082 (  2699      0)
tl-sc Q-from-qdp                        6400     6400 8.537600e+06   1.240240e+04     2.250 (  3232      0)     1.805 (   382      0)
t_prf                                      0        0 0.000000e+00   0.000000e+00     0.000 (     0      0)     0.000 (     0      0)

