LAST_GIT_COMMIT_SHA:STRING=4790f40f2fb6acbc051ce4c988681a628c18e83d

***** GLOBAL STATISTICS (  1920 MPI TASKS) *****

$Id: gptl.c,v 1.157 2011-03-28 20:55:18 rosinski Exp $
'count' is cumulative. All other stats are max/min
name                               processes  threads        count      walltotal   wallmax (proc   thrd  )   wallmin (proc   thrd  )
Total                                   1920     1920 1.920000e+03   5.456778e+05   284.273 (  1711      0)   284.131 (    58      0)
prim_init1                              1920     1920 1.920000e+03   1.469307e+03     0.770 (  1128      0)     0.746 (    52      0)
repro_sum_int                           1920     1920 8.640000e+04   1.215500e+02     0.118 (    38      0)     0.017 (  1824      0)
prim_init2                              1920     1920 1.920000e+03   6.365294e+02     0.384 (  1208      0)     0.282 (    94      0)
prim_printstate                         1920     1920 1.920000e+03   9.710048e+01     0.053 (   457      0)     0.049 (  1811      0)
interp_movie_output                     1920     1920 3.840000e+03   7.758975e+00     0.009 (  1725      0)     0.000 (   177      0)
prim_main_loop                          1920     1920 1.920000e+03   5.341702e+05   278.276 (  1711      0)   278.140 (    58      0)
prim_run                                1920     1920 3.840000e+05   5.341637e+05   278.272 (  1711      0)   278.137 (    58      0)
tl-sc prim_run_subcycle_c               1920     1920 3.840000e+05   5.340884e+05   278.234 (  1711      0)   278.115 (  1130      0)
tl-sc dp3d-from-ps                      1920     1920 3.840000e+05   5.055593e+01     0.036 (   900      0)     0.019 (  1034      0)
tl-sc prim_step-loop                    1920     1920 3.840000e+05   5.036343e+05   262.961 (   732      0)   261.377 (  1344      0)
tl-s prim_step                          1920     1920 1.152000e+06   5.036310e+05   262.960 (   732      0)   261.375 (  1344      0)
tl-s deep_copy+derived_dp               1920     1920 1.152000e+06   9.052390e+02     0.688 (   898      0)     0.256 (   995      0)
tl-s prim_advance_exp-loop              1920     1920 1.152000e+06   1.079210e+05    76.763 (  1022      0)    35.372 (  1864      0)
tl-ae prim_advance_exp                  1920     1920 1.152000e+06   1.079096e+05    76.758 (  1022      0)    35.368 (  1864      0)
tl-ae U3-5stage_timestep                1920     1920 1.152000e+06   5.599537e+04    49.368 (  1676      0)    16.717 (  1864      0)
caar compute                            1920     1920 5.760000e+06   1.466018e+04     9.384 (   441      0)     6.625 (   547      0)
caar_bexchV                             1920     1920 5.760000e+06   4.069281e+04    41.992 (   692      0)     8.243 (  1631      0)
tl-ae advance_hypervis_dp               1920     1920 1.152000e+06   5.190539e+04    39.016 (   696      0)    17.880 (  1821      0)
hvf-bhwk                                1920     1920 3.456000e+06   2.833371e+04    26.741 (   696      0)     9.774 (  1877      0)
hvf-bexch                               1920     1920 6.912000e+06   3.827709e+04    32.335 (   696      0)    10.149 (  1821      0)
tl-s prim_advec_tracers_remap           1920     1920 1.152000e+06   3.947885e+05   226.973 (  1864      0)   185.245 (  1022      0)
tl-at prim_advec_tracers_remap_RK2      1920     1920 1.152000e+06   3.947821e+05   226.971 (  1864      0)   185.242 (  1022      0)
tl-at precompute_divdp                  1920     1920 1.152000e+06   6.192350e+02     0.567 (  1721      0)     0.155 (  1571      0)
tl-at esf-0                             1920     1920 1.152000e+06   1.086266e+05    66.352 (   986      0)    49.676 (  1807      0)
tl-at esf-1                             1920     1920 1.152000e+06   8.441140e+04    52.160 (  1864      0)    37.534 (  1801      0)
tl-at esf-2                             1920     1920 1.152000e+06   1.909695e+05   117.744 (  1817      0)    81.654 (  1658      0)
tl-at qdp_time_avg                      1920     1920 1.152000e+06   1.012181e+04     7.222 (   616      0)     3.674 (   604      0)
tl-sc vertical_remap                    1920     1920 3.840000e+05   2.608426e+04    14.544 (  1344      0)    12.920 (  1466      0)
Remap Thickness Functor                 1920     1920 3.840000e+05   2.339157e+02     0.164 (   797      0)     0.093 (   113      0)
Remap Scale States Functor              1920     1920 3.840000e+05   1.548262e+02     0.142 (   610      0)     0.036 (  1261      0)
Remap Compute Grids Functor             1920     1920 3.840000e+05   1.499455e+03     1.256 (   670      0)     0.491 (  1261      0)
Remap Compute Remap Functor             1920     1920 3.840000e+05   2.399992e+04    13.181 (  1344      0)    12.071 (  1398      0)
Remap Rescale States Functor            1920     1920 3.840000e+05   1.829658e+02     0.119 (   634      0)     0.091 (  1768      0)
tl-sc Q-from-qdp                        1920     1920 3.840000e+05   4.315125e+03     2.578 (   918      0)     2.102 (   605      0)
t_prf                                      0        0 0.000000e+00   0.000000e+00     0.000 (     0      0)     0.000 (     0      0)

