LAST_GIT_COMMIT_SHA:STRING=adf77c97ed8425a245449f2582d2441f4b72da1e
10940532

***** GLOBAL STATISTICS (   128 MPI TASKS) *****

$Id: gptl.c,v 1.157 2011-03-28 20:55:18 rosinski Exp $
'count' is cumulative. All other stats are max/min
name                           processes  threads        count      walltotal   wallmax (proc   thrd  )   wallmin (proc   thrd  )
"Total"                              128      128 1.280000e+02   7.340628e+03    57.352 (    57      0)    57.342 (    17      0)
"prim_init1"                         128      128 1.280000e+02   8.087600e+00     0.068 (     0      0)     0.063 (    96      0)
"PartitioningTime"                   128      128 1.280000e+02   1.039715e-01     0.001 (    77      0)     0.001 (    56      0)
"repro_sum_int"                      128      128 5.760000e+03   5.393624e-01     0.006 (    41      0)     0.003 (   125      0)
"prim_init2"                         128      128 1.280000e+02   3.478199e+00     0.030 (     0      0)     0.026 (   125      0)
"prim_printstate"                    128      128 1.280000e+02   7.049825e-01     0.009 (     0      0)     0.005 (    99      0)
"interp_movie_output"                128      128 2.560000e+02   1.940751e-02     0.000 (   106      0)     0.000 (    82      0)
"prim_main_loop"                     128      128 1.280000e+02   7.313838e+03    57.143 (    57      0)    57.132 (    17      0)
"prim_run"                           128      128 2.048000e+04   7.313785e+03    57.142 (    57      0)    57.132 (    17      0)
"ApplyCAMForcing"                    128      128 2.048000e+04   8.545742e+01     0.823 (   102      0)     0.498 (    46      0)
"prim_step_rX"                       128      128 6.144000e+04   6.710004e+03    52.720 (    46      0)    52.211 (   100      0)
"prim_step_dyn"                      128      128 6.144000e+04   8.514152e+02     9.777 (    17      0)     5.005 (   100      0)
"prim_advance_exp"                   128      128 6.144000e+04   8.511409e+02     9.775 (    17      0)     5.003 (   100      0)
"U3-5stage_timestep"                 128      128 6.144000e+04   5.757628e+02     7.637 (    17      0)     2.857 (   101      0)
"compute_and_apply_rhs"              128      128 3.072000e+05   5.675383e+02     7.566 (    17      0)     2.788 (   101      0)
"caar_bexchV"                        128      128 3.072000e+05   3.162126e+02     5.581 (    17      0)     0.906 (   100      0)
"advance_hypervis_dp"                128      128 6.144000e+04   2.750933e+02     2.274 (     1      0)     2.084 (   108      0)
"biwkdp3d_bexchV"                    128      128 1.843200e+05   3.303174e+01     0.385 (     1      0)     0.222 (   125      0)
"ahdp_bexchV2"                       128      128 1.843200e+05   3.113251e+01     0.271 (    61      0)     0.216 (   124      0)
"prim_step_advec"                    128      128 6.144000e+04   5.840665e+03    47.119 (   101      0)    42.797 (    17      0)
"PAT_remap"                          128      128 6.144000e+04   5.840492e+03    47.117 (   101      0)    42.796 (    17      0)
"prim_advec_tracers_remap_rk2"       128      128 6.144000e+04   5.840265e+03    47.116 (   101      0)    42.794 (    17      0)
"precomput_divdp"                    128      128 6.144000e+04   1.404209e+01     0.151 (    30      0)     0.076 (    50      0)
"euler_step_0"                       128      128 6.144000e+04   1.661823e+03    14.308 (   101      0)    10.098 (    17      0)
"bihmix_qminmax"                     128      128 1.843200e+05   2.801456e+03    23.522 (   107      0)    19.916 (    38      0)
"eus_neighbor_minmax1"               128      128 6.144000e+04   4.405792e+02     4.560 (   107      0)     2.267 (    41      0)
"nmm_bexchV"                         128      128 6.144000e+04   2.499540e+02     2.925 (   107      0)     1.015 (    41      0)
"eus_2d_advec"                       128      128 1.843200e+05   2.872880e+03    25.327 (    38      0)    20.330 (    76      0)
"eus_bexchV"                         128      128 1.843200e+05   9.639908e+02     9.907 (    38      0)     5.497 (    76      0)
"euler_step_1"                       128      128 6.144000e+04   1.146078e+03    10.071 (    81      0)     8.381 (    77      0)
"euler_step_2"                       128      128 6.144000e+04   2.868963e+03    23.365 (    38      0)    21.520 (     5      0)
"nmm_bexchS_start"                   128      128 6.144000e+04   3.944237e+00     0.044 (   101      0)     0.021 (   109      0)
"biwksc_bexchV"                      128      128 6.144000e+04   3.792952e+02     3.619 (    13      0)     2.257 (    66      0)
"nmm_bexchS_fini"                    128      128 6.144000e+04   7.783974e+01     0.679 (   111      0)     0.504 (   117      0)
"qdp_tavg"                           128      128 6.144000e+04   1.483120e+02     1.418 (   118      0)     0.892 (    30      0)
"vertical_remap"                     128      128 2.048000e+04   3.675876e+02     2.959 (    46      0)     2.827 (    95      0)
"vertical_remap1_1"                  128      128 2.457600e+05   2.072056e+01     0.165 (    46      0)     0.160 (    33      0)
"remap_Q_ppm"                        128      128 7.372800e+05   3.612149e+02     2.896 (    46      0)     2.781 (    95      0)
"vertical_remap1_2"                  128      128 2.457600e+05   2.740189e+01     0.216 (    17      0)     0.212 (   105      0)
"vertical_remap1_3"                  128      128 2.457600e+05   3.138655e+02     2.523 (    46      0)     2.414 (    95      0)
"prim_run_subcyle_diags"             128      128 2.048000e+04   1.303144e+02     1.243 (    30      0)     0.819 (    17      0)
"t_prf"                                0        0 0.000000e+00   0.000000e+00     0.000 (     0      0)     0.000 (     0      0)

10940532
