LAST_GIT_COMMIT_SHA:STRING=adf77c97ed8425a245449f2582d2441f4b72da1e
10940578

***** GLOBAL STATISTICS (   480 MPI TASKS) *****

$Id: gptl.c,v 1.157 2011-03-28 20:55:18 rosinski Exp $
'count' is cumulative. All other stats are max/min
name                           processes  threads        count      walltotal   wallmax (proc   thrd  )   wallmin (proc   thrd  )
"Total"                              480      480 4.800000e+02   1.229233e+05   256.122 (   103      0)   256.034 (   279      0)
"prim_init1"                         480      480 4.800000e+02   2.124242e+02     0.444 (   476      0)     0.440 (   401      0)
"PartitioningTime"                   480      480 4.800000e+02   1.051879e+00     0.003 (   392      0)     0.001 (    61      0)
"repro_sum_int"                      480      480 2.160000e+04   7.803265e+00     0.024 (   162      0)     0.007 (   353      0)
"prim_init2"                         480      480 4.800000e+02   7.498768e+01     0.164 (   168      0)     0.149 (   353      0)
"prim_printstate"                    480      480 4.800000e+02   1.211100e+01     0.029 (     0      0)     0.025 (   102      0)
"interp_movie_output"                480      480 9.600000e+02   1.085041e-01     0.000 (   471      0)     0.000 (   133      0)
"prim_main_loop"                     480      480 4.800000e+02   1.213549e+05   252.854 (   103      0)   252.766 (   279      0)
"prim_run"                           480      480 4.800000e+04   1.213547e+05   252.854 (   103      0)   252.766 (   279      0)
"ApplyCAMForcing"                    480      480 4.800000e+04   1.836733e+03     4.415 (   426      0)     2.448 (   279      0)
"prim_step_rX"                       480      480 1.440000e+05   1.114049e+05   233.878 (   462      0)   230.917 (   446      0)
"prim_step_dyn"                      480      480 1.440000e+05   2.195806e+04    53.137 (   279      0)    40.325 (   224      0)
"prim_advance_exp"                   480      480 1.440000e+05   2.195682e+04    53.135 (   279      0)    40.323 (   224      0)
"U3-5stage_timestep"                 480      480 1.440000e+05   1.094075e+04    31.237 (   279      0)    18.158 (   328      0)
"compute_and_apply_rhs"              480      480 7.200000e+05   1.077656e+04    30.937 (   279      0)    17.708 (   328      0)
"caar_bexchV"                        480      480 7.200000e+05   5.572177e+03    20.728 (   279      0)     4.715 (   224      0)
"advance_hypervis_dp"                480      480 1.440000e+05   1.101439e+04    26.658 (   420      0)    20.636 (   247      0)
"biwkdp3d_bexchV"                    480      480 4.320000e+05   2.744163e+03     9.745 (   421      0)     2.504 (   224      0)
"ahdp_bexchV2"                       480      480 4.320000e+05   2.803394e+03     9.399 (   397      0)     2.916 (   224      0)
"prim_step_advec"                    480      480 1.440000e+05   8.910232e+04   190.557 (   248      0)   179.838 (   279      0)
"PAT_remap"                          480      480 1.440000e+05   8.910180e+04   190.556 (   248      0)   179.837 (   279      0)
"prim_advec_tracers_remap_rk2"       480      480 1.440000e+05   8.910091e+04   190.554 (   248      0)   179.835 (   279      0)
"precomput_divdp"                    480      480 1.440000e+05   2.031727e+02     0.521 (   449      0)     0.255 (    14      0)
"euler_step_0"                       480      480 1.440000e+05   2.455472e+04    53.394 (   224      0)    48.181 (   403      0)
"bihmix_qminmax"                     480      480 4.320000e+05   4.232832e+04    92.292 (   234      0)    82.680 (   415      0)
"eus_neighbor_minmax1"               480      480 1.440000e+05   6.486310e+03    17.513 (   334      0)    11.694 (   159      0)
"nmm_bexchV"                         480      480 1.440000e+05   2.884602e+03     8.964 (    94      0)     3.820 (   233      0)
"eus_2d_advec"                       480      480 4.320000e+05   4.351448e+04    98.950 (   233      0)    84.553 (   472      0)
"eus_bexchV"                         480      480 4.320000e+05   1.062790e+04    30.130 (   233      0)    16.861 (   472      0)
"euler_step_1"                       480      480 1.440000e+05   1.757715e+04    38.572 (   373      0)    34.998 (   474      0)
"euler_step_2"                       480      480 1.440000e+05   4.371802e+04    94.393 (   248      0)    86.726 (   275      0)
"nmm_bexchS_start"                   480      480 1.440000e+05   1.004724e+01     0.029 (    93      0)     0.012 (   463      0)
"biwksc_bexchV"                      480      480 1.440000e+05   3.711274e+03    10.090 (   242      0)     4.555 (   233      0)
"nmm_bexchS_fini"                    480      480 1.440000e+05   1.675476e+03     4.180 (   164      0)     2.702 (   233      0)
"qdp_tavg"                           480      480 1.440000e+05   3.043973e+03     7.296 (   421      0)     4.150 (   449      0)
"vertical_remap"                     480      480 4.800000e+04   5.673060e+03    12.062 (   279      0)    11.658 (   360      0)
"vertical_remap1_1"                  480      480 3.840000e+06   3.172651e+02     0.668 (   279      0)     0.655 (   435      0)
"remap_Q_ppm"                        480      480 1.152000e+07   5.584903e+03    11.843 (   279      0)    11.481 (   360      0)
"vertical_remap1_2"                  480      480 3.840000e+06   4.253944e+02     0.894 (    53      0)     0.880 (   435      0)
"vertical_remap1_3"                  480      480 3.840000e+06   4.852821e+03    10.312 (   279      0)     9.965 (   360      0)
"prim_run_subcyle_diags"             480      480 4.800000e+04   2.056161e+03     5.376 (   445      0)     3.743 (   462      0)
"t_prf"                                0        0 0.000000e+00   0.000000e+00     0.000 (     0      0)     0.000 (     0      0)

10940578
