LAST_GIT_COMMIT_SHA:STRING=adf77c97ed8425a245449f2582d2441f4b72da1e
10940539

***** GLOBAL STATISTICS (    32 MPI TASKS) *****

$Id: gptl.c,v 1.157 2011-03-28 20:55:18 rosinski Exp $
'count' is cumulative. All other stats are max/min
name                           processes  threads        count      walltotal   wallmax (proc   thrd  )   wallmin (proc   thrd  )
"Total"                               32       32 3.200000e+01   3.278405e+03   102.457 (     4      0)   102.444 (    31      0)
"prim_init1"                          32       32 3.200000e+01   1.070680e+01     0.335 (    25      0)     0.334 (    13      0)
"PartitioningTime"                    32       32 3.200000e+01   3.938651e-02     0.001 (     5      0)     0.001 (     9      0)
"repro_sum_int"                       32       32 1.440000e+03   8.203769e-02     0.003 (    17      0)     0.002 (     0      0)
"prim_init2"                          32       32 3.200000e+01   1.031352e+01     0.325 (     0      0)     0.322 (    13      0)
"prim_printstate"                     32       32 3.200000e+01   1.369454e+00     0.047 (     0      0)     0.043 (    11      0)
"interp_movie_output"                 32       32 6.400000e+01   6.880760e-03     0.000 (     2      0)     0.000 (     4      0)
"prim_main_loop"                      32       32 3.200000e+01   3.246549e+03   101.461 (     4      0)   101.448 (    31      0)
"prim_run"                            32       32 5.440000e+02   3.246543e+03   101.461 (     4      0)   101.448 (    31      0)
"ApplyCAMForcing"                     32       32 5.440000e+02   5.762801e+01     1.815 (    20      0)     1.785 (    13      0)
"prim_step_rX"                        32       32 1.632000e+03   2.969640e+03    92.986 (     8      0)    92.678 (     4      0)
"prim_step_dyn"                       32       32 1.632000e+03   5.153265e+02    16.569 (     8      0)    15.762 (     4      0)
"prim_advance_exp"                    32       32 1.632000e+03   5.153115e+02    16.568 (     8      0)    15.762 (     4      0)
"U3-5stage_timestep"                  32       32 1.632000e+03   2.491830e+02     8.243 (     8      0)     7.447 (     4      0)
"compute_and_apply_rhs"               32       32 8.160000e+03   2.403605e+02     7.956 (     8      0)     7.177 (     4      0)
"caar_bexchV"                         32       32 8.160000e+03   5.783863e+01     2.086 (     8      0)     1.477 (     4      0)
"advance_hypervis_dp"                 32       32 1.632000e+03   2.661047e+02     8.341 (    30      0)     8.290 (    31      0)
"biwkdp3d_bexchV"                     32       32 4.896000e+03   2.952495e+01     0.983 (    15      0)     0.819 (     0      0)
"ahdp_bexchV2"                        32       32 4.896000e+03   3.311496e+01     1.145 (    13      0)     0.924 (     0      0)
"prim_step_advec"                     32       32 1.632000e+03   2.443283e+03    76.638 (     4      0)    76.045 (     8      0)
"PAT_remap"                           32       32 1.632000e+03   2.443276e+03    76.638 (     4      0)    76.044 (     8      0)
"prim_advec_tracers_remap_rk2"        32       32 1.632000e+03   2.443265e+03    76.638 (     4      0)    76.044 (     8      0)
"precomput_divdp"                     32       32 1.632000e+03   5.662546e+00     0.191 (    31      0)     0.168 (    16      0)
"euler_step_0"                        32       32 1.632000e+03   6.767336e+02    21.351 (     4      0)    20.960 (     8      0)
"bihmix_qminmax"                      32       32 4.896000e+03   1.178209e+03    37.059 (    27      0)    36.518 (    13      0)
"eus_neighbor_minmax1"                32       32 1.632000e+03   1.776067e+02     5.636 (    27      0)     5.510 (     1      0)
"nmm_bexchV"                          32       32 1.632000e+03   7.564453e+01     2.440 (    12      0)     2.332 (     1      0)
"eus_2d_advec"                        32       32 4.896000e+03   1.167158e+03    37.011 (    13      0)    36.026 (    27      0)
"eus_bexchV"                          32       32 4.896000e+03   2.843121e+02     9.723 (     6      0)     8.325 (    27      0)
"euler_step_1"                        32       32 1.632000e+03   4.772807e+02    15.035 (    13      0)    14.814 (    27      0)
"euler_step_2"                        32       32 1.632000e+03   1.191431e+03    37.447 (    17      0)    37.107 (    10      0)
"nmm_bexchS_start"                    32       32 1.632000e+03   7.875204e-02     0.003 (    19      0)     0.002 (    14      0)
"biwksc_bexchV"                       32       32 1.632000e+03   1.020142e+02     3.385 (     1      0)     3.039 (     4      0)
"nmm_bexchS_fini"                     32       32 1.632000e+03   6.093303e+01     1.955 (     7      0)     1.782 (     0      0)
"qdp_tavg"                            32       32 1.632000e+03   9.211180e+01     2.938 (    27      0)     2.804 (    13      0)
"vertical_remap"                      32       32 5.440000e+02   1.545810e+02     4.853 (    27      0)     4.789 (     6      0)
"vertical_remap1_1"                   32       32 1.044480e+05   8.664230e+00     0.273 (    31      0)     0.269 (     6      0)
"remap_Q_ppm"                         32       32 3.133440e+05   1.522659e+02     4.779 (    27      0)     4.718 (     6      0)
"vertical_remap1_2"                   32       32 1.044480e+05   1.161756e+01     0.364 (    16      0)     0.361 (     6      0)
"vertical_remap1_3"                   32       32 1.044480e+05   1.322620e+02     4.153 (    27      0)     4.096 (     6      0)
"prim_run_subcyle_diags"              32       32 5.440000e+02   5.164702e+01     1.703 (     4      0)     1.565 (     8      0)
"t_prf"                                0        0 0.000000e+00   0.000000e+00     0.000 (     0      0)     0.000 (     0      0)

10940539
