LAST_GIT_COMMIT_SHA:STRING=adf77c97ed8425a245449f2582d2441f4b72da1e
10940538

***** GLOBAL STATISTICS (  1536 MPI TASKS) *****

$Id: gptl.c,v 1.157 2011-03-28 20:55:18 rosinski Exp $
'count' is cumulative. All other stats are max/min
name                           processes  threads        count      walltotal   wallmax (proc   thrd  )   wallmin (proc   thrd  )
"Total"                             1536     1536 1.536000e+03   1.842749e+05   119.977 (  1028      0)   119.959 (  1444      0)
"prim_init1"                        1536     1536 1.536000e+03   6.044146e+02     0.407 (  1526      0)     0.389 (   771      0)
"PartitioningTime"                  1536     1536 1.536000e+03   5.561835e+00     0.011 (  1528      0)     0.001 (   430      0)
"repro_sum_int"                     1536     1536 6.912000e+04   2.499320e+02     0.246 (     2      0)     0.096 (  1505      0)
"prim_init2"                        1536     1536 1.536000e+03   4.558342e+02     0.391 (     0      0)     0.241 (  1505      0)
"prim_printstate"                   1536     1536 1.536000e+03   2.529161e+02     0.172 (     0      0)     0.159 (   251      0)
"interp_movie_output"               1536     1536 3.072000e+03   1.270745e+00     0.003 (  1443      0)     0.000 (   882      0)
"prim_main_loop"                    1536     1536 1.536000e+03   1.826913e+05   118.942 (    60      0)   118.935 (   456      0)
"prim_run"                          1536     1536 2.949120e+06   1.826876e+05   118.940 (    63      0)   118.931 (  1504      0)
"ApplyCAMForcing"                   1536     1536 2.949120e+06   5.277021e+02     0.357 (     0      0)     0.338 (  1431      0)
"prim_step_rX"                      1536     1536 8.847360e+06   1.769853e+05   115.304 (   639      0)   115.070 (    24      0)
"prim_step_dyn"                     1536     1536 8.847360e+06   9.150708e+04    77.532 (  1079      0)    23.758 (   917      0)
"prim_advance_exp"                  1536     1536 8.847360e+06   9.149263e+04    77.522 (  1079      0)    23.749 (   917      0)
"U3-5stage_timestep"                1536     1536 8.847360e+06   4.792430e+04    64.786 (   392      0)    10.807 (   640      0)
"compute_and_apply_rhs"             1536     1536 4.423680e+07   4.786044e+04    64.746 (   392      0)    10.762 (   640      0)
"caar_bexchV"                       1536     1536 4.423680e+07   4.521242e+04    62.998 (   392      0)     9.055 (   640      0)
"advance_hypervis_dp"               1536     1536 8.847360e+06   4.354705e+04    60.133 (   128      0)    11.574 (   855      0)
"biwkdp3d_bexchV"                   1536     1536 2.654208e+07   2.073529e+04    50.471 (   128      0)     4.674 (   165      0)
"ahdp_bexchV2"                      1536     1536 2.654208e+07   2.020491e+04    49.934 (   212      0)     4.673 (   167      0)
"prim_step_advec"                   1536     1536 8.847360e+06   8.533541e+04    91.369 (   917      0)    37.599 (  1079      0)
"PAT_remap"                         1536     1536 8.847360e+06   8.532405e+04    91.363 (   917      0)    37.591 (  1079      0)
"prim_advec_tracers_remap_rk2"      1536     1536 8.847360e+06   8.530846e+04    91.352 (   917      0)    37.581 (  1079      0)
"precomput_divdp"                   1536     1536 8.847360e+06   5.220570e+01     0.050 (   351      0)     0.026 (  1368      0)
"euler_step_0"                      1536     1536 8.847360e+06   2.694313e+04    57.010 (   421      0)    10.279 (  1035      0)
"bihmix_qminmax"                    1536     1536 2.654208e+07   3.756670e+04    65.385 (  1274      0)    15.548 (  1292      0)
"eus_neighbor_minmax1"              1536     1536 8.847360e+06   1.052013e+04    47.721 (  1274      0)     2.806 (   253      0)
"nmm_bexchV"                        1536     1536 8.847360e+06   9.283355e+03    46.959 (  1274      0)     2.086 (   157      0)
"eus_2d_advec"                      1536     1536 2.654208e+07   4.638146e+04    71.026 (  1127      0)    19.115 (   224      0)
"eus_bexchV"                        1536     1536 2.654208e+07   3.305823e+04    62.500 (  1127      0)    10.405 (   224      0)
"euler_step_1"                      1536     1536 8.847360e+06   1.540682e+04    50.237 (   408      0)     6.154 (   416      0)
"euler_step_2"                      1536     1536 8.847360e+06   4.165633e+04    65.988 (   917      0)    18.261 (   392      0)
"nmm_bexchS_start"                  1536     1536 8.847360e+06   1.730854e+02     0.209 (   752      0)     0.056 (  1453      0)
"biwksc_bexchV"                     1536     1536 8.847360e+06   1.324938e+04    49.605 (   916      0)     3.772 (  1292      0)
"nmm_bexchS_fini"                   1536     1536 8.847360e+06   5.555592e+01     0.246 (  1487      0)     0.009 (   845      0)
"qdp_tavg"                          1536     1536 8.847360e+06   1.201754e+03     0.806 (   960      0)     0.762 (   149      0)
"vertical_remap"                    1536     1536 2.949120e+06   4.350678e+03     2.919 (    30      0)     2.781 (   639      0)
"vertical_remap1_1"                 1536     1536 2.949120e+06   2.641318e+02     0.182 (  1503      0)     0.167 (   789      0)
"remap_Q_ppm"                       1536     1536 8.847360e+06   4.266685e+03     2.860 (    30      0)     2.729 (   639      0)
"vertical_remap1_2"                 1536     1536 2.949120e+06   3.304125e+02     0.223 (    18      0)     0.212 (   709      0)
"vertical_remap1_3"                 1536     1536 2.949120e+06   3.682389e+03     2.466 (    30      0)     2.355 (   639      0)
"prim_run_subcyle_diags"            1536     1536 2.949120e+06   6.044927e+02     0.462 (     0      0)     0.355 (    51      0)
"t_prf"                                0        0 0.000000e+00   0.000000e+00     0.000 (     0      0)     0.000 (     0      0)

10940538
