LAST_GIT_COMMIT_SHA:STRING=adf77c97ed8425a245449f2582d2441f4b72da1e
10940563

***** GLOBAL STATISTICS (  1536 MPI TASKS) *****

$Id: gptl.c,v 1.157 2011-03-28 20:55:18 rosinski Exp $
'count' is cumulative. All other stats are max/min
name                           processes  threads        count      walltotal   wallmax (proc   thrd  )   wallmin (proc   thrd  )
"Total"                             1536     1536 1.536000e+03   4.880797e+05   317.771 (  1184      0)   317.746 (   737      0)
"prim_init1"                        1536     1536 1.536000e+03   5.382263e+02     0.360 (  1267      0)     0.342 (  1454      0)
"PartitioningTime"                  1536     1536 1.536000e+03   3.995510e+00     0.004 (   857      0)     0.001 (   608      0)
"repro_sum_int"                     1536     1536 6.912000e+04   2.140920e+02     0.302 (  1420      0)     0.009 (   431      0)
"prim_init2"                        1536     1536 1.536000e+03   2.866084e+02     0.349 (   712      0)     0.059 (   949      0)
"prim_printstate"                   1536     1536 1.536000e+03   2.424232e+01     0.020 (     0      0)     0.015 (   755      0)
"interp_movie_output"               1536     1536 3.072000e+03   1.047952e+00     0.002 (   930      0)     0.000 (   676      0)
"prim_main_loop"                    1536     1536 1.536000e+03   4.849354e+05   315.723 (  1184      0)   315.698 (   737      0)
"prim_run"                          1536     1536 9.830400e+05   4.849328e+05   315.722 (  1184      0)   315.697 (   737      0)
"ApplyCAMForcing"                   1536     1536 9.830400e+05   5.823688e+03     5.040 (  1192      0)     2.561 (   456      0)
"prim_step_rX"                      1536     1536 2.949120e+06   4.455772e+05   292.156 (   456      0)   288.577 (  1190      0)
"prim_step_dyn"                     1536     1536 2.949120e+06   7.390360e+04    65.082 (   456      0)    36.885 (  1188      0)
"prim_advance_exp"                  1536     1536 2.949120e+06   7.388878e+04    65.071 (   456      0)    36.876 (  1188      0)
"U3-5stage_timestep"                1536     1536 2.949120e+06   4.137914e+04    43.429 (  1105      0)    17.449 (   320      0)
"compute_and_apply_rhs"             1536     1536 1.474560e+07   4.081161e+04    43.054 (  1105      0)    17.174 (   320      0)
"caar_bexchV"                       1536     1536 1.474560e+07   2.343106e+04    31.685 (  1105      0)     6.314 (  1190      0)
"advance_hypervis_dp"               1536     1536 2.949120e+06   3.249226e+04    25.773 (   621      0)    15.597 (   309      0)
"biwkdp3d_bexchV"                   1536     1536 8.847360e+06   8.351899e+03    10.526 (   183      0)     2.507 (  1184      0)
"ahdp_bexchV2"                      1536     1536 8.847360e+06   8.722037e+03    10.794 (   621      0)     2.655 (  1186      0)
"prim_step_advec"                   1536     1536 2.949120e+06   3.704710e+05   251.066 (  1188      0)   226.231 (   456      0)
"PAT_remap"                         1536     1536 2.949120e+06   3.704610e+05   251.060 (  1188      0)   226.225 (   456      0)
"prim_advec_tracers_remap_rk2"      1536     1536 2.949120e+06   3.704484e+05   251.052 (  1188      0)   226.216 (   456      0)
"precomput_divdp"                   1536     1536 2.949120e+06   8.848928e+02     0.792 (  1178      0)     0.277 (   133      0)
"euler_step_0"                      1536     1536 2.949120e+06   1.025878e+05    76.294 (   218      0)    56.851 (   584      0)
"bihmix_qminmax"                    1536     1536 8.847360e+06   1.755157e+05   122.625 (   314      0)   103.040 (   663      0)
"eus_neighbor_minmax1"              1536     1536 2.949120e+06   2.783345e+04    27.390 (   314      0)    13.313 (    45      0)
"nmm_bexchV"                        1536     1536 2.949120e+06   1.465039e+04    18.778 (   314      0)     5.599 (  1218      0)
"eus_2d_advec"                      1536     1536 8.847360e+06   1.836109e+05   132.443 (   344      0)   105.176 (   456      0)
"eus_bexchV"                        1536     1536 8.847360e+06   5.831723e+04    49.469 (   168      0)    28.130 (   459      0)
"euler_step_1"                      1536     1536 2.949120e+06   7.314000e+04    52.885 (   264      0)    44.074 (  1168      0)
"euler_step_2"                      1536     1536 2.949120e+06   1.835218e+05   125.457 (   306      0)   111.316 (  1135      0)
"nmm_bexchS_start"                  1536     1536 2.949120e+06   2.122719e+02     0.176 (  1322      0)     0.102 (    66      0)
"biwksc_bexchV"                     1536     1536 2.949120e+06   2.200704e+04    19.278 (  1411      0)     9.055 (   344      0)
"nmm_bexchS_fini"                   1536     1536 2.949120e+06   5.790585e+03     4.541 (  1200      0)     3.397 (   345      0)
"qdp_tavg"                          1536     1536 2.949120e+06   1.025817e+04     8.222 (  1198      0)     4.464 (   165      0)
"vertical_remap"                    1536     1536 9.830400e+05   2.338343e+04    15.858 (  1207      0)    15.002 (   298      0)
"vertical_remap1_1"                 1536     1536 1.572864e+07   1.311116e+03     0.872 (  1207      0)     0.841 (   168      0)
"remap_Q_ppm"                       1536     1536 4.718592e+07   2.299298e+04    15.526 (  1207      0)    14.769 (   298      0)
"vertical_remap1_2"                 1536     1536 1.572864e+07   1.745273e+03     1.150 (   333      0)     1.130 (   522      0)
"vertical_remap1_3"                 1536     1536 1.572864e+07   1.998380e+04    13.547 (  1207      0)    12.826 (   298      0)
"prim_run_subcyle_diags"            1536     1536 9.830400e+05   8.776063e+03     7.349 (   165      0)     4.691 (  1139      0)
"t_prf"                                0        0 0.000000e+00   0.000000e+00     0.000 (     0      0)     0.000 (     0      0)

10940563
