LAST_GIT_COMMIT_SHA:STRING=adf77c97ed8425a245449f2582d2441f4b72da1e
10940610

***** GLOBAL STATISTICS (  1152 MPI TASKS) *****

$Id: gptl.c,v 1.157 2011-03-28 20:55:18 rosinski Exp $
'count' is cumulative. All other stats are max/min
name                           processes  threads        count      walltotal   wallmax (proc   thrd  )   wallmin (proc   thrd  )
"Total"                             1152     1152 1.152000e+03   3.343780e+05   290.325 (     2      0)   290.197 (   997      0)
"prim_init1"                        1152     1152 1.152000e+03   8.469404e+02     0.739 (    64      0)     0.715 (   978      0)
"PartitioningTime"                  1152     1152 1.152000e+03   6.752105e+00     0.007 (   960      0)     0.004 (   113      0)
"repro_sum_int"                     1152     1152 5.184000e+04   1.010134e+02     0.321 (   966      0)     0.009 (   154      0)
"prim_init2"                        1152     1152 1.152000e+03   2.569351e+02     0.459 (     0      0)     0.145 (   931      0)
"prim_printstate"                   1152     1152 1.152000e+03   2.772549e+01     0.027 (     0      0)     0.024 (   577      0)
"interp_movie_output"               1152     1152 2.304000e+03   5.019810e-01     0.001 (  1090      0)     0.000 (   842      0)
"prim_main_loop"                    1152     1152 1.152000e+03   3.274689e+05   284.327 (     2      0)   284.200 (   997      0)
"prim_run"                          1152     1152 1.382400e+05   3.274680e+05   284.326 (     2      0)   284.199 (   997      0)
"ApplyCAMForcing"                   1152     1152 1.382400e+05   4.778720e+03     4.983 (   580      0)     2.236 (   532      0)
"prim_step_rX"                      1152     1152 4.147200e+05   3.008873e+05   263.759 (    80      0)   259.307 (    96      0)
"prim_step_dyn"                     1152     1152 4.147200e+05   6.004259e+04    64.819 (   485      0)    42.411 (   349      0)
"prim_advance_exp"                  1152     1152 4.147200e+05   6.003892e+04    64.816 (   485      0)    42.409 (   349      0)
"U3-5stage_timestep"                1152     1152 4.147200e+05   2.953812e+04    38.873 (  1054      0)    17.638 (   359      0)
"compute_and_apply_rhs"             1152     1152 2.073600e+06   2.913138e+04    38.458 (  1054      0)    17.270 (   352      0)
"caar_bexchV"                       1152     1152 2.073600e+06   1.532083e+04    25.916 (  1054      0)     3.692 (     0      0)
"advance_hypervis_dp"               1152     1152 4.147200e+05   3.049614e+04    32.041 (   935      0)    20.734 (   441      0)
"biwkdp3d_bexchV"                   1152     1152 1.244160e+06   7.869275e+03    13.614 (   702      0)     2.146 (     0      0)
"ahdp_bexchV2"                      1152     1152 1.244160e+06   8.203594e+03    13.246 (   707      0)     3.006 (     2      0)
"prim_step_advec"                   1152     1152 4.147200e+05   2.399265e+05   217.330 (   349      0)   197.870 (   485      0)
"PAT_remap"                         1152     1152 4.147200e+05   2.399251e+05   217.329 (   349      0)   197.869 (   485      0)
"prim_advec_tracers_remap_rk2"      1152     1152 4.147200e+05   2.399226e+05   217.328 (   349      0)   197.867 (   485      0)
"precomput_divdp"                   1152     1152 4.147200e+05   5.227075e+02     0.593 (   770      0)     0.218 (   321      0)
"euler_step_0"                      1152     1152 4.147200e+05   6.557509e+04    61.036 (   803      0)    51.829 (   451      0)
"bihmix_qminmax"                    1152     1152 1.244160e+06   1.128717e+05   106.060 (   391      0)    88.171 (   291      0)
"eus_neighbor_minmax1"              1152     1152 4.147200e+05   1.736646e+04    21.166 (   708      0)    10.799 (   414      0)
"nmm_bexchV"                        1152     1152 4.147200e+05   7.772995e+03    13.400 (   441      0)     3.811 (   414      0)
"eus_2d_advec"                      1152     1152 1.244160e+06   1.184585e+05   112.575 (   193      0)    89.858 (   227      0)
"eus_bexchV"                        1152     1152 1.244160e+06   2.859476e+04    36.579 (   101      0)    15.021 (   128      0)
"euler_step_1"                      1152     1152 4.147200e+05   4.738054e+04    46.018 (   239      0)    36.739 (   163      0)
"euler_step_2"                      1152     1152 4.147200e+05   1.183947e+05   109.738 (  1027      0)    94.956 (  1054      0)
"nmm_bexchS_start"                  1152     1152 4.147200e+05   2.751137e+01     0.039 (   160      0)     0.013 (   136      0)
"biwksc_bexchV"                     1152     1152 4.147200e+05   1.011862e+04    12.827 (  1038      0)     5.050 (  1080      0)
"nmm_bexchS_fini"                   1152     1152 4.147200e+05   4.321877e+03     5.540 (   358      0)     1.916 (   225      0)
"qdp_tavg"                          1152     1152 4.147200e+05   8.039060e+03     8.553 (   870      0)     4.020 (    67      0)
"vertical_remap"                    1152     1152 1.382400e+05   1.520250e+04    13.833 (   225      0)    12.857 (   903      0)
"vertical_remap1_1"                 1152     1152 1.036800e+07   8.558745e+02     0.756 (   485      0)     0.734 (   178      0)
"remap_Q_ppm"                       1152     1152 3.110400e+07   1.496220e+04    13.569 (   225      0)    12.658 (   903      0)
"vertical_remap1_2"                 1152     1152 1.036800e+07   1.145689e+03     1.011 (   225      0)     0.986 (   903      0)
"vertical_remap1_3"                 1152     1152 1.036800e+07   1.298919e+04    11.833 (   225      0)    10.959 (   903      0)
"prim_run_subcyle_diags"            1152     1152 1.382400e+05   5.596981e+03     6.866 (    67      0)     4.011 (   532      0)
"t_prf"                                0        0 0.000000e+00   0.000000e+00     0.000 (     0      0)     0.000 (     0      0)

10940610
