LAST_GIT_COMMIT_SHA:STRING=4790f40f2fb6acbc051ce4c988681a628c18e83d

***** GLOBAL STATISTICS (   128 MPI TASKS) *****

$Id: gptl.c,v 1.157 2011-03-28 20:55:18 rosinski Exp $
'count' is cumulative. All other stats are max/min
name                               processes  threads        count      walltotal   wallmax (proc   thrd  )   wallmin (proc   thrd  )
Total                                    128      128 1.280000e+02   3.053344e+04   238.665 (    89      0)   238.271 (   116      0)
prim_init1                               128      128 1.280000e+02   4.830513e+01     0.380 (    97      0)     0.372 (    69      0)
repro_sum_int                            128      128 5.760000e+03   1.442837e+00     0.019 (    16      0)     0.005 (    35      0)
prim_init2                               128      128 1.280000e+02   1.732447e+02     1.365 (    89      0)     1.348 (     3      0)
prim_printstate                          128      128 1.280000e+02   1.820550e+01     0.145 (     0      0)     0.142 (    96      0)
interp_movie_output                      128      128 2.560000e+02   4.010034e-02     0.000 (    49      0)     0.000 (    78      0)
prim_main_loop                           128      128 1.280000e+02   2.994579e+04   234.075 (    89      0)   233.680 (   116      0)
prim_run                                 128      128 3.456000e+03   2.994574e+04   234.075 (    89      0)   233.679 (   116      0)
tl-sc prim_run_subcycle_c                128      128 3.456000e+03   2.991036e+04   233.792 (    89      0)   233.526 (   116      0)
tl-sc dp3d-from-ps                       128      128 3.456000e+03   3.667068e+00     0.044 (    69      0)     0.018 (   101      0)
tl-sc prim_step-loop                     128      128 3.456000e+03   2.802956e+04   219.681 (   104      0)   218.386 (    77      0)
tl-s prim_step                           128      128 1.036800e+04   2.802952e+04   219.681 (   104      0)   218.386 (    77      0)
tl-s deep_copy+derived_dp                128      128 1.036800e+04   6.774852e+01     0.688 (    86      0)     0.253 (   101      0)
tl-s prim_advance_exp-loop               128      128 1.036800e+04   5.639618e+03    52.223 (   117      0)    36.192 (    89      0)
tl-ae prim_advance_exp                   128      128 1.036800e+04   5.639536e+03    52.223 (   117      0)    36.191 (    89      0)
tl-ae U3-5stage_timestep                 128      128 1.036800e+04   2.886041e+03    31.745 (   117      0)    15.273 (    89      0)
caar compute                             128      128 5.184000e+04   9.215200e+02     8.831 (    73      0)     6.437 (    25      0)
caar_bexchV                              128      128 5.184000e+04   1.920213e+03    23.884 (   117      0)     7.008 (    89      0)
tl-ae advance_hypervis_dp                128      128 1.036800e+04   2.753358e+03    24.990 (    41      0)    19.781 (    26      0)
hvf-bhwk                                 128      128 3.110400e+04   1.490895e+03    16.976 (    41      0)    10.280 (    80      0)
hvf-bexch                                128      128 6.220800e+04   1.614449e+03    17.558 (    41      0)     9.940 (    83      0)
tl-s prim_advec_tracers_remap            128      128 1.036800e+04   2.232198e+04   182.370 (    89      0)   166.000 (   117      0)
tl-at prim_advec_tracers_remap_RK2       128      128 1.036800e+04   2.232191e+04   182.370 (    89      0)   166.000 (   117      0)
tl-at precompute_divdp                   128      128 1.036800e+04   4.911237e+01     0.568 (    73      0)     0.170 (    49      0)
tl-at esf-0                              128      128 1.036800e+04   6.380353e+03    56.966 (    96      0)    47.596 (   114      0)
tl-at esf-1                              128      128 1.036800e+04   4.924574e+03    42.166 (    98      0)    36.681 (   116      0)
tl-at esf-2                              128      128 1.036800e+04   1.021848e+04    85.477 (    25      0)    75.224 (   117      0)
tl-at qdp_time_avg                       128      128 1.036800e+04   7.489427e+02     7.051 (    71      0)     3.482 (   101      0)
tl-sc vertical_remap                     128      128 3.456000e+03   1.586593e+03    12.996 (    77      0)    11.941 (   101      0)
Remap Thickness Functor                  128      128 3.456000e+03   1.502596e+01     0.148 (    77      0)     0.083 (   101      0)
Remap Scale States Functor               128      128 3.456000e+03   1.225316e+01     0.146 (    77      0)     0.035 (     9      0)
Remap Compute Grids Functor              128      128 3.456000e+03   9.566292e+01     1.167 (    21      0)     0.444 (    12      0)
Remap Compute Remap Functor              128      128 3.456000e+03   1.448523e+03    11.517 (    89      0)    11.210 (    11      0)
Remap Rescale States Functor             128      128 3.456000e+03   1.167834e+01     0.117 (    92      0)     0.082 (   116      0)
tl-sc Q-from-qdp                         128      128 3.456000e+03   2.904786e+02     2.510 (    68      0)     1.916 (   117      0)
t_prf                                      0        0 0.000000e+00   0.000000e+00     0.000 (     0      0)     0.000 (     0      0)

