LAST_GIT_COMMIT_SHA:STRING=4790f40f2fb6acbc051ce4c988681a628c18e83d

***** GLOBAL STATISTICS (  1024 MPI TASKS) *****

$Id: gptl.c,v 1.157 2011-03-28 20:55:18 rosinski Exp $
'count' is cumulative. All other stats are max/min
name                               processes  threads        count      walltotal   wallmax (proc   thrd  )   wallmin (proc   thrd  )
Total                                   1024     1024 1.024000e+03   9.660436e+04    94.343 (   996      0)    94.333 (   148      0)
prim_init1                              1024     1024 1.024000e+03   1.700591e+02     0.171 (  1001      0)     0.161 (   481      0)
repro_sum_int                           1024     1024 4.608000e+04   5.213235e+01     0.172 (     7      0)     0.010 (    79      0)
prim_init2                              1024     1024 1.024000e+03   1.516815e+02     0.262 (    26      0)     0.106 (   680      0)
prim_printstate                         1024     1024 1.024000e+03   2.199640e+01     0.026 (   740      0)     0.020 (   300      0)
interp_movie_output                     1024     1024 2.048000e+03   4.697218e-01     0.001 (   100      0)     0.000 (    50      0)
prim_main_loop                          1024     1024 1.024000e+03   9.585785e+04    93.614 (    32      0)    93.605 (   958      0)
prim_run                                1024     1024 5.468160e+05   9.585631e+04    93.613 (    32      0)    93.604 (   550      0)
tl-sc prim_run_subcycle_c               1024     1024 5.468160e+05   9.584765e+04    93.606 (    32      0)    93.596 (   958      0)
tl-sc dp3d-from-ps                      1024     1024 5.468160e+05   1.093459e+01     0.016 (   705      0)     0.008 (   995      0)
tl-sc prim_step-loop                    1024     1024 5.468160e+05   9.003242e+04    88.072 (   199      0)    87.563 (   780      0)
tl-s prim_step                          1024     1024 1.640448e+06   9.002855e+04    88.070 (   199      0)    87.558 (   780      0)
tl-s deep_copy+derived_dp               1024     1024 1.640448e+06   1.960098e+02     0.290 (   723      0)     0.107 (    85      0)
tl-s prim_advance_exp-loop              1024     1024 1.640448e+06   1.147411e+04    14.778 (   603      0)     8.004 (    32      0)
tl-ae prim_advance_exp                  1024     1024 1.640448e+06   1.146942e+04    14.773 (   603      0)     7.999 (    32      0)
tl-ae U3-5stage_timestep                1024     1024 1.640448e+06   6.933907e+03    10.688 (   219      0)     3.942 (   312      0)
caar compute                            1024     1024 8.202240e+06   2.403348e+03     2.595 (    12      0)     2.173 (   936      0)
caar_bexchV                             1024     1024 8.202240e+06   4.438908e+03     8.129 (   219      0)     1.670 (   312      0)
tl-ae advance_hypervis_dp               1024     1024 1.640448e+06   4.530550e+03     5.316 (   725      0)     3.823 (   250      0)
hvf-bhwk                                1024     1024 4.921344e+06   2.831341e+03     3.554 (   725      0)     2.413 (   248      0)
hvf-bexch                               1024     1024 9.842688e+06   2.386642e+03     3.242 (   725      0)     1.723 (   250      0)
tl-s prim_advec_tracers_remap           1024     1024 1.640448e+06   7.834887e+04    79.885 (   312      0)    72.795 (   603      0)
tl-at prim_advec_tracers_remap_RK2      1024     1024 1.640448e+06   7.834304e+04    79.881 (   312      0)    72.789 (   603      0)
tl-at precompute_divdp                  1024     1024 1.640448e+06   1.217469e+02     0.195 (   323      0)     0.070 (   346      0)
tl-at esf-0                             1024     1024 1.640448e+06   2.352774e+04    26.344 (   311      0)    19.868 (   203      0)
tl-at esf-1                             1024     1024 1.640448e+06   1.692710e+04    17.343 (   300      0)    15.899 (   469      0)
tl-at esf-2                             1024     1024 1.640448e+06   3.593013e+04    37.815 (    83      0)    31.209 (   888      0)
tl-at qdp_time_avg                      1024     1024 1.640448e+06   1.798175e+03     2.311 (    11      0)     1.331 (   199      0)
tl-sc vertical_remap                    1024     1024 5.468160e+05   4.989458e+03     5.179 (   780      0)     4.734 (   711      0)
Remap Thickness Functor                 1024     1024 5.468160e+05   5.403652e+01     0.071 (    11      0)     0.037 (   199      0)
Remap Scale States Functor              1024     1024 5.468160e+05   2.775998e+01     0.044 (   723      0)     0.014 (   141      0)
Remap Compute Grids Functor             1024     1024 5.468160e+05   2.721235e+02     0.399 (   716      0)     0.180 (   882      0)
Remap Compute Remap Functor             1024     1024 5.468160e+05   4.588579e+03     4.690 (    82      0)     4.427 (   711      0)
Remap Rescale States Functor            1024     1024 5.468160e+05   3.685502e+01     0.050 (    31      0)     0.033 (   950      0)
tl-sc Q-from-qdp                        1024     1024 5.468160e+05   8.096095e+02     0.880 (   768      0)     0.731 (   289      0)
t_prf                                      0        0 0.000000e+00   0.000000e+00     0.000 (     0      0)     0.000 (     0      0)

