LAST_GIT_COMMIT_SHA:STRING=adf77c97ed8425a245449f2582d2441f4b72da1e
10940547

***** GLOBAL STATISTICS (   768 MPI TASKS) *****

$Id: gptl.c,v 1.157 2011-03-28 20:55:18 rosinski Exp $
'count' is cumulative. All other stats are max/min
name                           processes  threads        count      walltotal   wallmax (proc   thrd  )   wallmin (proc   thrd  )
"Total"                              768      768 7.680000e+02   8.043441e+04   104.736 (   493      0)   104.726 (   271      0)
"prim_init1"                         768      768 7.680000e+02   1.721392e+02     0.227 (   520      0)     0.220 (    48      0)
"PartitioningTime"                   768      768 7.680000e+02   3.234116e+00     0.005 (   158      0)     0.002 (     1      0)
"repro_sum_int"                      768      768 3.456000e+04   4.553846e+01     0.151 (    27      0)     0.013 (   295      0)
"prim_init2"                         768      768 7.680000e+02   8.862577e+01     0.211 (     0      0)     0.070 (   295      0)
"prim_printstate"                    768      768 7.680000e+02   1.320571e+01     0.022 (     0      0)     0.017 (   745      0)
"interp_movie_output"                768      768 1.536000e+03   3.108032e-01     0.001 (   330      0)     0.000 (   319      0)
"prim_main_loop"                     768      768 7.680000e+02   7.982708e+04   103.945 (   223      0)   103.935 (   762      0)
"prim_run"                           768      768 3.072000e+05   7.982637e+04   103.944 (   223      0)   103.934 (   762      0)
"ApplyCAMForcing"                    768      768 3.072000e+05   7.418691e+02     1.175 (   704      0)     0.672 (   315      0)
"prim_step_rX"                       768      768 9.216000e+05   7.388219e+04    96.696 (   315      0)    95.745 (    62      0)
"prim_step_dyn"                      768      768 9.216000e+05   1.620370e+04    26.598 (   347      0)    17.434 (    52      0)
"prim_advance_exp"                   768      768 9.216000e+05   1.619986e+04    26.594 (   347      0)    17.430 (    52      0)
"U3-5stage_timestep"                 768      768 9.216000e+05   8.602644e+03    17.206 (   315      0)     7.996 (    52      0)
"compute_and_apply_rhs"              768      768 4.608000e+06   8.560747e+03    17.142 (   315      0)     7.939 (    52      0)
"caar_bexchV"                        768      768 4.608000e+06   6.193970e+03    13.838 (   315      0)     4.825 (    52      0)
"advance_hypervis_dp"                768      768 9.216000e+05   7.593378e+03    11.260 (   725      0)     8.649 (   469      0)
"biwkdp3d_bexchV"                    768      768 2.764800e+06   2.687020e+03     4.619 (   725      0)     2.768 (   469      0)
"ahdp_bexchV2"                       768      768 2.764800e+06   2.708848e+03     4.524 (   719      0)     2.961 (   550      0)
"prim_step_advec"                    768      768 9.216000e+05   5.751470e+04    78.160 (    52      0)    69.821 (   347      0)
"PAT_remap"                          768      768 9.216000e+05   5.751208e+04    78.157 (    52      0)    69.819 (   347      0)
"prim_advec_tracers_remap_rk2"       768      768 9.216000e+05   5.750877e+04    78.154 (    52      0)    69.815 (   347      0)
"precomput_divdp"                    768      768 9.216000e+05   1.249133e+02     0.245 (   199      0)     0.083 (    74      0)
"euler_step_0"                       768      768 9.216000e+05   1.594740e+04    23.650 (   120      0)    17.234 (   315      0)
"bihmix_qminmax"                     768      768 2.764800e+06   2.712314e+04    38.227 (   120      0)    31.408 (   241      0)
"eus_neighbor_minmax1"               768      768 9.216000e+05   4.382629e+03     7.180 (    74      0)     4.045 (   281      0)
"nmm_bexchV"                         768      768 9.216000e+05   2.664549e+03     4.958 (   127      0)     2.159 (   281      0)
"eus_2d_advec"                       768      768 2.764800e+06   2.890572e+04    42.251 (   121      0)    33.941 (   347      0)
"eus_bexchV"                         768      768 2.764800e+06   1.074134e+04    20.020 (   302      0)    10.065 (   580      0)
"euler_step_1"                       768      768 9.216000e+05   1.149986e+04    15.917 (    49      0)    14.048 (   157      0)
"euler_step_2"                       768      768 9.216000e+05   2.861439e+04    39.013 (    49      0)    34.714 (   677      0)
"nmm_bexchS_start"                   768      768 9.216000e+05   6.302305e+01     0.117 (   352      0)     0.057 (   699      0)
"biwksc_bexchV"                      768      768 9.216000e+05   4.557077e+03     8.570 (   306      0)     3.869 (   284      0)
"nmm_bexchS_fini"                    768      768 9.216000e+05   6.204935e+02     0.974 (   106      0)     0.527 (   315      0)
"qdp_tavg"                           768      768 9.216000e+05   1.307663e+03     2.101 (   582      0)     1.329 (   287      0)
"vertical_remap"                     768      768 3.072000e+05   3.669193e+03     5.021 (    36      0)     4.674 (   365      0)
"vertical_remap1_1"                  768      768 2.457600e+06   2.081726e+02     0.293 (    36      0)     0.265 (   365      0)
"remap_Q_ppm"                        768      768 7.372800e+06   3.604571e+03     4.911 (    36      0)     4.599 (   365      0)
"vertical_remap1_2"                  768      768 2.457600e+06   2.738219e+02     0.365 (    36      0)     0.353 (    88      0)
"vertical_remap1_3"                  768      768 2.457600e+06   3.130639e+03     4.268 (    36      0)     3.990 (   365      0)
"prim_run_subcyle_diags"             768      768 3.072000e+05   1.338155e+03     2.126 (   670      0)     1.450 (   315      0)
"t_prf"                                0        0 0.000000e+00   0.000000e+00     0.000 (     0      0)     0.000 (     0      0)

10940547
