LAST_GIT_COMMIT_SHA:STRING=adf77c97ed8425a245449f2582d2441f4b72da1e
10940606

***** GLOBAL STATISTICS (   640 MPI TASKS) *****

$Id: gptl.c,v 1.157 2011-03-28 20:55:18 rosinski Exp $
'count' is cumulative. All other stats are max/min
name                           processes  threads        count      walltotal   wallmax (proc   thrd  )   wallmin (proc   thrd  )
"Total"                              640      640 6.400000e+02   1.846219e+05   288.529 (   328      0)   288.403 (   135      0)
"prim_init1"                         640      640 6.400000e+02   4.966609e+02     0.779 (   192      0)     0.763 (   333      0)
"PartitioningTime"                   640      640 6.400000e+02   3.730448e+00     0.007 (   398      0)     0.004 (   305      0)
"repro_sum_int"                      640      640 2.880000e+04   3.060473e+01     0.107 (   336      0)     0.007 (   225      0)
"prim_init2"                         640      640 6.400000e+02   1.748297e+02     0.332 (    20      0)     0.233 (   225      0)
"prim_printstate"                    640      640 6.400000e+02   2.329079e+01     0.039 (     0      0)     0.036 (   533      0)
"interp_movie_output"                640      640 1.280000e+03   1.716549e-01     0.001 (    28      0)     0.000 (   422      0)
"prim_main_loop"                     640      640 6.400000e+02   1.805805e+05   282.214 (   328      0)   282.088 (   135      0)
"prim_run"                           640      640 4.288000e+04   1.805802e+05   282.214 (   328      0)   282.088 (   135      0)
"ApplyCAMForcing"                    640      640 4.288000e+04   2.759786e+03     4.945 (   288      0)     2.825 (   201      0)
"prim_step_rX"                       640      640 1.286400e+05   1.656606e+05   260.890 (   585      0)   257.540 (   606      0)
"prim_step_dyn"                      640      640 1.286400e+05   3.081788e+04    55.915 (    81      0)    42.128 (   567      0)
"prim_advance_exp"                   640      640 1.286400e+05   3.081678e+04    55.913 (    81      0)    42.127 (   567      0)
"U3-5stage_timestep"                 640      640 1.286400e+05   1.536424e+04    31.991 (   201      0)    18.306 (   576      0)
"compute_and_apply_rhs"              640      640 6.432000e+05   1.506838e+04    31.509 (   201      0)    17.874 (   576      0)
"caar_bexchV"                        640      640 6.432000e+05   6.627281e+03    18.646 (    54      0)     4.270 (   576      0)
"advance_hypervis_dp"                640      640 1.286400e+05   1.545090e+04    26.444 (   233      0)    20.678 (   192      0)
"biwkdp3d_bexchV"                    640      640 3.859200e+05   3.162541e+03     7.789 (    79      0)     2.484 (   192      0)
"ahdp_bexchV2"                       640      640 3.859200e+05   3.368929e+03     8.474 (    81      0)     3.046 (   320      0)
"prim_step_advec"                    640      640 1.286400e+05   1.343305e+05   215.669 (   567      0)   203.484 (   550      0)
"PAT_remap"                          640      640 1.286400e+05   1.343300e+05   215.669 (   567      0)   203.483 (   550      0)
"prim_advec_tracers_remap_rk2"       640      640 1.286400e+05   1.343292e+05   215.668 (   567      0)   203.482 (   550      0)
"precomput_divdp"                    640      640 1.286400e+05   3.154427e+02     0.589 (   459      0)     0.295 (   514      0)
"euler_step_0"                       640      640 1.286400e+05   3.705124e+04    60.480 (    90      0)    54.519 (   537      0)
"bihmix_qminmax"                     640      640 3.859200e+05   6.376889e+04   104.915 (   565      0)    93.709 (   421      0)
"eus_neighbor_minmax1"               640      640 1.286400e+05   9.690078e+03    19.107 (   516      0)    12.833 (   285      0)
"nmm_bexchV"                         640      640 1.286400e+05   4.140893e+03     9.276 (   506      0)     4.489 (   109      0)
"eus_2d_advec"                       640      640 3.859200e+05   6.564406e+04   111.800 (   195      0)    94.018 (   201      0)
"eus_bexchV"                         640      640 3.859200e+05   1.560420e+04    31.454 (   543      0)    17.649 (   445      0)
"euler_step_1"                       640      640 1.286400e+05   2.640203e+04    43.058 (   122      0)    39.684 (    75      0)
"euler_step_2"                       640      640 1.286400e+05   6.596634e+04   108.695 (   565      0)    96.237 (    19      0)
"nmm_bexchS_start"                   640      640 1.286400e+05   8.609035e+00     0.020 (     9      0)     0.007 (   489      0)
"biwksc_bexchV"                      640      640 1.286400e+05   5.278745e+03    11.707 (   565      0)     4.850 (   195      0)
"nmm_bexchS_fini"                    640      640 1.286400e+05   2.662124e+03     4.958 (   562      0)     2.951 (   203      0)
"qdp_tavg"                           640      640 1.286400e+05   4.590384e+03     8.341 (   339      0)     4.499 (   605      0)
"vertical_remap"                     640      640 4.288000e+04   8.498721e+03    13.649 (   445      0)    13.019 (   488      0)
"vertical_remap1_1"                  640      640 5.788800e+06   4.773277e+02     0.755 (   445      0)     0.740 (   104      0)
"remap_Q_ppm"                        640      640 1.736640e+07   8.366682e+03    13.398 (   445      0)    12.821 (   488      0)
"vertical_remap1_2"                  640      640 5.788800e+06   6.402158e+02     1.011 (    47      0)     0.993 (   222      0)
"vertical_remap1_3"                  640      640 5.788800e+06   7.264895e+03    11.666 (   445      0)    11.106 (   488      0)
"prim_run_subcyle_diags"             640      640 4.288000e+04   3.088678e+03     6.686 (   419      0)     4.170 (   587      0)
"t_prf"                                0        0 0.000000e+00   0.000000e+00     0.000 (     0      0)     0.000 (     0      0)

10940606
