LAST_GIT_COMMIT_SHA:STRING=4790f40f2fb6acbc051ce4c988681a628c18e83d

***** GLOBAL STATISTICS (   192 MPI TASKS) *****

$Id: gptl.c,v 1.157 2011-03-28 20:55:18 rosinski Exp $
'count' is cumulative. All other stats are max/min
name                               processes  threads        count      walltotal   wallmax (proc   thrd  )   wallmin (proc   thrd  )
Total                                    192      192 1.920000e+02   1.781810e+04    92.805 (   157      0)    92.796 (    37      0)
prim_init1                               192      192 1.920000e+02   2.009343e+01     0.105 (   148      0)     0.104 (    96      0)
repro_sum_int                            192      192 8.640000e+03   1.447758e+00     0.011 (     4      0)     0.004 (    64      0)
prim_init2                               192      192 1.920000e+02   3.250355e+01     0.173 (    28      0)     0.165 (    93      0)
prim_printstate                          192      192 1.920000e+02   3.750988e+00     0.021 (     0      0)     0.019 (    91      0)
interp_movie_output                      192      192 3.840000e+02   4.137111e-02     0.000 (    34      0)     0.000 (   171      0)
prim_main_loop                           192      192 1.920000e+02   1.770979e+04    92.241 (   157      0)    92.232 (    37      0)
prim_run                                 192      192 1.920000e+04   1.770970e+04    92.240 (   157      0)    92.231 (    37      0)
tl-sc prim_run_subcycle_c                192      192 1.920000e+04   1.770355e+04    92.210 (   167      0)    92.199 (    36      0)
tl-sc dp3d-from-ps                       192      192 1.920000e+04   2.326143e+00     0.014 (   111      0)     0.008 (    88      0)
tl-sc prim_step-loop                     192      192 1.920000e+04   1.658671e+04    86.522 (    94      0)    86.246 (   163      0)
tl-s prim_step                           192      192 5.760000e+04   1.658651e+04    86.522 (    94      0)    86.245 (   163      0)
tl-s deep_copy+derived_dp                192      192 5.760000e+04   4.129623e+01     0.265 (   116      0)     0.127 (   184      0)
tl-s prim_advance_exp-loop               192      192 5.760000e+04   2.761130e+03    15.907 (    78      0)    12.975 (   109      0)
tl-ae prim_advance_exp                   192      192 5.760000e+04   2.760827e+03    15.905 (    78      0)    12.974 (   109      0)
tl-ae U3-5stage_timestep                 192      192 5.760000e+04   1.455755e+03     9.151 (    78      0)     6.400 (   109      0)
caar compute                             192      192 2.880000e+05   5.590745e+02     3.242 (   116      0)     2.653 (   182      0)
caar_bexchV                              192      192 2.880000e+05   8.632827e+02     6.099 (    78      0)     3.143 (   109      0)
tl-ae advance_hypervis_dp                192      192 5.760000e+04   1.304624e+03     7.254 (   185      0)     6.505 (    31      0)
hvf-bhwk                                 192      192 1.728000e+05   7.274292e+02     4.170 (    32      0)     3.492 (    97      0)
hvf-bexch                                192      192 3.456000e+05   8.000663e+02     4.641 (   185      0)     3.585 (   107      0)
tl-s prim_advec_tracers_remap            192      192 5.760000e+04   1.378352e+04    73.279 (   109      0)    70.118 (    78      0)
tl-at prim_advec_tracers_remap_RK2       192      192 5.760000e+04   1.378318e+04    73.278 (   109      0)    70.116 (    78      0)
tl-at precompute_divdp                   192      192 5.760000e+04   2.807166e+01     0.199 (   121      0)     0.081 (    31      0)
tl-at esf-0                              192      192 5.760000e+04   3.952788e+03    21.614 (    93      0)    19.270 (    69      0)
tl-at esf-1                              192      192 5.760000e+04   3.000275e+03    16.457 (    59      0)    14.932 (    81      0)
tl-at esf-2                              192      192 5.760000e+04   6.318805e+03    33.972 (   109      0)    31.768 (     2      0)
tl-at qdp_time_avg                       192      192 5.760000e+04   4.814458e+02     2.744 (   123      0)     1.844 (    88      0)
tl-sc vertical_remap                     192      192 1.920000e+04   9.369485e+02     5.054 (    78      0)     4.752 (     8      0)
Remap Thickness Functor                  192      192 1.920000e+04   9.548665e+00     0.061 (    79      0)     0.036 (    95      0)
Remap Scale States Functor               192      192 1.920000e+04   6.764169e+00     0.051 (   163      0)     0.017 (    95      0)
Remap Compute Grids Functor              192      192 1.920000e+04   5.494740e+01     0.420 (    78      0)     0.182 (    95      0)
Remap Compute Remap Functor              192      192 1.920000e+04   8.568175e+02     4.595 (    88      0)     4.427 (   133      0)
Remap Rescale States Functor             192      192 1.920000e+04   7.177504e+00     0.048 (    56      0)     0.033 (    79      0)
tl-sc Q-from-qdp                         192      192 1.920000e+04   1.772926e+02     0.973 (    97      0)     0.840 (    79      0)
t_prf                                      0        0 0.000000e+00   0.000000e+00     0.000 (     0      0)     0.000 (     0      0)

