LAST_GIT_COMMIT_SHA:STRING=4790f40f2fb6acbc051ce4c988681a628c18e83d
10980471

***** GLOBAL STATISTICS ( 86400 MPI TASKS) *****

$Id: gptl.c,v 1.157 2011-03-28 20:55:18 rosinski Exp $
'count' is cumulative. All other stats are max/min
name                               processes  threads        count      walltotal   wallmax (proc   thrd  )   wallmin (proc   thrd  )
Total                                  86400    86400 8.640000e+04   1.938947e+07   224.927 (     0      0)   224.194 ( 81837      0)
prim_init1                             86400    86400 8.640000e+04   1.142175e+06    13.803 ( 25261      0)    12.724 ( 78724      0)
repro_sum_int                          86400    86400 8.899200e+06   2.449468e+05    16.860 (    29      0)     0.506 ( 82458      0)
prim_init2                             86400    86400 8.640000e+04   8.535143e+05    23.536 (    11      0)     7.262 ( 22361      0)
prim_printstate                        86400    86400 1.728000e+05   7.570819e+04     1.143 ( 56462      0)     0.734 ( 75962      0)
interp_movie_output                    86400    86400 1.728000e+05   4.358277e+03     0.123 ( 13846      0)     0.021 ( 22008      0)
prim_main_loop                         86400    86400 8.640000e+04   1.469802e+07   170.189 ( 22012      0)   170.013 ( 57554      0)
prim_run                               86400    86400 3.888000e+08   1.469181e+07   170.133 ( 33889      0)   169.947 ( 57555      0)
tl-sc prim_run_subcycle_c              86400    86400 3.888000e+08   1.465142e+07   169.683 ( 36235      0)   169.475 ( 84352      0)
tl-sc dp3d-from-ps                     86400    86400 3.888000e+08   1.341240e+04     0.175 ( 54272      0)     0.137 ( 44047      0)
tl-sc prim_step-loop                   86400    86400 3.888000e+08   1.373350e+07   159.779 ( 74961      0)   158.103 ( 69056      0)
tl-s prim_step                         86400    86400 1.166400e+09   1.372773e+07   159.715 ( 74961      0)   158.033 ( 69056      0)
tl-s deep_copy+derived_dp              86400    86400 1.166400e+09   2.516691e+04     0.350 (     0      0)     0.263 ( 33023      0)
tl-s prim_advance_exp-loop             86400    86400 1.166400e+09   5.731995e+06    76.956 ( 31073      0)    56.869 ( 14235      0)
tl-ae prim_advance_exp                 86400    86400 1.166400e+09   5.721978e+06    76.843 ( 31073      0)    56.751 ( 14235      0)
tl-ae U3-5stage_timestep               86400    86400 1.166400e+09   2.884196e+06    43.650 ( 25551      0)    26.065 ( 51712      0)
caar compute                           86400    86400 5.832000e+09   4.865072e+05     6.588 ( 15264      0)     5.240 (  4744      0)
caar_bexchV                            86400    86400 5.832000e+09   2.325521e+06    37.211 (  1995      0)    19.048 ( 51712      0)
tl-ae advance_hypervis_dp              86400    86400 1.166400e+09   2.825702e+06    40.024 ( 25469      0)    28.056 ( 18850      0)
hvf-bhwk                               86400    86400 3.499200e+09   1.485623e+06    21.309 ( 31138      0)    14.578 ( 51829      0)
hvf-bexch                              86400    86400 6.998400e+09   2.247195e+06    33.598 ( 25469      0)    21.160 ( 18784      0)
tl-s prim_advec_tracers_remap          86400    86400 1.166400e+09   7.951501e+06   101.429 ( 14235      0)    81.780 ( 31073      0)
tl-at prim_advec_tracers_remap_RK2     86400    86400 1.166400e+09   7.943010e+06   101.324 ( 14235      0)    81.682 ( 31073      0)
tl-at precompute_divdp                 86400    86400 1.166400e+09   3.829274e+04     0.670 (  6624      0)     0.307 ( 20664      0)
tl-at esf-0                            86400    86400 1.166400e+09   2.192700e+06    32.259 ( 18848      0)    20.315 ( 37492      0)
tl-at esf-1                            86400    86400 1.166400e+09   1.457222e+06    19.625 ( 66877      0)    14.791 ( 67023      0)
tl-at esf-2                            86400    86400 1.166400e+09   4.107440e+06    53.385 ( 69451      0)    40.612 ( 31712      0)
tl-at qdp_time_avg                     86400    86400 1.166400e+09   1.070224e+05     1.392 (     0      0)     1.181 ( 53797      0)
tl-sc vertical_remap                   86400    86400 3.888000e+08   8.222241e+05    10.279 ( 66208      0)     8.687 ( 75479      0)
Remap Thickness Functor                86400    86400 3.888000e+08   3.116711e+04     0.545 ( 51612      0)     0.276 ( 62935      0)
Remap Scale States Functor             86400    86400 3.888000e+08   1.680901e+04     0.347 ( 11918      0)     0.151 ( 69952      0)
Remap Compute Grids Functor            86400    86400 3.888000e+08   4.493073e+04     0.636 ( 79392      0)     0.446 ( 27738      0)
Remap Compute Remap Functor            86400    86400 3.888000e+08   6.260620e+05     8.072 ( 34182      0)     6.595 ( 46077      0)
Remap Rescale States Functor           86400    86400 3.888000e+08   1.179011e+04     0.187 ( 79872      0)     0.104 ( 26014      0)
tl-sc Q-from-qdp                       86400    86400 3.888000e+08   7.490711e+04     0.974 (     0      0)     0.840 ( 31506      0)
t_prf                                      0        0 0.000000e+00   0.000000e+00     0.000 (     0      0)     0.000 (     0      0)

