LAST_GIT_COMMIT_SHA:STRING=4790f40f2fb6acbc051ce4c988681a628c18e83d

***** GLOBAL STATISTICS (   384 MPI TASKS) *****

$Id: gptl.c,v 1.157 2011-03-28 20:55:18 rosinski Exp $
'count' is cumulative. All other stats are max/min
name                               processes  threads        count      walltotal   wallmax (proc   thrd  )   wallmin (proc   thrd  )
Total                                    384      384 3.840000e+02   1.869358e+03     4.870 (   256      0)     4.864 (    19      0)
prim_init1                               384      384 3.840000e+02   6.222893e+01     0.165 (   334      0)     0.157 (    12      0)
repro_sum_int                            384      384 1.728000e+04   1.565806e+01     0.066 (   311      0)     0.008 (   341      0)
prim_init2                               384      384 3.840000e+02   4.215970e+01     0.134 (   300      0)     0.076 (   341      0)
prim_printstate                          384      384 3.840000e+02   6.624392e+00     0.019 (     0      0)     0.017 (   108      0)
interp_movie_output                      384      384 7.680000e+02   8.828998e-02     0.000 (    89      0)     0.000 (   195      0)
prim_main_loop                           384      384 3.840000e+02   1.707951e+03     4.448 (    42      0)     4.444 (   110      0)
prim_run                                 384      384 6.412800e+04   1.707748e+03     4.448 (    42      0)     4.444 (   110      0)
tl-sc prim_run_subcycle_c                384      384 6.412800e+04   1.706205e+03     4.445 (   159      0)     4.440 (   125      0)
tl-sc dp3d-from-ps                       384      384 6.412800e+04   2.965615e-01     0.001 (   160      0)     0.001 (    18      0)
tl-sc prim_step-loop                     384      384 6.412800e+04   1.588203e+03     4.147 (   301      0)     4.121 (   118      0)
tl-s prim_step                           384      384 1.923840e+05   1.587940e+03     4.147 (   301      0)     4.121 (   118      0)
tl-s deep_copy+derived_dp                384      384 1.923840e+05   3.069674e+00     0.011 (   107      0)     0.006 (   325      0)
tl-s prim_advance_exp-loop               384      384 1.923840e+05   3.362100e+02     1.151 (   274      0)     0.585 (   111      0)
tl-ae prim_advance_exp                   384      384 1.923840e+05   3.357984e+02     1.150 (   274      0)     0.584 (   111      0)
tl-ae U3-5stage_timestep                 384      384 1.923840e+05   2.059743e+02     0.849 (   374      0)     0.282 (   111      0)
caar compute                             384      384 9.619200e+05   4.682536e+01     0.129 (    64      0)     0.118 (    19      0)
caar_bexchV                              384      384 9.619200e+05   1.560670e+02     0.721 (   374      0)     0.154 (   111      0)
tl-ae advance_hypervis_dp                384      384 1.923840e+05   1.293941e+02     0.425 (   255      0)     0.297 (   117      0)
hvf-bhwk                                 384      384 5.771520e+05   7.792530e+01     0.270 (   268      0)     0.179 (   374      0)
hvf-bexch                                384      384 1.154304e+06   8.148812e+01     0.297 (   255      0)     0.169 (   351      0)
tl-s prim_advec_tracers_remap            384      384 1.923840e+05   1.247915e+03     3.534 (   111      0)     2.972 (   374      0)
tl-at prim_advec_tracers_remap_RK2       384      384 1.923840e+05   1.247564e+03     3.533 (   111      0)     2.971 (   374      0)
tl-at precompute_divdp                   384      384 1.923840e+05   1.823705e+00     0.006 (   261      0)     0.003 (   223      0)
tl-at esf-0                              384      384 1.923840e+05   4.041784e+02     1.266 (   111      0)     0.782 (   328      0)
tl-at esf-1                              384      384 1.923840e+05   2.311700e+02     0.710 (   114      0)     0.492 (   275      0)
tl-at esf-2                              384      384 1.923840e+05   5.835605e+02     1.767 (   350      0)     1.351 (   352      0)
tl-at qdp_time_avg                       384      384 1.923840e+05   2.554197e+01     0.068 (   199      0)     0.066 (   305      0)
tl-sc vertical_remap                     384      384 6.412800e+04   1.032457e+02     0.281 (   118      0)     0.258 (   301      0)
Remap Thickness Functor                  384      384 6.412800e+04   1.693892e+00     0.006 (    64      0)     0.004 (   286      0)
Remap Scale States Functor               384      384 6.412800e+04   1.004967e+00     0.005 (   239      0)     0.001 (    15      0)
Remap Compute Grids Functor              384      384 6.412800e+04   5.344274e+00     0.019 (   105      0)     0.010 (   308      0)
Remap Compute Remap Functor              384      384 6.412800e+04   9.022383e+01     0.242 (   349      0)     0.231 (   181      0)
Remap Rescale States Functor             384      384 6.412800e+04   7.270186e-01     0.002 (   128      0)     0.002 (   266      0)
tl-sc Q-from-qdp                         384      384 6.412800e+04   1.418737e+01     0.038 (   160      0)     0.036 (    77      0)
t_prf                                      0        0 0.000000e+00   0.000000e+00     0.000 (     0      0)     0.000 (     0      0)

