LAST_GIT_COMMIT_SHA:STRING=adf77c97ed8425a245449f2582d2441f4b72da1e

***** GLOBAL STATISTICS (   384 MPI TASKS) *****

$Id: gptl.c,v 1.157 2011-03-28 20:55:18 rosinski Exp $
'count' is cumulative. All other stats are max/min
name                           processes  threads        count      walltotal   wallmax (proc   thrd  )   wallmin (proc   thrd  )
"Total"                              384      384 3.840000e+02   2.100378e+03     5.474 (   170      0)     5.464 (   311      0)
"prim_init1"                         384      384 3.840000e+02   1.675453e+02     0.443 (     0      0)     0.427 (   306      0)
"PartitioningTime"                   384      384 3.840000e+02   1.587099e+00     0.006 (   359      0)     0.002 (   181      0)
"repro_sum_int"                      384      384 1.728000e+04   9.889052e+00     0.034 (   336      0)     0.017 (   227      0)
"prim_init2"                         384      384 3.840000e+02   3.334740e+01     0.097 (   332      0)     0.077 (    34      0)
"prim_printstate"                    384      384 3.840000e+02   8.722379e+00     0.028 (     0      0)     0.022 (     9      0)
"interp_movie_output"                384      384 7.680000e+02   3.239095e-01     0.003 (   268      0)     0.000 (   338      0)
"prim_main_loop"                     384      384 3.840000e+02   1.803098e+03     4.697 (     0      0)     4.694 (   264      0)
"prim_run"                           384      384 6.412800e+04   1.802786e+03     4.697 (    37      0)     4.692 (    69      0)
"ApplyCAMForcing"                    384      384 6.412800e+04   1.176546e+01     0.032 (    86      0)     0.030 (   375      0)
"prim_step_rX"                       384      384 1.923840e+05   1.674107e+03     4.372 (   370      0)     4.348 (    32      0)
"prim_step_dyn"                      384      384 1.923840e+05   3.715183e+02     1.479 (   352      0)     0.675 (   101      0)
"prim_advance_exp"                   384      384 1.923840e+05   3.709187e+02     1.477 (   352      0)     0.673 (   101      0)
"U3-5stage_timestep"                 384      384 1.923840e+05   2.401508e+02     1.154 (   350      0)     0.354 (   101      0)
"compute_and_apply_rhs"              384      384 9.619200e+05   2.384160e+02     1.150 (   350      0)     0.349 (   101      0)
"caar_bexchV"                        384      384 9.619200e+05   1.805527e+02     0.997 (   330      0)     0.194 (   101      0)
"advance_hypervis_dp"                384      384 1.923840e+05   1.303059e+02     0.420 (   383      0)     0.300 (    95      0)
"biwkdp3d_bexchV"                    384      384 5.771520e+05   3.764760e+01     0.145 (   383      0)     0.070 (    95      0)
"ahdp_bexchV2"                       384      384 5.771520e+05   3.384499e+01     0.121 (   256      0)     0.070 (    92      0)
"prim_step_advec"                    384      384 1.923840e+05   1.299467e+03     3.674 (   101      0)     2.873 (   352      0)
"PAT_remap"                          384      384 1.923840e+05   1.299224e+03     3.673 (   101      0)     2.873 (   352      0)
"prim_advec_tracers_remap_rk2"       384      384 1.923840e+05   1.298712e+03     3.673 (   101      0)     2.872 (   352      0)
"precomput_divdp"                    384      384 1.923840e+05   1.107302e+00     0.004 (    64      0)     0.002 (   242      0)
"euler_step_0"                       384      384 1.923840e+05   3.845330e+02     1.192 (   101      0)     0.749 (   354      0)
"bihmix_qminmax"                     384      384 5.771520e+05   6.025082e+02     2.005 (   101      0)     1.190 (   332      0)
"eus_neighbor_minmax1"               384      384 1.923840e+05   1.311263e+02     0.513 (   102      0)     0.160 (    23      0)
"nmm_bexchV"                         384      384 1.923840e+05   9.930316e+01     0.423 (   102      0)     0.080 (    23      0)
"eus_2d_advec"                       384      384 5.771520e+05   6.658458e+02     2.243 (   103      0)     1.382 (    10      0)
"eus_bexchV"                         384      384 5.771520e+05   3.698673e+02     1.485 (   103      0)     0.604 (   352      0)
"euler_step_1"                       384      384 1.923840e+05   2.147094e+02     0.636 (   103      0)     0.443 (    31      0)
"euler_step_2"                       384      384 1.923840e+05   6.709597e+02     1.957 (   103      0)     1.475 (    10      0)
"nmm_bexchS_start"                   384      384 1.923840e+05   4.173748e+00     0.025 (   304      0)     0.004 (   331      0)
"biwksc_bexchV"                      384      384 1.923840e+05   1.740791e+02     0.689 (   101      0)     0.263 (   332      0)
"nmm_bexchS_fini"                    384      384 1.923840e+05   4.314590e-01     0.003 (   111      0)     0.001 (   242      0)
"qdp_tavg"                           384      384 1.923840e+05   2.635397e+01     0.071 (   311      0)     0.067 (   304      0)
"vertical_remap"                     384      384 6.412800e+04   9.887845e+01     0.269 (    32      0)     0.247 (   361      0)
"vertical_remap1_1"                  384      384 6.412800e+04   9.731488e+00     0.033 (   173      0)     0.016 (   357      0)
"remap_Q_ppm"                        384      384 1.923840e+05   9.647648e+01     0.261 (    32      0)     0.242 (   370      0)
"vertical_remap1_2"                  384      384 6.412800e+04   7.229732e+00     0.019 (    32      0)     0.019 (    90      0)
"vertical_remap1_3"                  384      384 6.412800e+04   8.029272e+01     0.215 (   352      0)     0.206 (   266      0)
"prim_run_subcyle_diags"             384      384 6.412800e+04   1.307236e+01     0.036 (   172      0)     0.032 (   349      0)
"t_prf"                                0        0 0.000000e+00   0.000000e+00     0.000 (     0      0)     0.000 (     0      0)

