LAST_GIT_COMMIT_SHA:STRING=adf77c97ed8425a245449f2582d2441f4b72da1e

***** GLOBAL STATISTICS (   128 MPI TASKS) *****

$Id: gptl.c,v 1.157 2011-03-28 20:55:18 rosinski Exp $
'count' is cumulative. All other stats are max/min
name                           processes  threads        count      walltotal   wallmax (proc   thrd  )   wallmin (proc   thrd  )
"Total"                              128      128 1.280000e+02   1.823211e+03    14.245 (    31      0)    14.241 (    80      0)
"prim_init1"                         128      128 1.280000e+02   6.383891e+00     0.055 (     0      0)     0.050 (    40      0)
"PartitioningTime"                   128      128 1.280000e+02   1.712458e-01     0.002 (   104      0)     0.001 (    42      0)
"repro_sum_int"                      128      128 5.760000e+03   4.125050e+00     0.065 (   120      0)     0.003 (    85      0)
"prim_init2"                         128      128 1.280000e+02   5.339672e+00     0.075 (   102      0)     0.012 (    85      0)
"prim_printstate"                    128      128 1.280000e+02   5.208960e-01     0.007 (     0      0)     0.004 (    15      0)
"interp_movie_output"                128      128 2.560000e+02   2.151060e-02     0.000 (    38      0)     0.000 (    22      0)
"prim_main_loop"                     128      128 1.280000e+02   1.784224e+03    13.941 (    33      0)    13.937 (    80      0)
"prim_run"                           128      128 2.137600e+04   1.784178e+03    13.940 (    33      0)    13.936 (    80      0)
"ApplyCAMForcing"                    128      128 2.137600e+04   1.332596e+01     0.124 (   100      0)     0.091 (    17      0)
"prim_step_rX"                       128      128 6.412800e+04   1.646967e+03    12.887 (    53      0)    12.831 (   100      0)
"prim_step_dyn"                      128      128 6.412800e+04   2.633772e+02     2.969 (    81      0)     1.421 (   101      0)
"prim_advance_exp"                   128      128 6.412800e+04   2.632041e+02     2.968 (    81      0)     1.419 (   101      0)
"U3-5stage_timestep"                 128      128 6.412800e+04   1.770398e+02     2.293 (    81      0)     0.742 (   101      0)
"compute_and_apply_rhs"              128      128 3.206400e+05   1.760263e+02     2.285 (    81      0)     0.735 (   101      0)
"caar_bexchV"                        128      128 3.206400e+05   1.168854e+02     1.808 (    81      0)     0.287 (   101      0)
"advance_hypervis_dp"                128      128 6.412800e+04   8.596651e+01     0.720 (     1      0)     0.653 (    86      0)
"biwkdp3d_bexchV"                    128      128 1.923840e+05   1.565971e+01     0.166 (     1      0)     0.111 (   124      0)
"ahdp_bexchV2"                       128      128 1.923840e+05   1.547582e+01     0.130 (    56      0)     0.111 (    86      0)
"prim_step_advec"                    128      128 6.412800e+04   1.380126e+03    11.400 (   101      0)     9.884 (    81      0)
"PAT_remap"                          128      128 6.412800e+04   1.380013e+03    11.399 (   101      0)     9.883 (    81      0)
"prim_advec_tracers_remap_rk2"       128      128 6.412800e+04   1.379840e+03    11.398 (   101      0)     9.881 (    81      0)
"precomput_divdp"                    128      128 6.412800e+04   3.630335e+00     0.047 (    30      0)     0.017 (   127      0)
"euler_step_0"                       128      128 6.412800e+04   4.228720e+02     3.866 (   101      0)     2.307 (    17      0)
"bihmix_qminmax"                     128      128 1.923840e+05   6.546162e+02     5.820 (    29      0)     4.340 (    11      0)
"eus_neighbor_minmax1"               128      128 6.412800e+04   1.185567e+02     1.372 (    29      0)     0.483 (   105      0)
"nmm_bexchV"                         128      128 6.412800e+04   7.905452e+01     0.993 (   106      0)     0.234 (    38      0)
"eus_2d_advec"                       128      128 1.923840e+05   6.927902e+02     6.467 (    38      0)     4.696 (    19      0)
"eus_bexchV"                         128      128 1.923840e+05   2.993135e+02     3.498 (   105      0)     1.709 (    76      0)
"euler_step_1"                       128      128 6.412800e+04   2.571690e+02     2.366 (    17      0)     1.777 (    50      0)
"euler_step_2"                       128      128 6.412800e+04   6.684476e+02     5.557 (   102      0)     4.946 (    77      0)
"nmm_bexchS_start"                   128      128 6.412800e+04   3.079719e+00     0.034 (   101      0)     0.015 (    16      0)
"biwksc_bexchV"                      128      128 6.412800e+04   1.445404e+02     1.383 (    43      0)     0.804 (     9      0)
"nmm_bexchS_fini"                    128      128 6.412800e+04   5.736906e+00     0.055 (    95      0)     0.027 (   117      0)
"qdp_tavg"                           128      128 6.412800e+04   2.708487e+01     0.226 (   116      0)     0.204 (   101      0)
"vertical_remap"                     128      128 2.137600e+04   9.518086e+01     0.762 (    51      0)     0.728 (   102      0)
"vertical_remap1_1"                  128      128 6.412800e+04   5.593451e+00     0.046 (    81      0)     0.042 (   101      0)
"remap_Q_ppm"                        128      128 1.923840e+05   9.349012e+01     0.747 (    51      0)     0.716 (   102      0)
"vertical_remap1_2"                  128      128 6.412800e+04   7.198038e+00     0.057 (    50      0)     0.056 (   102      0)
"vertical_remap1_3"                  128      128 6.412800e+04   8.091509e+01     0.647 (    51      0)     0.619 (   102      0)
"prim_run_subcyle_diags"             128      128 2.137600e+04   2.392609e+01     0.214 (    35      0)     0.168 (    16      0)
"t_prf"                                0        0 0.000000e+00   0.000000e+00     0.000 (     0      0)     0.000 (     0      0)

