LAST_GIT_COMMIT_SHA:STRING=adf77c97ed8425a245449f2582d2441f4b72da1e

***** GLOBAL STATISTICS (   192 MPI TASKS) *****

$Id: gptl.c,v 1.157 2011-03-28 20:55:18 rosinski Exp $
'count' is cumulative. All other stats are max/min
name                           processes  threads        count      walltotal   wallmax (proc   thrd  )   wallmin (proc   thrd  )
"Total"                              192      192 1.920000e+02   1.837031e+03     9.569 (    64      0)     9.566 (   123      0)
"prim_init1"                         192      192 1.920000e+02   2.131426e+01     0.118 (     0      0)     0.111 (    25      0)
"PartitioningTime"                   192      192 1.920000e+02   2.131810e-01     0.001 (   105      0)     0.001 (    75      0)
"repro_sum_int"                      192      192 8.640000e+03   2.811714e+00     0.025 (    20      0)     0.004 (    87      0)
"prim_init2"                         192      192 1.920000e+02   5.918986e+00     0.042 (    10      0)     0.020 (   170      0)
"prim_printstate"                    192      192 1.920000e+02   8.512337e-01     0.007 (     0      0)     0.004 (   123      0)
"interp_movie_output"                192      192 3.840000e+02   2.811599e-02     0.000 (    64      0)     0.000 (   173      0)
"prim_main_loop"                     192      192 1.920000e+02   1.785368e+03     9.300 (    96      0)     9.297 (   187      0)
"prim_run"                           192      192 3.206400e+04   1.785291e+03     9.299 (    96      0)     9.297 (   187      0)
"ApplyCAMForcing"                    192      192 3.206400e+04   1.197356e+01     0.066 (    64      0)     0.060 (    47      0)
"prim_step_rX"                       192      192 9.619200e+04   1.653234e+03     8.621 (   113      0)     8.602 (    66      0)
"prim_step_dyn"                      192      192 9.619200e+04   2.669102e+02     2.237 (    26      0)     1.062 (   103      0)
"prim_advance_exp"                   192      192 9.619200e+04   2.666773e+02     2.235 (    26      0)     1.061 (   103      0)
"U3-5stage_timestep"                 192      192 9.619200e+04   1.733113e+02     1.741 (    26      0)     0.581 (   103      0)
"compute_and_apply_rhs"              192      192 4.809600e+05   1.721928e+02     1.734 (    26      0)     0.575 (   103      0)
"caar_bexchV"                        192      192 4.809600e+05   1.135312e+02     1.411 (    26      0)     0.276 (   103      0)
"advance_hypervis_dp"                192      192 9.619200e+04   9.309897e+01     0.508 (    42      0)     0.464 (   186      0)
"biwkdp3d_bexchV"                    192      192 2.885760e+05   1.898605e+01     0.118 (    42      0)     0.086 (   173      0)
"ahdp_bexchV2"                       192      192 2.885760e+05   1.841560e+01     0.106 (   144      0)     0.086 (   189      0)
"prim_step_advec"                    192      192 9.619200e+04   1.382760e+03     7.531 (   103      0)     6.348 (    26      0)
"PAT_remap"                          192      192 9.619200e+04   1.382605e+03     7.531 (   103      0)     6.347 (    26      0)
"prim_advec_tracers_remap_rk2"       192      192 9.619200e+04   1.382384e+03     7.529 (   103      0)     6.346 (    26      0)
"precomput_divdp"                    192      192 9.619200e+04   3.155071e+00     0.022 (   107      0)     0.012 (   132      0)
"euler_step_0"                       192      192 9.619200e+04   4.248097e+02     2.549 (   171      0)     1.634 (    26      0)
"bihmix_qminmax"                     192      192 2.885760e+05   6.533606e+02     3.940 (   103      0)     2.806 (    17      0)
"eus_neighbor_minmax1"               192      192 9.619200e+04   1.306748e+02     1.000 (    56      0)     0.361 (    47      0)
"nmm_bexchV"                         192      192 9.619200e+04   9.113750e+01     0.758 (    56      0)     0.182 (    47      0)
"eus_2d_advec"                       192      192 2.885760e+05   6.971391e+02     4.278 (   131      0)     2.922 (    40      0)
"eus_bexchV"                         192      192 2.885760e+05   3.468969e+02     2.502 (   113      0)     1.153 (    40      0)
"euler_step_1"                       192      192 9.619200e+04   2.420292e+02     1.398 (     1      0)     1.130 (   146      0)
"euler_step_2"                       192      192 9.619200e+04   6.848984e+02     3.791 (   102      0)     3.296 (    26      0)
"nmm_bexchS_start"                   192      192 9.619200e+04   3.819875e+00     0.036 (     1      0)     0.009 (    69      0)
"biwksc_bexchV"                      192      192 9.619200e+04   1.656678e+02     1.092 (    88      0)     0.583 (    17      0)
"nmm_bexchS_fini"                    192      192 9.619200e+04   3.154648e+00     0.018 (     1      0)     0.015 (   186      0)
"qdp_tavg"                           192      192 9.619200e+04   2.663179e+01     0.144 (    78      0)     0.135 (    37      0)
"vertical_remap"                     192      192 3.206400e+04   9.475722e+01     0.508 (    40      0)     0.485 (    61      0)
"vertical_remap1_1"                  192      192 6.412800e+04   5.692692e+00     0.032 (    38      0)     0.028 (    10      0)
"remap_Q_ppm"                        192      192 1.923840e+05   9.300943e+01     0.498 (    40      0)     0.477 (    61      0)
"vertical_remap1_2"                  192      192 6.412800e+04   7.189009e+00     0.038 (    23      0)     0.037 (   135      0)
"vertical_remap1_3"                  192      192 6.412800e+04   8.035597e+01     0.430 (    40      0)     0.412 (    89      0)
"prim_run_subcyle_diags"             192      192 3.206400e+04   2.057475e+01     0.114 (    66      0)     0.099 (    47      0)
"t_prf"                                0        0 0.000000e+00   0.000000e+00     0.000 (     0      0)     0.000 (     0      0)

