LAST_GIT_COMMIT_SHA:STRING=adf77c97ed8425a245449f2582d2441f4b72da1e

***** GLOBAL STATISTICS (    96 MPI TASKS) *****

$Id: gptl.c,v 1.157 2011-03-28 20:55:18 rosinski Exp $
'count' is cumulative. All other stats are max/min
name                           processes  threads        count      walltotal   wallmax (proc   thrd  )   wallmin (proc   thrd  )
"Total"                               96       96 9.600000e+01   1.851392e+03    19.288 (    73      0)    19.281 (    23      0)
"prim_init1"                          96       96 9.600000e+01   1.660280e+01     0.178 (    67      0)     0.170 (    45      0)
"PartitioningTime"                    96       96 9.600000e+01   6.029112e-01     0.012 (     9      0)     0.002 (    79      0)
"repro_sum_int"                       96       96 4.320000e+03   3.508547e+00     0.044 (    77      0)     0.021 (    87      0)
"prim_init2"                          96       96 9.600000e+01   4.788527e+00     0.076 (    26      0)     0.028 (    89      0)
"prim_printstate"                     96       96 9.600000e+01   1.610739e+00     0.028 (     9      0)     0.010 (    48      0)
"interp_movie_output"                 96       96 1.920000e+02   3.084686e-01     0.009 (    78      0)     0.000 (    53      0)
"prim_main_loop"                      96       96 9.600000e+01   1.812794e+03    18.888 (     6      0)    18.873 (    66      0)
"prim_run"                            96       96 1.603200e+04   1.812682e+03    18.887 (     6      0)    18.873 (    66      0)
"ApplyCAMForcing"                     96       96 1.603200e+04   1.655726e+01     0.199 (    30      0)     0.138 (    77      0)
"prim_step_rX"                        96       96 4.809600e+04   1.668044e+03    17.429 (    52      0)    17.309 (    28      0)
"prim_step_dyn"                       96       96 4.809600e+04   2.364685e+02     3.217 (    77      0)     1.895 (    28      0)
"prim_advance_exp"                    96       96 4.809600e+04   2.362661e+02     3.215 (    77      0)     1.894 (    28      0)
"U3-5stage_timestep"                  96       96 4.809600e+04   1.528197e+02     2.341 (    77      0)     1.024 (    28      0)
"compute_and_apply_rhs"               96       96 2.404800e+05   1.517008e+02     2.331 (    77      0)     1.014 (    28      0)
"caar_bexchV"                         96       96 2.404800e+05   9.186407e+01     1.689 (    77      0)     0.421 (    28      0)
"advance_hypervis_dp"                 96       96 4.809600e+04   8.329548e+01     0.882 (    13      0)     0.845 (    49      0)
"biwkdp3d_bexchV"                     96       96 1.442880e+05   1.391753e+01     0.156 (    13      0)     0.129 (    64      0)
"ahdp_bexchV2"                        96       96 1.442880e+05   1.414556e+01     0.161 (    74      0)     0.136 (    95      0)
"prim_step_advec"                     96       96 4.809600e+04   1.427662e+03    15.383 (    28      0)    14.171 (    77      0)
"PAT_remap"                           96       96 4.809600e+04   1.427569e+03    15.382 (    28      0)    14.170 (    77      0)
"prim_advec_tracers_remap_rk2"        96       96 4.809600e+04   1.427417e+03    15.381 (    28      0)    14.169 (    77      0)
"precomput_divdp"                     96       96 4.809600e+04   3.262699e+00     0.052 (    85      0)     0.021 (    51      0)
"euler_step_0"                        96       96 4.809600e+04   4.297541e+02     5.102 (    27      0)     3.759 (    94      0)
"bihmix_qminmax"                      96       96 1.442880e+05   6.669838e+02     7.609 (    27      0)     6.205 (    39      0)
"eus_neighbor_minmax1"                96       96 4.809600e+04   1.139688e+02     1.693 (    27      0)     0.691 (    39      0)
"nmm_bexchV"                          96       96 4.809600e+04   7.454194e+01     1.223 (    27      0)     0.352 (    39      0)
"eus_2d_advec"                        96       96 1.442880e+05   7.266137e+02     8.510 (    29      0)     6.964 (    92      0)
"eus_bexchV"                          96       96 1.442880e+05   2.999615e+02     4.011 (    87      0)     2.501 (    22      0)
"euler_step_1"                        96       96 4.809600e+04   2.772637e+02     3.208 (    29      0)     2.668 (    22      0)
"euler_step_2"                        96       96 4.809600e+04   6.878558e+02     7.441 (    87      0)     6.958 (    73      0)
"nmm_bexchS_start"                    96       96 4.809600e+04   2.804411e+00     0.037 (     1      0)     0.021 (    88      0)
"biwksc_bexchV"                       96       96 4.809600e+04   1.310264e+02     1.722 (    49      0)     1.107 (    29      0)
"nmm_bexchS_fini"                     96       96 4.809600e+04   1.034186e+01     0.127 (    28      0)     0.085 (    77      0)
"qdp_tavg"                            96       96 4.809600e+04   2.871681e+01     0.329 (    20      0)     0.273 (    85      0)
"vertical_remap"                      96       96 1.603200e+04   9.550477e+01     1.017 (    23      0)     0.980 (    35      0)
"vertical_remap1_1"                   96       96 6.412800e+04   5.707517e+00     0.064 (    77      0)     0.057 (    33      0)
"remap_Q_ppm"                         96       96 1.923840e+05   9.376146e+01     0.996 (    23      0)     0.963 (    69      0)
"vertical_remap1_2"                   96       96 6.412800e+04   7.191811e+00     0.076 (    77      0)     0.074 (    69      0)
"vertical_remap1_3"                   96       96 6.412800e+04   8.113621e+01     0.862 (    23      0)     0.832 (    69      0)
"prim_run_subcyle_diags"              96       96 1.603200e+04   2.741419e+01     0.348 (    31      0)     0.243 (    77      0)
"t_prf"                                0        0 0.000000e+00   0.000000e+00     0.000 (     0      0)     0.000 (     0      0)

