LAST_GIT_COMMIT_SHA:STRING=adf77c97ed8425a245449f2582d2441f4b72da1e

***** GLOBAL STATISTICS (    64 MPI TASKS) *****

$Id: gptl.c,v 1.157 2011-03-28 20:55:18 rosinski Exp $
'count' is cumulative. All other stats are max/min
name                           processes  threads        count      walltotal   wallmax (proc   thrd  )   wallmin (proc   thrd  )
"Total"                               64       64 6.400000e+01   1.850052e+03    28.914 (    29      0)    28.899 (    63      0)
"prim_init1"                          64       64 6.400000e+01   1.100774e+01     0.181 (     8      0)     0.163 (    63      0)
"PartitioningTime"                    64       64 6.400000e+01   2.205489e-01     0.004 (    32      0)     0.003 (    23      0)
"repro_sum_int"                       64       64 2.880000e+03   5.463164e-01     0.014 (    21      0)     0.002 (    49      0)
"prim_init2"                          64       64 6.400000e+01   2.728216e+00     0.048 (    21      0)     0.036 (    37      0)
"prim_printstate"                     64       64 6.400000e+01   8.540981e-01     0.014 (    53      0)     0.013 (    31      0)
"interp_movie_output"                 64       64 1.280000e+02   9.102106e-03     0.000 (     4      0)     0.000 (     5      0)
"prim_main_loop"                      64       64 6.400000e+01   1.827754e+03    28.563 (    36      0)    28.553 (    11      0)
"prim_run"                            64       64 1.068800e+04   1.827722e+03    28.562 (    36      0)    28.552 (    11      0)
"ApplyCAMForcing"                     64       64 1.068800e+04   2.358320e+01     0.430 (    27      0)     0.218 (    11      0)
"prim_step_rX"                        64       64 3.206400e+04   1.671784e+03    26.328 (    11      0)    26.020 (    34      0)
"prim_step_dyn"                       64       64 3.206400e+04   1.808913e+02     4.377 (    11      0)     2.238 (    36      0)
"prim_advance_exp"                    64       64 3.206400e+04   1.807895e+02     4.375 (    11      0)     2.237 (    36      0)
"U3-5stage_timestep"                  64       64 3.206400e+04   1.114884e+02     3.300 (    11      0)     1.156 (    34      0)
"compute_and_apply_rhs"               64       64 1.603200e+05   1.105981e+02     3.285 (    11      0)     1.143 (    34      0)
"caar_bexchV"                         64       64 1.603200e+05   5.109411e+01     2.258 (    11      0)     0.265 (    34      0)
"advance_hypervis_dp"                 64       64 3.206400e+04   6.919055e+01     1.096 (    50      0)     1.071 (    24      0)
"biwkdp3d_bexchV"                     64       64 9.619200e+04   7.586238e+00     0.130 (    50      0)     0.108 (    24      0)
"ahdp_bexchV2"                        64       64 9.619200e+04   7.712568e+00     0.132 (    18      0)     0.112 (    31      0)
"prim_step_advec"                     64       64 3.206400e+04   1.485812e+03    23.730 (    29      0)    21.856 (    11      0)
"PAT_remap"                           64       64 3.206400e+04   1.485739e+03    23.729 (    36      0)    21.855 (    11      0)
"prim_advec_tracers_remap_rk2"        64       64 3.206400e+04   1.485622e+03    23.728 (    29      0)    21.853 (    11      0)
"precomput_divdp"                     64       64 3.206400e+04   2.825168e+00     0.075 (    31      0)     0.026 (    43      0)
"euler_step_0"                        64       64 3.206400e+04   4.198999e+02     7.129 (    50      0)     5.342 (    11      0)
"bihmix_qminmax"                      64       64 9.619200e+04   6.939690e+02    11.274 (    34      0)    10.269 (    33      0)
"eus_neighbor_minmax1"                64       64 3.206400e+04   9.981081e+01     1.985 (    50      0)     1.253 (    10      0)
"nmm_bexchV"                          64       64 3.206400e+04   5.747213e+01     1.264 (    50      0)     0.653 (    10      0)
"eus_2d_advec"                        64       64 9.619200e+04   7.462104e+02    12.543 (    33      0)    10.391 (    63      0)
"eus_bexchV"                          64       64 9.619200e+04   2.313469e+02     4.367 (    33      0)     2.934 (    40      0)
"euler_step_1"                        64       64 3.206400e+04   2.990354e+02     5.230 (    11      0)     4.509 (    22      0)
"euler_step_2"                        64       64 3.206400e+04   7.224665e+02    11.666 (     5      0)    10.711 (    11      0)
"nmm_bexchS_start"                    64       64 3.206400e+04   1.599930e+00     0.039 (    31      0)     0.016 (    62      0)
"biwksc_bexchV"                       64       64 3.206400e+04   1.061641e+02     1.858 (    35      0)     1.411 (    19      0)
"nmm_bexchS_fini"                     64       64 3.206400e+04   1.483363e+01     0.321 (    27      0)     0.146 (    63      0)
"qdp_tavg"                            64       64 3.206400e+04   4.086589e+01     0.828 (    62      0)     0.468 (    35      0)
"vertical_remap"                      64       64 1.068800e+04   9.580575e+01     1.563 (    63      0)     1.465 (     2      0)
"vertical_remap1_1"                   64       64 6.412800e+04   5.743518e+00     0.097 (    63      0)     0.085 (    29      0)
"remap_Q_ppm"                         64       64 1.923840e+05   9.408156e+01     1.527 (    63      0)     1.442 (     2      0)
"vertical_remap1_2"                   64       64 6.412800e+04   7.164216e+00     0.113 (    11      0)     0.111 (    38      0)
"vertical_remap1_3"                   64       64 6.412800e+04   8.138749e+01     1.322 (    11      0)     1.248 (     2      0)
"prim_run_subcyle_diags"              64       64 1.068800e+04   3.105098e+01     0.567 (    34      0)     0.379 (    11      0)
"t_prf"                                0        0 0.000000e+00   0.000000e+00     0.000 (     0      0)     0.000 (     0      0)

