LAST_GIT_COMMIT_SHA:STRING=4790f40f2fb6acbc051ce4c988681a628c18e83d

***** GLOBAL STATISTICS (   128 MPI TASKS) *****

$Id: gptl.c,v 1.157 2011-03-28 20:55:18 rosinski Exp $
'count' is cumulative. All other stats are max/min
name                               processes  threads        count      walltotal   wallmax (proc   thrd  )   wallmin (proc   thrd  )
Total                                    128      128 1.280000e+02   1.781231e+03    13.918 (    99      0)    13.912 (    49      0)
prim_init1                               128      128 1.280000e+02   7.369045e+00     0.058 (     0      0)     0.057 (    96      0)
repro_sum_int                            128      128 5.760000e+03   1.627114e+00     0.033 (    20      0)     0.004 (    32      0)
prim_init2                               128      128 1.280000e+02   7.121884e+00     0.076 (    20      0)     0.047 (    39      0)
prim_printstate                          128      128 1.280000e+02   1.016484e+00     0.009 (     0      0)     0.008 (     6      0)
interp_movie_output                      128      128 2.560000e+02   2.038360e-02     0.000 (   110      0)     0.000 (    49      0)
prim_main_loop                           128      128 1.280000e+02   1.759197e+03    13.746 (   103      0)    13.740 (    49      0)
prim_run                                 128      128 2.137600e+04   1.759147e+03    13.746 (   112      0)    13.740 (    51      0)
tl-sc prim_run_subcycle_c                128      128 2.137600e+04   1.758735e+03    13.742 (    65      0)    13.738 (    55      0)
tl-sc dp3d-from-ps                       128      128 2.137600e+04   1.788733e-01     0.002 (   116      0)     0.001 (    55      0)
tl-sc prim_step-loop                     128      128 2.137600e+04   1.646846e+03    12.885 (   113      0)    12.813 (    50      0)
tl-s prim_step                           128      128 6.412800e+04   1.646711e+03    12.884 (   113      0)    12.811 (    50      0)
tl-s deep_copy+derived_dp                128      128 6.412800e+04   3.850161e+00     0.040 (    20      0)     0.019 (    37      0)
tl-s prim_advance_exp-loop               128      128 6.412800e+04   2.365873e+02     2.531 (    51      0)     1.330 (   112      0)
tl-ae prim_advance_exp                   128      128 6.412800e+04   2.364627e+02     2.530 (    51      0)     1.329 (   112      0)
tl-ae U3-5stage_timestep                 128      128 6.412800e+04   1.504638e+02     1.847 (    51      0)     0.660 (   112      0)
caar compute                             128      128 3.206400e+05   4.642532e+01     0.398 (     1      0)     0.343 (    30      0)
caar_bexchV                              128      128 3.206400e+05   1.020018e+02     1.435 (    51      0)     0.301 (   112      0)
tl-ae advance_hypervis_dp                128      128 6.412800e+04   8.582843e+01     0.788 (     1      0)     0.647 (    85      0)
hvf-bhwk                                 128      128 1.923840e+05   5.389213e+01     0.528 (     1      0)     0.405 (    84      0)
hvf-bexch                                128      128 3.847680e+05   4.335291e+01     0.454 (     1      0)     0.308 (   127      0)
tl-s prim_advec_tracers_remap            128      128 6.412800e+04   1.405981e+03    11.530 (   112      0)    10.259 (    51      0)
tl-at prim_advec_tracers_remap_RK2       128      128 6.412800e+04   1.405807e+03    11.529 (   112      0)    10.257 (    51      0)
tl-at precompute_divdp                   128      128 6.412800e+04   2.352398e+00     0.031 (    37      0)     0.011 (    18      0)
tl-at esf-0                              128      128 6.412800e+04   4.480977e+02     4.033 (   111      0)     2.674 (    81      0)
tl-at esf-1                              128      128 6.412800e+04   2.851087e+02     2.770 (    81      0)     2.000 (    50      0)
tl-at esf-2                              128      128 6.412800e+04   6.397482e+02     5.408 (   127      0)     4.751 (    77      0)
tl-at qdp_time_avg                       128      128 6.412800e+04   2.951778e+01     0.262 (    18      0)     0.202 (    37      0)
tl-sc vertical_remap                     128      128 2.137600e+04   9.694199e+01     0.810 (    50      0)     0.738 (   112      0)
Remap Thickness Functor                  128      128 2.137600e+04   1.060291e+00     0.011 (    79      0)     0.007 (    30      0)
Remap Scale States Functor               128      128 2.137600e+04   5.491250e-01     0.006 (    19      0)     0.003 (    37      0)
Remap Compute Grids Functor              128      128 2.137600e+04   4.732537e+00     0.054 (    19      0)     0.028 (    36      0)
Remap Compute Remap Functor              128      128 2.137600e+04   8.953318e+01     0.736 (    50      0)     0.692 (     3      0)
Remap Rescale States Functor             128      128 2.137600e+04   6.740720e-01     0.006 (    31      0)     0.005 (   117      0)
tl-sc Q-from-qdp                         128      128 2.137600e+04   1.463229e+01     0.121 (    32      0)     0.112 (    19      0)
t_prf                                      0        0 0.000000e+00   0.000000e+00     0.000 (     0      0)     0.000 (     0      0)

