LAST_GIT_COMMIT_SHA:STRING=4790f40f2fb6acbc051ce4c988681a628c18e83d

***** GLOBAL STATISTICS (   192 MPI TASKS) *****

$Id: gptl.c,v 1.157 2011-03-28 20:55:18 rosinski Exp $
'count' is cumulative. All other stats are max/min
name                               processes  threads        count      walltotal   wallmax (proc   thrd  )   wallmin (proc   thrd  )
Total                                    192      192 1.920000e+02   1.794177e+03     9.346 (   130      0)     9.343 (    35      0)
prim_init1                               192      192 1.920000e+02   3.964565e+01     0.207 (     0      0)     0.206 (     2      0)
repro_sum_int                            192      192 8.640000e+03   2.860670e+00     0.033 (   172      0)     0.004 (    57      0)
prim_init2                               192      192 1.920000e+02   1.940040e+01     0.120 (   172      0)     0.090 (    43      0)
prim_printstate                          192      192 1.920000e+02   1.468636e+00     0.010 (     0      0)     0.008 (   167      0)
interp_movie_output                      192      192 3.840000e+02   2.593684e-02     0.000 (    32      0)     0.000 (   187      0)
prim_main_loop                           192      192 1.920000e+02   1.721002e+03     8.964 (   158      0)     8.962 (    35      0)
prim_run                                 192      192 3.206400e+04   1.720925e+03     8.964 (   128      0)     8.961 (    35      0)
tl-sc prim_run_subcycle_c                192      192 3.206400e+04   1.720439e+03     8.962 (    98      0)     8.960 (    87      0)
tl-sc dp3d-from-ps                       192      192 3.206400e+04   1.873960e-01     0.001 (    32      0)     0.001 (    59      0)
tl-sc prim_step-loop                     192      192 3.206400e+04   1.609056e+03     8.391 (   168      0)     8.366 (    89      0)
tl-s prim_step                           192      192 9.619200e+04   1.608887e+03     8.390 (   168      0)     8.365 (    89      0)
tl-s deep_copy+derived_dp                192      192 9.619200e+04   3.788901e+00     0.024 (     3      0)     0.015 (     8      0)
tl-s prim_advance_exp-loop               192      192 9.619200e+04   2.619628e+02     1.651 (    42      0)     1.030 (   184      0)
tl-ae prim_advance_exp                   192      192 9.619200e+04   2.617840e+02     1.650 (    42      0)     1.029 (   184      0)
tl-ae U3-5stage_timestep                 192      192 9.619200e+04   1.620122e+02     1.114 (    42      0)     0.530 (   168      0)
caar compute                             192      192 4.809600e+05   4.610513e+01     0.251 (    22      0)     0.229 (    55      0)
caar_bexchV                              192      192 4.809600e+05   1.136382e+02     0.857 (    42      0)     0.287 (   168      0)
tl-ae advance_hypervis_dp                192      192 9.619200e+04   9.952858e+01     0.569 (     3      0)     0.492 (   184      0)
hvf-bhwk                                 192      192 2.885760e+05   6.104891e+01     0.352 (    29      0)     0.302 (   126      0)
hvf-bexch                                192      192 5.771520e+05   5.627936e+01     0.343 (    14      0)     0.265 (   125      0)
tl-s prim_advec_tracers_remap            192      192 9.619200e+04   1.342746e+03     7.337 (   184      0)     6.699 (    42      0)
tl-at prim_advec_tracers_remap_RK2       192      192 9.619200e+04   1.342520e+03     7.336 (   184      0)     6.697 (    42      0)
tl-at precompute_divdp                   192      192 9.619200e+04   2.254066e+00     0.017 (   171      0)     0.008 (   186      0)
tl-at esf-0                              192      192 9.619200e+04   4.468607e+02     2.636 (   168      0)     1.821 (    37      0)
tl-at esf-1                              192      192 9.619200e+04   2.525140e+02     1.601 (    37      0)     1.205 (    61      0)
tl-at esf-2                              192      192 9.619200e+04   6.121925e+02     3.498 (    69      0)     2.991 (    73      0)
tl-at qdp_time_avg                       192      192 9.619200e+04   2.767833e+01     0.154 (    89      0)     0.134 (   168      0)
tl-sc vertical_remap                     192      192 3.206400e+04   9.665084e+01     0.517 (   112      0)     0.493 (   168      0)
Remap Thickness Functor                  192      192 3.206400e+04   1.055269e+00     0.007 (    89      0)     0.004 (    55      0)
Remap Scale States Functor               192      192 3.206400e+04   5.190322e-01     0.003 (     3      0)     0.002 (    55      0)
Remap Compute Grids Functor              192      192 3.206400e+04   4.346698e+00     0.027 (   163      0)     0.019 (    55      0)
Remap Compute Remap Functor              192      192 3.206400e+04   8.954865e+01     0.478 (    91      0)     0.461 (    53      0)
Remap Rescale States Functor             192      192 3.206400e+04   6.820498e-01     0.004 (    75      0)     0.004 (    47      0)
tl-sc Q-from-qdp                         192      192 3.206400e+04   1.438241e+01     0.077 (    64      0)     0.074 (   151      0)
t_prf                                      0        0 0.000000e+00   0.000000e+00     0.000 (     0      0)     0.000 (     0      0)

