
***** GLOBAL STATISTICS (  1536 MPI TASKS) *****

$Id: gptl.c,v 1.157 2011-03-28 20:55:18 rosinski Exp $
'count' is cumulative. All other stats are max/min
name                               processes  threads        count      walltotal   wallmax (proc   thrd  )   wallmin (proc   thrd  )
Total                                   1536     1536 1.536000e+03   7.163129e+04    46.640 (   192      0)    46.630 (   950      0)
prim_init1                              1536     1536 1.536000e+03   2.801947e+02     0.186 (    89      0)     0.180 (  1338      0)
repro_sum_int                           1536     1536 6.912000e+04   1.012373e+02     0.157 (    55      0)     0.015 (   533      0)
prim_init2                              1536     1536 1.536000e+03   2.510783e+02     0.240 (    57      0)     0.113 (  1184      0)
prim_printstate                         1536     1536 1.536000e+03   5.061326e+01     0.036 (     0      0)     0.032 (   548      0)
interp_movie_output                     1536     1536 3.072000e+03   7.209291e-01     0.001 (   517      0)     0.000 (   339      0)
prim_main_loop                          1536     1536 1.536000e+03   7.054461e+04    45.930 (   348      0)    45.924 (   914      0)
prim_run                                1536     1536 1.474560e+06   7.053468e+04    45.924 (   323      0)    45.917 (   872      0)
tl-sc prim_run_subcycle_c               1536     1536 1.474560e+06   7.051354e+04    45.912 (   323      0)    45.903 (   842      0)
tl-sc dp3d-from-ps                      1536     1536 1.474560e+06   1.384748e+01     0.012 (   512      0)     0.008 (  1497      0)
tl-sc prim_step-loop                    1536     1536 1.474560e+06   6.541520e+04    42.666 (   127      0)    42.179 (   640      0)
tl-s prim_step                          1536     1536 4.423680e+06   6.539468e+04    42.652 (   127      0)    42.165 (   640      0)
tl-s deep_copy+derived_dp               1536     1536 4.423680e+06   8.251102e+01     0.061 (   192      0)     0.051 (   380      0)
tl-s prim_advance_exp-loop              1536     1536 4.423680e+06   2.587042e+04    20.021 (   226      0)    13.331 (  1152      0)
tl-ae prim_advance_exp                  1536     1536 4.423680e+06   2.584381e+04    20.004 (   226      0)    13.311 (  1152      0)
tl-ae U3-5stage_timestep                1536     1536 4.423680e+06   1.379780e+04    12.713 (   226      0)     6.016 (   256      0)
caar compute                            1536     1536 2.211840e+07   2.354128e+03     1.802 (   768      0)     1.445 (   547      0)
caar_bexchV                             1536     1536 2.211840e+07   1.114828e+04    11.033 (   226      0)     4.020 (   256      0)
tl-ae advance_hypervis_dp               1536     1536 4.423680e+06   1.199903e+04    10.960 (    19      0)     5.973 (   329      0)
hvf-bhwk                                1536     1536 1.327104e+07   6.349117e+03     6.283 (  1257      0)     3.149 (   351      0)
hvf-bexch                               1536     1536 2.654208e+07   9.809460e+03     9.521 (    19      0)     4.559 (   309      0)
tl-s prim_advec_tracers_remap           1536     1536 4.423680e+06   3.938581e+04    28.806 (   256      0)    22.492 (   226      0)
tl-at prim_advec_tracers_remap_RK2      1536     1536 4.423680e+06   3.935489e+04    28.784 (   256      0)    22.471 (   226      0)
tl-at precompute_divdp                  1536     1536 4.423680e+06   8.838212e+01     0.069 (   768      0)     0.050 (   499      0)
tl-at esf-0                             1536     1536 4.423680e+06   1.084285e+04     9.105 (   508      0)     5.528 (  1309      0)
tl-at esf-1                             1536     1536 4.423680e+06   7.692239e+03     5.968 (   258      0)     3.967 (    96      0)
tl-at esf-2                             1536     1536 4.423680e+06   1.996881e+04    15.114 (   306      0)    11.068 (    26      0)
tl-at qdp_time_avg                      1536     1536 4.423680e+06   6.091561e+02     0.438 (     0      0)     0.355 (    42      0)
tl-sc vertical_remap                    1536     1536 1.474560e+06   4.551108e+03     3.314 (   640      0)     2.888 (  1341      0)
Remap Thickness Functor                 1536     1536 1.474560e+06   4.566082e+01     0.035 (  1152      0)     0.027 (   124      0)
Remap Scale States Functor              1536     1536 1.474560e+06   2.420646e+01     0.018 (   961      0)     0.013 (   127      0)
Remap Compute Grids Functor             1536     1536 1.474560e+06   1.722448e+02     0.129 (  1024      0)     0.105 (   127      0)
Remap Compute Remap Functor             1536     1536 1.474560e+06   4.217109e+03     3.087 (   640      0)     2.678 (  1341      0)
Remap Rescale States Functor            1536     1536 1.474560e+06   2.862235e+01     0.022 (   838      0)     0.017 (    77      0)
tl-sc Q-from-qdp                        1536     1536 1.474560e+06   5.046140e+02     0.384 (   384      0)     0.325 (  1385      0)
t_prf                                      0        0 0.000000e+00   0.000000e+00     0.000 (     0      0)     0.000 (     0      0)

