
***** GLOBAL STATISTICS (   512 MPI TASKS) *****

$Id: gptl.c,v 1.157 2011-03-28 20:55:18 rosinski Exp $
'count' is cumulative. All other stats are max/min
name                               processes  threads        count      walltotal   wallmax (proc   thrd  )   wallmin (proc   thrd  )
Total                                    512      512 5.120000e+02   1.698742e+04    33.181 (   192      0)    33.177 (   506      0)
prim_init1                               512      512 5.120000e+02   9.586396e+01     0.189 (    24      0)     0.183 (   488      0)
repro_sum_int                            512      512 2.304000e+04   1.490131e+01     0.080 (   100      0)     0.016 (   432      0)
prim_init2                               512      512 5.120000e+02   9.848454e+01     0.251 (    32      0)     0.178 (   259      0)
prim_printstate                          512      512 5.120000e+02   2.138237e+01     0.046 (     0      0)     0.037 (   404      0)
interp_movie_output                      512      512 1.024000e+03   2.816572e-01     0.001 (   143      0)     0.000 (   457      0)
prim_main_loop                           512      512 5.120000e+02   1.661510e+04    32.456 (    64      0)    32.449 (   236      0)
prim_run                                 512      512 1.638400e+05   1.661360e+04    32.451 (   124      0)    32.446 (   150      0)
tl-sc prim_run_subcycle_c                512      512 1.638400e+05   1.660964e+04    32.446 (   398      0)    32.437 (   143      0)
tl-sc dp3d-from-ps                       512      512 1.638400e+05   3.068429e+00     0.008 (     0      0)     0.005 (    69      0)
tl-sc prim_step-loop                     512      512 1.638400e+05   1.495220e+04    29.266 (   326      0)    28.922 (   384      0)
tl-s prim_step                           512      512 4.915200e+05   1.494970e+04    29.262 (   326      0)    28.917 (   384      0)
tl-s deep_copy+derived_dp                512      512 4.915200e+05   1.911497e+01     0.043 (   448      0)     0.036 (   164      0)
tl-s prim_advance_exp-loop               512      512 4.915200e+05   4.566665e+03    10.774 (   430      0)     7.012 (    64      0)
tl-ae prim_advance_exp                   512      512 4.915200e+05   4.563225e+03    10.767 (   430      0)     7.005 (    64      0)
tl-ae U3-5stage_timestep                 512      512 4.915200e+05   2.566005e+03     6.366 (   430      0)     3.565 (    64      0)
caar compute                             512      512 2.457600e+06   7.216108e+02     1.633 (    64      0)     1.331 (   244      0)
caar_bexchV                              512      512 2.457600e+06   1.782109e+03     4.901 (   430      0)     1.792 (    64      0)
tl-ae advance_hypervis_dp                512      512 4.915200e+05   1.991093e+03     5.028 (   509      0)     3.327 (    65      0)
hvf-bhwk                                 512      512 1.474560e+06   1.124886e+03     2.835 (   419      0)     1.850 (    24      0)
hvf-bexch                                512      512 2.949120e+06   1.341047e+03     3.816 (   509      0)     1.945 (    64      0)
tl-s prim_advec_tracers_remap            512      512 4.915200e+05   1.035701e+04    21.933 (    64      0)    18.394 (   430      0)
tl-at prim_advec_tracers_remap_RK2       512      512 4.915200e+05   1.035331e+04    21.925 (    64      0)    18.387 (   430      0)
tl-at precompute_divdp                   512      512 4.915200e+05   2.020228e+01     0.044 (   128      0)     0.036 (   253      0)
tl-at esf-0                              512      512 4.915200e+05   2.952815e+03     7.184 (    80      0)     4.358 (    24      0)
tl-at esf-1                              512      512 4.915200e+05   2.094319e+03     4.919 (   302      0)     3.670 (   336      0)
tl-at esf-2                              512      512 4.915200e+05   5.060624e+03    11.073 (   103      0)     9.094 (   418      0)
tl-at qdp_time_avg                       512      512 4.915200e+05   2.071181e+02     0.462 (   321      0)     0.361 (   191      0)
tl-sc vertical_remap                     512      512 1.638400e+05   1.485602e+03     3.131 (   384      0)     2.841 (   326      0)
Remap Thickness Functor                  512      512 1.638400e+05   1.132611e+01     0.024 (   384      0)     0.020 (    62      0)
Remap Scale States Functor               512      512 1.638400e+05   5.356204e+00     0.012 (   469      0)     0.009 (   375      0)
Remap Compute Grids Functor              512      512 1.638400e+05   5.426218e+01     0.117 (   461      0)     0.101 (   284      0)
Remap Compute Remap Functor              512      512 1.638400e+05   1.397806e+03     2.950 (   384      0)     2.673 (   107      0)
Remap Rescale States Functor             512      512 1.638400e+05   6.544383e+00     0.015 (   384      0)     0.012 (   344      0)
tl-sc Q-from-qdp                         512      512 1.638400e+05   1.652415e+02     0.380 (   448      0)     0.319 (   430      0)
t_prf                                      0        0 0.000000e+00   0.000000e+00     0.000 (     0      0)     0.000 (     0      0)

