
***** GLOBAL STATISTICS (   192 MPI TASKS) *****

$Id: gptl.c,v 1.157 2011-03-28 20:55:18 rosinski Exp $
'count' is cumulative. All other stats are max/min
name                               processes  threads        count      walltotal   wallmax (proc   thrd  )   wallmin (proc   thrd  )
Total                                    192      192 1.920000e+02   6.803236e+03    35.435 (   138      0)    35.432 (   123      0)
prim_init1                               192      192 1.920000e+02   2.715700e+01     0.142 (    85      0)     0.141 (   130      0)
repro_sum_int                            192      192 8.640000e+03   5.946355e+00     0.071 (    47      0)     0.009 (   128      0)
prim_init2                               192      192 1.920000e+02   2.438780e+01     0.156 (    54      0)     0.105 (   128      0)
prim_printstate                          192      192 1.920000e+02   3.780819e+00     0.023 (     0      0)     0.019 (    70      0)
interp_movie_output                      192      192 3.840000e+02   1.348877e-01     0.002 (     1      0)     0.000 (   129      0)
prim_main_loop                           192      192 1.920000e+02   6.722112e+03    35.013 (   128      0)    35.010 (     1      0)
prim_run                                 192      192 9.600000e+04   6.721289e+03    35.009 (   189      0)    35.005 (   112      0)
tl-sc prim_run_subcycle_c                192      192 9.600000e+04   6.719133e+03    34.997 (    17      0)    34.994 (   156      0)
tl-sc dp3d-from-ps                       192      192 9.600000e+04   1.432495e+00     0.009 (    64      0)     0.006 (    17      0)
tl-sc prim_step-loop                     192      192 9.600000e+04   6.069480e+03    31.665 (    23      0)    31.398 (     0      0)
tl-s prim_step                           192      192 2.880000e+05   6.068086e+03    31.658 (    23      0)    31.391 (     0      0)
tl-s deep_copy+derived_dp                192      192 2.880000e+05   8.317418e+00     0.049 (    64      0)     0.042 (   109      0)
tl-s prim_advance_exp-loop               192      192 2.880000e+05   1.810604e+03    11.047 (    42      0)     8.278 (    55      0)
tl-ae prim_advance_exp                   192      192 2.880000e+05   1.808823e+03    11.038 (    42      0)     8.268 (    55      0)
tl-ae U3-5stage_timestep                 192      192 2.880000e+05   1.017559e+03     6.858 (    42      0)     4.165 (    55      0)
caar compute                             192      192 1.440000e+06   2.939355e+02     1.751 (     0      0)     1.431 (   157      0)
caar_bexchV                              192      192 1.440000e+06   6.946040e+02     5.209 (    42      0)     2.284 (     0      0)
tl-ae advance_hypervis_dp                192      192 2.880000e+05   7.878791e+02     4.330 (   128      0)     3.992 (   108      0)
hvf-bhwk                                 192      192 8.640000e+05   4.409117e+02     2.583 (   129      0)     2.181 (   132      0)
hvf-bexch                                192      192 1.728000e+06   5.215976e+02     2.995 (   145      0)     2.477 (     0      0)
tl-s prim_advec_tracers_remap            192      192 2.880000e+05   4.245336e+03    23.267 (    55      0)    20.488 (    42      0)
tl-at prim_advec_tracers_remap_RK2       192      192 2.880000e+05   4.243250e+03    23.256 (    55      0)    20.477 (    42      0)
tl-at precompute_divdp                   192      192 2.880000e+05   9.122089e+00     0.055 (     0      0)     0.044 (   123      0)
tl-at esf-0                              192      192 2.880000e+05   1.178106e+03     7.337 (    55      0)     4.890 (   157      0)
tl-at esf-1                              192      192 2.880000e+05   8.631942e+02     5.173 (   104      0)     3.971 (    44      0)
tl-at esf-2                              192      192 2.880000e+05   2.100642e+03    11.775 (   163      0)    10.411 (    33      0)
tl-at qdp_time_avg                       192      192 2.880000e+05   8.177324e+01     0.457 (   144      0)     0.384 (   109      0)
tl-sc vertical_remap                     192      192 9.600000e+04   5.814136e+02     3.210 (   128      0)     2.979 (    23      0)
Remap Thickness Functor                  192      192 9.600000e+04   4.958004e+00     0.029 (    82      0)     0.023 (   188      0)
Remap Scale States Functor               192      192 9.600000e+04   2.339323e+00     0.013 (   119      0)     0.011 (   168      0)
Remap Compute Grids Functor              192      192 9.600000e+04   2.136884e+01     0.123 (   128      0)     0.107 (   168      0)
Remap Compute Remap Functor              192      192 9.600000e+04   5.446620e+02     3.002 (   128      0)     2.792 (    23      0)
Remap Rescale States Functor             192      192 9.600000e+04   2.890987e+00     0.017 (    64      0)     0.014 (    23      0)
tl-sc Q-from-qdp                         192      192 9.600000e+04   6.482188e+01     0.382 (     0      0)     0.335 (    19      0)
t_prf                                      0        0 0.000000e+00   0.000000e+00     0.000 (     0      0)     0.000 (     0      0)

