
***** GLOBAL STATISTICS (   512 MPI TASKS) *****

$Id: gptl.c,v 1.157 2011-03-28 20:55:18 rosinski Exp $
'count' is cumulative. All other stats are max/min
name                           processes  threads        count      walltotal   wallmax (proc   thrd  )   wallmin (proc   thrd  )
"Total"                              512      512 5.120000e+02   2.172907e+04    42.447 (   192      0)    42.431 (   355      0)
"prim_init1"                         512      512 5.120000e+02   1.142709e+02     0.250 (     0      0)     0.218 (   331      0)
"PartitioningTime"                   512      512 5.120000e+02   1.377897e+00     0.004 (   388      0)     0.002 (    72      0)
"repro_sum_int"                      512      512 2.304000e+04   2.090410e+01     0.093 (   510      0)     0.015 (   176      0)
"prim_init2"                         512      512 5.120000e+02   4.106087e+01     0.134 (     5      0)     0.058 (   176      0)
"prim_printstate"                    512      512 5.120000e+02   1.202582e+01     0.030 (     0      0)     0.023 (   144      0)
"interp_movie_output"                512      512 1.024000e+03   3.868701e-01     0.002 (   423      0)     0.000 (    17      0)
"prim_main_loop"                     512      512 5.120000e+02   2.136917e+04    41.743 (   256      0)    41.732 (   387      0)
"prim_run"                           512      512 1.638400e+05   2.136789e+04    41.740 (   256      0)    41.729 (   411      0)
"ApplyCAMForcing"                    512      512 1.638400e+05   1.666777e+02     0.356 (    83      0)     0.282 (    88      0)
"prim_step_rX"                       512      512 4.915200e+05   1.926803e+04    37.715 (    88      0)    37.287 (   192      0)
"prim_step_dyn"                      512      512 4.915200e+05   5.508375e+03    13.519 (   494      0)     8.268 (     0      0)
"prim_advance_exp"                   512      512 4.915200e+05   5.503328e+03    13.509 (   494      0)     8.256 (     0      0)
"U3-5stage_timestep"                 512      512 4.915200e+05   3.089613e+03     8.393 (   430      0)     3.883 (   192      0)
"compute_and_apply_rhs"              512      512 2.457600e+06   3.054378e+03     8.328 (   430      0)     3.807 (   192      0)
"caar_bexchV"                        512      512 2.457600e+06   1.978789e+03     6.307 (   430      0)     1.355 (   192      0)
"advance_hypervis_dp"                512      512 4.915200e+05   2.406063e+03     5.861 (   507      0)     4.184 (    87      0)
"biwkdp3d_bexchV"                    512      512 1.474560e+06   6.132576e+02     1.901 (   501      0)     0.727 (    64      0)
"ahdp_bexchV2"                       512      512 1.474560e+06   5.809246e+02     1.640 (   507      0)     0.782 (    64      0)
"prim_step_advec"                    512      512 4.915200e+05   1.372815e+04    29.016 (    91      0)    24.126 (   494      0)
"PAT_remap"                          512      512 4.915200e+05   1.372536e+04    29.011 (    91      0)    24.121 (   494      0)
"prim_advec_tracers_remap_rk2"       512      512 4.915200e+05   1.372108e+04    29.002 (    91      0)    24.112 (   494      0)
"precomput_divdp"                    512      512 4.915200e+05   2.163570e+01     0.047 (   384      0)     0.041 (   432      0)
"euler_step_0"                       512      512 4.915200e+05   3.534958e+03     8.220 (     0      0)     5.282 (   231      0)
"bihmix_qminmax"                     512      512 1.474560e+06   6.155467e+03    14.498 (     0      0)    10.636 (   500      0)
"eus_neighbor_minmax1"               512      512 4.915200e+05   8.000190e+02     2.574 (    19      0)     0.918 (   374      0)
"nmm_bexchV"                         512      512 4.915200e+05   5.836862e+02     2.158 (    19      0)     0.507 (    17      0)
"eus_2d_advec"                       512      512 1.474560e+06   7.351707e+03    17.163 (     2      0)    12.708 (   440      0)
"eus_bexchV"                         512      512 1.474560e+06   2.340761e+03     7.432 (     2      0)     2.614 (   448      0)
"euler_step_1"                       512      512 4.915200e+05   2.653528e+03     6.063 (    17      0)     4.660 (   497      0)
"euler_step_2"                       512      512 4.915200e+05   7.349799e+03    15.608 (   194      0)    13.081 (   430      0)
"nmm_bexchS_start"                   512      512 4.915200e+05   2.811175e+01     0.083 (   192      0)     0.033 (    61      0)
"biwksc_bexchV"                      512      512 4.915200e+05   1.037005e+03     3.310 (    92      0)     1.170 (   502      0)
"nmm_bexchS_fini"                    512      512 4.915200e+05   3.727900e+01     0.087 (    42      0)     0.053 (   174      0)
"qdp_tavg"                           512      512 4.915200e+05   1.459154e+02     0.331 (   503      0)     0.248 (    88      0)
"vertical_remap"                     512      512 1.638400e+05   1.830925e+03     3.917 (   192      0)     3.508 (   182      0)
"vertical_remap1_1"                  512      512 4.915200e+05   7.985695e+01     0.167 (   320      0)     0.149 (   447      0)
"remap_Q_ppm"                        512      512 1.474560e+06   1.802135e+03     3.858 (   192      0)     3.453 (   182      0)
"vertical_remap1_2"                  512      512 4.915200e+05   1.132055e+02     0.238 (   320      0)     0.217 (    87      0)
"vertical_remap1_3"                  512      512 4.915200e+05   1.620271e+03     3.482 (   192      0)     3.102 (   182      0)
"prim_run_subcyle_diags"             512      512 1.638400e+05   7.058133e+01     0.178 (    63      0)     0.109 (    88      0)
"t_prf"                                0        0 0.000000e+00   0.000000e+00     0.000 (     0      0)     0.000 (     0      0)

