
***** GLOBAL STATISTICS (   192 MPI TASKS) *****

$Id: gptl.c,v 1.157 2011-03-28 20:55:18 rosinski Exp $
'count' is cumulative. All other stats are max/min
name                           processes  threads        count      walltotal   wallmax (proc   thrd  )   wallmin (proc   thrd  )
"Total"                              192      192 1.920000e+02   8.259306e+03    43.020 (     0      0)    43.014 (    51      0)
"prim_init1"                         192      192 1.920000e+02   2.248108e+01     0.122 (     0      0)     0.116 (   181      0)
"PartitioningTime"                   192      192 1.920000e+02   2.727647e-01     0.002 (   130      0)     0.001 (    77      0)
"repro_sum_int"                      192      192 8.640000e+03   2.914627e+00     0.027 (    27      0)     0.008 (   151      0)
"prim_init2"                         192      192 1.920000e+02   7.456246e+00     0.051 (    27      0)     0.031 (   151      0)
"prim_printstate"                    192      192 1.920000e+02   2.625576e+00     0.018 (     0      0)     0.013 (    39      0)
"interp_movie_output"                192      192 3.840000e+02   7.034659e-02     0.001 (    57      0)     0.000 (   161      0)
"prim_main_loop"                     192      192 1.920000e+02   8.193095e+03    42.675 (    64      0)    42.669 (    52      0)
"prim_run"                           192      192 9.600000e+04   8.192579e+03    42.672 (    64      0)    42.666 (    51      0)
"ApplyCAMForcing"                    192      192 9.600000e+04   6.614348e+01     0.387 (    24      0)     0.295 (   165      0)
"prim_step_rX"                       192      192 2.880000e+05   7.364434e+03    38.478 (   164      0)    37.959 (    64      0)
"prim_step_dyn"                      192      192 2.880000e+05   2.156268e+03    13.125 (    42      0)     9.002 (     0      0)
"prim_advance_exp"                   192      192 2.880000e+05   2.153898e+03    13.113 (    42      0)     8.988 (     0      0)
"U3-5stage_timestep"                 192      192 2.880000e+05   1.235847e+03     8.325 (   101      0)     4.428 (     0      0)
"compute_and_apply_rhs"              192      192 1.440000e+06   1.219825e+03     8.243 (   101      0)     4.333 (     0      0)
"caar_bexchV"                        192      192 1.440000e+06   7.895934e+02     6.142 (   101      0)     1.711 (     0      0)
"advance_hypervis_dp"                192      192 2.880000e+05   9.141351e+02     5.650 (   144      0)     4.523 (     1      0)
"biwkdp3d_bexchV"                    192      192 8.640000e+05   2.289015e+02     1.786 (   145      0)     0.856 (     0      0)
"ahdp_bexchV2"                       192      192 8.640000e+05   2.176846e+02     1.468 (   132      0)     0.880 (     0      0)
"prim_step_advec"                    192      192 2.880000e+05   5.194765e+03    29.006 (   108      0)    25.219 (    42      0)
"PAT_remap"                          192      192 2.880000e+05   5.193192e+03    28.997 (   108      0)    25.212 (    42      0)
"prim_advec_tracers_remap_rk2"       192      192 2.880000e+05   5.190782e+03    28.986 (   108      0)    25.199 (    42      0)
"precomput_divdp"                    192      192 2.880000e+05   8.675409e+00     0.050 (     0      0)     0.043 (   123      0)
"euler_step_0"                       192      192 2.880000e+05   1.313771e+03     7.991 (   108      0)     5.656 (   163      0)
"bihmix_qminmax"                     192      192 8.640000e+05   2.344196e+03    14.083 (     0      0)    11.065 (    99      0)
"eus_neighbor_minmax1"               192      192 2.880000e+05   2.864752e+02     2.240 (   108      0)     0.997 (     3      0)
"nmm_bexchV"                         192      192 2.880000e+05   2.014610e+02     1.798 (   108      0)     0.565 (    91      0)
"eus_2d_advec"                       192      192 8.640000e+05   2.752636e+03    16.847 (     6      0)    13.074 (   188      0)
"eus_bexchV"                         192      192 8.640000e+05   7.995314e+02     6.721 (     6      0)     2.499 (   128      0)
"euler_step_1"                       192      192 2.880000e+05   1.014902e+03     5.683 (   155      0)     4.966 (    13      0)
"euler_step_2"                       192      192 2.880000e+05   2.785555e+03    15.497 (     6      0)    13.351 (    42      0)
"nmm_bexchS_start"                   192      192 2.880000e+05   1.632657e+01     0.135 (     0      0)     0.054 (   131      0)
"biwksc_bexchV"                      192      192 2.880000e+05   3.717975e+02     3.022 (    63      0)     1.195 (   103      0)
"nmm_bexchS_fini"                    192      192 2.880000e+05   1.147608e+01     0.066 (     0      0)     0.053 (    42      0)
"qdp_tavg"                           192      192 2.880000e+05   5.927349e+01     0.370 (    88      0)     0.265 (    26      0)
"vertical_remap"                     192      192 9.600000e+04   7.202701e+02     4.141 (    64      0)     3.656 (   142      0)
"vertical_remap1_1"                  192      192 1.920000e+05   3.187965e+01     0.176 (    92      0)     0.157 (    56      0)
"remap_Q_ppm"                        192      192 5.760000e+05   7.088575e+02     4.079 (    64      0)     3.602 (   142      0)
"vertical_remap1_2"                  192      192 1.920000e+05   4.437428e+01     0.247 (     0      0)     0.226 (   174      0)
"vertical_remap1_3"                  192      192 1.920000e+05   6.370222e+02     3.694 (    64      0)     3.238 (   142      0)
"prim_run_subcyle_diags"             192      192 9.600000e+04   2.770165e+01     0.190 (    84      0)     0.112 (   111      0)
"t_prf"                                0        0 0.000000e+00   0.000000e+00     0.000 (     0      0)     0.000 (     0      0)

