
***** GLOBAL STATISTICS (    64 MPI TASKS) *****

$Id: gptl.c,v 1.157 2011-03-28 20:55:18 rosinski Exp $
'count' is cumulative. All other stats are max/min
name                           processes  threads        count      walltotal   wallmax (proc   thrd  )   wallmin (proc   thrd  )
"Total"                               64       64 6.400000e+01   2.209959e+03    34.540 (     0      0)    34.528 (    62      0)
"prim_init1"                          64       64 6.400000e+01   2.510848e+01     0.393 (    21      0)     0.392 (    23      0)
"PartitioningTime"                    64       64 6.400000e+01   3.421028e-01     0.005 (    16      0)     0.005 (    23      0)
"repro_sum_int"                       64       64 2.880000e+03   5.888541e-01     0.010 (     4      0)     0.007 (     0      0)
"prim_init2"                          64       64 6.400000e+01   4.076149e+00     0.065 (     0      0)     0.063 (    13      0)
"prim_printstate"                     64       64 6.400000e+01   1.021221e+00     0.021 (     0      0)     0.016 (    46      0)
"interp_movie_output"                 64       64 1.280000e+02   2.731705e-02     0.001 (    43      0)     0.000 (    59      0)
"prim_main_loop"                      64       64 6.400000e+01   2.159984e+03    33.759 (     0      0)    33.747 (    62      0)
"prim_run"                            64       64 2.560000e+03   2.159939e+03    33.758 (     0      0)    33.747 (    62      0)
"ApplyCAMForcing"                     64       64 2.560000e+03   2.505039e+01     0.455 (    24      0)     0.357 (    27      0)
"prim_step_rX"                        64       64 7.680000e+03   1.892642e+03    29.609 (    25      0)    29.395 (     0      0)
"prim_step_dyn"                       64       64 7.680000e+03   3.601362e+02     5.985 (    26      0)     5.220 (     0      0)
"prim_advance_exp"                    64       64 7.680000e+03   3.599991e+02     5.983 (    26      0)     5.219 (     0      0)
"U3-5stage_timestep"                  64       64 7.680000e+03   1.820786e+02     3.214 (    26      0)     2.439 (     0      0)
"compute_and_apply_rhs"               64       64 3.840000e+04   1.793181e+02     3.171 (    26      0)     2.396 (     0      0)
"caar_bexchV"                         64       64 3.840000e+04   4.654958e+01     1.052 (    26      0)     0.221 (     0      0)
"advance_hypervis_dp"                 64       64 7.680000e+03   1.776973e+02     3.056 (    54      0)     2.755 (    15      0)
"biwkdp3d_bexchV"                     64       64 2.304000e+04   1.261813e+01     0.437 (    54      0)     0.121 (     0      0)
"ahdp_bexchV2"                        64       64 2.304000e+04   1.353640e+01     0.233 (    54      0)     0.134 (     0      0)
"prim_step_advec"                     64       64 7.680000e+03   1.528575e+03    24.122 (     0      0)    23.546 (    26      0)
"PAT_remap"                           64       64 7.680000e+03   1.528526e+03    24.121 (     0      0)    23.546 (    26      0)
"prim_advec_tracers_remap_rk2"        64       64 7.680000e+03   1.528449e+03    24.120 (     0      0)    23.544 (    26      0)
"precomput_divdp"                     64       64 7.680000e+03   2.693761e+00     0.044 (     0      0)     0.041 (    15      0)
"euler_step_0"                        64       64 7.680000e+03   3.832612e+02     6.118 (     0      0)     5.813 (    26      0)
"bihmix_qminmax"                      64       64 2.304000e+04   7.204988e+02    11.342 (     7      0)    11.096 (     3      0)
"eus_neighbor_minmax1"                64       64 7.680000e+03   7.755597e+01     1.260 (    45      0)     1.137 (     0      0)
"nmm_bexchV"                          64       64 7.680000e+03   3.624317e+01     0.616 (    45      0)     0.493 (    24      0)
"eus_2d_advec"                        64       64 2.304000e+04   7.779719e+02    12.545 (    25      0)    11.877 (    30      0)
"eus_bexchV"                          64       64 2.304000e+04   1.167397e+02     2.386 (    25      0)     1.285 (     0      0)
"euler_step_1"                        64       64 7.680000e+03   2.908532e+02     4.627 (    26      0)     4.462 (    30      0)
"euler_step_2"                        64       64 7.680000e+03   8.249356e+02    12.995 (     3      0)    12.721 (    26      0)
"nmm_bexchS_start"                    64       64 7.680000e+03   3.476346e-01     0.007 (    42      0)     0.004 (    46      0)
"biwksc_bexchV"                       64       64 7.680000e+03   5.065942e+01     0.879 (    24      0)     0.567 (     0      0)
"nmm_bexchS_fini"                     64       64 7.680000e+03   1.776531e+01     0.333 (    14      0)     0.124 (     0      0)
"qdp_tavg"                            64       64 7.680000e+03   2.639386e+01     0.444 (    56      0)     0.320 (    25      0)
"vertical_remap"                      64       64 2.560000e+03   2.229928e+02     3.783 (     0      0)     3.453 (    52      0)
"vertical_remap1_1"                   64       64 6.144000e+04   9.492930e+00     0.157 (     0      0)     0.145 (    11      0)
"remap_Q_ppm"                         64       64 1.843200e+05   2.197145e+02     3.724 (     0      0)     3.404 (    52      0)
"vertical_remap1_2"                   64       64 6.144000e+04   1.398410e+01     0.232 (     0      0)     0.216 (    27      0)
"vertical_remap1_3"                   64       64 6.144000e+04   1.974710e+02     3.358 (     0      0)     3.059 (    52      0)
"prim_run_subcyle_diags"              64       64 2.560000e+03   1.328705e+01     0.243 (    35      0)     0.131 (    24      0)
"t_prf"                                0        0 0.000000e+00   0.000000e+00     0.000 (     0      0)     0.000 (     0      0)

