
***** GLOBAL STATISTICS (   128 MPI TASKS) *****

$Id: gptl.c,v 1.157 2011-03-28 20:55:18 rosinski Exp $
'count' is cumulative. All other stats are max/min
name                               processes  threads        count      walltotal   wallmax (proc   thrd  )   wallmin (proc   thrd  )
Total                                    128      128 1.280000e+02   3.901796e+03    30.483 (     0      0)    30.483 (    97      0)
prim_init1                               128      128 1.280000e+02   2.047848e+01     0.161 (     2      0)     0.159 (    73      0)
repro_sum_int                            128      128 5.760000e+03   2.178608e+00     0.036 (    20      0)     0.006 (     0      0)
prim_init2                               128      128 1.280000e+02   1.653884e+01     0.144 (    11      0)     0.121 (     0      0)
prim_printstate                          128      128 1.280000e+02   2.443369e+00     0.023 (     0      0)     0.019 (     6      0)
interp_movie_output                      128      128 2.560000e+02   3.891015e-02     0.001 (   108      0)     0.000 (    23      0)
prim_main_loop                           128      128 1.280000e+02   3.847347e+03    30.058 (    52      0)    30.057 (    74      0)
prim_run                                 128      128 4.275200e+04   3.847011e+03    30.056 (    28      0)    30.054 (    71      0)
tl-sc prim_run_subcycle_c                128      128 4.275200e+04   3.845925e+03    30.048 (    17      0)    30.044 (    87      0)
tl-sc dp3d-from-ps                       128      128 4.275200e+04   7.640650e-01     0.007 (     0      0)     0.006 (   103      0)
tl-sc prim_step-loop                     128      128 4.275200e+04   3.413472e+03    26.734 (    76      0)    26.459 (     0      0)
tl-s prim_step                           128      128 1.282560e+05   3.412836e+03    26.729 (    76      0)    26.454 (     0      0)
tl-s deep_copy+derived_dp                128      128 1.282560e+05   5.039644e+00     0.043 (     0      0)     0.038 (    66      0)
tl-s prim_advance_exp-loop               128      128 1.282560e+05   9.877242e+02     8.546 (    87      0)     6.886 (     0      0)
tl-ae prim_advance_exp                   128      128 1.282560e+05   9.868848e+02     8.540 (    87      0)     6.878 (     0      0)
tl-ae U3-5stage_timestep                 128      128 1.282560e+05   5.417639e+02     5.030 (    49      0)     3.362 (    37      0)
caar compute                             128      128 6.412800e+05   1.902666e+02     1.738 (     0      0)     1.416 (   127      0)
caar_bexchV                              128      128 6.412800e+05   3.349884e+02     3.440 (   126      0)     1.617 (     0      0)
tl-ae advance_hypervis_dp                128      128 1.282560e+05   4.435471e+02     3.741 (    33      0)     3.323 (     1      0)
hvf-bhwk                                 128      128 3.847680e+05   2.538343e+02     2.302 (    24      0)     1.877 (     4      0)
hvf-bexch                                128      128 7.695360e+05   2.739504e+02     2.450 (    24      0)     1.803 (     0      0)
tl-s prim_advec_tracers_remap            128      128 1.282560e+05   2.418285e+03    19.720 (    37      0)    18.033 (    87      0)
tl-at prim_advec_tracers_remap_RK2       128      128 1.282560e+05   2.417322e+03    19.713 (    37      0)    18.025 (    87      0)
tl-at precompute_divdp                   128      128 1.282560e+05   5.331271e+00     0.047 (    64      0)     0.038 (    31      0)
tl-at esf-0                              128      128 1.282560e+05   6.582756e+02     5.741 (    37      0)     4.691 (    82      0)
tl-at esf-1                              128      128 1.282560e+05   5.086892e+02     4.334 (   111      0)     3.572 (   126      0)
tl-at esf-2                              128      128 1.282560e+05   1.182824e+03     9.873 (     9      0)     8.878 (    75      0)
tl-at qdp_time_avg                       128      128 1.282560e+05   5.733411e+01     0.491 (    39      0)     0.386 (    76      0)
tl-sc vertical_remap                     128      128 4.275200e+04   3.875321e+02     3.177 (     0      0)     2.962 (    76      0)
Remap Thickness Functor                  128      128 4.275200e+04   2.942577e+00     0.026 (     7      0)     0.021 (   103      0)
Remap Scale States Functor               128      128 4.275200e+04   1.395585e+00     0.012 (     7      0)     0.010 (    76      0)
Remap Compute Grids Functor              128      128 4.275200e+04   1.443616e+01     0.124 (    14      0)     0.105 (   122      0)
Remap Compute Remap Functor              128      128 4.275200e+04   3.642902e+02     2.984 (     0      0)     2.790 (    76      0)
Remap Rescale States Functor             128      128 4.275200e+04   1.759555e+00     0.016 (     0      0)     0.013 (   104      0)
tl-sc Q-from-qdp                         128      128 4.275200e+04   4.323930e+01     0.396 (     0      0)     0.334 (   126      0)
t_prf                                      0        0 0.000000e+00   0.000000e+00     0.000 (     0      0)     0.000 (     0      0)

