
***** GLOBAL STATISTICS (   128 MPI TASKS) *****

$Id: gptl.c,v 1.157 2011-03-28 20:55:18 rosinski Exp $
'count' is cumulative. All other stats are max/min
name                           processes  threads        count      walltotal   wallmax (proc   thrd  )   wallmin (proc   thrd  )
"Total"                              128      128 1.280000e+02   4.924895e+03    38.478 (    64      0)    38.474 (   126      0)
"prim_init1"                         128      128 1.280000e+02   4.183854e+01     0.338 (     0      0)     0.327 (    79      0)
"PartitioningTime"                   128      128 1.280000e+02   4.535904e-01     0.004 (    66      0)     0.003 (    85      0)
"repro_sum_int"                      128      128 5.760000e+03   1.267046e+00     0.015 (    17      0)     0.006 (   101      0)
"prim_init2"                         128      128 1.280000e+02   6.102149e+00     0.053 (    62      0)     0.042 (    65      0)
"prim_printstate"                    128      128 1.280000e+02   1.641608e+00     0.019 (     0      0)     0.012 (    14      0)
"interp_movie_output"                128      128 2.560000e+02   4.775691e-02     0.001 (   103      0)     0.000 (   123      0)
"prim_main_loop"                     128      128 1.280000e+02   4.855338e+03    37.934 (    64      0)    37.931 (   126      0)
"prim_run"                           128      128 4.275200e+04   4.852361e+03    37.911 (    64      0)    37.907 (    25      0)
"ApplyCAMForcing"                    128      128 4.275200e+04   4.590075e+01     0.386 (     0      0)     0.320 (    10      0)
"prim_step_rX"                       128      128 1.282560e+05   4.304710e+03    33.707 (    20      0)    33.350 (     1      0)
"prim_step_dyn"                      128      128 1.282560e+05   1.158408e+03    10.385 (   126      0)     7.885 (    64      0)
"prim_advance_exp"                   128      128 1.282560e+05   1.157256e+03    10.376 (   126      0)     7.876 (    64      0)
"U3-5stage_timestep"                 128      128 1.282560e+05   6.197037e+02     6.231 (   126      0)     3.785 (    64      0)
"compute_and_apply_rhs"              128      128 6.412800e+05   6.107203e+02     6.162 (   126      0)     3.706 (    64      0)
"caar_bexchV"                        128      128 6.412800e+05   3.277090e+02     4.001 (   126      0)     1.132 (    64      0)
"advance_hypervis_dp"                128      128 1.282560e+05   5.356802e+02     4.539 (    33      0)     4.062 (    66      0)
"biwkdp3d_bexchV"                    128      128 3.847680e+05   1.113271e+02     1.158 (    32      0)     0.601 (    64      0)
"ahdp_bexchV2"                       128      128 3.847680e+05   1.072357e+02     1.043 (    33      0)     0.622 (    64      0)
"prim_step_advec"                    128      128 1.282560e+05   3.137845e+03    25.489 (     0      0)    23.246 (   126      0)
"PAT_remap"                          128      128 1.282560e+05   3.137124e+03    25.483 (     0      0)    23.241 (   126      0)
"prim_advec_tracers_remap_rk2"       128      128 1.282560e+05   3.136011e+03    25.474 (     0      0)    23.232 (   126      0)
"precomput_divdp"                    128      128 1.282560e+05   5.661468e+00     0.048 (    64      0)     0.042 (   103      0)
"euler_step_0"                       128      128 1.282560e+05   7.697415e+02     6.610 (     0      0)     5.511 (   127      0)
"bihmix_qminmax"                     128      128 3.847680e+05   1.423375e+03    11.917 (    72      0)    10.665 (    21      0)
"eus_neighbor_minmax1"               128      128 1.282560e+05   1.426109e+02     1.435 (    72      0)     0.914 (   118      0)
"nmm_bexchV"                         128      128 1.282560e+05   8.337301e+01     0.987 (    72      0)     0.469 (    81      0)
"eus_2d_advec"                       128      128 3.847680e+05   1.654942e+03    13.944 (    66      0)    11.972 (   126      0)
"eus_bexchV"                         128      128 3.847680e+05   3.339962e+02     3.783 (     9      0)     1.702 (   126      0)
"euler_step_1"                       128      128 1.282560e+05   6.164361e+02     5.114 (    66      0)     4.465 (   127      0)
"euler_step_2"                       128      128 1.282560e+05   1.700193e+03    13.820 (     9      0)    12.674 (   126      0)
"nmm_bexchS_start"                   128      128 1.282560e+05   6.634793e+00     0.086 (   101      0)     0.035 (    61      0)
"biwksc_bexchV"                      128      128 1.282560e+05   1.536725e+02     1.753 (    71      0)     0.809 (     1      0)
"nmm_bexchS_fini"                    128      128 1.282560e+05   9.826326e+00     0.093 (    69      0)     0.055 (    49      0)
"qdp_tavg"                           128      128 1.282560e+05   4.002791e+01     0.359 (    61      0)     0.273 (    66      0)
"vertical_remap"                     128      128 4.275200e+04   4.735441e+02     3.992 (     1      0)     3.638 (    54      0)
"vertical_remap1_1"                  128      128 1.282560e+05   2.078257e+01     0.174 (    80      0)     0.155 (    54      0)
"remap_Q_ppm"                        128      128 3.847680e+05   4.661439e+02     3.931 (     1      0)     3.584 (    54      0)
"vertical_remap1_2"                  128      128 1.282560e+05   2.951299e+01     0.244 (     1      0)     0.226 (    54      0)
"vertical_remap1_3"                  128      128 1.282560e+05   4.187119e+02     3.538 (     1      0)     3.224 (    54      0)
"prim_run_subcyle_diags"             128      128 4.275200e+04   1.967396e+01     0.202 (    60      0)     0.115 (   126      0)
"t_prf"                                0        0 0.000000e+00   0.000000e+00     0.000 (     0      0)     0.000 (     0      0)

