
***** GLOBAL STATISTICS (   128 MPI TASKS) *****

$Id: gptl.c,v 1.157 2011-03-28 20:55:18 rosinski Exp $
'count' is cumulative. All other stats are max/min
name                           processes  threads        count      walltotal   wallmax (proc   thrd  )   wallmin (proc   thrd  )
"Total"                              128      128 1.280000e+02   4.401199e+03    34.390 (    64      0)    34.378 (    49      0)
"prim_init1"                         128      128 1.280000e+02   4.256582e+01     0.333 (   104      0)     0.332 (    28      0)
"PartitioningTime"                   128      128 1.280000e+02   7.696590e-01     0.006 (    73      0)     0.005 (    60      0)
"repro_sum_int"                      128      128 5.760000e+03   2.836347e+00     0.041 (    72      0)     0.012 (    21      0)
"prim_init2"                         128      128 1.280000e+02   6.956613e+00     0.075 (    72      0)     0.044 (    21      0)
"prim_printstate"                    128      128 1.280000e+02   1.935506e+00     0.021 (     0      0)     0.015 (   111      0)
"interp_movie_output"                128      128 2.560000e+02   4.872155e-02     0.001 (    32      0)     0.000 (    71      0)
"prim_main_loop"                     128      128 1.280000e+02   4.308809e+03    33.668 (    64      0)    33.656 (    49      0)
"prim_run"                           128      128 1.024000e+04   4.308693e+03    33.668 (    64      0)    33.655 (    49      0)
"ApplyCAMForcing"                    128      128 1.024000e+04   4.793889e+01     0.410 (   125      0)     0.340 (    63      0)
"prim_step_rX"                       128      128 3.072000e+04   3.776325e+03    29.573 (    63      0)    29.286 (     0      0)
"prim_step_dyn"                      128      128 3.072000e+04   8.640994e+02     7.873 (    49      0)     5.868 (    64      0)
"prim_advance_exp"                   128      128 3.072000e+04   8.636614e+02     7.869 (    49      0)     5.865 (    64      0)
"U3-5stage_timestep"                 128      128 3.072000e+04   4.564811e+02     4.726 (    49      0)     2.775 (    64      0)
"compute_and_apply_rhs"              128      128 1.536000e+05   4.504873e+02     4.681 (    49      0)     2.726 (    64      0)
"caar_bexchV"                        128      128 1.536000e+05   1.883920e+02     2.692 (    49      0)     0.417 (    64      0)
"advance_hypervis_dp"                128      128 3.072000e+04   4.065328e+02     3.595 (    30      0)     3.071 (   114      0)
"biwkdp3d_bexchV"                    128      128 9.216000e+04   5.660589e+01     0.787 (    24      0)     0.222 (    64      0)
"ahdp_bexchV2"                       128      128 9.216000e+04   5.310555e+01     0.655 (    33      0)     0.238 (    64      0)
"prim_step_advec"                    128      128 3.072000e+04   2.904742e+03    23.366 (    64      0)    21.614 (    49      0)
"PAT_remap"                          128      128 3.072000e+04   2.904558e+03    23.365 (    64      0)    21.612 (    49      0)
"prim_advec_tracers_remap_rk2"       128      128 3.072000e+04   2.904268e+03    23.363 (    64      0)    21.610 (    49      0)
"precomput_divdp"                    128      128 3.072000e+04   5.252035e+00     0.045 (     0      0)     0.040 (    31      0)
"euler_step_0"                       128      128 3.072000e+04   7.139761e+02     5.823 (    93      0)     5.347 (    61      0)
"bihmix_qminmax"                     128      128 9.216000e+04   1.339256e+03    10.836 (    70      0)    10.091 (    21      0)
"eus_neighbor_minmax1"               128      128 3.072000e+04   1.314211e+02     1.151 (    93      0)     0.872 (    64      0)
"nmm_bexchV"                         128      128 3.072000e+04   6.000378e+01     0.589 (    97      0)     0.354 (    64      0)
"eus_2d_advec"                       128      128 9.216000e+04   1.512249e+03    12.499 (    66      0)    11.069 (    49      0)
"eus_bexchV"                         128      128 9.216000e+04   2.221182e+02     2.582 (    59      0)     1.126 (    64      0)
"euler_step_1"                       128      128 3.072000e+04   5.660419e+02     4.624 (   121      0)     4.155 (    52      0)
"euler_step_2"                       128      128 3.072000e+04   1.573608e+03    12.621 (    68      0)    11.563 (    49      0)
"nmm_bexchS_start"                   128      128 3.072000e+04   1.648383e+00     0.023 (   101      0)     0.008 (    61      0)
"biwksc_bexchV"                      128      128 3.072000e+04   9.789263e+01     1.198 (    58      0)     0.482 (    64      0)
"nmm_bexchS_fini"                    128      128 3.072000e+04   1.459611e+01     0.152 (   104      0)     0.092 (     1      0)
"qdp_tavg"                           128      128 3.072000e+04   4.425516e+01     0.407 (    87      0)     0.271 (    63      0)
"vertical_remap"                     128      128 1.024000e+04   4.540172e+02     3.821 (     0      0)     3.509 (    37      0)
"vertical_remap1_1"                  128      128 1.228800e+05   1.930131e+01     0.160 (     0      0)     0.145 (    54      0)
"remap_Q_ppm"                        128      128 3.686400e+05   4.472373e+02     3.763 (     0      0)     3.457 (    37      0)
"vertical_remap1_2"                  128      128 1.228800e+05   2.815683e+01     0.233 (     0      0)     0.217 (     4      0)
"vertical_remap1_3"                  128      128 1.228800e+05   4.023878e+02     3.393 (     0      0)     3.113 (    37      0)
"prim_run_subcyle_diags"             128      128 1.024000e+04   2.257124e+01     0.233 (   115      0)     0.120 (    40      0)
"t_prf"                                0        0 0.000000e+00   0.000000e+00     0.000 (     0      0)     0.000 (     0      0)

