
***** GLOBAL STATISTICS (   384 MPI TASKS) *****

$Id: gptl.c,v 1.157 2011-03-28 20:55:18 rosinski Exp $
'count' is cumulative. All other stats are max/min
name                               processes  threads        count      walltotal   wallmax (proc   thrd  )   wallmin (proc   thrd  )
Total                                    384      384 3.840000e+02   1.164401e+04    30.325 (   125      0)    30.321 (   274      0)
prim_init1                               384      384 3.840000e+02   7.218263e+01     0.189 (   217      0)     0.185 (   270      0)
repro_sum_int                            384      384 1.728000e+04   1.173892e+01     0.101 (    31      0)     0.014 (   279      0)
prim_init2                               384      384 3.840000e+02   6.170104e+01     0.233 (    44      0)     0.145 (   296      0)
prim_printstate                          384      384 3.840000e+02   1.357544e+01     0.040 (     0      0)     0.033 (    74      0)
interp_movie_output                      384      384 7.680000e+02   1.411672e-01     0.001 (   171      0)     0.000 (    94      0)
prim_main_loop                           384      384 3.840000e+02   1.137625e+04    29.627 (   125      0)    29.624 (   209      0)
prim_run                                 384      384 9.216000e+04   1.137549e+04    29.625 (    93      0)    29.623 (   193      0)
tl-sc prim_run_subcycle_c                384      384 9.216000e+04   1.137147e+04    29.617 (   256      0)    29.610 (   237      0)
tl-sc dp3d-from-ps                       384      384 9.216000e+04   2.128175e+00     0.007 (   256      0)     0.005 (    66      0)
tl-sc prim_step-loop                     384      384 9.216000e+04   1.013715e+04    26.449 (   108      0)    26.174 (   256      0)
tl-s prim_step                           384      384 2.764800e+05   1.013575e+04    26.445 (   108      0)    26.170 (   256      0)
tl-s deep_copy+derived_dp                384      384 2.764800e+05   1.353832e+01     0.039 (   192      0)     0.033 (    52      0)
tl-s prim_advance_exp-loop               384      384 2.764800e+05   2.983288e+03     9.217 (    29      0)     6.190 (   128      0)
tl-ae prim_advance_exp                   384      384 2.764800e+05   2.981390e+03     9.213 (    29      0)     6.184 (   128      0)
tl-ae U3-5stage_timestep                 384      384 2.764800e+05   1.671746e+03     5.891 (    28      0)     3.099 (   128      0)
caar compute                             384      384 1.382400e+06   5.308057e+02     1.614 (    64      0)     1.307 (    28      0)
caar_bexchV                              384      384 1.382400e+06   1.099405e+03     4.484 (    28      0)     1.376 (    64      0)
tl-ae advance_hypervis_dp                384      384 2.764800e+05   1.306018e+03     4.581 (   234      0)     3.012 (   330      0)
hvf-bhwk                                 384      384 8.294400e+05   7.507700e+02     2.751 (    21      0)     1.705 (   373      0)
hvf-bexch                                384      384 1.658880e+06   8.338694e+02     3.350 (   234      0)     1.630 (   128      0)
tl-s prim_advec_tracers_remap            384      384 2.764800e+05   7.134903e+03    19.942 (   128      0)    17.138 (    29      0)
tl-at prim_advec_tracers_remap_RK2       384      384 2.764800e+05   7.132821e+03    19.935 (   128      0)    17.133 (    29      0)
tl-at precompute_divdp                   384      384 2.764800e+05   1.396342e+01     0.042 (   192      0)     0.033 (   274      0)
tl-at esf-0                              384      384 2.764800e+05   1.993944e+03     6.453 (   127      0)     4.268 (   328      0)
tl-at esf-1                              384      384 2.764800e+05   1.465000e+03     4.560 (   289      0)     3.247 (    96      0)
tl-at esf-2                              384      384 2.764800e+05   3.490964e+03    10.277 (   330      0)     8.404 (    26      0)
tl-at qdp_time_avg                       384      384 2.764800e+05   1.582523e+02     0.448 (   224      0)     0.358 (   341      0)
tl-sc vertical_remap                     384      384 9.216000e+04   1.106138e+03     3.069 (   256      0)     2.832 (   108      0)
Remap Thickness Functor                  384      384 9.216000e+04   7.838931e+00     0.023 (     1      0)     0.019 (    63      0)
Remap Scale States Functor               384      384 9.216000e+04   3.589876e+00     0.010 (   201      0)     0.008 (    50      0)
Remap Compute Grids Functor              384      384 9.216000e+04   3.991070e+01     0.114 (     1      0)     0.100 (    63      0)
Remap Compute Remap Functor              384      384 9.216000e+04   1.043802e+03     2.897 (   256      0)     2.671 (   108      0)
Remap Rescale States Functor             384      384 9.216000e+04   4.616219e+00     0.014 (   192      0)     0.011 (   375      0)
tl-sc Q-from-qdp                         384      384 9.216000e+04   1.240792e+02     0.362 (   320      0)     0.320 (    99      0)
t_prf                                      0        0 0.000000e+00   0.000000e+00     0.000 (     0      0)     0.000 (     0      0)

