
***** GLOBAL STATISTICS (   192 MPI TASKS) *****

$Id: gptl.c,v 1.157 2011-03-28 20:55:18 rosinski Exp $
'count' is cumulative. All other stats are max/min
name                           processes  threads        count      walltotal   wallmax (proc   thrd  )   wallmin (proc   thrd  )
"Total"                              192      192 1.920000e+02   6.918316e+03    36.039 (    64      0)    36.028 (   138      0)
"prim_init1"                         192      192 1.920000e+02   3.750793e+01     0.197 (    50      0)     0.194 (   136      0)
"PartitioningTime"                   192      192 1.920000e+02   4.949293e-01     0.003 (    64      0)     0.002 (    40      0)
"repro_sum_int"                      192      192 8.640000e+03   4.660965e+00     0.045 (   191      0)     0.013 (    65      0)
"prim_init2"                         192      192 1.920000e+02   1.118490e+01     0.079 (   158      0)     0.048 (   183      0)
"prim_printstate"                    192      192 1.920000e+02   4.134941e+00     0.028 (     0      0)     0.021 (    90      0)
"interp_movie_output"                192      192 3.840000e+02   1.311066e-01     0.001 (   174      0)     0.000 (     2      0)
"prim_main_loop"                     192      192 1.920000e+02   6.802095e+03    35.434 (    64      0)    35.423 (   138      0)
"prim_run"                           192      192 2.304000e+04   6.801853e+03    35.433 (    64      0)    35.422 (   138      0)
"ApplyCAMForcing"                    192      192 2.304000e+04   6.727193e+01     0.372 (   130      0)     0.314 (   165      0)
"prim_step_rX"                       192      192 6.912000e+04   6.007933e+03    31.355 (   140      0)    31.040 (    64      0)
"prim_step_dyn"                      192      192 6.912000e+04   1.527493e+03     8.859 (    22      0)     6.906 (    64      0)
"prim_advance_exp"                   192      192 6.912000e+04   1.526527e+03     8.853 (    22      0)     6.901 (    64      0)
"U3-5stage_timestep"                 192      192 6.912000e+04   8.188777e+02     5.209 (   164      0)     3.269 (    64      0)
"compute_and_apply_rhs"              192      192 3.456000e+05   8.088507e+02     5.161 (   164      0)     3.212 (    64      0)
"caar_bexchV"                        192      192 3.456000e+05   4.107274e+02     3.151 (   164      0)     0.834 (    64      0)
"advance_hypervis_dp"                192      192 6.912000e+04   7.063013e+02     3.930 (   148      0)     3.582 (   115      0)
"biwkdp3d_bexchV"                    192      192 2.073600e+05   1.302363e+02     0.872 (    42      0)     0.470 (    64      0)
"ahdp_bexchV2"                       192      192 2.073600e+05   1.261541e+02     0.797 (   144      0)     0.466 (    64      0)
"prim_step_advec"                    192      192 6.912000e+04   4.469537e+03    24.104 (   171      0)    22.413 (    22      0)
"PAT_remap"                          192      192 6.912000e+04   4.469143e+03    24.102 (   171      0)    22.411 (    22      0)
"prim_advec_tracers_remap_rk2"       192      192 6.912000e+04   4.468521e+03    24.098 (   171      0)    22.408 (    22      0)
"precomput_divdp"                    192      192 6.912000e+04   7.869402e+00     0.047 (    64      0)     0.039 (    15      0)
"euler_step_0"                       192      192 6.912000e+04   1.102744e+03     6.303 (    30      0)     5.099 (    40      0)
"bihmix_qminmax"                     192      192 2.073600e+05   2.034470e+03    11.503 (     2      0)    10.027 (    35      0)
"eus_neighbor_minmax1"               192      192 6.912000e+04   2.067062e+02     1.487 (    30      0)     0.739 (    57      0)
"nmm_bexchV"                         192      192 6.912000e+04   1.186687e+02     1.011 (    30      0)     0.340 (    57      0)
"eus_2d_advec"                       192      192 2.073600e+05   2.359066e+03    13.448 (    70      0)    11.591 (    12      0)
"eus_bexchV"                         192      192 2.073600e+05   4.634827e+02     3.688 (    70      0)     1.501 (   128      0)
"euler_step_1"                       192      192 6.912000e+04   8.773594e+02     4.848 (   101      0)     4.307 (    10      0)
"euler_step_2"                       192      192 6.912000e+04   2.418091e+03    13.084 (    70      0)    12.054 (    18      0)
"nmm_bexchS_start"                   192      192 6.912000e+04   3.890666e+00     0.031 (    64      0)     0.012 (   131      0)
"biwksc_bexchV"                      192      192 6.912000e+04   2.006210e+02     1.536 (    61      0)     0.703 (   153      0)
"nmm_bexchS_fini"                    192      192 6.912000e+04   1.793360e+01     0.112 (   171      0)     0.083 (   115      0)
"qdp_tavg"                           192      192 6.912000e+04   6.009811e+01     0.357 (   131      0)     0.260 (    61      0)
"vertical_remap"                     192      192 2.304000e+04   6.849070e+02     3.842 (    64      0)     3.526 (   157      0)
"vertical_remap1_1"                  192      192 1.843200e+05   2.900869e+01     0.162 (    64      0)     0.145 (    48      0)
"remap_Q_ppm"                        192      192 5.529600e+05   6.745664e+02     3.782 (    64      0)     3.474 (   157      0)
"vertical_remap1_2"                  192      192 1.843200e+05   4.218362e+01     0.236 (    64      0)     0.216 (    48      0)
"vertical_remap1_3"                  192      192 1.843200e+05   6.073690e+02     3.408 (    64      0)     3.126 (   157      0)
"prim_run_subcyle_diags"             192      192 2.304000e+04   3.092571e+01     0.197 (    78      0)     0.118 (   164      0)
"t_prf"                                0        0 0.000000e+00   0.000000e+00     0.000 (     0      0)     0.000 (     0      0)

