
***** GLOBAL STATISTICS (   768 MPI TASKS) *****

$Id: gptl.c,v 1.157 2011-03-28 20:55:18 rosinski Exp $
'count' is cumulative. All other stats are max/min
name                               processes  threads        count      walltotal   wallmax (proc   thrd  )   wallmin (proc   thrd  )
Total                                    768      768 7.680000e+02   2.797020e+04    36.422 (     0      0)    36.417 (   626      0)
prim_init1                               768      768 7.680000e+02   1.260800e+02     0.166 (   107      0)     0.161 (   579      0)
repro_sum_int                            768      768 3.456000e+04   5.148072e+01     0.199 (    26      0)     0.014 (   694      0)
prim_init2                               768      768 7.680000e+02   1.311889e+02     0.298 (   403      0)     0.121 (   678      0)
prim_printstate                          768      768 7.680000e+02   2.370774e+01     0.034 (     0      0)     0.030 (   764      0)
interp_movie_output                      768      768 1.536000e+03   3.011222e-01     0.001 (   715      0)     0.000 (   610      0)
prim_main_loop                           768      768 7.680000e+02   2.737423e+04    35.646 (   320      0)    35.642 (   131      0)
prim_run                                 768      768 3.686400e+05   2.737164e+04    35.643 (   264      0)    35.638 (   150      0)
tl-sc prim_run_subcycle_c                768      768 3.686400e+05   2.736510e+04    35.635 (   328      0)    35.629 (   174      0)
tl-sc dp3d-from-ps                       768      768 3.686400e+05   5.021307e+00     0.008 (     0      0)     0.006 (   753      0)
tl-sc prim_step-loop                     768      768 3.686400e+05   2.486553e+04    32.434 (   164      0)    32.100 (   320      0)
tl-s prim_step                           768      768 1.105920e+06   2.486002e+04    32.428 (   164      0)    32.092 (   320      0)
tl-s deep_copy+derived_dp                768      768 1.105920e+06   3.150101e+01     0.046 (    64      0)     0.040 (     7      0)
tl-s prim_advance_exp-loop               768      768 1.105920e+06   8.350955e+03    13.028 (   164      0)     8.907 (   384      0)
tl-ae prim_advance_exp                   768      768 1.105920e+06   8.343819e+03    13.019 (   164      0)     8.896 (   384      0)
tl-ae U3-5stage_timestep                 768      768 1.105920e+06   4.573575e+03     7.583 (    59      0)     4.181 (   320      0)
caar compute                             768      768 5.529600e+06   1.128393e+03     1.704 (   320      0)     1.375 (   484      0)
caar_bexchV                              768      768 5.529600e+06   3.333454e+03     6.047 (    59      0)     2.302 (   320      0)
tl-ae advance_hypervis_dp                768      768 1.105920e+06   3.757343e+03     6.021 (    88      0)     4.186 (   356      0)
hvf-bhwk                                 768      768 3.317760e+06   2.061746e+03     3.309 (    87      0)     2.274 (   413      0)
hvf-bexch                                768      768 6.635520e+06   2.730650e+03     4.718 (    88      0)     2.793 (   414      0)
tl-s prim_advec_tracers_remap            768      768 1.105920e+06   1.646274e+04    23.365 (   382      0)    19.340 (   164      0)
tl-at prim_advec_tracers_remap_RK2       768      768 1.105920e+06   1.645458e+04    23.354 (   382      0)    19.329 (   164      0)
tl-at precompute_divdp                   768      768 1.105920e+06   3.499685e+01     0.054 (   384      0)     0.041 (   186      0)
tl-at esf-0                              768      768 1.105920e+06   4.608669e+03     7.564 (   329      0)     4.752 (   357      0)
tl-at esf-1                              768      768 1.105920e+06   3.349766e+03     5.070 (   400      0)     3.821 (    91      0)
tl-at esf-2                              768      768 1.105920e+06   8.110286e+03    11.685 (   324      0)     9.529 (   169      0)
tl-at qdp_time_avg                       768      768 1.105920e+06   3.104705e+02     0.441 (   350      0)     0.360 (   312      0)
tl-sc vertical_remap                     768      768 3.686400e+05   2.237529e+03     3.147 (   320      0)     2.856 (   164      0)
Remap Thickness Functor                  768      768 3.686400e+05   1.820345e+01     0.026 (   704      0)     0.022 (   175      0)
Remap Scale States Functor               768      768 3.686400e+05   8.747658e+00     0.012 (    13      0)     0.010 (   255      0)
Remap Compute Grids Functor              768      768 3.686400e+05   8.190848e+01     0.119 (   704      0)     0.102 (   255      0)
Remap Compute Remap Functor              768      768 3.686400e+05   2.098900e+03     2.963 (   320      0)     2.680 (   164      0)
Remap Rescale States Functor             768      768 3.686400e+05   1.109335e+01     0.017 (   393      0)     0.013 (   753      0)
tl-sc Q-from-qdp                         768      768 3.686400e+05   2.492657e+02     0.373 (   128      0)     0.321 (   357      0)
t_prf                                      0        0 0.000000e+00   0.000000e+00     0.000 (     0      0)     0.000 (     0      0)

