
***** GLOBAL STATISTICS (   192 MPI TASKS) *****

$Id: gptl.c,v 1.157 2011-03-28 20:55:18 rosinski Exp $
'count' is cumulative. All other stats are max/min
name                               processes  threads        count      walltotal   wallmax (proc   thrd  )   wallmin (proc   thrd  )
Total                                    192      192 1.920000e+02   5.161258e+03    26.886 (    64      0)    26.880 (   143      0)
prim_init1                               192      192 1.920000e+02   3.923872e+01     0.206 (   126      0)     0.202 (   181      0)
repro_sum_int                            192      192 8.640000e+03   5.590065e+00     0.064 (    40      0)     0.011 (   173      0)
prim_init2                               192      192 1.920000e+02   4.312532e+01     0.259 (    59      0)     0.209 (   173      0)
prim_printstate                          192      192 1.920000e+02   7.193845e+00     0.042 (     0      0)     0.037 (   131      0)
interp_movie_output                      192      192 3.840000e+02   7.640672e-02     0.001 (    47      0)     0.000 (   180      0)
prim_main_loop                           192      192 1.920000e+02   5.015783e+03    26.127 (     1      0)    26.123 (   143      0)
prim_run                                 192      192 2.304000e+04   5.015459e+03    26.126 (     1      0)    26.121 (   186      0)
tl-sc prim_run_subcycle_c                192      192 2.304000e+04   5.013976e+03    26.118 (    64      0)    26.111 (   139      0)
tl-sc dp3d-from-ps                       192      192 2.304000e+04   8.523455e-01     0.005 (   128      0)     0.004 (    18      0)
tl-sc prim_step-loop                     192      192 2.304000e+04   4.401441e+03    22.971 (   114      0)    22.736 (   128      0)
tl-s prim_step                           192      192 6.912000e+04   4.401093e+03    22.969 (   114      0)    22.734 (   128      0)
tl-s deep_copy+derived_dp                192      192 6.912000e+04   6.401574e+00     0.036 (   128      0)     0.031 (    56      0)
tl-s prim_advance_exp-loop               192      192 6.912000e+04   1.178452e+03     6.900 (    42      0)     5.239 (     1      0)
tl-ae prim_advance_exp                   192      192 6.912000e+04   1.177892e+03     6.896 (    42      0)     5.236 (     1      0)
tl-ae U3-5stage_timestep                 192      192 6.912000e+04   6.451070e+02     4.139 (   139      0)     2.581 (     1      0)
caar compute                             192      192 3.456000e+05   2.548009e+02     1.531 (   128      0)     1.278 (     4      0)
caar_bexchV                              192      192 3.456000e+05   3.744992e+02     2.712 (   139      0)     1.052 (     1      0)
tl-ae advance_hypervis_dp                192      192 6.912000e+04   5.316696e+02     3.034 (   152      0)     2.600 (   138      0)
hvf-bhwk                                 192      192 2.073600e+05   3.116787e+02     1.869 (   152      0)     1.520 (   113      0)
hvf-bexch                                192      192 4.147200e+05   2.981156e+02     1.817 (   153      0)     1.290 (     0      0)
tl-s prim_advec_tracers_remap            192      192 6.912000e+04   3.215024e+03    17.577 (   109      0)    16.009 (    42      0)
tl-at prim_advec_tracers_remap_RK2       192      192 6.912000e+04   3.214488e+03    17.574 (   109      0)    16.006 (    42      0)
tl-at precompute_divdp                   192      192 6.912000e+04   6.007590e+00     0.037 (    64      0)     0.028 (    14      0)
tl-at esf-0                              192      192 6.912000e+04   8.916114e+02     5.299 (   107      0)     4.124 (    87      0)
tl-at esf-1                              192      192 6.912000e+04   6.766164e+02     3.902 (    26      0)     3.249 (    22      0)
tl-at esf-2                              192      192 6.912000e+04   1.553644e+03     8.870 (   115      0)     7.720 (    51      0)
tl-at qdp_time_avg                       192      192 6.912000e+04   8.376378e+01     0.461 (   162      0)     0.386 (   168      0)
tl-sc vertical_remap                     192      192 2.304000e+04   5.488689e+02     3.006 (   128      0)     2.813 (   114      0)
Remap Thickness Functor                  192      192 2.304000e+04   3.623694e+00     0.020 (   128      0)     0.018 (    63      0)
Remap Scale States Functor               192      192 2.304000e+04   1.714791e+00     0.010 (   117      0)     0.008 (   180      0)
Remap Compute Grids Functor              192      192 2.304000e+04   1.944575e+01     0.108 (    64      0)     0.098 (    56      0)
Remap Compute Remap Functor              192      192 2.304000e+04   5.197963e+02     2.848 (   128      0)     2.665 (   114      0)
Remap Rescale States Functor             192      192 2.304000e+04   2.083968e+00     0.012 (    64      0)     0.010 (   146      0)
tl-sc Q-from-qdp                         192      192 2.304000e+04   6.231664e+01     0.367 (    64      0)     0.321 (   140      0)
t_prf                                      0        0 0.000000e+00   0.000000e+00     0.000 (     0      0)     0.000 (     0      0)

