
***** GLOBAL STATISTICS (    64 MPI TASKS) *****

$Id: gptl.c,v 1.157 2011-03-28 20:55:18 rosinski Exp $
'count' is cumulative. All other stats are max/min
name                           processes  threads        count      walltotal   wallmax (proc   thrd  )   wallmin (proc   thrd  )
"Total"                               64       64 6.400000e+01   2.239183e+03    34.991 (     0      0)    34.986 (    54      0)
"prim_init1"                          64       64 6.400000e+01   2.188368e+01     0.353 (     0      0)     0.342 (    42      0)
"PartitioningTime"                    64       64 6.400000e+01   2.256067e-01     0.004 (    39      0)     0.003 (     6      0)
"repro_sum_int"                       64       64 2.880000e+03   6.950080e-01     0.019 (     5      0)     0.003 (     0      0)
"prim_init2"                          64       64 6.400000e+01   3.700600e+00     0.068 (    15      0)     0.050 (    30      0)
"prim_printstate"                     64       64 6.400000e+01   6.617196e-01     0.014 (     0      0)     0.010 (    19      0)
"interp_movie_output"                 64       64 1.280000e+02   2.614903e-02     0.001 (    48      0)     0.000 (    12      0)
"prim_main_loop"                      64       64 6.400000e+01   2.203426e+03    34.432 (     0      0)    34.427 (    54      0)
"prim_run"                            64       64 1.068800e+04   2.202008e+03    34.410 (     0      0)    34.405 (    54      0)
"ApplyCAMForcing"                     64       64 1.068800e+04   2.573212e+01     0.438 (    63      0)     0.353 (     0      0)
"prim_step_rX"                        64       64 3.206400e+04   1.923086e+03    30.108 (    27      0)    29.843 (     0      0)
"prim_step_dyn"                       64       64 3.206400e+04   4.207364e+02     6.980 (    39      0)     5.917 (     0      0)
"prim_advance_exp"                    64       64 3.206400e+04   4.203621e+02     6.974 (    39      0)     5.912 (     0      0)
"U3-5stage_timestep"                  64       64 3.206400e+04   2.185718e+02     3.838 (    39      0)     2.790 (     0      0)
"compute_and_apply_rhs"               64       64 1.603200e+05   2.146950e+02     3.779 (    39      0)     2.729 (     0      0)
"caar_bexchV"                         64       64 1.603200e+05   7.733331e+01     1.620 (    39      0)     0.483 (     0      0)
"advance_hypervis_dp"                 64       64 3.206400e+04   2.011567e+02     3.540 (    54      0)     3.106 (     8      0)
"biwkdp3d_bexchV"                     64       64 9.619200e+04   2.178644e+01     0.643 (    54      0)     0.254 (     0      0)
"ahdp_bexchV2"                        64       64 9.619200e+04   2.192588e+01     0.388 (    55      0)     0.270 (     0      0)
"prim_step_advec"                     64       64 3.206400e+04   1.498254e+03    23.867 (     0      0)    23.052 (    39      0)
"PAT_remap"                           64       64 3.206400e+04   1.498063e+03    23.864 (     0      0)    23.049 (    39      0)
"prim_advec_tracers_remap_rk2"        64       64 3.206400e+04   1.497778e+03    23.859 (     0      0)    23.044 (    39      0)
"precomput_divdp"                     64       64 3.206400e+04   2.736392e+00     0.044 (     0      0)     0.042 (    27      0)
"euler_step_0"                        64       64 3.206400e+04   3.688990e+02     5.952 (    25      0)     5.642 (     3      0)
"bihmix_qminmax"                      64       64 9.619200e+04   6.983077e+02    11.076 (     0      0)    10.825 (    39      0)
"eus_neighbor_minmax1"                64       64 3.206400e+04   7.014326e+01     1.131 (    45      0)     1.053 (     1      0)
"nmm_bexchV"                          64       64 3.206400e+04   3.201052e+01     0.534 (    21      0)     0.461 (     1      0)
"eus_2d_advec"                        64       64 9.619200e+04   7.697021e+02    12.572 (    25      0)    11.767 (    40      0)
"eus_bexchV"                          64       64 9.619200e+04   1.127907e+02     2.445 (    25      0)     1.365 (     0      0)
"euler_step_1"                        64       64 3.206400e+04   2.902442e+02     4.670 (    28      0)     4.435 (     3      0)
"euler_step_2"                        64       64 3.206400e+04   8.109317e+02    12.875 (     2      0)    12.494 (    39      0)
"nmm_bexchS_start"                    64       64 3.206400e+04   1.348252e+00     0.027 (    42      0)     0.015 (    49      0)
"biwksc_bexchV"                       64       64 3.206400e+04   4.967299e+01     0.897 (     2      0)     0.567 (     0      0)
"nmm_bexchS_fini"                     64       64 3.206400e+04   7.844168e+00     0.155 (    44      0)     0.075 (     0      0)
"qdp_tavg"                            64       64 3.206400e+04   2.392330e+01     0.411 (    13      0)     0.281 (    25      0)
"vertical_remap"                      64       64 1.068800e+04   2.351182e+02     3.992 (     0      0)     3.639 (     5      0)
"vertical_remap1_1"                   64       64 6.412800e+04   1.019222e+01     0.166 (     0      0)     0.154 (    57      0)
"remap_Q_ppm"                         64       64 1.923840e+05   2.315497e+02     3.933 (     0      0)     3.587 (    32      0)
"vertical_remap1_2"                   64       64 6.412800e+04   1.455213e+01     0.240 (     0      0)     0.224 (    57      0)
"vertical_remap1_3"                   64       64 6.412800e+04   2.081669e+02     3.551 (     0      0)     3.224 (    32      0)
"prim_run_subcyle_diags"              64       64 1.068800e+04   1.277390e+01     0.241 (    48      0)     0.129 (    39      0)
"t_prf"                                0        0 0.000000e+00   0.000000e+00     0.000 (     0      0)     0.000 (     0      0)

