
***** GLOBAL STATISTICS (   384 MPI TASKS) *****

$Id: gptl.c,v 1.157 2011-03-28 20:55:18 rosinski Exp $
'count' is cumulative. All other stats are max/min
name                           processes  threads        count      walltotal   wallmax (proc   thrd  )   wallmin (proc   thrd  )
"Total"                              384      384 3.840000e+02   1.499168e+04    39.047 (   320      0)    39.034 (   234      0)
"prim_init1"                         384      384 3.840000e+02   6.953531e+01     0.182 (    66      0)     0.178 (   194      0)
"PartitioningTime"                   384      384 3.840000e+02   7.667143e-01     0.002 (   341      0)     0.002 (   201      0)
"repro_sum_int"                      384      384 1.728000e+04   1.371606e+01     0.094 (    52      0)     0.014 (   357      0)
"prim_init2"                         384      384 3.840000e+02   2.309539e+01     0.118 (    52      0)     0.038 (   357      0)
"prim_printstate"                    384      384 3.840000e+02   7.133160e+00     0.025 (     0      0)     0.018 (   308      0)
"interp_movie_output"                384      384 7.680000e+02   2.366393e-01     0.001 (   237      0)     0.000 (   286      0)
"prim_main_loop"                     384      384 3.840000e+02   1.475439e+04    38.428 (   320      0)    38.417 (   277      0)
"prim_run"                           384      384 9.216000e+04   1.475371e+04    38.426 (   320      0)    38.415 (   277      0)
"ApplyCAMForcing"                    384      384 9.216000e+04   1.284508e+02     0.356 (   322      0)     0.304 (   214      0)
"prim_step_rX"                       384      384 2.764800e+05   1.318384e+04    34.398 (   158      0)    34.005 (   256      0)
"prim_step_dyn"                      384      384 2.764800e+05   3.642965e+03    11.543 (    29      0)     7.284 (   128      0)
"prim_advance_exp"                   384      384 2.764800e+05   3.640115e+03    11.535 (    29      0)     7.276 (   128      0)
"U3-5stage_timestep"                 384      384 2.764800e+05   2.080500e+03     7.471 (    31      0)     3.470 (   128      0)
"compute_and_apply_rhs"              384      384 1.382400e+06   2.056832e+03     7.410 (    31      0)     3.402 (   128      0)
"caar_bexchV"                        384      384 1.382400e+06   1.252532e+03     5.384 (    31      0)     0.950 (   128      0)
"advance_hypervis_dp"                384      384 2.764800e+05   1.554983e+03     5.931 (    21      0)     3.758 (   130      0)
"biwkdp3d_bexchV"                    384      384 8.294400e+05   3.341759e+02     2.209 (    21      0)     0.524 (   128      0)
"ahdp_bexchV2"                       384      384 8.294400e+05   3.119703e+02     1.406 (   277      0)     0.573 (   320      0)
"prim_step_advec"                    384      384 2.764800e+05   9.517982e+03    26.721 (   128      0)    22.763 (    29      0)
"PAT_remap"                          384      384 2.764800e+05   9.516403e+03    26.716 (   128      0)    22.759 (    29      0)
"prim_advec_tracers_remap_rk2"       384      384 2.764800e+05   9.513961e+03    26.710 (   128      0)    22.752 (    29      0)
"precomput_divdp"                    384      384 2.764800e+05   1.614938e+01     0.046 (   192      0)     0.041 (   284      0)
"euler_step_0"                       384      384 2.764800e+05   2.359997e+03     7.314 (   342      0)     5.183 (    34      0)
"bihmix_qminmax"                     384      384 8.294400e+05   4.305084e+03    13.137 (   128      0)    10.216 (    27      0)
"eus_neighbor_minmax1"               384      384 2.764800e+05   4.809691e+02     2.033 (   318      0)     0.843 (    61      0)
"nmm_bexchV"                         384      384 2.764800e+05   3.118705e+02     1.615 (   342      0)     0.425 (    50      0)
"eus_2d_advec"                       384      384 8.294400e+05   5.054258e+03    15.438 (   130      0)    11.785 (   160      0)
"eus_bexchV"                         384      384 8.294400e+05   1.282566e+03     5.821 (   322      0)     1.915 (     0      0)
"euler_step_1"                       384      384 2.764800e+05   1.856687e+03     5.530 (   328      0)     4.137 (   159      0)
"euler_step_2"                       384      384 2.764800e+05   5.160140e+03    14.379 (   130      0)    12.346 (   285      0)
"nmm_bexchS_start"                   384      384 2.764800e+05   1.546255e+01     0.060 (   192      0)     0.027 (    98      0)
"biwksc_bexchV"                      384      384 2.764800e+05   5.790188e+02     2.452 (   341      0)     0.902 (   273      0)
"nmm_bexchS_fini"                    384      384 2.764800e+05   3.026839e+01     0.093 (   149      0)     0.071 (   117      0)
"qdp_tavg"                           384      384 2.764800e+05   1.122683e+02     0.334 (   259      0)     0.254 (   350      0)
"vertical_remap"                     384      384 9.216000e+04   1.362402e+03     3.870 (   256      0)     3.497 (   188      0)
"vertical_remap1_1"                  384      384 3.686400e+05   5.931916e+01     0.162 (   256      0)     0.145 (   131      0)
"remap_Q_ppm"                        384      384 1.105920e+06   1.341103e+03     3.811 (   256      0)     3.444 (   230      0)
"vertical_remap1_2"                  384      384 3.686400e+05   8.455933e+01     0.236 (     0      0)     0.216 (   131      0)
"vertical_remap1_3"                  384      384 3.686400e+05   1.205506e+03     3.436 (   256      0)     3.095 (   219      0)
"prim_run_subcyle_diags"             384      384 9.216000e+04   5.624647e+01     0.185 (   106      0)     0.113 (    96      0)
"t_prf"                                0        0 0.000000e+00   0.000000e+00     0.000 (     0      0)     0.000 (     0      0)

