
***** GLOBAL STATISTICS (    64 MPI TASKS) *****

$Id: gptl.c,v 1.157 2011-03-28 20:55:18 rosinski Exp $
'count' is cumulative. All other stats are max/min
name                               processes  threads        count      walltotal   wallmax (proc   thrd  )   wallmin (proc   thrd  )
Total                                     64       64 6.400000e+01   1.719100e+03    26.861 (    20      0)    26.861 (    15      0)
prim_init1                                64       64 6.400000e+01   1.989433e+01     0.311 (    33      0)     0.311 (    23      0)
repro_sum_int                             64       64 2.880000e+03   7.729914e-01     0.016 (    10      0)     0.006 (    51      0)
prim_init2                                64       64 6.400000e+01   2.408917e+01     0.387 (    35      0)     0.369 (    51      0)
prim_printstate                           64       64 6.400000e+01   1.263694e+00     0.023 (     0      0)     0.020 (    22      0)
interp_movie_output                       64       64 1.280000e+02   1.417208e-02     0.001 (    15      0)     0.000 (    61      0)
prim_main_loop                            64       64 6.400000e+01   1.663645e+03    25.995 (     0      0)    25.993 (    44      0)
prim_run                                  64       64 1.068800e+04   1.663491e+03    25.992 (    25      0)    25.992 (    46      0)
tl-sc prim_run_subcycle_c                 64       64 1.068800e+04   1.662833e+03    25.984 (     0      0)    25.981 (    46      0)
tl-sc dp3d-from-ps                        64       64 1.068800e+04   3.246396e-01     0.005 (     0      0)     0.005 (    35      0)
tl-sc prim_step-loop                      64       64 1.068800e+04   1.448257e+03    22.663 (    38      0)    22.447 (     0      0)
tl-s prim_step                            64       64 3.206400e+04   1.448090e+03    22.661 (    38      0)    22.444 (     0      0)
tl-s deep_copy+derived_dp                 64       64 3.206400e+04   2.296046e+00     0.038 (     0      0)     0.034 (    58      0)
tl-s prim_advance_exp-loop                64       64 3.206400e+04   3.342494e+02     5.743 (    46      0)     4.772 (     8      0)
tl-ae prim_advance_exp                    64       64 3.206400e+04   3.340113e+02     5.739 (    46      0)     4.768 (     8      0)
tl-ae U3-5stage_timestep                  64       64 3.206400e+04   1.827829e+02     3.377 (    46      0)     2.422 (    61      0)
caar compute                              64       64 1.603200e+05   8.942589e+01     1.487 (     0      0)     1.353 (    10      0)
caar_bexchV                               64       64 1.603200e+05   8.715631e+01     1.875 (    46      0)     0.949 (     8      0)
tl-ae advance_hypervis_dp                 64       64 3.206400e+04   1.507512e+02     2.427 (    54      0)     2.318 (     0      0)
hvf-bhwk                                  64       64 9.619200e+04   9.060721e+01     1.497 (    54      0)     1.381 (     9      0)
hvf-bexch                                 64       64 1.923840e+05   7.015059e+01     1.153 (    54      0)     1.018 (     0      0)
tl-s prim_advec_tracers_remap             64       64 3.206400e+04   1.111030e+03    17.824 (     8      0)    16.831 (    46      0)
tl-at prim_advec_tracers_remap_RK2        64       64 3.206400e+04   1.110791e+03    17.820 (     8      0)    16.828 (    46      0)
tl-at precompute_divdp                    64       64 3.206400e+04   2.339545e+00     0.038 (     0      0)     0.034 (    45      0)
tl-at esf-0                               64       64 3.206400e+04   3.038899e+02     5.095 (     8      0)     4.539 (    22      0)
tl-at esf-1                               64       64 3.206400e+04   2.389661e+02     3.934 (     9      0)     3.480 (    51      0)
tl-at esf-2                               64       64 3.206400e+04   5.343674e+02     8.636 (    57      0)     8.194 (    48      0)
tl-at qdp_time_avg                        64       64 3.206400e+04   2.995446e+01     0.497 (    48      0)     0.423 (     8      0)
tl-sc vertical_remap                      64       64 1.068800e+04   1.923509e+02     3.162 (     0      0)     2.972 (    38      0)
Remap Thickness Functor                   64       64 1.068800e+04   1.304359e+00     0.021 (     0      0)     0.019 (    20      0)
Remap Scale States Functor                64       64 1.068800e+04   5.880463e-01     0.011 (    43      0)     0.008 (     8      0)
Remap Compute Grids Functor               64       64 1.068800e+04   6.761341e+00     0.112 (     0      0)     0.102 (    58      0)
Remap Compute Remap Functor               64       64 1.068800e+04   1.806584e+02     2.971 (     0      0)     2.792 (    14      0)
Remap Rescale States Functor              64       64 1.068800e+04   7.536585e-01     0.013 (     0      0)     0.011 (    46      0)
tl-sc Q-from-qdp                          64       64 1.068800e+04   2.166400e+01     0.366 (     0      0)     0.336 (    46      0)
t_prf                                      0        0 0.000000e+00   0.000000e+00     0.000 (     0      0)     0.000 (     0      0)

