
***** GLOBAL STATISTICS (   384 MPI TASKS) *****

$Id: gptl.c,v 1.157 2011-03-28 20:55:18 rosinski Exp $
'count' is cumulative. All other stats are max/min
name                               processes  threads        count      walltotal   wallmax (proc   thrd  )   wallmin (proc   thrd  )
Total                                    384      384 3.840000e+02   1.652784e+04    43.043 (   261      0)    43.039 (    29      0)
prim_init1                               384      384 3.840000e+02   7.051632e+01     0.187 (    54      0)     0.181 (   222      0)
repro_sum_int                            384      384 1.728000e+04   1.604828e+01     0.144 (    26      0)     0.015 (   370      0)
prim_init2                               384      384 3.840000e+02   4.405683e+01     0.219 (    26      0)     0.090 (   179      0)
prim_printstate                          384      384 3.840000e+02   8.219899e+00     0.026 (     0      0)     0.021 (   145      0)
interp_movie_output                      384      384 7.680000e+02   1.446660e-01     0.001 (   195      0)     0.000 (   362      0)
prim_main_loop                           384      384 3.840000e+02   1.632847e+04    42.524 (   261      0)    42.521 (    62      0)
prim_run                                 384      384 3.840000e+05   1.632592e+04    42.517 (   195      0)    42.514 (    41      0)
tl-sc prim_run_subcycle_c                384      384 3.840000e+05   1.632000e+04    42.503 (   195      0)    42.498 (    81      0)
tl-sc dp3d-from-ps                       384      384 3.840000e+05   3.620956e+00     0.011 (    64      0)     0.008 (   191      0)
tl-sc prim_step-loop                     384      384 3.840000e+05   1.499606e+04    39.134 (   205      0)    38.725 (    64      0)
tl-s prim_step                           384      384 1.152000e+06   1.499067e+04    39.121 (   205      0)    38.709 (    64      0)
tl-s deep_copy+derived_dp                384      384 1.152000e+06   2.111740e+01     0.063 (   192      0)     0.053 (   227      0)
tl-s prim_advance_exp-loop               384      384 1.152000e+06   4.750387e+03    14.999 (   287      0)    10.072 (   111      0)
tl-ae prim_advance_exp                   384      384 1.152000e+06   4.743786e+03    14.981 (   287      0)    10.054 (   111      0)
tl-ae U3-5stage_timestep                 384      384 1.152000e+06   2.784572e+03     9.778 (   287      0)     5.221 (   111      0)
caar compute                             384      384 5.760000e+06   6.194316e+02     1.847 (   192      0)     1.522 (   161      0)
caar_bexchV                              384      384 5.760000e+06   2.088319e+03     8.013 (   287      0)     3.174 (   192      0)
tl-ae advance_hypervis_dp                384      384 1.152000e+06   1.946952e+03     5.661 (    21      0)     4.770 (   336      0)
hvf-bhwk                                 384      384 3.456000e+06   1.072614e+03     3.235 (    21      0)     2.587 (   111      0)
hvf-bexch                                384      384 6.912000e+06   1.371941e+03     4.146 (    21      0)     3.196 (   112      0)
tl-s prim_advec_tracers_remap            384      384 1.152000e+06   1.020465e+04    28.850 (   111      0)    23.905 (   287      0)
tl-at prim_advec_tracers_remap_RK2       384      384 1.152000e+06   1.019674e+04    28.831 (   111      0)    23.884 (   287      0)
tl-at precompute_divdp                   384      384 1.152000e+06   2.319651e+01     0.069 (   192      0)     0.056 (   284      0)
tl-at esf-0                              384      384 1.152000e+06   2.841405e+03     9.518 (   112      0)     5.488 (    93      0)
tl-at esf-1                              384      384 1.152000e+06   2.028729e+03     6.410 (    98      0)     4.545 (   223      0)
tl-at esf-2                              384      384 1.152000e+06   5.104626e+03    14.429 (   350      0)    12.396 (   285      0)
tl-at qdp_time_avg                       384      384 1.152000e+06   1.589609e+02     0.455 (     2      0)     0.377 (   111      0)
tl-sc vertical_remap                     384      384 3.840000e+05   1.180739e+03     3.351 (    64      0)     2.994 (   205      0)
Remap Thickness Functor                  384      384 3.840000e+05   1.180679e+01     0.034 (   320      0)     0.028 (   224      0)
Remap Scale States Functor               384      384 3.840000e+05   6.273036e+00     0.018 (   143      0)     0.015 (   269      0)
Remap Compute Grids Functor              384      384 3.840000e+05   4.486330e+01     0.129 (   320      0)     0.112 (   224      0)
Remap Compute Remap Functor              384      384 3.840000e+05   1.093741e+03     3.107 (    64      0)     2.778 (   205      0)
Remap Rescale States Functor             384      384 3.840000e+05   7.527644e+00     0.023 (    64      0)     0.018 (   290      0)
tl-sc Q-from-qdp                         384      384 3.840000e+05   1.318871e+02     0.395 (   192      0)     0.340 (    92      0)
t_prf                                      0        0 0.000000e+00   0.000000e+00     0.000 (     0      0)     0.000 (     0      0)

