LAST_GIT_COMMIT_SHA:STRING=4790f40f2fb6acbc051ce4c988681a628c18e83d
11115625

***** GLOBAL STATISTICS ( 11520 MPI TASKS) *****

$Id: gptl.c,v 1.157 2011-03-28 20:55:18 rosinski Exp $
'count' is cumulative. All other stats are max/min
name                               processes  threads        count      walltotal   wallmax (proc   thrd  )   wallmin (proc   thrd  )
Total                                  11520    11520 1.152000e+04   2.147413e+06   186.470 (  5888      0)   186.280 (  1607      0)
prim_init1                             11520    11520 1.152000e+04   7.790463e+04     6.835 ( 11008      0)     6.377 ( 10163      0)
repro_sum_int                          11520    11520 5.184000e+05   6.631905e+03     2.637 (  2967      0)     0.058 ( 10688      0)
prim_init2                             11520    11520 1.152000e+04   1.724713e+04     3.477 ( 10113      0)     0.974 (  3677      0)
prim_printstate                        11520    11520 1.152000e+04   1.972918e+03     0.190 ( 11425      0)     0.153 (  3434      0)
interp_movie_output                    11520    11520 2.304000e+04   4.804703e+01     0.012 (  8745      0)     0.000 (  5517      0)
prim_main_loop                         11520    11520 1.152000e+04   1.320858e+06   114.724 (  7744      0)   114.540 (  1600      0)
prim_run                               11520    11520 1.728000e+06   1.320816e+06   114.723 (  7744      0)   114.536 (  1607      0)
tl-sc prim_run_subcycle_c              11520    11520 1.728000e+06   1.320368e+06   114.681 (  7751      0)   114.500 (  1601      0)
tl-sc dp3d-from-ps                     11520    11520 1.728000e+06   2.719385e+02     0.030 (  4736      0)     0.019 ( 11146      0)
tl-sc prim_step-loop                   11520    11520 1.728000e+06   1.173906e+06   102.669 ( 11485      0)   100.514 (  1020      0)
tl-s prim_step                         11520    11520 5.184000e+06   1.173869e+06   102.666 ( 11485      0)   100.511 (  1020      0)
tl-s deep_copy+derived_dp              11520    11520 5.184000e+06   1.645946e+03     0.192 (  2926      0)     0.110 (   787      0)
tl-s prim_advance_exp-loop             11520    11520 5.184000e+06   3.353484e+05    38.584 (   816      0)    20.822 (  7006      0)
tl-ae prim_advance_exp                 11520    11520 5.184000e+06   3.352720e+05    38.578 (   816      0)    20.815 (  7006      0)
tl-ae U3-5stage_timestep               11520    11520 5.184000e+06   1.693460e+05    25.480 (   820      0)     9.908 (  6650      0)
caar compute                           11520    11520 2.592000e+07   5.952970e+04     6.518 (  6976      0)     4.265 (  6907      0)
caar_bexchV                            11520    11520 2.592000e+07   1.070139e+05    20.887 (   820      0)     3.888 (  6650      0)
tl-ae advance_hypervis_dp              11520    11520 5.184000e+06   1.658203e+05    20.991 (  6746      0)    10.114 (  7013      0)
hvf-bhwk                               11520    11520 1.555200e+07   9.424820e+04    12.093 (  6684      0)     6.090 (  6659      0)
hvf-bexch                              11520    11520 3.110400e+07   1.122795e+05    16.384 (  6685      0)     4.590 (  7007      0)
tl-s prim_advec_tracers_remap          11520    11520 5.184000e+06   8.367086e+05    80.586 (  7006      0)    63.457 (   816      0)
tl-at prim_advec_tracers_remap_RK2     11520    11520 5.184000e+06   8.366513e+05    80.581 (  7006      0)    63.453 (   816      0)
tl-at precompute_divdp                 11520    11520 5.184000e+06   1.475243e+03     0.201 (  8512      0)     0.094 (   644      0)
tl-at esf-0                            11520    11520 5.184000e+06   2.280148e+05    24.708 (  7003      0)    16.891 (  2840      0)
tl-at esf-1                            11520    11520 5.184000e+06   1.794350e+05    18.379 (   968      0)    12.581 (   823      0)
tl-at esf-2                            11520    11520 5.184000e+06   4.051314e+05    38.690 (  6947      0)    30.593 (   816      0)
tl-at qdp_time_avg                     11520    11520 5.184000e+06   2.229778e+04     2.337 (  1920      0)     1.452 (   772      0)
tl-sc vertical_remap                   11520    11520 1.728000e+06   1.305740e+05    12.671 (  1020      0)    10.621 ( 11485      0)
Remap Thickness Functor                11520    11520 1.728000e+06   9.039612e+02     0.095 (  8545      0)     0.060 (  1095      0)
Remap Scale States Functor             11520    11520 1.728000e+06   4.578812e+02     0.054 (  4933      0)     0.030 (  6916      0)
Remap Compute Grids Functor            11520    11520 1.728000e+06   4.680929e+03     0.488 (  6132      0)     0.345 (  6797      0)
Remap Compute Remap Functor            11520    11520 1.728000e+06   1.234488e+05    11.993 (  9371      0)    10.099 ( 11485      0)
Remap Rescale States Functor           11520    11520 1.728000e+06   4.565533e+02     0.047 ( 11005      0)     0.037 (  7856      0)
tl-sc Q-from-qdp                       11520    11520 1.728000e+06   1.556203e+04     1.569 (  8832      0)     1.327 (   820      0)
t_prf                                      0        0 0.000000e+00   0.000000e+00     0.000 (     0      0)     0.000 (     0      0)

