LAST_GIT_COMMIT_SHA:STRING=4790f40f2fb6acbc051ce4c988681a628c18e83d
11103114

***** GLOBAL STATISTICS (172800 MPI TASKS) *****

$Id: gptl.c,v 1.157 2011-03-28 20:55:18 rosinski Exp $
'count' is cumulative. All other stats are max/min
name                               processes  threads        count      walltotal   wallmax (proc   thrd  )   wallmin (proc   thrd  )
Total                                 172800   172800 1.728000e+05   5.971302e+07   346.180 (  1272      0)   345.183 (138750      0)
prim_init1                            172800   172800 1.728000e+05   3.504452e+06    20.976 (   981      0)    19.432 (104743      0)
repro_sum_int                         172800   172800 7.776000e+06   1.475469e+06    22.973 ( 42735      0)     2.867 (160884      0)
prim_init2                            172800   172800 1.728000e+05   2.196129e+06    26.898 ( 30503      0)     6.868 ( 82527      0)
prim_printstate                       172800   172800 1.728000e+05   1.194662e+05     0.825 (  3071      0)     0.571 ( 82520      0)
interp_movie_output                   172800   172800 3.456000e+05   7.845002e+03     0.114 ( 16740      0)     0.017 (106047      0)
prim_main_loop                        172800   172800 1.728000e+05   3.247390e+07   188.112 ( 77547      0)   187.639 (158585      0)
prim_run                              172800   172800 3.888000e+08   3.246383e+07   188.066 ( 77543      0)   187.577 (158528      0)
tl-sc prim_run_subcycle_c             172800   172800 3.888000e+08   3.239947e+07   187.603 ( 77135      0)   187.390 (154240      0)
tl-sc dp3d-from-ps                    172800   172800 3.888000e+08   2.492426e+04     0.167 ( 95040      0)     0.132 ( 29486      0)
tl-sc prim_step-loop                  172800   172800 3.888000e+08   2.987058e+07   173.967 ( 90896      0)   169.363 (105947      0)
tl-s prim_step                        172800   172800 1.166400e+09   2.986339e+07   173.928 ( 90896      0)   169.320 (105947      0)
tl-s deep_copy+derived_dp             172800   172800 1.166400e+09   4.498614e+04     0.316 (111808      0)     0.242 (134011      0)
tl-s prim_advance_exp-loop            172800   172800 1.166400e+09   1.251353e+07    84.254 ( 40286      0)    58.773 (146432      0)
tl-ae prim_advance_exp                172800   172800 1.166400e+09   1.249877e+07    84.172 ( 40286      0)    58.674 (146432      0)
tl-ae U3-5stage_timestep              172800   172800 1.166400e+09   6.231513e+06    47.838 ( 40253      0)    26.462 (102272      0)
caar compute                          172800   172800 5.832000e+09   1.101590e+06     7.496 ( 29376      0)     5.772 ( 63336      0)
caar_bexchV                           172800   172800 5.832000e+09   4.983233e+06    41.191 ( 40253      0)    18.400 (102272      0)
tl-ae advance_hypervis_dp             172800   172800 1.166400e+09   6.251008e+06    45.606 ( 39340      0)    30.023 (117776      0)
hvf-bhwk                              172800   172800 3.499200e+09   3.292448e+06    24.446 ( 39340      0)    15.648 ( 55742      0)
hvf-bexch                             172800   172800 6.998400e+09   5.091684e+06    38.900 ( 39340      0)    23.191 (117779      0)
tl-s prim_advec_tracers_remap         172800   172800 1.166400e+09   1.727742e+07   111.519 ( 91136      0)    88.848 ( 40281      0)
tl-at prim_advec_tracers_remap_RK2    172800   172800 1.166400e+09   1.726697e+07   111.442 ( 91136      0)    88.788 ( 40281      0)
tl-at precompute_divdp                172800   172800 1.166400e+09   6.394718e+04     0.623 ( 97024      0)     0.257 (141667      0)
tl-at esf-0                           172800   172800 1.166400e+09   4.776120e+06    34.817 (146432      0)    23.442 (  6724      0)
tl-at esf-1                           172800   172800 1.166400e+09   3.380762e+06    23.737 (146432      0)    17.076 ( 40282      0)
tl-at esf-2                           172800   172800 1.166400e+09   8.705285e+06    57.530 (117777      0)    43.580 ( 40352      0)
tl-at qdp_time_avg                    172800   172800 1.166400e+09   2.919840e+05     2.017 ( 32892      0)     1.481 ( 37973      0)
tl-sc vertical_remap                  172800   172800 3.888000e+08   2.254757e+06    16.449 (105947      0)    11.977 ( 42670      0)
Remap Thickness Functor               172800   172800 3.888000e+08   4.960915e+04     0.486 (151360      0)     0.213 (157361      0)
Remap Scale States Functor            172800   172800 3.888000e+08   2.671539e+04     0.284 ( 25876      0)     0.112 (146303      0)
Remap Compute Grids Functor           172800   172800 3.888000e+08   1.000473e+05     0.721 ( 47881      0)     0.495 ( 99246      0)
Remap Compute Remap Functor           172800   172800 3.888000e+08   1.904573e+06    14.381 (105947      0)    10.065 ( 48066      0)
Remap Rescale States Functor          172800   172800 3.888000e+08   1.991726e+04     0.219 (133913      0)     0.083 ( 80558      0)
tl-sc Q-from-qdp                      172800   172800 3.888000e+08   2.390383e+05     1.564 ( 29376      0)     1.363 ( 40250      0)
t_prf                                      0        0 0.000000e+00   0.000000e+00     0.000 (     0      0)     0.000 (     0      0)

