LAST_GIT_COMMIT_SHA:STRING=4790f40f2fb6acbc051ce4c988681a628c18e83d
11115621

***** GLOBAL STATISTICS (  2560 MPI TASKS) *****

$Id: gptl.c,v 1.157 2011-03-28 20:55:18 rosinski Exp $
'count' is cumulative. All other stats are max/min
name                               processes  threads        count      walltotal   wallmax (proc   thrd  )   wallmin (proc   thrd  )
Total                                   2560     2560 2.560000e+03   1.234070e+06   487.246 (  1814      0)   477.870 (   950      0)
prim_init1                              2560     2560 2.560000e+03   1.849038e+04     7.286 (  2516      0)     6.750 (   809      0)
repro_sum_int                           2560     2560 1.152000e+05   5.298665e+02     0.920 (   825      0)     0.037 (  1168      0)
prim_init2                              2560     2560 2.560000e+03   7.019406e+03     4.866 (  1805      0)     2.493 (  1096      0)
prim_printstate                         2560     2560 2.560000e+03   7.167015e+02     0.286 (     0      0)     0.278 (  2196      0)
interp_movie_output                     2560     2560 5.120000e+03   6.142161e+00     0.008 (  1999      0)     0.000 (   340      0)
prim_main_loop                          2560     2560 2.560000e+03   1.039342e+06   411.181 (  1845      0)   401.806 (   950      0)
prim_run                                2560     2560 8.704000e+04   1.039335e+06   411.180 (  1797      0)   401.801 (   950      0)
tl-sc prim_run_subcycle_c               2560     2560 8.704000e+04   1.038885e+06   410.374 (  1814      0)   401.683 (   945      0)
tl-sc dp3d-from-ps                      2560     2560 8.704000e+04   5.430014e+01     0.060 (  1805      0)     0.016 (  1703      0)
tl-sc prim_step-loop                    2560     2560 8.704000e+04   1.007425e+06   398.432 (  1728      0)   387.633 (   936      0)
tl-s prim_step                          2560     2560 2.611200e+05   1.007423e+06   398.431 (  1728      0)   387.632 (   936      0)
tl-s deep_copy+derived_dp               2560     2560 2.611200e+05   4.377544e+02     1.619 (  1794      0)     0.105 (   767      0)
tl-s prim_advance_exp-loop              2560     2560 2.611200e+05   5.531995e+05   312.515 (  1382      0)    19.111 (  1797      0)
tl-ae prim_advance_exp                  2560     2560 2.611200e+05   5.531947e+05   312.513 (  1382      0)    19.108 (  1797      0)
tl-ae U3-5stage_timestep                2560     2560 2.611200e+05   2.706276e+05   251.931 (  1906      0)    10.613 (  1797      0)
caar compute                            2560     2560 1.305600e+06   1.255173e+04    10.377 (  1839      0)     4.156 (  2171      0)
caar_bexchV                             2560     2560 1.305600e+06   2.575929e+05   247.368 (  1906      0)     3.373 (  1797      0)
tl-ae advance_hypervis_dp               2560     2560 2.611200e+05   2.825618e+05   287.898 (   253      0)     8.492 (  1797      0)
hvf-bhwk                                2560     2560 7.833600e+05   1.459306e+05   172.403 (   253      0)     5.107 (  1851      0)
hvf-bexch                               2560     2560 1.566720e+06   2.715772e+05   283.589 (   253      0)     3.227 (  1799      0)
tl-s prim_advec_tracers_remap           2560     2560 2.611200e+05   4.537756e+05   374.549 (  1805      0)    81.946 (  1382      0)
tl-at prim_advec_tracers_remap_RK2      2560     2560 2.611200e+05   4.537726e+05   374.546 (  1805      0)    81.945 (  1382      0)
tl-at precompute_divdp                  2560     2560 2.611200e+05   3.606170e+02     0.891 (  1852      0)     0.076 (  2138      0)
tl-at esf-0                             2560     2560 2.611200e+05   1.391943e+05   142.327 (   723      0)    18.848 (  2485      0)
tl-at esf-1                             2560     2560 2.611200e+05   8.237472e+04    79.694 (   772      0)    12.329 (   629      0)
tl-at esf-2                             2560     2560 2.611200e+05   2.254613e+05   215.088 (  1784      0)    32.321 (    35      0)
tl-at qdp_time_avg                      2560     2560 2.611200e+05   6.365164e+03    23.579 (  1805      0)     1.543 (   767      0)
tl-sc vertical_remap                    2560     2560 8.704000e+04   2.787572e+04    16.504 (  1834      0)    10.215 (   845      0)
Remap Thickness Functor                 2560     2560 8.704000e+04   1.670763e+02     1.344 (  1816      0)     0.053 (  2427      0)
Remap Scale States Functor              2560     2560 8.704000e+04   1.199576e+02     1.083 (  1806      0)     0.022 (   114      0)
Remap Compute Grids Functor             2560     2560 8.704000e+04   1.127476e+03     3.695 (  1834      0)     0.336 (  2022      0)
Remap Compute Remap Functor             2560     2560 8.704000e+04   2.628994e+04    12.668 (  1810      0)     9.721 (   845      0)
Remap Rescale States Functor            2560     2560 8.704000e+04   1.007755e+02     0.156 (  1806      0)     0.033 (  1147      0)
tl-sc Q-from-qdp                        2560     2560 8.704000e+04   3.526066e+03     2.066 (  1797      0)     1.328 (  1277      0)
t_prf                                      0        0 0.000000e+00   0.000000e+00     0.000 (     0      0)     0.000 (     0      0)

