LAST_GIT_COMMIT_SHA:STRING=adf77c97ed8425a245449f2582d2441f4b72da1e
11103112

***** GLOBAL STATISTICS ( 38400 MPI TASKS) *****

$Id: gptl.c,v 1.157 2011-03-28 20:55:18 rosinski Exp $
'count' is cumulative. All other stats are max/min
name                           processes  threads        count      walltotal   wallmax (proc   thrd  )   wallmin (proc   thrd  )
"Total"                            38400    38400 3.840000e+04   9.407137e+06   245.157 (     0      0)   244.785 ( 30163      0)
"prim_init1"                       38400    38400 3.840000e+04   3.040342e+05     8.122 ( 12614      0)     7.403 (  9536      0)
"PartitioningTime"                 38400    38400 3.840000e+04   5.259176e+02     0.021 ( 17153      0)     0.010 (  5893      0)
"repro_sum_int"                    38400    38400 1.728000e+06   5.501058e+04     4.953 ( 37286      0)     0.347 ( 31363      0)
"prim_init2"                       38400    76800 7.680000e+04   1.339518e+05     5.151 ( 14025      1)     0.691 ( 31360      0)
"prim_printstate"                  38400    76800 7.680000e+04   1.980623e+04     0.321 (  7388      0)     0.225 (  8112      1)
"interp_movie_output"              38400    38400 7.680000e+04   1.054443e+03     0.074 ( 20922      0)     0.000 ( 34194      0)
"prim_main_loop"                   38400    38400 3.840000e+04   6.543290e+06   170.529 ( 18232      0)   170.257 ( 30868      0)
"prim_run"                         38400    76800 3.840000e+07   1.308520e+07   170.520 ( 20607      1)   170.242 ( 30025      1)
"ApplyCAMForcing"                  38400    76800 3.840000e+07   1.028612e+05     1.710 ( 22464      0)     0.980 ( 36608      1)
"prim_step_rX"                     38400    76800 1.152000e+08   1.185120e+07   156.398 ( 31725      0)   152.461 ( 20480      1)
"prim_step_dyn"                    38400    76800 1.152000e+08   3.898807e+06    63.788 ( 37418      1)    33.087 ( 21177      0)
"prim_advance_exp"                 38400    76800 1.152000e+08   3.897365e+06    63.766 ( 37418      1)    33.070 ( 21177      0)
"U3-5stage_timestep"               38400    76800 1.152000e+08   1.909854e+06    39.283 ( 19290      1)    15.730 ( 19393      0)
"compute_and_apply_rhs"            38400    76800 5.760000e+08   1.894317e+06    39.073 ( 19290      1)    15.519 ( 19393      0)
"caar_bexchV"                      38400    76800 5.760000e+08   1.242374e+06    31.324 ( 19290      1)     5.285 ( 21124      0)
"advance_hypervis_dp"              38400    76800 1.152000e+08   1.985012e+06    37.399 ( 37560      0)    16.058 ( 21183      1)
"biwkdp3d_bexchV"                  38400    76800 3.456000e+08   6.669591e+05    15.941 ( 18282      1)     2.516 ( 21184      0)
"ahdp_bexchV2"                     38400    76800 3.456000e+08   6.712673e+05    16.028 ( 18278      1)     2.602 ( 21184      0)
"prim_step_advec"                  38400    76800 1.152000e+08   7.937166e+06   120.738 ( 21166      0)    91.219 ( 37418      1)
"PAT_remap"                        38400    76800 1.152000e+08   7.936207e+06   120.727 ( 21166      0)    91.205 ( 37418      1)
"prim_advec_tracers_remap_rk2"     38400    76800 1.152000e+08   7.934933e+06   120.713 ( 21166      0)    91.184 ( 37418      1)
"precomput_divdp"                  38400    76800 1.152000e+08   1.038713e+04     0.197 ( 21120      0)     0.113 ( 32832      1)
"euler_step_0"                     38400    76800 1.152000e+08   1.927628e+06    33.970 ( 21188      0)    20.573 ( 19309      1)
"bihmix_qminmax"                   38400    76800 3.456000e+08   3.590389e+06    58.030 ( 21124      0)    41.418 ( 37420      1)
"eus_neighbor_minmax1"             38400    76800 1.152000e+08   3.960467e+05    12.230 ( 19011      1)     3.211 ( 18364      0)
"nmm_bexchV"                       38400    76800 1.152000e+08   2.897551e+05    11.138 ( 19011      1)     1.565 ( 19309      0)
"eus_2d_advec"                     38400    76800 3.456000e+08   4.234696e+06    69.646 ( 21187      0)    46.778 ( 37418      1)
"eus_bexchV"                       38400    76800 3.456000e+08   1.356188e+06    36.563 ( 19267      1)     8.511 ( 32706      0)
"euler_step_1"                     38400    76800 1.152000e+08   1.583687e+06    26.730 ( 18968      0)    17.238 ( 37412      1)
"euler_step_2"                     38400    76800 1.152000e+08   4.325494e+06    65.518 ( 21128      0)    49.870 ( 34081      1)
"nmm_bexchS_start"                 38400    76800 1.152000e+08   6.530303e+04     2.435 ( 32704      1)     0.062 (  2819      0)
"biwksc_bexchV"                    38400    76800 1.152000e+08   5.243731e+05    15.889 ( 21110      1)     3.234 ( 25283      0)
"nmm_bexchS_fini"                  38400    76800 1.152000e+08   1.025624e+05     3.427 ( 20480      1)     0.039 ( 20163      0)
"qdp_tavg"                         38400    76800 1.152000e+08   8.275409e+04     1.480 ( 22502      0)     0.701 ( 34188      1)
"vertical_remap"                   38400    76800 3.840000e+07   9.453112e+05    15.009 ( 16640      0)    10.136 ( 31684      1)
"vertical_remap1_1"                38400    76800 1.728000e+08   4.409974e+04     0.716 ( 28906      0)     0.444 ( 31695      1)
"remap_Q_ppm"                      38400    76800 5.184000e+08   9.267271e+05    14.737 ( 16640      0)     9.911 (  2813      1)
"vertical_remap1_2"                38400    76800 1.728000e+08   5.880425e+04     0.950 (  7889      0)     0.604 ( 14924      1)
"vertical_remap1_3"                38400    76800 1.728000e+08   8.317001e+05    13.356 ( 16640      0)     8.914 ( 36861      1)
"prim_run_subcyle_diags"           38400    76800 3.840000e+07   3.605736e+04     0.695 ( 21130      0)     0.307 ( 31704      0)
"t_prf"                                0        0 0.000000e+00   0.000000e+00     0.000 (     0      0)     0.000 (     0      0)

