LAST_GIT_COMMIT_SHA:STRING=adf77c97ed8425a245449f2582d2441f4b72da1e
11115640

***** GLOBAL STATISTICS ( 13824 MPI TASKS) *****

$Id: gptl.c,v 1.157 2011-03-28 20:55:18 rosinski Exp $
'count' is cumulative. All other stats are max/min
name                           processes  threads        count      walltotal   wallmax (proc   thrd  )   wallmin (proc   thrd  )
"Total"                            13824    13824 1.382400e+04   3.092184e+06   223.772 ( 11291      0)   223.562 (  5558      0)
"prim_init1"                       13824    13824 1.382400e+04   8.452831e+04     6.197 (   157      0)     5.703 (  1472      0)
"PartitioningTime"                 13824    13824 1.382400e+04   1.898228e+02     0.022 ( 11840      0)     0.010 (  1960      0)
"repro_sum_int"                    13824    13824 6.220800e+05   6.185654e+03     1.290 (  1505      0)     0.139 ( 11213      0)
"prim_init2"                       13824    27648 2.764800e+04   1.861070e+04     1.512 (  7713      0)     0.373 (  2359      1)
"prim_printstate"                  13824    27648 2.764800e+04   6.098678e+03     0.236 (  4823      0)     0.210 ( 12436      1)
"interp_movie_output"              13824    13824 2.764800e+04   1.099644e+02     0.020 (  4584      0)     0.000 ( 11249      0)
"prim_main_loop"                   13824    13824 1.382400e+04   2.135246e+06   154.548 (  9455      0)   154.358 (  2216      0)
"prim_run"                         13824    27648 4.976640e+06   4.270318e+06   154.543 (  9357      0)   154.351 (  2216      0)
"ApplyCAMForcing"                  13824    27648 4.976640e+06   4.109394e+04     1.910 (  9394      0)     1.106 (   832      1)
"prim_step_rX"                     13824    27648 1.492992e+07   3.842471e+06   140.528 (   825      0)   137.892 (  6080      1)
"prim_step_dyn"                    13824    27648 1.492992e+07   1.047321e+06    51.341 (   796      1)    26.035 (  9357      0)
"prim_advance_exp"                 13824    27648 1.492992e+07   1.047105e+06    51.332 (   796      1)    26.028 (  9357      0)
"U3-5stage_timestep"               13824    27648 1.492992e+07   5.365698e+05    33.968 (   796      1)    13.324 (  9357      0)
"compute_and_apply_rhs"            13824    27648 7.464960e+07   5.321872e+05    33.822 (   796      1)    13.137 (  9357      0)
"caar_bexchV"                      13824    27648 7.464960e+07   2.886716e+05    26.327 (   825      1)     2.555 (  9357      0)
"advance_hypervis_dp"              13824    27648 1.492992e+07   5.101723e+05    26.725 (   785      0)    12.640 (  9358      1)
"biwkdp3d_bexchV"                  13824    27648 4.478976e+07   1.365457e+05    10.782 (  8841      1)     1.191 (  9359      0)
"ahdp_bexchV2"                     13824    27648 4.478976e+07   1.354231e+05    10.431 (  8813      1)     1.300 (  9357      0)
"prim_step_advec"                  13824    27648 1.492992e+07   2.789469e+06   112.029 (  9357      0)    88.545 (   796      1)
"PAT_remap"                        13824    27648 1.492992e+07   2.789335e+06   112.025 (  9357      0)    88.540 (   796      1)
"prim_advec_tracers_remap_rk2"     13824    27648 1.492992e+07   2.789155e+06   112.019 (  9357      0)    88.533 (   796      1)
"precomput_divdp"                  13824    27648 1.492992e+07   4.095126e+03     0.197 ( 13504      0)     0.124 ( 11587      1)
"euler_step_0"                     13824    27648 1.492992e+07   6.885283e+05    29.774 (  9403      0)    20.896 (  8968      1)
"bihmix_qminmax"                   13824    27648 4.478976e+07   1.250987e+06    53.655 (  9482      0)    40.086 (  6811      1)
"eus_neighbor_minmax1"             13824    27648 1.492992e+07   1.291858e+05     8.239 (  4847      1)     2.952 (  6654      0)
"nmm_bexchV"                       13824    27648 1.492992e+07   7.512071e+04     6.336 (  4847      1)     1.206 (  9879      0)
"eus_2d_advec"                     13824    27648 4.478976e+07   1.492668e+06    62.924 (  9473      0)    45.804 (   796      1)
"eus_bexchV"                       13824    27648 4.478976e+07   3.753368e+05    24.003 (  9981      1)     7.670 (  6592      0)
"euler_step_1"                     13824    27648 1.492992e+07   5.511188e+05    22.422 (  4892      0)    16.712 (  6835      1)
"euler_step_2"                     13824    27648 1.492992e+07   1.505528e+06    59.805 (  9487      0)    47.007 (   796      1)
"nmm_bexchS_start"                 13824    27648 1.492992e+07   9.616423e+03     1.196 (  6528      1)     0.024 (  5797      0)
"biwksc_bexchV"                    13824    27648 1.492992e+07   1.450857e+05    11.900 (   815      1)     2.941 (  9918      0)
"nmm_bexchS_fini"                  13824    27648 1.492992e+07   1.468540e+04     1.836 (  9439      1)     0.014 (   776      0)
"qdp_tavg"                         13824    27648 1.492992e+07   3.911228e+04     2.112 ( 11105      0)     0.896 (   832      1)
"vertical_remap"                   13824    27648 4.976640e+06   3.446772e+05    13.830 (  4921      0)    10.869 (   825      1)
"vertical_remap1_1"                13824    27648 6.220800e+07   1.488469e+04     0.668 ( 12601      0)     0.464 (   795      1)
"remap_Q_ppm"                      13824    27648 1.866240e+08   3.387297e+05    13.598 (  4921      0)    10.667 (   825      1)
"vertical_remap1_2"                13824    27648 6.220800e+07   2.121047e+04     0.902 ( 12601      0)     0.653 (   795      1)
"vertical_remap1_3"                13824    27648 6.220800e+07   3.050354e+05    12.245 ( 10952      0)     9.611 (   825      1)
"prim_run_subcyle_diags"           13824    27648 4.976640e+06   1.548648e+04     0.856 (  9405      0)     0.390 (  6785      1)
"t_prf"                                0        0 0.000000e+00   0.000000e+00     0.000 (     0      0)     0.000 (     0      0)

