LAST_GIT_COMMIT_SHA:STRING=adf77c97ed8425a245449f2582d2441f4b72da1e
11152136

***** GLOBAL STATISTICS (345600 MPI TASKS) *****

$Id: gptl.c,v 1.157 2011-03-28 20:55:18 rosinski Exp $
'count' is cumulative. All other stats are max/min
name                           processes  threads        count      walltotal   wallmax (proc   thrd  )   wallmin (proc   thrd  )
"Total"                           345600   345600 3.456000e+05   1.634536e+08   473.190 (184256      0)   472.411 (196495      0)
"prim_init1"                      345600   345600 3.456000e+05   8.416561e+06    24.969 ( 94299      0)    23.105 (261980      0)
"PartitioningTime"                345600   345600 3.456000e+05   1.851208e+04     0.259 ( 95428      0)     0.010 (214043      0)
"repro_sum_int"                   345600   345600 1.555200e+07   8.570063e+06   104.139 (323273      0)     1.958 ( 48593      0)
"prim_init2"                      345600   345600 3.456000e+05   9.246163e+06   105.907 (143565      0)     4.066 (241096      0)
"prim_printstate"                 345600   345600 3.456000e+05   3.690629e+05     1.252 (165737      0)     0.892 (159938      0)
"interp_movie_output"             345600   345600 6.912000e+05   7.140254e+04     0.366 (153522      0)     0.083 (    44      0)
"prim_main_loop"                  345600   345600 3.456000e+05   8.639580e+07   250.094 (206420      0)   249.795 (281418      0)
"prim_run"                        345600   345600 1.555200e+09   8.635355e+07   249.995 (206416      0)   249.692 (281408      0)
"ApplyCAMForcing"                 345600   345600 1.555200e+09   5.760713e+05     1.938 (268158      0)     1.458 (226364      0)
"prim_step_rX"                    345600   345600 4.665600e+09   8.037301e+07   233.558 ( 79826      0)   230.525 ( 88960      0)
"prim_step_dyn"                   345600   345600 4.665600e+09   3.116576e+07   107.790 ( 85621      0)    73.877 (114688      0)
"prim_advance_exp"                345600   345600 4.665600e+09   3.113082e+07   107.693 ( 85621      0)    73.763 (114688      0)
"U3-5stage_timestep"              345600   345600 4.665600e+09   1.657194e+07    67.826 ( 94499      0)    33.218 (327808      0)
"compute_and_apply_rhs"           345600   345600 2.332800e+10   1.632416e+07    67.080 ( 94499      0)    32.475 (327808      0)
"caar_bexchV"                     345600   345600 2.332800e+10   1.244657e+07    56.248 ( 94499      0)    20.058 ( 27072      0)
"advance_hypervis_dp"             345600   345600 4.665600e+09   1.450191e+07    53.637 (179583      0)    35.023 ( 95394      0)
"biwkdp3d_bexchV"                 345600   345600 1.399680e+10   5.421686e+06    24.338 (314499      0)    12.064 (316407      0)
"ahdp_bexchV2"                    345600   345600 1.399680e+10   5.401994e+06    23.874 (308347      0)    11.934 (316669      0)
"prim_step_advec"                 345600   345600 4.665600e+09   4.907770e+07   157.604 (115028      0)   124.878 ( 85621      0)
"PAT_remap"                       345600   345600 4.665600e+09   4.905126e+07   157.527 (115028      0)   124.802 ( 85621      0)
"prim_advec_tracers_remap_rk2"    345600   345600 4.665600e+09   4.901396e+07   157.417 (115028      0)   124.696 ( 85621      0)
"precomput_divdp"                 345600   345600 4.665600e+09   7.152836e+04     0.262 (199853      0)     0.191 (187536      0)
"euler_step_0"                    345600   345600 4.665600e+09   1.289194e+07    46.440 (310617      0)    31.493 ( 91680      0)
"bihmix_qminmax"                  345600   345600 1.399680e+10   2.204760e+07    78.343 (206144      0)    56.205 (179743      0)
"eus_neighbor_minmax1"            345600   345600 4.665600e+09   3.420526e+06    16.430 (154201      0)     7.442 ( 95278      0)
"nmm_bexchV"                      345600   345600 4.665600e+09   2.726874e+06    14.472 (154201      0)     5.452 ( 91159      0)
"eus_2d_advec"                    345600   345600 1.399680e+10   2.598808e+07    91.582 (114690      0)    63.666 (209013      0)
"eus_bexchV"                      345600   345600 1.399680e+10   1.071513e+07    47.668 (206146      0)    20.300 (209013      0)
"euler_step_1"                    345600   345600 4.665600e+09   9.303723e+06    32.632 (327680      0)    22.595 (222645      0)
"euler_step_2"                    345600   345600 4.665600e+09   2.618306e+07    85.630 (114690      0)    65.686 (306397      0)
"nmm_bexchS_start"                345600   345600 4.665600e+09   3.022098e+05     1.562 (190208      0)     0.572 ( 85212      0)
"biwksc_bexchV"                   345600   345600 4.665600e+09   4.856997e+06    24.352 (114346      0)     8.296 (179167      0)
"nmm_bexchS_fini"                 345600   345600 4.665600e+09   9.952984e+04     0.636 ( 87338      0)     0.251 (110914      0)
"qdp_tavg"                        345600   345600 4.665600e+09   4.294313e+05     1.671 (265603      0)     1.023 ( 88125      0)
"vertical_remap"                  345600   345600 1.555200e+09   4.918854e+06    16.140 ( 88960      0)    13.495 ( 98967      0)
"vertical_remap1_1"               345600   345600 1.555200e+09   3.199175e+05     1.049 (123521      0)     0.641 ( 78599      0)
"remap_Q_ppm"                     345600   345600 4.665600e+09   4.755828e+06    15.656 ( 88960      0)    13.208 ( 98967      0)
"vertical_remap1_2"               345600   345600 1.555200e+09   3.073387e+05     0.988 ( 51521      0)     0.863 (144141      0)
"vertical_remap1_3"               345600   345600 1.555200e+09   4.200294e+06    13.894 ( 88960      0)    11.682 (219586      0)
"prim_run_subcyle_diags"          345600   345600 1.555200e+09   2.017019e+05     0.782 (109623      0)     0.510 (224536      0)
"t_prf"                                0        0 0.000000e+00   0.000000e+00     0.000 (     0      0)     0.000 (     0      0)

