LAST_GIT_COMMIT_SHA:STRING=4790f40f2fb6acbc051ce4c988681a628c18e83d
11115640

***** GLOBAL STATISTICS ( 13824 MPI TASKS) *****

$Id: gptl.c,v 1.157 2011-03-28 20:55:18 rosinski Exp $
'count' is cumulative. All other stats are max/min
name                               processes  threads        count      walltotal   wallmax (proc   thrd  )   wallmin (proc   thrd  )
Total                                  13824    13824 1.382400e+04   2.576122e+06   186.443 (  7168      0)   186.269 (  1669      0)
prim_init1                             13824    13824 1.382400e+04   9.908357e+04     7.248 (   186      0)     6.759 (  1163      0)
repro_sum_int                          13824    13824 6.220800e+05   5.287862e+03     1.345 (  1163      0)     0.070 (  1920      0)
prim_init2                             13824    13824 1.382400e+04   1.731221e+04     2.177 ( 12176      0)     0.907 (  3558      0)
prim_printstate                        13824    13824 1.382400e+04   2.160859e+03     0.177 (  6059      0)     0.142 (  3521      0)
interp_movie_output                    13824    13824 2.764800e+04   6.675691e+01     0.029 (  6336      0)     0.000 ( 11666      0)
prim_main_loop                         13824    13824 1.382400e+04   1.594266e+06   115.426 (  6976      0)   115.244 (  1587      0)
prim_run                               13824    13824 2.488320e+06   1.594207e+06   115.423 (  6976      0)   115.239 (  1597      0)
tl-sc prim_run_subcycle_c              13824    13824 2.488320e+06   1.593716e+06   115.381 (  6977      0)   115.199 (  1583      0)
tl-sc dp3d-from-ps                     13824    13824 2.488320e+06   3.539277e+02     0.032 (  1792      0)     0.018 (  4675      0)
tl-sc prim_step-loop                   13824    13824 2.488320e+06   1.416867e+06   103.502 (  6871      0)   100.660 ( 12667      0)
tl-s prim_step                         13824    13824 7.464960e+06   1.416814e+06   103.498 (  6871      0)   100.656 ( 12667      0)
tl-s deep_copy+derived_dp              13824    13824 7.464960e+06   1.997123e+03     0.200 (  6242      0)     0.113 (  6726      0)
tl-s prim_advance_exp-loop             13824    13824 7.464960e+06   4.102601e+05    40.816 (   787      0)    21.487 (  6993      0)
tl-ae prim_advance_exp                 13824    13824 7.464960e+06   4.101451e+05    40.808 (   787      0)    21.478 (  6993      0)
tl-ae U3-5stage_timestep               13824    13824 7.464960e+06   2.066433e+05    24.276 (   793      0)    10.689 (  7026      0)
caar compute                           13824    13824 3.732480e+07   7.339577e+04     6.847 (  6976      0)     4.434 (   806      0)
caar_bexchV                            13824    13824 3.732480e+07   1.297173e+05    19.239 (   790      0)     3.863 ( 13696      0)
tl-ae advance_hypervis_dp              13824    13824 7.464960e+06   2.033518e+05    22.007 (  1148      0)    10.398 (  7003      0)
hvf-bhwk                               13824    13824 2.239488e+07   1.158505e+05    12.746 (  1154      0)     6.334 (  7502      0)
hvf-bexch                              13824    13824 4.478976e+07   1.367655e+05    17.289 (  1149      0)     4.776 (  6994      0)
tl-s prim_advec_tracers_remap          13824    13824 7.464960e+06   1.004329e+06    80.526 (  6993      0)    61.972 (   787      0)
tl-at prim_advec_tracers_remap_RK2     13824    13824 7.464960e+06   1.004247e+06    80.520 (  6993      0)    61.967 (   787      0)
tl-at precompute_divdp                 13824    13824 7.464960e+06   1.820616e+03     0.219 (  6976      0)     0.099 (  8009      0)
tl-at esf-0                            13824    13824 7.464960e+06   2.719444e+05    23.963 (  6993      0)    16.526 (  6749      0)
tl-at esf-1                            13824    13824 7.464960e+06   2.158880e+05    18.782 (  7447      0)    12.943 (   780      0)
tl-at esf-2                            13824    13824 7.464960e+06   4.874769e+05    38.709 (  1095      0)    30.132 (   789      0)
tl-at qdp_time_avg                     13824    13824 7.464960e+06   2.670918e+04     2.317 (  9739      0)     1.498 (   816      0)
tl-sc vertical_remap                   13824    13824 2.488320e+06   1.573405e+05    13.182 ( 12667      0)    10.481 (  6847      0)
Remap Thickness Functor                13824    13824 2.488320e+06   1.166619e+03     0.102 (  7025      0)     0.067 (  4426      0)
Remap Scale States Functor             13824    13824 2.488320e+06   5.723455e+02     0.059 (   127      0)     0.028 (  5823      0)
Remap Compute Grids Functor            13824    13824 2.488320e+06   5.884669e+03     0.510 (  7020      0)     0.357 (  2290      0)
Remap Compute Remap Functor            13824    13824 2.488320e+06   1.482735e+05    12.438 ( 12667      0)     9.902 (  6871      0)
Remap Rescale States Functor           13824    13824 2.488320e+06   5.676092e+02     0.056 ( 11935      0)     0.038 (  6895      0)
tl-sc Q-from-qdp                       13824    13824 2.488320e+06   1.907888e+04     1.569 (  6976      0)     1.332 (  3452      0)
t_prf                                      0        0 0.000000e+00   0.000000e+00     0.000 (     0      0)     0.000 (     0      0)

