LAST_GIT_COMMIT_SHA:STRING=adf77c97ed8425a245449f2582d2441f4b72da1e
11115623

***** GLOBAL STATISTICS (  4608 MPI TASKS) *****

$Id: gptl.c,v 1.157 2011-03-28 20:55:18 rosinski Exp $
'count' is cumulative. All other stats are max/min
name                           processes  threads        count      walltotal   wallmax (proc   thrd  )   wallmin (proc   thrd  )
"Total"                             4608     4608 4.608000e+03   1.152275e+06   250.411 (  4170      0)   249.731 (   402      0)
"prim_init1"                        4608     4608 4.608000e+03   2.803481e+04     6.164 (   448      0)     5.653 (  3211      0)
"PartitioningTime"                  4608     4608 4.608000e+03   6.291984e+01     0.018 (  4032      0)     0.011 (  4492      0)
"repro_sum_int"                     4608     4608 2.073600e+05   9.652017e+02     0.697 (  4056      0)     0.058 (  1600      0)
"prim_init2"                        4608     9216 9.216000e+03   3.757916e+03     0.902 (  3235      0)     0.262 (   335      1)
"prim_printstate"                   4608     9216 9.216000e+03   9.894020e+02     0.113 (     0      0)     0.105 (  3303      1)
"interp_movie_output"               4608     4608 9.216000e+03   1.115995e+01     0.005 (  4371      0)     0.000 (    36      0)
"prim_main_loop"                    4608     4608 4.608000e+03   8.288888e+05   180.232 (  4206      0)   179.548 (   402      0)
"prim_run"                          4608     9216 5.529600e+05   1.657757e+06   180.230 (  4176      0)   179.544 (   402      0)
"ApplyCAMForcing"                   4608     9216 5.529600e+05   1.535499e+04     3.005 (  4193      0)     1.157 (   392      1)
"prim_step_rX"                      4608     9216 1.658880e+06   1.512577e+06   166.032 (  3273      0)   162.265 (  4190      1)
"prim_step_dyn"                     4608     9216 1.658880e+06   4.438380e+05    63.129 (   792      1)    25.979 (  4198      0)
"prim_advance_exp"                  4608     9216 1.658880e+06   4.438122e+05    63.126 (   792      1)    25.976 (  4198      0)
"U3-5stage_timestep"                4608     9216 1.658880e+06   2.237329e+05    41.675 (  3312      1)    12.987 (   389      0)
"compute_and_apply_rhs"             4608     9216 8.294400e+06   2.225041e+05    41.556 (  3312      1)    12.841 (   389      0)
"caar_bexchV"                       4608     9216 8.294400e+06   1.420671e+05    33.811 (  3312      1)     2.046 (  4196      0)
"advance_hypervis_dp"               4608     9216 1.658880e+06   2.200365e+05    37.152 (   791      0)    12.729 (  4214      1)
"biwkdp3d_bexchV"                   4608     9216 4.976640e+06   7.169089e+04    17.780 (  2220      1)     1.046 (  4210      0)
"ahdp_bexchV2"                      4608     9216 4.976640e+06   7.113058e+04    17.639 (  2221      1)     1.294 (  4160      0)
"prim_step_advec"                   4608     9216 1.658880e+06   1.066380e+06   136.498 (  4198      0)   101.194 (   792      1)
"PAT_remap"                         4608     9216 1.658880e+06   1.066364e+06   136.496 (  4198      0)   101.193 (   792      1)
"prim_advec_tracers_remap_rk2"      4608     9216 1.658880e+06   1.066343e+06   136.494 (  4198      0)   101.190 (   792      1)
"precomput_divdp"                   4608     9216 1.658880e+06   1.455601e+03     0.281 (  1735      0)     0.126 (  1783      1)
"euler_step_0"                      4608     9216 1.658880e+06   2.804005e+05    40.892 (  2239      0)    22.805 (   776      1)
"bihmix_qminmax"                    4608     9216 4.976640e+06   4.828395e+05    76.927 (   389      0)    44.066 (   699      1)
"eus_neighbor_minmax1"              4608     9216 1.658880e+06   6.255564e+04    16.229 (  4460      1)     3.294 (  4360      0)
"nmm_bexchV"                        4608     9216 1.658880e+06   3.527627e+04    14.153 (  4378      1)     1.322 (  1831      0)
"eus_2d_advec"                      4608     9216 4.976640e+06   5.621505e+05    74.258 (  4464      1)    51.738 (   655      1)
"eus_bexchV"                        4608     9216 4.976640e+06   1.678421e+05    33.229 (  4377      1)    10.654 (  1992      0)
"euler_step_1"                      4608     9216 1.658880e+06   2.019543e+05    33.153 (  4465      0)    17.947 (   649      1)
"euler_step_2"                      4608     9216 1.658880e+06   5.628172e+05    82.029 (   392      1)    52.616 (   668      1)
"nmm_bexchS_start"                  4608     9216 1.658880e+06   1.381580e+03     1.627 (  4190      1)     0.009 (  4063      1)
"biwksc_bexchV"                     4608     9216 1.658880e+06   5.945598e+04    19.971 (   392      1)     2.484 (   426      1)
"nmm_bexchS_fini"                   4608     9216 1.658880e+06   1.144727e+04    17.913 (   389      1)     0.008 (   389      0)
"qdp_tavg"                          4608     9216 1.658880e+06   1.962336e+04     4.477 (  4169      0)     1.034 (   816      0)
"vertical_remap"                    4608     9216 5.529600e+05   1.159763e+05    14.113 (  1329      0)    11.251 (  3297      1)
"vertical_remap1_1"                 4608     9216 2.073600e+07   4.958381e+03     0.605 (  4473      0)     0.466 (  3264      1)
"remap_Q_ppm"                       4608     9216 6.220800e+07   1.139320e+05    13.869 (  1329      0)    11.044 (  3297      1)
"vertical_remap1_2"                 4608     9216 2.073600e+07   7.070217e+03     0.859 (  4472      0)     0.664 (  3285      1)
"vertical_remap1_3"                 4608     9216 2.073600e+07   1.027146e+05    12.535 (  1329      0)     9.960 (  3297      1)
"prim_run_subcyle_diags"            4608     9216 5.529600e+05   7.893148e+03     1.785 (  4207      0)     0.423 (   423      1)
"t_prf"                                0        0 0.000000e+00   0.000000e+00     0.000 (     0      0)     0.000 (     0      0)

