LAST_GIT_COMMIT_SHA:STRING=4790f40f2fb6acbc051ce4c988681a628c18e83d
11115642

***** GLOBAL STATISTICS (115200 MPI TASKS) *****

$Id: gptl.c,v 1.157 2011-03-28 20:55:18 rosinski Exp $
'count' is cumulative. All other stats are max/min
name                               processes  threads        count      walltotal   wallmax (proc   thrd  )   wallmin (proc   thrd  )
Total                                 115200   115200 1.152000e+05   3.117551e+07   271.029 (    30      0)   270.332 ( 87435      0)
prim_init1                            115200   115200 1.152000e+05   1.361688e+06    12.314 ( 65598      0)    11.161 ( 92452      0)
repro_sum_int                         115200   115200 5.184000e+06   3.673868e+05    11.340 ( 83479      0)     0.349 (104220      0)
prim_init2                            115200   115200 1.152000e+05   8.867999e+05    15.327 ( 97885      0)     4.674 (102801      0)
prim_printstate                       115200   115200 1.152000e+05   6.307948e+04     0.679 (     0      0)     0.441 ( 51980      0)
interp_movie_output                   115200   115200 2.304000e+05   3.465102e+03     0.077 ( 35279      0)     0.011 ( 88786      0)
prim_main_loop                        115200   115200 1.152000e+05   2.075109e+07   180.231 ( 24011      0)   179.923 ( 81248      0)
prim_run                              115200   115200 1.728000e+08   2.074676e+07   180.205 ( 21431      0)   179.853 ( 81232      0)
tl-sc prim_run_subcycle_c             115200   115200 1.728000e+08   2.071931e+07   179.948 ( 23630      0)   179.742 ( 85881      0)
tl-sc dp3d-from-ps                    115200   115200 1.728000e+08   1.200036e+04     0.145 ( 80384      0)     0.076 ( 22978      0)
tl-sc prim_step-loop                  115200   115200 1.728000e+08   1.910567e+07   166.779 ( 34223      0)   163.031 ( 11331      0)
tl-s prim_step                        115200   115200 5.184000e+08   1.910246e+07   166.753 ( 34223      0)   163.005 ( 11331      0)
tl-s deep_copy+derived_dp             115200   115200 5.184000e+08   2.430517e+04     0.256 ( 92736      0)     0.194 ( 93003      0)
tl-s prim_advance_exp-loop            115200   115200 5.184000e+08   8.170507e+06    79.151 ( 47230      0)    58.623 (     0      0)
tl-ae prim_advance_exp                115200   115200 5.184000e+08   8.163526e+06    79.090 ( 47230      0)    58.567 (     0      0)
tl-ae U3-5stage_timestep              115200   115200 5.184000e+08   4.005982e+06    45.647 ( 45288      0)    27.456 ( 55040      0)
caar compute                          115200   115200 2.592000e+09   8.290327e+05     8.537 ( 65408      0)     6.566 ( 60596      0)
caar_bexchV                           115200   115200 2.592000e+09   3.100423e+06    38.193 ( 45288      0)    18.422 (     0      0)
tl-ae advance_hypervis_dp             115200   115200 5.184000e+08   4.149812e+06    43.105 ( 60400      0)    30.101 (     3      0)
hvf-bhwk                              115200   115200 1.555200e+09   2.220397e+06    23.721 ( 95556      0)    16.030 (     2      0)
hvf-bexch                             115200   115200 3.110400e+09   3.329582e+06    35.968 ( 60400      0)    22.163 (     0      0)
tl-s prim_advec_tracers_remap         115200   115200 5.184000e+08   1.089488e+07   105.193 ( 24115      0)    86.689 ( 47204      0)
tl-at prim_advec_tracers_remap_RK2    115200   115200 5.184000e+08   1.088980e+07   105.149 ( 24115      0)    86.645 ( 47204      0)
tl-at precompute_divdp                115200   115200 5.184000e+08   3.433147e+04     0.532 ( 84672      0)     0.218 ( 85678      0)
tl-at esf-0                           115200   115200 5.184000e+08   3.026478e+06    31.573 ( 20259      0)    22.448 ( 51032      0)
tl-at esf-1                           115200   115200 5.184000e+08   2.146903e+06    21.868 ( 65479      0)    16.516 ( 54744      0)
tl-at esf-2                           115200   115200 5.184000e+08   5.471817e+06    52.858 ( 24510      0)    42.356 ( 47203      0)
tl-at qdp_time_avg                    115200   115200 5.184000e+08   1.875828e+05     1.897 ( 72944      0)     1.414 ( 37262      0)
tl-sc vertical_remap                  115200   115200 1.728000e+08   1.439844e+06    15.255 ( 11331      0)    11.589 ( 34223      0)
Remap Thickness Functor               115200   115200 1.728000e+08   2.727308e+04     0.336 ( 20864      0)     0.164 (100972      0)
Remap Scale States Functor            115200   115200 1.728000e+08   1.364164e+04     0.214 (  3307      0)     0.078 ( 57334      0)
Remap Compute Grids Functor           115200   115200 1.728000e+08   7.239226e+04     0.774 (  9230      0)     0.541 ( 45436      0)
Remap Compute Remap Functor           115200   115200 1.728000e+08   1.247455e+06    13.587 ( 11331      0)    10.086 ( 74697      0)
Remap Rescale States Functor          115200   115200 1.728000e+08   1.047258e+04     0.140 ( 50496      0)     0.069 (110700      0)
tl-sc Q-from-qdp                      115200   115200 1.728000e+08   1.572370e+05     1.536 (  1856      0)     1.347 (107964      0)
t_prf                                      0        0 0.000000e+00   0.000000e+00     0.000 (     0      0)     0.000 (     0      0)

