
***** GLOBAL STATISTICS ( 24576 MPI TASKS) *****

$Id: gptl.c,v 1.157 2011-03-28 20:55:18 rosinski Exp $
'count' is cumulative. All other stats are max/min
name                           processes  threads        count      walltotal   wallmax (proc   thrd  )   wallmin (proc   thrd  )
"Total"                            24576    24576 2.457600e+04   8.309993e+06   338.183 ( 12523      0)   338.064 ( 18124      0)
"prim_init1"                       24576    24576 2.457600e+04   1.114783e+05     4.647 ( 13222      0)     4.402 ( 21213      0)
"PartitioningTime"                 24576    24576 2.457600e+04   2.495263e+02     0.054 ( 20190      0)     0.001 ( 18757      0)
"repro_sum_int"                    24576    24576 1.105920e+06   2.588556e+04     3.122 (    23      0)     0.139 ( 14121      0)
"prim_init2"                       24576    24576 2.457600e+04   3.492568e+04     3.492 (    33      0)     0.525 ( 16854      0)
"prim_printstate"                  24576    24576 2.457600e+04   4.472437e+03     0.217 ( 20370      0)     0.162 ( 19521      0)
"interp_movie_output"              24576    24576 4.915200e+04   4.093421e+02     0.038 ( 20645      0)     0.002 (  9297      0)
"prim_main_loop"                   24576    24576 2.457600e+04   8.007166e+06   325.842 ( 22270      0)   325.768 (  3189      0)
"prim_run"                         24576    24576 1.258291e+08   8.006379e+06   325.815 ( 21205      0)   325.737 (  2304      0)
"ApplyCAMForcing"                  24576    24576 1.258291e+08   4.075800e+04     1.887 ( 19968      0)     1.452 ( 22012      0)
"prim_step_rX"                     24576    24576 3.774874e+08   7.467455e+06   304.477 ( 23918      0)   300.622 (  8128      0)
"prim_step_dyn"                    24576    24576 3.774874e+08   3.282350e+06   153.486 (  1888      0)   104.891 ( 22528      0)
"prim_advance_exp"                 24576    24576 3.774874e+08   3.279138e+06   153.353 (  1888      0)   104.755 ( 22528      0)
"U3-5stage_timestep"               24576    24576 3.774874e+08   1.658341e+06    95.732 ( 23836      0)    45.511 ( 21184      0)
"compute_and_apply_rhs"            24576    24576 1.887437e+09   1.643020e+06    95.140 ( 23836      0)    44.840 ( 21184      0)
"caar_bexchV"                      24576    24576 1.887437e+09   1.363345e+06    84.204 ( 23836      0)    31.412 ( 21184      0)
"advance_hypervis_dp"              24576    24576 3.774874e+08   1.615987e+06    84.277 (  1166      0)    53.872 (  6152      0)
"biwkdp3d_bexchV"                  24576    24576 1.132462e+09   6.608412e+05    37.454 (  1154      0)    20.234 (  6148      0)
"ahdp_bexchV2"                     24576    24576 1.132462e+09   6.556425e+05    37.046 (  1166      0)    18.954 (  7511      0)
"prim_step_advec"                  24576    24576 3.774874e+08   4.174832e+06   196.022 ( 22528      0)   149.893 (  1888      0)
"PAT_remap"                        24576    24576 3.774874e+08   4.172799e+06   195.927 ( 22528      0)   149.815 (  1888      0)
"prim_advec_tracers_remap_rk2"     24576    24576 3.774874e+08   4.169767e+06   195.788 ( 22528      0)   149.687 (  1888      0)
"precomput_divdp"                  24576    24576 3.774874e+08   5.921860e+03     0.284 (  5568      0)     0.220 (    42      0)
"euler_step_0"                     24576    24576 3.774874e+08   1.138345e+06    58.828 ( 18190      0)    38.821 (  6242      0)
"bihmix_qminmax"                   24576    24576 1.132462e+09   1.848897e+06    89.729 ( 20416      0)    67.627 ( 13614      0)
"eus_neighbor_minmax1"             24576    24576 3.774874e+08   3.278701e+05    22.755 (  1186      0)     9.851 (  6248      0)
"nmm_bexchV"                       24576    24576 3.774874e+08   2.772696e+05    20.792 (  1186      0)     7.816 (  6248      0)
"eus_2d_advec"                     24576    24576 1.132462e+09   2.248620e+06   110.822 ( 22530      0)    77.533 (  1866      0)
"eus_bexchV"                       24576    24576 1.132462e+09   1.014468e+06    60.917 ( 18434      0)    28.329 ( 21621      0)
"euler_step_1"                     24576    24576 3.774874e+08   8.151759e+05    42.424 ( 11264      0)    27.290 (  6325      0)
"euler_step_2"                     24576    24576 3.774874e+08   2.165274e+06   102.857 ( 23874      0)    76.825 (  4471      0)
"nmm_bexchS_start"                 24576    24576 3.774874e+08   2.512863e+04     1.926 ( 11264      0)     0.660 ( 15522      0)
"biwksc_bexchV"                    24576    24576 3.774874e+08   4.081392e+05    25.611 (  6762      0)    10.655 (  1056      0)
"nmm_bexchS_fini"                  24576    24576 3.774874e+08   7.520144e+03     0.834 ( 17450      0)     0.263 ( 19608      0)
"qdp_tavg"                         24576    24576 3.774874e+08   3.440073e+04     1.775 ( 16771      0)     1.156 ( 16573      0)
"vertical_remap"                   24576    24576 1.258291e+08   4.710854e+05    22.263 (  8128      0)    18.671 ( 21602      0)
"vertical_remap1_1"                24576    24576 1.258291e+08   2.307503e+04     1.076 (   768      0)     0.857 (  9539      0)
"remap_Q_ppm"                      24576    24576 3.774874e+08   4.627833e+05    21.906 (  8128      0)    18.336 ( 18542      0)
"vertical_remap1_2"                24576    24576 1.258291e+08   2.940078e+04     1.366 (   448      0)     1.155 (  9010      0)
"vertical_remap1_3"                24576    24576 1.258291e+08   4.137328e+05    19.692 (  8128      0)    16.362 (  6210      0)
"prim_run_subcyle_diags"           24576    24576 1.258291e+08   1.543675e+04     0.813 (  5248      0)     0.468 ( 15720      0)
"t_prf"                                0        0 0.000000e+00   0.000000e+00     0.000 (     0      0)     0.000 (     0      0)

