
***** GLOBAL STATISTICS ( 43200 MPI TASKS) *****

$Id: gptl.c,v 1.157 2011-03-28 20:55:18 rosinski Exp $
'count' is cumulative. All other stats are max/min
name                               processes  threads        count      walltotal   wallmax (proc   thrd  )   wallmin (proc   thrd  )
Total                                  43200    43200 4.320000e+04   1.061632e+07   246.408 (  3008      0)   244.720 ( 34925      0)
prim_init1                             43200    43200 4.320000e+04   5.734397e+05    13.836 ( 11776      0)    12.908 ( 33925      0)
repro_sum_int                          43200    43200 1.944000e+06   1.189626e+05    12.768 (    26      0)     0.225 ( 42656      0)
prim_init2                             43200    43200 4.320000e+04   3.032416e+05    15.735 ( 28486      0)     3.600 ( 32715      0)
prim_printstate                        43200    43200 4.320000e+04   1.601552e+04     0.461 (  8013      0)     0.299 (  5062      0)
interp_movie_output                    43200    43200 8.640000e+04   5.354544e+02     0.103 (  2342      0)     0.000 ( 17371      0)
prim_main_loop                         43200    43200 4.320000e+04   8.571612e+06   199.002 ( 28913      0)   197.465 ( 42648      0)
prim_run                               43200    43200 9.720000e+07   8.570292e+06   198.971 (  3633      0)   197.438 ( 24320      0)
tl-sc prim_run_subcycle_c              43200    43200 9.720000e+07   8.518211e+06   197.265 ( 24756      0)   196.978 ( 31104      0)
tl-sc dp3d-from-ps                     43200    43200 9.720000e+07   2.361914e+03     0.185 ( 28160      0)     0.027 ( 22223      0)
tl-sc prim_step-loop                   43200    43200 9.720000e+07   7.810689e+06   182.254 ( 22640      0)   178.515 ( 18304      0)
tl-s prim_step                         43200    43200 2.916000e+08   7.809260e+06   182.224 ( 22640      0)   178.480 ( 18304      0)
tl-s deep_copy+derived_dp              43200    43200 2.916000e+08   9.231227e+03     0.371 (  4608      0)     0.181 ( 25983      0)
tl-s prim_advance_exp-loop             43200    43200 2.916000e+08   3.014266e+06    83.955 ( 22820      0)    55.324 ( 17408      0)
tl-ae prim_advance_exp                 43200    43200 2.916000e+08   3.012407e+06    83.918 ( 22820      0)    55.278 ( 17408      0)
tl-ae U3-5stage_timestep               43200    43200 2.916000e+08   1.516091e+06    48.066 ( 23062      0)    25.068 ( 28544      0)
caar compute                           43200    43200 1.458000e+09   2.990920e+05     8.210 (  2816      0)     6.440 (  9957      0)
caar_bexchV                            43200    43200 1.458000e+09   1.185908e+06    40.524 ( 23062      0)    16.278 (  7296      0)
tl-ae advance_hypervis_dp              43200    43200 2.916000e+08   1.492919e+06    46.150 ( 27207      0)    27.330 ( 10153      0)
hvf-bhwk                               43200    43200 8.748000e+08   7.931049e+05    26.600 ( 27207      0)    14.426 ( 10152      0)
hvf-bexch                              43200    43200 1.749600e+09   1.220893e+06    40.052 ( 27205      0)    20.831 ( 10153      0)
tl-s prim_advec_tracers_remap          43200    43200 2.916000e+08   4.781836e+06   123.910 (  4757      0)    97.533 ( 22820      0)
tl-at prim_advec_tracers_remap_RK2     43200    43200 2.916000e+08   4.779655e+06   123.854 (  4757      0)    97.489 ( 22820      0)
tl-at precompute_divdp                 43200    43200 2.916000e+08   1.018372e+04     0.435 ( 41536      0)     0.179 ( 25482      0)
tl-at esf-0                            43200    43200 2.916000e+08   1.257860e+06    35.726 ( 33557      0)    24.568 (  2960      0)
tl-at esf-1                            43200    43200 2.916000e+08   8.984893e+05    24.274 ( 24640      0)    18.139 ( 25369      0)
tl-at esf-2                            43200    43200 2.916000e+08   2.522840e+06    67.741 (  4764      0)    47.364 ( 25375      0)
tl-at qdp_time_avg                     43200    43200 2.916000e+08   7.967830e+04     2.142 (  3198      0)     1.627 ( 26808      0)
tl-sc vertical_remap                   43200    43200 9.720000e+07   6.375700e+05    16.745 ( 17152      0)    13.388 ( 22640      0)
Remap Thickness Functor                43200    43200 9.720000e+07   7.674876e+03     0.305 ( 28288      0)     0.101 ( 14022      0)
Remap Scale States Functor             43200    43200 9.720000e+07   3.202819e+03     0.206 ( 36960      0)     0.045 ( 40383      0)
Remap Compute Grids Functor            43200    43200 9.720000e+07   2.350171e+04     0.733 ( 26688      0)     0.477 (  7445      0)
Remap Compute Remap Functor            43200    43200 9.720000e+07   5.890484e+05    15.567 ( 17152      0)    12.496 ( 12891      0)
Remap Rescale States Functor           43200    43200 9.720000e+07   2.922446e+03     0.094 ( 23969      0)     0.063 ( 25070      0)
tl-sc Q-from-qdp                       43200    43200 9.720000e+07   6.556554e+04     1.856 ( 13696      0)     1.504 ( 25225      0)
t_prf                                      0        0 0.000000e+00   0.000000e+00     0.000 (     0      0)     0.000 (     0      0)

