
***** GLOBAL STATISTICS (  1152 MPI TASKS) *****

$Id: gptl.c,v 1.157 2011-03-28 20:55:18 rosinski Exp $
'count' is cumulative. All other stats are max/min
name                               processes  threads        count      walltotal   wallmax (proc   thrd  )   wallmin (proc   thrd  )
Total                                   1152     1152 1.152000e+03   1.878770e+05   163.241 (   128      0)   162.908 (   606      0)
prim_init1                              1152     1152 1.152000e+03   1.865369e+03     1.646 (   896      0)     1.521 (   340      0)
repro_sum_int                           1152     1152 5.184000e+04   1.019818e+02     0.208 (   368      0)     0.035 (   957      0)
prim_init2                              1152     1152 1.152000e+03   1.433058e+03     1.366 (   362      0)     1.193 (   901      0)
prim_printstate                         1152     1152 1.152000e+03   2.256727e+02     0.200 (     0      0)     0.195 (   545      0)
interp_movie_output                     1152     1152 2.304000e+03   6.181796e-01     0.001 (   678      0)     0.000 (  1036      0)
prim_main_loop                          1152     1152 1.152000e+03   1.667481e+05   144.899 (   128      0)   144.566 (   606      0)
prim_run                                1152     1152 6.912000e+04   1.667470e+05   144.898 (   128      0)   144.565 (   603      0)
tl-sc prim_run_subcycle_c               1152     1152 6.912000e+04   1.666651e+05   144.819 (   160      0)   144.520 (   606      0)
tl-sc dp3d-from-ps                      1152     1152 6.912000e+04   1.858219e+01     0.018 (   320      0)     0.015 (   288      0)
tl-sc prim_step-loop                    1152     1152 6.912000e+04   1.489092e+05   130.134 (   156      0)   127.949 (  1088      0)
tl-s prim_step                          1152     1152 2.073600e+05   1.489081e+05   130.133 (   156      0)   127.948 (  1088      0)
tl-s deep_copy+derived_dp               1152     1152 2.073600e+05   1.734583e+02     0.201 (   918      0)     0.131 (   688      0)
tl-s prim_advance_exp-loop              1152     1152 2.073600e+05   4.374070e+04    54.857 (   483      0)    17.779 (   158      0)
tl-ae prim_advance_exp                  1152     1152 2.073600e+05   4.373844e+04    54.855 (   483      0)    17.776 (   158      0)
tl-ae U3-5stage_timestep                1152     1152 2.073600e+05   2.325045e+04    37.367 (   227      0)     8.857 (   158      0)
caar compute                            1152     1152 1.036800e+06   6.591416e+03     6.400 (  1024      0)     5.414 (   221      0)
caar_bexchV                             1152     1152 1.036800e+06   1.638264e+04    31.605 (   227      0)     2.773 (   158      0)
tl-ae advance_hypervis_dp               1152     1152 2.073600e+05   2.048430e+04    33.356 (   408      0)     8.805 (   276      0)
hvf-bhwk                                1152     1152 6.220800e+05   1.157945e+04    19.539 (   407      0)     5.337 (   155      0)
hvf-bexch                               1152     1152 1.244160e+06   1.454794e+04    28.444 (   408      0)     3.329 (   256      0)
tl-s prim_advec_tracers_remap           1152     1152 2.073600e+05   1.049897e+05   112.158 (   158      0)    74.464 (   483      0)
tl-at prim_advec_tracers_remap_RK2      1152     1152 2.073600e+05   1.049879e+05   112.156 (   158      0)    74.463 (   483      0)
tl-at precompute_divdp                  1152     1152 2.073600e+05   1.531445e+02     0.262 (   128      0)     0.097 (   383      0)
tl-at esf-0                             1152     1152 2.073600e+05   2.860601e+04    33.686 (   160      0)    18.744 (   813      0)
tl-at esf-1                             1152     1152 2.073600e+05   2.085009e+04    26.429 (   155      0)    14.472 (    44      0)
tl-at esf-2                             1152     1152 2.073600e+05   5.286990e+04    56.891 (   254      0)    35.135 (   422      0)
tl-at qdp_time_avg                      1152     1152 2.073600e+05   2.498982e+03     3.190 (   177      0)     1.756 (   716      0)
tl-sc vertical_remap                    1152     1152 6.912000e+04   1.595522e+04    15.042 (   897      0)    13.088 (   291      0)
Remap Thickness Functor                 1152     1152 6.912000e+04   8.339463e+01     0.087 (   564      0)     0.068 (   276      0)
Remap Scale States Functor              1152     1152 6.912000e+04   4.115509e+01     0.052 (   940      0)     0.027 (   688      0)
Remap Compute Grids Functor             1152     1152 6.912000e+04   5.584276e+02     0.580 (   128      0)     0.447 (   883      0)
Remap Compute Remap Functor             1152     1152 6.912000e+04   1.521173e+04    14.396 (   897      0)    12.471 (   291      0)
Remap Rescale States Functor            1152     1152 6.912000e+04   5.279899e+01     0.056 (   128      0)     0.042 (   678      0)
tl-sc Q-from-qdp                        1152     1152 6.912000e+04   1.780142e+03     1.695 (  1088      0)     1.524 (   750      0)
t_prf                                      0        0 0.000000e+00   0.000000e+00     0.000 (     0      0)     0.000 (     0      0)

