
***** GLOBAL STATISTICS (  3072 MPI TASKS) *****

$Id: gptl.c,v 1.157 2011-03-28 20:55:18 rosinski Exp $
'count' is cumulative. All other stats are max/min
name                           processes  threads        count      walltotal   wallmax (proc   thrd  )   wallmin (proc   thrd  )
"Total"                             3072     3072 3.072000e+03   2.473044e+05    80.522 (  1024      0)    80.480 (    80      0)
"prim_init1"                        3072     3072 3.072000e+03   9.509116e+02     0.317 (     0      0)     0.301 (  1642      0)
"PartitioningTime"                  3072     3072 3.072000e+03   4.107884e+00     0.003 (   239      0)     0.000 (  2498      0)
"repro_sum_int"                     3072     3072 1.382400e+05   2.989151e+02     0.239 (  2876      0)     0.036 (  1493      0)
"prim_init2"                        3072     3072 3.072000e+03   4.326786e+02     0.281 (  2751      0)     0.082 (  1525      0)
"prim_printstate"                   3072     3072 3.072000e+03   1.643912e+02     0.059 (     0      0)     0.052 (  2776      0)
"interp_movie_output"               3072     3072 6.144000e+03   1.906714e+00     0.002 (  1156      0)     0.000 (  2945      0)
"prim_main_loop"                    3072     3072 3.072000e+03   2.424557e+05    78.943 (  2688      0)    78.905 (   284      0)
"prim_run"                          3072     3072 2.457600e+06   2.424417e+05    78.938 (  2688      0)    78.900 (   284      0)
"ApplyCAMForcing"                   3072     3072 2.457600e+06   1.639956e+03     0.611 (  2240      0)     0.465 (  2685      0)
"prim_step_rX"                      3072     3072 7.372800e+06   2.211894e+05    72.175 (  2980      0)    71.239 (  1152      0)
"prim_step_dyn"                     3072     3072 7.372800e+06   7.936806e+04    30.530 (  2620      0)    20.714 (  2048      0)
"prim_advance_exp"                  3072     3072 7.372800e+06   7.930603e+04    30.510 (  2620      0)    20.689 (  2048      0)
"U3-5stage_timestep"                3072     3072 7.372800e+06   4.166869e+04    18.577 (   872      0)     9.079 (  2176      0)
"compute_and_apply_rhs"             3072     3072 3.686400e+07   4.125826e+04    18.447 (   872      0)     8.931 (  2176      0)
"caar_bexchV"                       3072     3072 3.686400e+07   3.033301e+04    15.077 (   872      0)     4.717 (  1408      0)
"advance_hypervis_dp"               3072     3072 7.372800e+06   3.753435e+04    14.545 (  2222      0)    10.493 (  2947      0)
"biwkdp3d_bexchV"                   3072     3072 2.211840e+07   1.289989e+04     5.955 (  2212      0)     3.097 (  2944      0)
"ahdp_bexchV2"                      3072     3072 2.211840e+07   1.269593e+04     5.785 (  2216      0)     3.165 (  3008      0)
"prim_step_advec"                   3072     3072 7.372800e+06   1.414801e+05    50.568 (  2048      0)    41.439 (  2620      0)
"PAT_remap"                         3072     3072 7.372800e+06   1.414390e+05    50.554 (  2048      0)    41.425 (  2620      0)
"prim_advec_tracers_remap_rk2"      3072     3072 7.372800e+06   1.413763e+05    50.531 (  2048      0)    41.406 (  2620      0)
"precomput_divdp"                   3072     3072 7.372800e+06   2.179456e+02     0.081 (   640      0)     0.067 (   815      0)
"euler_step_0"                      3072     3072 7.372800e+06   3.568898e+04    13.501 (  2018      0)    10.008 (   357      0)
"bihmix_qminmax"                    3072     3072 2.211840e+07   6.352408e+04    24.716 (  2048      0)    18.576 (  2526      0)
"eus_neighbor_minmax1"              3072     3072 7.372800e+06   8.418748e+03     3.969 (  3061      0)     2.104 (   833      0)
"nmm_bexchV"                        3072     3072 7.372800e+06   6.359646e+03     3.295 (  3064      0)     1.411 (   357      0)
"eus_2d_advec"                      3072     3072 2.211840e+07   7.549619e+04    29.333 (  2054      0)    21.588 (  2595      0)
"eus_bexchV"                        3072     3072 2.211840e+07   2.576582e+04    13.269 (  2054      0)     4.552 (  2752      0)
"euler_step_1"                      3072     3072 7.372800e+06   2.735274e+04     9.958 (  2688      0)     7.962 (   873      0)
"euler_step_2"                      3072     3072 7.372800e+06   7.642683e+04    27.779 (  2937      0)    22.108 (  2619      0)
"nmm_bexchS_start"                  3072     3072 7.372800e+06   4.563456e+02     0.262 (   640      0)     0.086 (   987      0)
"biwksc_bexchV"                     3072     3072 7.372800e+06   1.195189e+04     6.385 (  2943      0)     2.175 (  2526      0)
"nmm_bexchS_fini"                   3072     3072 7.372800e+06   2.991873e+02     0.145 (  1578      0)     0.088 (  2972      0)
"qdp_tavg"                          3072     3072 7.372800e+06   1.462039e+03     0.569 (  2247      0)     0.409 (  2691      0)
"vertical_remap"                    3072     3072 2.457600e+06   1.857902e+04     6.794 (  1152      0)     5.904 (  1305      0)
"vertical_remap1_1"                 3072     3072 4.915200e+06   8.220778e+02     0.295 (  2241      0)     0.251 (  1223      0)
"remap_Q_ppm"                       3072     3072 1.474560e+07   1.828267e+04     6.688 (  1152      0)     5.815 (  1305      0)
"vertical_remap1_2"                 3072     3072 4.915200e+06   1.146702e+03     0.410 (  2048      0)     0.360 (  1201      0)
"vertical_remap1_3"                 3072     3072 4.915200e+06   1.642889e+04     6.043 (  1152      0)     5.221 (  1436      0)
"prim_run_subcyle_diags"            3072     3072 2.457600e+06   6.798440e+02     0.291 (  2001      0)     0.177 (   860      0)
"t_prf"                                0        0 0.000000e+00   0.000000e+00     0.000 (     0      0)     0.000 (     0      0)

