
***** GLOBAL STATISTICS (    64 MPI TASKS) *****

$Id: gptl.c,v 1.157 2011-03-28 20:55:18 rosinski Exp $
'count' is cumulative. All other stats are max/min
name                           processes  threads        count      walltotal   wallmax (proc   thrd  )   wallmin (proc   thrd  )
"Total"                               64       64 6.400000e+01   4.313327e+03    67.415 (     0      0)    67.341 (    30      0)
"prim_init1"                          64       64 6.400000e+01   5.559589e+01     0.870 (    28      0)     0.867 (    48      0)
"PartitioningTime"                    64       64 6.400000e+01   8.182561e-01     0.013 (    56      0)     0.013 (    10      0)
"repro_sum_int"                       64       64 2.880000e+03   5.413029e-01     0.009 (    26      0)     0.006 (     0      0)
"prim_init2"                          64       64 6.400000e+01   1.258587e+01     0.203 (     0      0)     0.196 (    63      0)
"prim_printstate"                     64       64 6.400000e+01   3.606817e+00     0.066 (     0      0)     0.056 (     9      0)
"interp_movie_output"                 64       64 1.280000e+02   4.011703e-02     0.001 (    19      0)     0.000 (    24      0)
"prim_main_loop"                      64       64 6.400000e+01   4.178625e+03    65.310 (     0      0)    65.236 (    30      0)
"prim_run"                            64       64 1.088000e+03   4.178564e+03    65.309 (     0      0)    65.236 (    30      0)
"ApplyCAMForcing"                     64       64 1.088000e+03   6.570455e+01     1.755 (    26      0)     0.848 (    44      0)
"prim_step_rX"                        64       64 3.264000e+03   3.650132e+03    57.147 (    27      0)    56.694 (     0      0)
"prim_step_dyn"                       64       64 3.264000e+03   5.921321e+02    11.001 (    30      0)     8.613 (     0      0)
"prim_advance_exp"                    64       64 3.264000e+03   5.920806e+02    11.000 (    30      0)     8.612 (     0      0)
"U3-5stage_timestep"                  64       64 3.264000e+03   2.994969e+02     6.455 (    30      0)     4.019 (     0      0)
"compute_and_apply_rhs"               64       64 1.632000e+04   2.954117e+02     6.389 (    30      0)     3.952 (     0      0)
"caar_bexchV"                         64       64 1.632000e+04   6.510557e+01     2.511 (    30      0)     0.289 (     0      0)
"advance_hypervis_dp"                 64       64 3.264000e+03   2.924884e+02     4.916 (    54      0)     4.543 (    31      0)
"biwkdp3d_bexchV"                     64       64 9.792000e+03   1.826107e+01     0.608 (    54      0)     0.154 (     0      0)
"ahdp_bexchV2"                        64       64 9.792000e+03   1.996956e+01     0.365 (    54      0)     0.170 (     0      0)
"prim_step_advec"                     64       64 3.264000e+03   3.045579e+03    47.971 (     0      0)    45.935 (    30      0)
"PAT_remap"                           64       64 3.264000e+03   3.045554e+03    47.971 (     0      0)    45.934 (    30      0)
"prim_advec_tracers_remap_rk2"        64       64 3.264000e+03   3.045515e+03    47.970 (     0      0)    45.934 (    30      0)
"precomput_divdp"                     64       64 3.264000e+03   5.279545e+00     0.106 (     0      0)     0.071 (    62      0)
"euler_step_0"                        64       64 3.264000e+03   7.613863e+02    12.070 (     0      0)    11.540 (    26      0)
"bihmix_qminmax"                      64       64 9.792000e+03   1.600933e+03    25.210 (     7      0)    24.547 (     3      0)
"eus_neighbor_minmax1"                64       64 3.264000e+03   1.744833e+02     2.881 (    43      0)     2.540 (     1      0)
"nmm_bexchV"                          64       64 3.264000e+03   7.474694e+01     1.338 (    55      0)     0.918 (     0      0)
"eus_2d_advec"                        64       64 9.792000e+03   1.330603e+03    21.392 (     0      0)    20.457 (     7      0)
"eus_bexchV"                          64       64 9.792000e+03   2.045208e+02     3.925 (    27      0)     2.268 (     0      0)
"euler_step_1"                        64       64 3.264000e+03   5.258440e+02     8.287 (     0      0)     8.004 (    30      0)
"euler_step_2"                        64       64 3.264000e+03   1.644587e+03    25.980 (     0      0)    25.375 (    30      0)
"nmm_bexchS_start"                    64       64 3.264000e+03   1.686175e-01     0.004 (    34      0)     0.002 (    28      0)
"biwksc_bexchV"                       64       64 3.264000e+03   2.039561e+02     3.372 (    30      0)     2.508 (     0      0)
"nmm_bexchS_fini"                     64       64 3.264000e+03   7.461478e+01     1.423 (    42      0)     0.436 (     0      0)
"qdp_tavg"                            64       64 3.264000e+03   1.082653e+02     1.829 (    20      0)     0.682 (    30      0)
"vertical_remap"                      64       64 1.088000e+03   3.799956e+02     6.873 (     0      0)     5.873 (    11      0)
"vertical_remap1_1"                   64       64 1.044480e+05   1.589679e+01     0.279 (     0      0)     0.244 (    33      0)
"remap_Q_ppm"                         64       64 3.133440e+05   3.741806e+02     6.754 (     0      0)     5.786 (    10      0)
"vertical_remap1_2"                   64       64 1.044480e+05   2.367129e+01     0.411 (     0      0)     0.366 (    10      0)
"vertical_remap1_3"                   64       64 1.044480e+05   3.367296e+02     6.106 (     0      0)     5.204 (    11      0)
"prim_run_subcyle_diags"              64       64 1.088000e+03   5.518207e+01     1.066 (    60      0)     0.224 (    30      0)
"t_prf"                                0        0 0.000000e+00   0.000000e+00     0.000 (     0      0)     0.000 (     0      0)

