
***** GLOBAL STATISTICS (  1728 MPI TASKS) *****

$Id: gptl.c,v 1.157 2011-03-28 20:55:18 rosinski Exp $
'count' is cumulative. All other stats are max/min
name                           processes  threads        count      walltotal   wallmax (proc   thrd  )   wallmin (proc   thrd  )
"Total"                             1728     1728 1.728000e+03   3.484278e+05   201.764 (   239      0)   201.490 (  1718      0)
"prim_init1"                        1728     1728 1.728000e+03   3.303962e+03     1.939 (  1024      0)     1.829 (  1607      0)
"PartitioningTime"                  1728     1728 1.728000e+03   6.622998e+00     0.011 (   239      0)     0.003 (  1336      0)
"repro_sum_int"                     1728     1728 7.776000e+04   2.278060e+02     0.259 (   622      0)     0.084 (   192      0)
"prim_init2"                        1728     1728 1.728000e+03   5.092061e+02     0.419 (   622      0)     0.250 (   192      0)
"prim_printstate"                   1728     1728 1.728000e+03   2.892900e+02     0.172 (     0      0)     0.167 (   438      0)
"interp_movie_output"               1728     1728 3.456000e+03   1.038153e+00     0.001 (  1223      0)     0.000 (   465      0)
"prim_main_loop"                    1728     1728 1.728000e+03   3.171578e+05   183.659 (   239      0)   183.423 (  1485      0)
"prim_run"                          1728     1728 1.555200e+05   3.171559e+05   183.658 (   239      0)   183.422 (  1485      0)
"ApplyCAMForcing"                   1728     1728 1.555200e+05   3.105479e+03     2.913 (  1110      0)     1.403 (  1638      0)
"prim_step_rX"                      1728     1728 4.665600e+05   2.835929e+05   164.662 (  1585      0)   162.286 (  1088      0)
"prim_step_dyn"                     1728     1728 4.665600e+05   7.815278e+04    61.822 (  1485      0)    23.623 (   239      0)
"prim_advance_exp"                  1728     1728 4.665600e+05   7.814643e+04    61.818 (  1485      0)    23.620 (   239      0)
"U3-5stage_timestep"                1728     1728 4.665600e+05   4.053366e+04    42.802 (  1485      0)    10.820 (   237      0)
"compute_and_apply_rhs"             1728     1728 2.332800e+06   4.024882e+04    42.633 (  1485      0)    10.635 (   237      0)
"caar_bexchV"                       1728     1728 2.332800e+06   2.444420e+04    33.533 (  1485      0)     1.093 (   237      0)
"advance_hypervis_dp"               1728     1728 4.665600e+05   3.760332e+04    39.571 (  1199      0)    12.770 (   240      0)
"biwkdp3d_bexchV"                   1728     1728 1.399680e+06   9.819480e+03    16.105 (  1375      0)     0.585 (   384      0)
"ahdp_bexchV2"                      1728     1728 1.399680e+06   9.433355e+03    17.052 (  1207      0)     0.636 (   384      0)
"prim_step_advec"                   1728     1728 4.665600e+05   2.049776e+05   140.115 (   239      0)   102.285 (  1485      0)
"PAT_remap"                         1728     1728 4.665600e+05   2.049748e+05   140.113 (   239      0)   102.283 (  1485      0)
"prim_advec_tracers_remap_rk2"      1728     1728 4.665600e+05   2.049703e+05   140.111 (   239      0)   102.281 (  1485      0)
"precomput_divdp"                   1728     1728 4.665600e+05   3.361894e+02     0.254 (   192      0)     0.176 (   478      0)
"euler_step_0"                      1728     1728 4.665600e+05   5.098988e+04    37.676 (   245      0)    23.245 (  1452      0)
"bihmix_qminmax"                    1728     1728 1.399680e+06   9.170118e+04    64.784 (   254      0)    46.884 (    31      0)
"eus_neighbor_minmax1"              1728     1728 4.665600e+05   1.075399e+04    11.120 (   475      0)     3.203 (   607      0)
"nmm_bexchV"                        1728     1728 4.665600e+05   6.006221e+03     8.708 (   580      0)     1.009 (    54      0)
"eus_2d_advec"                      1728     1728 1.399680e+06   1.099347e+05    79.062 (   888      0)    52.857 (  1485      0)
"eus_bexchV"                        1728     1728 1.399680e+06   2.113364e+04    23.994 (  1501      0)     4.834 (   640      0)
"euler_step_1"                      1728     1728 4.665600e+05   3.854928e+04    29.089 (  1532      0)    19.162 (  1518      0)
"euler_step_2"                      1728     1728 4.665600e+05   1.121291e+05    77.065 (   238      0)    55.957 (  1485      0)
"nmm_bexchS_start"                  1728     1728 4.665600e+05   3.016536e+01     0.061 (  1538      0)     0.008 (  1356      0)
"biwksc_bexchV"                     1728     1728 4.665600e+05   8.015462e+03    11.319 (  1422      0)     1.804 (   324      0)
"nmm_bexchS_fini"                   1728     1728 4.665600e+05   1.323550e+03     2.233 (   251      0)     0.470 (   597      0)
"qdp_tavg"                          1728     1728 4.665600e+05   2.947531e+03     2.906 (  1148      0)     1.121 (  1638      0)
"vertical_remap"                    1728     1728 1.555200e+05   2.848272e+04    18.239 (  1088      0)    16.197 (  1383      0)
"vertical_remap1_1"                 1728     1728 7.776000e+06   1.199708e+03     0.764 (  1152      0)     0.671 (  1383      0)
"remap_Q_ppm"                       1728     1728 2.332800e+07   2.804998e+04    17.943 (  1088      0)    15.959 (  1383      0)
"vertical_remap1_2"                 1728     1728 7.776000e+06   1.780443e+03     1.126 (  1152      0)     1.005 (   706      0)
"vertical_remap1_3"                 1728     1728 7.776000e+06   2.523306e+04    16.197 (  1088      0)    14.364 (  1383      0)
"prim_run_subcyle_diags"            1728     1728 1.555200e+05   1.523357e+03     1.821 (  1133      0)     0.587 (   601      0)
"t_prf"                                0        0 0.000000e+00   0.000000e+00     0.000 (     0      0)     0.000 (     0      0)

