
***** GLOBAL STATISTICS (   256 MPI TASKS) *****

$Id: gptl.c,v 1.157 2011-03-28 20:55:18 rosinski Exp $
'count' is cumulative. All other stats are max/min
name                               processes  threads        count      walltotal   wallmax (proc   thrd  )   wallmin (proc   thrd  )
Total                                    256      256 2.560000e+02   3.536061e+04   138.257 (   192      0)   137.892 (   103      0)
prim_init1                               256      256 2.560000e+02   2.144747e+02     0.848 (     0      0)     0.811 (    45      0)
repro_sum_int                            256      256 1.152000e+04   1.215382e+01     0.091 (     3      0)     0.022 (     0      0)
prim_init2                               256      256 2.560000e+02   5.903622e+02     2.360 (   141      0)     2.246 (    29      0)
prim_printstate                          256      256 2.560000e+02   7.647735e+01     0.303 (     0      0)     0.298 (   142      0)
interp_movie_output                      256      256 5.120000e+02   1.178303e-01     0.001 (   166      0)     0.000 (   176      0)
prim_main_loop                           256      256 2.560000e+02   3.225505e+04   126.126 (   192      0)   125.761 (   103      0)
prim_run                                 256      256 6.912000e+03   3.225488e+04   126.125 (   192      0)   125.760 (   103      0)
tl-sc prim_run_subcycle_c                256      256 6.912000e+03   3.217238e+04   125.814 (   192      0)   125.522 (    43      0)
tl-sc dp3d-from-ps                       256      256 6.912000e+03   4.534681e+00     0.028 (   242      0)     0.015 (   105      0)
tl-sc prim_step-loop                     256      256 6.912000e+03   2.865957e+04   112.355 (    58      0)   111.080 (   192      0)
tl-s prim_step                           256      256 2.073600e+04   2.865941e+04   112.355 (    58      0)   111.079 (   192      0)
tl-s deep_copy+derived_dp                256      256 2.073600e+04   5.590349e+01     0.360 (   224      0)     0.145 (   185      0)
tl-s prim_advance_exp-loop               256      256 2.073600e+04   5.887150e+03    33.088 (    43      0)    16.498 (   192      0)
tl-ae prim_advance_exp                   256      256 2.073600e+04   5.886785e+03    33.087 (    43      0)    16.498 (   192      0)
tl-ae U3-5stage_timestep                 256      256 2.073600e+04   3.573218e+03    23.387 (    43      0)     8.326 (   192      0)
caar compute                             256      256 1.036800e+05   1.371060e+03     5.990 (   232      0)     4.995 (     7      0)
caar_bexchV                              256      256 1.036800e+05   2.148181e+03    17.923 (    43      0)     2.456 (   192      0)
tl-ae advance_hypervis_dp                256      256 2.073600e+04   2.313168e+03    12.985 (     3      0)     7.922 (   184      0)
hvf-bhwk                                 256      256 6.220800e+04   1.415411e+03     9.211 (     3      0)     4.749 (    87      0)
hvf-bexch                                256      256 1.244160e+05   1.097780e+03     8.295 (     3      0)     2.827 (   192      0)
tl-s prim_advec_tracers_remap            256      256 2.073600e+04   2.271586e+04    94.418 (   192      0)    78.734 (    43      0)
tl-at prim_advec_tracers_remap_RK2       256      256 2.073600e+04   2.271565e+04    94.417 (   192      0)    78.733 (    43      0)
tl-at precompute_divdp                   256      256 2.073600e+04   4.134085e+01     0.289 (   192      0)     0.111 (    96      0)
tl-at esf-0                              256      256 2.073600e+04   7.589947e+03    32.982 (   191      0)    24.650 (    22      0)
tl-at esf-1                              256      256 2.073600e+04   4.298487e+03    20.112 (    96      0)    13.564 (    10      0)
tl-at esf-2                              256      256 2.073600e+04   9.877272e+03    44.223 (    34      0)    34.227 (   103      0)
tl-at qdp_time_avg                       256      256 2.073600e+04   9.073430e+02     5.308 (   211      0)     1.863 (    28      0)
tl-sc vertical_remap                     256      256 6.912000e+03   3.114155e+03    13.109 (   192      0)    11.853 (    20      0)
Remap Thickness Functor                  256      256 6.912000e+03   2.189356e+01     0.113 (   100      0)     0.064 (    60      0)
Remap Scale States Functor               256      256 6.912000e+03   1.585904e+01     0.108 (   238      0)     0.031 (    67      0)
Remap Compute Grids Functor              256      256 6.912000e+03   1.360509e+02     0.718 (   255      0)     0.429 (    26      0)
Remap Compute Remap Functor              256      256 6.912000e+03   2.921058e+03    12.444 (   192      0)    11.215 (    20      0)
Remap Rescale States Functor             256      256 6.912000e+03   1.276039e+01     0.116 (   193      0)     0.038 (   104      0)
tl-sc Q-from-qdp                         256      256 6.912000e+03   3.938766e+02     1.834 (   216      0)     1.374 (    43      0)
t_prf                                      0        0 0.000000e+00   0.000000e+00     0.000 (     0      0)     0.000 (     0      0)

