
***** GLOBAL STATISTICS (  9600 MPI TASKS) *****

$Id: gptl.c,v 1.157 2011-03-28 20:55:18 rosinski Exp $
'count' is cumulative. All other stats are max/min
name                               processes  threads        count      walltotal   wallmax (proc   thrd  )   wallmin (proc   thrd  )
Total                                   9600     9600 9.600000e+03   1.600848e+06   166.795 (  8448      0)   166.725 (  3488      0)
prim_init1                              9600     9600 9.600000e+03   1.984924e+04     2.102 (  6528      0)     1.946 (  3525      0)
repro_sum_int                           9600     9600 4.320000e+05   4.471400e+03     2.047 (  9483      0)     0.054 (  8511      0)
prim_init2                              9600     9600 9.600000e+03   8.853188e+03     2.488 (  5487      0)     0.485 (  8495      0)
prim_printstate                         9600     9600 9.600000e+03   1.213073e+03     0.140 (  4756      0)     0.115 (  8320      0)
interp_movie_output                     9600     9600 1.920000e+04   3.594902e+01     0.014 (  2765      0)     0.001 (  4914      0)
prim_main_loop                          9600     9600 9.600000e+03   1.412376e+06   147.147 (  2723      0)   147.093 (  5096      0)
prim_run                                9600     9600 4.800000e+06   1.412315e+06   147.142 (  2725      0)   147.090 (  5115      0)
tl-sc prim_run_subcycle_c               9600     9600 4.800000e+06   1.412115e+06   147.123 (  2688      0)   147.070 (  7235      0)
tl-sc dp3d-from-ps                      9600     9600 4.800000e+06   2.108749e+02     0.039 (  3968      0)     0.018 (   310      0)
tl-sc prim_step-loop                    9600     9600 4.800000e+06   1.261345e+06   132.373 (  8229      0)   129.589 (  7296      0)
tl-s prim_step                          9600     9600 1.440000e+07   1.261271e+06   132.366 (  8229      0)   129.581 (  7296      0)
tl-s deep_copy+derived_dp               9600     9600 1.440000e+07   1.481650e+03     0.185 (   128      0)     0.142 (  4870      0)
tl-s prim_advance_exp-loop              9600     9600 1.440000e+07   4.134347e+05    54.134 (  5023      0)    31.281 (  4939      0)
tl-ae prim_advance_exp                  9600     9600 1.440000e+07   4.133279e+05    54.122 (  5023      0)    31.270 (  4939      0)
tl-ae U3-5stage_timestep                9600     9600 1.440000e+07   2.083083e+05    29.885 (  5013      0)    15.164 (  4938      0)
caar compute                            9600     9600 7.200000e+07   5.826592e+04     7.127 (  1664      0)     5.723 (  5012      0)
caar_bexchV                             9600     9600 7.200000e+07   1.465351e+05    23.715 (  5013      0)     7.930 (  8896      0)
tl-ae advance_hypervis_dp               9600     9600 1.440000e+07   2.047844e+05    30.026 (  8318      0)    15.539 (  5723      0)
hvf-bhwk                                9600     9600 4.320000e+07   1.134113e+05    17.059 (  8318      0)     8.732 (  5740      0)
hvf-bexch                               9600     9600 8.640000e+07   1.521420e+05    24.743 (  8318      0)     9.853 (  4928      0)
tl-s prim_advec_tracers_remap           9600     9600 1.440000e+07   8.461077e+05   100.704 (  4939      0)    77.782 (  5023      0)
tl-at prim_advec_tracers_remap_RK2      9600     9600 1.440000e+07   8.459932e+05   100.692 (  4939      0)    77.770 (  5023      0)
tl-at precompute_divdp                  9600     9600 1.440000e+07   1.340335e+03     0.172 (  2112      0)     0.121 (   268      0)
tl-at esf-0                             9600     9600 1.440000e+07   2.160420e+05    26.306 (  2168      0)    20.659 (  5673      0)
tl-at esf-1                             9600     9600 1.440000e+07   1.641421e+05    21.174 (  4938      0)    15.709 (  2800      0)
tl-at esf-2                             9600     9600 1.440000e+07   4.449283e+05    54.795 (  2890      0)    37.174 (  5023      0)
tl-at qdp_time_avg                      9600     9600 1.440000e+07   1.894957e+04     2.295 (  1856      0)     1.724 (  4473      0)
tl-sc vertical_remap                    9600     9600 4.800000e+06   1.358908e+05    15.780 (  7296      0)    13.171 (  8229      0)
Remap Thickness Functor                 9600     9600 4.800000e+06   8.417531e+02     0.101 (   384      0)     0.078 (  5840      0)
Remap Scale States Functor              9600     9600 4.800000e+06   3.838274e+02     0.051 (  7824      0)     0.031 (  5842      0)
Remap Compute Grids Functor             9600     9600 4.800000e+06   4.659482e+03     0.553 (  1856      0)     0.459 (  3875      0)
Remap Compute Remap Functor             9600     9600 4.800000e+06   1.290425e+05    15.008 (  6592      0)    12.457 (  8229      0)
Remap Rescale States Functor            9600     9600 4.800000e+06   4.833384e+02     0.060 (  7808      0)     0.047 (  3139      0)
tl-sc Q-from-qdp                        9600     9600 4.800000e+06   1.456440e+04     1.740 (  2880      0)     1.504 (  4383      0)
t_prf                                      0        0 0.000000e+00   0.000000e+00     0.000 (     0      0)     0.000 (     0      0)

