
***** GLOBAL STATISTICS (  8192 MPI TASKS) *****

$Id: gptl.c,v 1.157 2011-03-28 20:55:18 rosinski Exp $
'count' is cumulative. All other stats are max/min
name                           processes  threads        count      walltotal   wallmax (proc   thrd  )   wallmin (proc   thrd  )
"Total"                             8192     8192 8.192000e+03   1.981657e+06   241.920 (  1025      0)   241.885 (  3985      0)
"prim_init1"                        8192     8192 8.192000e+03   6.175750e+03     0.776 (  2075      0)     0.721 (  6301      0)
"PartitioningTime"                  8192     8192 8.192000e+03   2.659960e+01     0.007 (  7271      0)     0.001 (  7127      0)
"repro_sum_int"                     8192     8192 3.686400e+05   1.693525e+03     0.521 (  4755      0)     0.053 (  7787      0)
"prim_init2"                        8192     8192 8.192000e+03   2.507568e+03     0.615 (    12      0)     0.159 (  4934      0)
"prim_printstate"                   8192     8192 8.192000e+03   6.616662e+02     0.087 (  1073      0)     0.078 (  5213      0)
"interp_movie_output"               8192     8192 1.638400e+04   1.431780e+01     0.005 (  7557      0)     0.000 (  7698      0)
"prim_main_loop"                    8192     8192 8.192000e+03   1.926131e+06   235.137 (  1728      0)   235.111 (  7598      0)
"prim_run"                          8192     8192 1.398374e+07   1.926047e+06   235.126 (  1728      0)   235.100 (  7610      0)
"ApplyCAMForcing"                   8192     8192 1.398374e+07   1.393030e+04     1.926 (  5312      0)     1.467 (  2025      0)
"prim_step_rX"                      8192     8192 4.195123e+07   1.748746e+06   213.968 (  4696      0)   211.419 (  5696      0)
"prim_step_dyn"                     8192     8192 4.195123e+07   5.729447e+05    85.243 (  2001      0)    55.716 (  1024      0)
"prim_advance_exp"                  8192     8192 4.195123e+07   5.725797e+05    85.199 (  2001      0)    55.666 (  1024      0)
"U3-5stage_timestep"                8192     8192 4.195123e+07   2.951956e+05    50.323 (  1000      0)    23.743 (  6656      0)
"compute_and_apply_rhs"             8192     8192 2.097562e+08   2.922797e+05    49.982 (  1000      0)    23.331 (  6656      0)
"caar_bexchV"                       8192     8192 2.097562e+08   2.007760e+05    39.484 (  1000      0)    10.281 (  6656      0)
"advance_hypervis_dp"               8192     8192 4.195123e+07   2.767616e+05    45.188 (  1988      0)    28.149 (  1703      0)
"biwkdp3d_bexchV"                   8192     8192 1.258537e+08   8.699847e+04    17.947 (  1994      0)     6.952 (  1024      0)
"ahdp_bexchV2"                      8192     8192 1.258537e+08   8.637722e+04    17.348 (  1883      0)     7.507 (  1664      0)
"prim_step_advec"                   8192     8192 4.195123e+07   1.173127e+06   155.568 (  1024      0)   128.109 (  2001      0)
"PAT_remap"                         8192     8192 4.195123e+07   1.172891e+06   155.536 (  1024      0)   128.080 (  2001      0)
"prim_advec_tracers_remap_rk2"      8192     8192 4.195123e+07   1.172525e+06   155.488 (  1024      0)   128.035 (  2001      0)
"precomput_divdp"                   8192     8192 4.195123e+07   1.853312e+03     0.262 (  6848      0)     0.212 (   194      0)
"euler_step_0"                      8192     8192 4.195123e+07   2.936688e+05    41.832 (  7011      0)    30.549 (  1000      0)
"bihmix_qminmax"                    8192     8192 1.258537e+08   5.272142e+05    77.396 (  4736      0)    57.710 (  1873      0)
"eus_neighbor_minmax1"              8192     8192 4.195123e+07   6.551855e+04    11.749 (  7011      0)     5.754 (  4703      0)
"nmm_bexchV"                        8192     8192 4.195123e+07   4.810047e+04     9.670 (  7011      0)     3.699 (  4703      0)
"eus_2d_advec"                      8192     8192 1.258537e+08   6.272797e+05    92.966 (  1026      0)    67.603 (  2001      0)
"eus_bexchV"                        8192     8192 1.258537e+08   1.946071e+05    41.082 (  1026      0)    12.760 (  1856      0)
"euler_step_1"                      8192     8192 4.195123e+07   2.254486e+05    30.243 (  6744      0)    25.426 (  1798      0)
"euler_step_2"                      8192     8192 4.195123e+07   6.379422e+05    89.503 (  1701      0)    68.713 (  2001      0)
"nmm_bexchS_start"                  8192     8192 4.195123e+07   2.481725e+03     0.496 (  3648      0)     0.177 (  1965      0)
"biwksc_bexchV"                     8192     8192 4.195123e+07   9.053979e+04    18.560 (  4158      0)     5.887 (  2010      0)
"nmm_bexchS_fini"                   8192     8192 4.195123e+07   3.166140e+03     0.582 (  4984      0)     0.278 (  6993      0)
"qdp_tavg"                          8192     8192 4.195123e+07   1.230893e+04     1.792 (  8183      0)     1.290 (  1625      0)
"vertical_remap"                    8192     8192 1.398374e+07   1.546615e+05    20.790 (  5120      0)    18.529 (  1689      0)
"vertical_remap1_1"                 8192     8192 4.195123e+07   6.826520e+03     0.909 (   192      0)     0.794 (  4778      0)
"remap_Q_ppm"                       8192     8192 1.258537e+08   1.522086e+05    20.468 (  5120      0)    18.253 (  1689      0)
"vertical_remap1_2"                 8192     8192 4.195123e+07   9.674271e+03     1.298 (  4480      0)     1.151 (  1316      0)
"vertical_remap1_3"                 8192     8192 4.195123e+07   1.366686e+05    18.434 (  5696      0)    16.374 (  1689      0)
"prim_run_subcyle_diags"            8192     8192 1.398374e+07   6.061578e+03     0.978 (  4395      0)     0.579 (  4696      0)
"t_prf"                                0        0 0.000000e+00   0.000000e+00     0.000 (     0      0)     0.000 (     0      0)

