
***** GLOBAL STATISTICS (   192 MPI TASKS) *****

$Id: gptl.c,v 1.157 2011-03-28 20:55:18 rosinski Exp $
'count' is cumulative. All other stats are max/min
name                               processes  threads        count      walltotal   wallmax (proc   thrd  )   wallmin (proc   thrd  )
Total                                    192      192 1.920000e+02   3.595607e+04   187.491 (    64      0)   186.911 (    52      0)
prim_init1                               192      192 1.920000e+02   1.184420e+02     0.626 (     0      0)     0.595 (   130      0)
repro_sum_int                            192      192 8.640000e+03   7.444682e+00     0.061 (     9      0)     0.019 (     0      0)
prim_init2                               192      192 1.920000e+02   3.790118e+02     2.014 (     9      0)     1.949 (    70      0)
prim_printstate                          192      192 1.920000e+02   4.879431e+01     0.261 (     0      0)     0.254 (   101      0)
interp_movie_output                      192      192 3.840000e+02   1.017883e-01     0.001 (    95      0)     0.000 (   176      0)
prim_main_loop                           192      192 1.920000e+02   3.469822e+04   180.940 (    64      0)   180.359 (    52      0)
prim_run                                 192      192 7.680000e+03   3.469806e+04   180.939 (    64      0)   180.358 (    52      0)
tl-sc prim_run_subcycle_c                192      192 7.680000e+03   3.466307e+04   180.681 (    64      0)   180.276 (    42      0)
tl-sc dp3d-from-ps                       192      192 7.680000e+03   4.084603e+00     0.036 (   119      0)     0.018 (    30      0)
tl-sc prim_step-loop                     192      192 7.680000e+03   3.136323e+04   163.838 (    14      0)   162.153 (    64      0)
tl-s prim_step                           192      192 2.304000e+04   3.136309e+04   163.837 (    14      0)   162.152 (    64      0)
tl-s deep_copy+derived_dp                192      192 2.304000e+04   4.730370e+01     0.494 (   118      0)     0.159 (    54      0)
tl-s prim_advance_exp-loop               192      192 2.304000e+04   6.354971e+03    63.606 (    51      0)    20.813 (    64      0)
tl-ae prim_advance_exp                   192      192 2.304000e+04   6.354724e+03    63.604 (    51      0)    20.812 (    64      0)
tl-ae U3-5stage_timestep                 192      192 2.304000e+04   4.324808e+03    53.522 (    51      0)    10.155 (   109      0)
caar compute                             192      192 1.152000e+05   1.283493e+03     7.517 (   117      0)     6.251 (   149      0)
caar_bexchV                              192      192 1.152000e+05   2.989370e+03    46.751 (    52      0)     2.904 (    64      0)
tl-ae advance_hypervis_dp                192      192 2.304000e+04   2.029487e+03    13.054 (   152      0)     9.957 (   104      0)
hvf-bhwk                                 192      192 6.912000e+04   1.246258e+03     9.106 (   152      0)     6.048 (   167      0)
hvf-bexch                                192      192 1.382400e+05   8.662386e+02     7.058 (   152      0)     3.676 (     0      0)
tl-s prim_advec_tracers_remap            192      192 2.304000e+04   2.496032e+04   141.474 (   109      0)    99.547 (    51      0)
tl-at prim_advec_tracers_remap_RK2       192      192 2.304000e+04   2.496012e+04   141.473 (   109      0)    99.546 (    51      0)
tl-at precompute_divdp                   192      192 2.304000e+04   4.298221e+01     0.524 (    64      0)     0.149 (   138      0)
tl-at esf-0                              192      192 2.304000e+04   7.333177e+03    43.127 (    64      0)    29.093 (    37      0)
tl-at esf-1                              192      192 2.304000e+04   4.769444e+03    28.262 (     8      0)    19.534 (   166      0)
tl-at esf-2                              192      192 2.304000e+04   1.220423e+04    71.450 (    58      0)    41.661 (    42      0)
tl-at qdp_time_avg                       192      192 2.304000e+04   6.090565e+02     4.891 (   100      0)     2.253 (    20      0)
tl-sc vertical_remap                     192      192 7.680000e+03   2.913003e+03    16.158 (    64      0)    14.849 (   123      0)
Remap Thickness Functor                  192      192 7.680000e+03   1.591943e+01     0.105 (   119      0)     0.078 (    63      0)
Remap Scale States Functor               192      192 7.680000e+03   8.382210e+00     0.072 (    89      0)     0.035 (    64      0)
Remap Compute Grids Functor              192      192 7.680000e+03   1.037131e+02     0.590 (   117      0)     0.511 (    61      0)
Remap Compute Remap Functor              192      192 7.680000e+03   2.769886e+03    15.291 (    64      0)    14.134 (   123      0)
Remap Rescale States Functor             192      192 7.680000e+03   1.072087e+01     0.184 (    64      0)     0.047 (    47      0)
tl-sc Q-from-qdp                         192      192 7.680000e+03   3.825106e+02     2.550 (    92      0)     1.738 (    47      0)
t_prf                                      0        0 0.000000e+00   0.000000e+00     0.000 (     0      0)     0.000 (     0      0)

