
***** GLOBAL STATISTICS (   320 MPI TASKS) *****

$Id: gptl.c,v 1.157 2011-03-28 20:55:18 rosinski Exp $
'count' is cumulative. All other stats are max/min
name                           processes  threads        count      walltotal   wallmax (proc   thrd  )   wallmin (proc   thrd  )
"Total"                              320      320 3.200000e+02   1.007712e+05   315.105 (   128      0)   314.429 (     9      0)
"prim_init1"                         320      320 3.200000e+02   8.865143e+02     2.787 (   128      0)     2.709 (   270      0)
"PartitioningTime"                   320      320 3.200000e+02   9.967055e-01     0.005 (   165      0)     0.003 (    17      0)
"repro_sum_int"                      320      320 1.440000e+04   1.593547e+01     0.116 (   219      0)     0.019 (    64      0)
"prim_init2"                         320      320 3.200000e+02   2.345754e+02     0.792 (    29      0)     0.709 (    79      0)
"prim_printstate"                    320      320 3.200000e+02   5.659888e+01     0.184 (     0      0)     0.177 (   310      0)
"interp_movie_output"                320      320 6.400000e+02   1.590164e-01     0.001 (    32      0)     0.000 (   277      0)
"prim_main_loop"                     320      320 3.200000e+02   8.971394e+04   280.552 (   128      0)   279.875 (     9      0)
"prim_run"                           320      320 5.440000e+03   8.971373e+04   280.551 (   128      0)   279.874 (     9      0)
"ApplyCAMForcing"                    320      320 5.440000e+03   1.147314e+03     5.079 (   178      0)     1.689 (    27      0)
"prim_step_rX"                       320      320 1.632000e+04   8.227487e+04   259.618 (    40      0)   255.131 (   192      0)
"prim_step_dyn"                      320      320 1.632000e+04   1.031148e+04    57.254 (     7      0)    24.524 (   192      0)
"prim_advance_exp"                   320      320 1.632000e+04   1.031015e+04    57.248 (     7      0)    24.521 (   192      0)
"U3-5stage_timestep"                 320      320 1.632000e+04   6.043281e+03    44.288 (     7      0)    11.299 (   128      0)
"compute_and_apply_rhs"              320      320 8.160000e+04   5.986219e+03    44.102 (     7      0)    11.116 (   128      0)
"caar_bexchV"                        320      320 8.160000e+04   2.728432e+03    33.255 (    47      0)     0.687 (   128      0)
"advance_hypervis_dp"                320      320 1.632000e+04   4.266435e+03    15.112 (   287      0)    12.782 (   208      0)
"biwkdp3d_bexchV"                    320      320 4.896000e+04   3.415675e+02     2.969 (   287      0)     0.431 (   192      0)
"ahdp_bexchV2"                       320      320 4.896000e+04   3.353477e+02     2.336 (   289      0)     0.486 (   192      0)
"prim_step_advec"                    320      320 1.632000e+04   7.174794e+04   231.180 (   165      0)   201.094 (     7      0)
"PAT_remap"                          320      320 1.632000e+04   7.174781e+04   231.180 (   165      0)   201.093 (     7      0)
"prim_advec_tracers_remap_rk2"       320      320 1.632000e+04   7.174757e+04   231.179 (   165      0)   201.093 (     7      0)
"precomput_divdp"                    320      320 1.632000e+04   9.903915e+01     0.462 (   192      0)     0.211 (   218      0)
"euler_step_0"                       320      320 1.632000e+04   2.136155e+04    69.283 (    64      0)    63.015 (    23      0)
"bihmix_qminmax"                     320      320 4.896000e+04   3.395788e+04   113.459 (   165      0)    94.730 (     7      0)
"eus_neighbor_minmax1"               320      320 1.632000e+04   5.222781e+03    19.197 (   218      0)    13.961 (    23      0)
"nmm_bexchV"                         320      320 1.632000e+04   2.361094e+03     9.500 (   218      0)     4.924 (    96      0)
"eus_2d_advec"                       320      320 4.896000e+04   3.572292e+04   120.180 (    90      0)    98.066 (    39      0)
"eus_bexchV"                         320      320 4.896000e+04   9.559860e+03    38.839 (    51      0)    18.086 (    39      0)
"euler_step_1"                       320      320 1.632000e+04   1.281732e+04    43.103 (    79      0)    35.636 (   274      0)
"euler_step_2"                       320      320 1.632000e+04   3.550402e+04   117.710 (   165      0)    95.381 (     7      0)
"nmm_bexchS_start"                   320      320 1.632000e+04   2.364517e+00     0.019 (   211      0)     0.003 (    37      0)
"biwksc_bexchV"                      320      320 1.632000e+04   3.628472e+03    13.537 (    93      0)     6.889 (   276      0)
"nmm_bexchS_fini"                    320      320 1.632000e+04   1.505014e+03     6.883 (   142      0)     1.183 (   276      0)
"qdp_tavg"                           320      320 1.632000e+04   1.964538e+03     7.816 (   253      0)     2.131 (    51      0)
"vertical_remap"                     320      320 5.440000e+03   5.383159e+03    19.140 (   128      0)    16.540 (   140      0)
"vertical_remap1_1"                  320      320 1.468800e+06   2.244745e+02     0.769 (   128      0)     0.685 (   165      0)
"remap_Q_ppm"                        320      320 4.406400e+06   5.298468e+03    18.806 (   128      0)    16.286 (   140      0)
"vertical_remap1_2"                  320      320 1.468800e+06   3.342998e+02     1.135 (   128      0)     1.027 (   130      0)
"vertical_remap1_3"                  320      320 1.468800e+06   4.769627e+03    17.021 (   128      0)    14.653 (   248      0)
"prim_run_subcyle_diags"             320      320 5.440000e+03   6.557801e+02     3.226 (   209      0)     0.649 (   276      0)
"t_prf"                                0        0 0.000000e+00   0.000000e+00     0.000 (     0      0)     0.000 (     0      0)

