
***** GLOBAL STATISTICS (  1600 MPI TASKS) *****

$Id: gptl.c,v 1.157 2011-03-28 20:55:18 rosinski Exp $
'count' is cumulative. All other stats are max/min
name                               processes  threads        count      walltotal   wallmax (proc   thrd  )   wallmin (proc   thrd  )
Total                                   1600     1600 1.600000e+03   1.892381e+05   118.301 (   256      0)   118.251 (  1369      0)
prim_init1                              1600     1600 1.600000e+03   1.419698e+03     0.905 (    64      0)     0.844 (  1249      0)
repro_sum_int                           1600     1600 7.200000e+04   1.699933e+02     0.303 (  1227      0)     0.030 (  1152      0)
prim_init2                              1600     1600 1.600000e+03   8.867082e+02     0.770 (     2      0)     0.482 (  1160      0)
prim_printstate                         1600     1600 1.600000e+03   1.622519e+02     0.104 (     0      0)     0.100 (  1021      0)
interp_movie_output                     1600     1600 3.200000e+03   1.095545e+00     0.001 (   652      0)     0.000 (   152      0)
prim_main_loop                          1600     1600 1.600000e+03   1.729552e+05   108.122 (   256      0)   108.078 (  1370      0)
prim_run                                1600     1600 2.672000e+05   1.729525e+05   108.120 (   256      0)   108.076 (  1372      0)
tl-sc prim_run_subcycle_c               1600     1600 2.672000e+05   1.729197e+05   108.099 (   256      0)   108.056 (  1370      0)
tl-sc dp3d-from-ps                      1600     1600 2.672000e+05   2.408230e+01     0.017 (   832      0)     0.015 (   611      0)
tl-sc prim_step-loop                    1600     1600 2.672000e+05   1.516181e+05    95.012 (   462      0)    93.766 (  1216      0)
tl-s prim_step                          1600     1600 8.016000e+05   1.516135e+05    95.009 (   462      0)    93.763 (  1216      0)
tl-s deep_copy+derived_dp               1600     1600 8.016000e+05   2.188578e+02     0.155 (  1325      0)     0.123 (   953      0)
tl-s prim_advance_exp-loop              1600     1600 8.016000e+05   3.830301e+04    29.269 (   454      0)    19.070 (    64      0)
tl-ae prim_advance_exp                  1600     1600 8.016000e+05   3.829623e+04    29.264 (   454      0)    19.065 (    64      0)
tl-ae U3-5stage_timestep                1600     1600 8.016000e+05   2.088363e+04    17.479 (  1367      0)     9.399 (    64      0)
caar compute                            1600     1600 4.008000e+06   8.514259e+03     6.113 (    64      0)     4.995 (   466      0)
caar_bexchV                             1600     1600 4.008000e+06   1.197120e+04    12.136 (  1367      0)     3.006 (    64      0)
tl-ae advance_hypervis_dp               1600     1600 8.016000e+05   1.739820e+04    13.586 (  1415      0)     9.405 (    35      0)
hvf-bhwk                                1600     1600 2.404800e+06   1.034921e+04     8.551 (   980      0)     5.610 (    56      0)
hvf-bexch                               1600     1600 4.809600e+06   9.637792e+03     8.750 (  1415      0)     3.827 (    64      0)
tl-s prim_advec_tracers_remap           1600     1600 8.016000e+05   1.130755e+05    74.787 (    64      0)    65.503 (   454      0)
tl-at prim_advec_tracers_remap_RK2      1600     1600 8.016000e+05   1.130687e+05    74.782 (    64      0)    65.500 (   454      0)
tl-at precompute_divdp                  1600     1600 8.016000e+05   1.865063e+02     0.139 (   128      0)     0.104 (   439      0)
tl-at esf-0                             1600     1600 8.016000e+05   3.125727e+04    22.845 (    61      0)    16.875 (   470      0)
tl-at esf-1                             1600     1600 8.016000e+05   2.407611e+04    17.131 (   234      0)    13.494 (  1375      0)
tl-at esf-2                             1600     1600 8.016000e+05   5.438688e+04    37.053 (   326      0)    32.071 (  1369      0)
tl-at qdp_time_avg                      1600     1600 8.016000e+05   3.124565e+03     2.219 (   193      0)     1.652 (   511      0)
tl-sc vertical_remap                    1600     1600 2.672000e+05   1.907486e+04    12.771 (  1216      0)    11.683 (   462      0)
Remap Thickness Functor                 1600     1600 2.672000e+05   1.158525e+02     0.081 (   193      0)     0.063 (  1151      0)
Remap Scale States Functor              1600     1600 2.672000e+05   5.467453e+01     0.042 (   666      0)     0.025 (  1357      0)
Remap Compute Grids Functor             1600     1600 2.672000e+05   7.147708e+02     0.508 (   193      0)     0.398 (   647      0)
Remap Compute Remap Functor             1600     1600 2.672000e+05   1.809767e+04    12.185 (  1216      0)    11.099 (   974      0)
Remap Rescale States Functor            1600     1600 2.672000e+05   6.756641e+01     0.050 (   384      0)     0.039 (  1046      0)
tl-sc Q-from-qdp                        1600     1600 2.672000e+05   2.196198e+03     1.540 (   256      0)     1.357 (  1374      0)
t_prf                                      0        0 0.000000e+00   0.000000e+00     0.000 (     0      0)     0.000 (     0      0)

