
***** GLOBAL STATISTICS (   384 MPI TASKS) *****

$Id: gptl.c,v 1.157 2011-03-28 20:55:18 rosinski Exp $
'count' is cumulative. All other stats are max/min
name                           processes  threads        count      walltotal   wallmax (proc   thrd  )   wallmin (proc   thrd  )
"Total"                              384      384 3.840000e+02   7.051529e+04   183.770 (   320      0)   183.425 (    85      0)
"prim_init1"                         384      384 3.840000e+02   4.548522e+02     1.196 (   256      0)     1.150 (    83      0)
"PartitioningTime"                   384      384 3.840000e+02   7.857611e-01     0.004 (   153      0)     0.001 (    13      0)
"repro_sum_int"                      384      384 1.728000e+04   2.781567e+01     0.163 (    14      0)     0.021 (   128      0)
"prim_init2"                         384      384 3.840000e+02   9.606916e+01     0.338 (    14      0)     0.201 (   167      0)
"prim_printstate"                    384      384 3.840000e+02   3.341465e+01     0.093 (     0      0)     0.087 (    60      0)
"interp_movie_output"                384      384 7.680000e+02   2.203298e-01     0.001 (    49      0)     0.000 (    85      0)
"prim_main_loop"                     384      384 3.840000e+02   6.654181e+04   173.421 (   320      0)   173.077 (    85      0)
"prim_run"                           384      384 1.536000e+04   6.654133e+04   173.420 (   320      0)   173.076 (    85      0)
"ApplyCAMForcing"                    384      384 1.536000e+04   6.481739e+02     2.607 (   286      0)     1.294 (    39      0)
"prim_step_rX"                       384      384 4.608000e+04   5.970347e+04   156.368 (   117      0)   154.030 (   128      0)
"prim_step_dyn"                      384      384 4.608000e+04   1.291151e+04    56.355 (    75      0)    21.909 (   360      0)
"prim_advance_exp"                   384      384 4.608000e+04   1.291080e+04    56.353 (    75      0)    21.907 (   360      0)
"U3-5stage_timestep"                 384      384 4.608000e+04   7.786034e+03    44.527 (    75      0)     9.756 (   356      0)
"compute_and_apply_rhs"              384      384 2.304000e+05   7.730550e+03    44.392 (    75      0)     9.596 (   356      0)
"caar_bexchV"                        384      384 2.304000e+05   4.559165e+03    36.433 (    75      0)     1.099 (   320      0)
"advance_hypervis_dp"                384      384 4.608000e+04   5.123769e+03    23.775 (    61      0)    11.458 (   198      0)
"biwkdp3d_bexchV"                    384      384 1.382400e+05   8.077374e+02    10.299 (    63      0)     0.573 (   320      0)
"ahdp_bexchV2"                       384      384 1.382400e+05   6.566381e+02     9.819 (    59      0)     0.602 (   256      0)
"prim_step_advec"                    384      384 4.608000e+04   4.667130e+04   133.425 (   360      0)    99.490 (    75      0)
"PAT_remap"                          384      384 4.608000e+04   4.667101e+04   133.424 (   360      0)    99.490 (    75      0)
"prim_advec_tracers_remap_rk2"       384      384 4.608000e+04   4.667051e+04   133.423 (   360      0)    99.488 (    75      0)
"precomput_divdp"                    384      384 4.608000e+04   6.865753e+01     0.216 (   128      0)     0.167 (   165      0)
"euler_step_0"                       384      384 4.608000e+04   1.209467e+04    35.462 (   346      0)    26.008 (    98      0)
"bihmix_qminmax"                     384      384 1.382400e+05   2.184232e+04    64.849 (   328      0)    44.909 (   114      0)
"eus_neighbor_minmax1"               384      384 4.608000e+04   2.449217e+03     8.383 (   165      0)     3.969 (    38      0)
"nmm_bexchV"                         384      384 4.608000e+04   1.033378e+03     4.811 (   125      0)     1.288 (   109      0)
"eus_2d_advec"                       384      384 1.382400e+05   2.375121e+04    71.908 (   377      0)    51.510 (    75      0)
"eus_bexchV"                         384      384 1.382400e+05   5.666177e+03    26.257 (   107      0)     6.551 (    75      0)
"euler_step_1"                       384      384 4.608000e+04   8.236144e+03    24.783 (   382      0)    17.906 (    49      0)
"euler_step_2"                       384      384 4.608000e+04   2.526634e+04    72.772 (   337      0)    52.856 (    78      0)
"nmm_bexchS_start"                   384      384 4.608000e+04   3.455733e+00     0.020 (   279      0)     0.004 (    55      0)
"biwksc_bexchV"                      384      384 4.608000e+04   2.651263e+03    11.373 (   105      0)     2.628 (   121      0)
"nmm_bexchS_fini"                    384      384 4.608000e+04   8.208826e+02     4.852 (   326      0)     0.545 (    85      0)
"qdp_tavg"                           384      384 4.608000e+04   1.002597e+03     4.174 (   294      0)     1.177 (   125      0)
"vertical_remap"                     384      384 1.536000e+04   5.620364e+03    17.203 (   128      0)    14.360 (   303      0)
"vertical_remap1_1"                  384      384 1.536000e+06   2.362661e+02     0.686 (     0      0)     0.595 (   155      0)
"remap_Q_ppm"                        384      384 4.608000e+06   5.533250e+03    16.908 (   128      0)    14.145 (   303      0)
"vertical_remap1_2"                  384      384 1.536000e+06   3.510416e+02     1.006 (     0      0)     0.891 (   155      0)
"vertical_remap1_3"                  384      384 1.536000e+06   4.977986e+03    15.333 (   128      0)    12.722 (   303      0)
"prim_run_subcyle_diags"             384      384 1.536000e+04   4.187352e+02     2.010 (   135      0)     0.561 (    78      0)
"t_prf"                                0        0 0.000000e+00   0.000000e+00     0.000 (     0      0)     0.000 (     0      0)

