
***** GLOBAL STATISTICS (  1536 MPI TASKS) *****

$Id: gptl.c,v 1.157 2011-03-28 20:55:18 rosinski Exp $
'count' is cumulative. All other stats are max/min
name                           processes  threads        count      walltotal   wallmax (proc   thrd  )   wallmin (proc   thrd  )
"Total"                             1536     1536 1.536000e+03   2.958619e+05   192.641 (  1216      0)   192.593 (   496      0)
"prim_init1"                        1536     1536 1.536000e+03   1.371291e+03     0.908 (  1408      0)     0.861 (  1097      0)
"PartitioningTime"                  1536     1536 1.536000e+03   1.334701e+01     0.018 (   772      0)     0.001 (   153      0)
"repro_sum_int"                     1536     1536 6.912000e+04   1.185923e+02     0.140 (  1528      0)     0.034 (  1232      0)
"prim_init2"                        1536     1536 1.536000e+03   2.350325e+02     0.217 (     0      0)     0.111 (  1228      0)
"prim_printstate"                   1536     1536 1.536000e+03   9.015593e+01     0.077 (     0      0)     0.058 (   760      0)
"interp_movie_output"               1536     1536 3.072000e+03   7.756772e-01     0.001 (   331      0)     0.000 (  1294      0)
"prim_main_loop"                    1536     1536 1.536000e+03   2.882598e+05   187.691 (   960      0)   187.652 (   588      0)
"prim_run"                          1536     1536 4.915200e+05   2.882561e+05   187.688 (   896      0)   187.649 (   588      0)
"ApplyCAMForcing"                   1536     1536 4.915200e+05   3.003403e+03     2.143 (  1125      0)     1.636 (   405      0)
"prim_step_rX"                      1536     1536 1.474560e+06   2.546285e+05   166.167 (   586      0)   164.209 (   512      0)
"prim_step_dyn"                     1536     1536 1.474560e+06   6.550458e+04    51.229 (   738      0)    31.640 (  1088      0)
"prim_advance_exp"                  1536     1536 1.474560e+06   6.548529e+04    51.216 (   738      0)    31.628 (  1088      0)
"U3-5stage_timestep"                1536     1536 1.474560e+06   3.472028e+04    33.836 (   373      0)    14.555 (  1258      0)
"compute_and_apply_rhs"             1536     1536 7.372800e+06   3.437182e+04    33.608 (   373      0)    14.326 (  1258      0)
"caar_bexchV"                       1536     1536 7.372800e+06   1.794124e+04    23.120 (   373      0)     2.155 (   832      0)
"advance_hypervis_dp"               1536     1536 1.474560e+06   3.073502e+04    29.567 (   533      0)    16.677 (   967      0)
"biwkdp3d_bexchV"                   1536     1536 4.423680e+06   6.135568e+03    10.090 (  1385      0)     1.277 (   960      0)
"ahdp_bexchV2"                      1536     1536 4.423680e+06   5.782256e+03     9.757 (   533      0)     1.359 (   960      0)
"prim_step_advec"                   1536     1536 1.474560e+06   1.886630e+05   132.738 (   958      0)   114.506 (   738      0)
"PAT_remap"                         1536     1536 1.474560e+06   1.886543e+05   132.733 (   958      0)   114.501 (   738      0)
"prim_advec_tracers_remap_rk2"      1536     1536 1.474560e+06   1.886404e+05   132.724 (   958      0)   114.492 (   738      0)
"precomput_divdp"                   1536     1536 1.474560e+06   3.352677e+02     0.254 (   896      0)     0.203 (   525      0)
"euler_step_0"                      1536     1536 1.474560e+06   4.578775e+04    33.396 (   212      0)    26.923 (  1310      0)
"bihmix_qminmax"                    1536     1536 4.423680e+06   8.615372e+04    63.102 (  1088      0)    52.022 (  1389      0)
"eus_neighbor_minmax1"              1536     1536 1.474560e+06   8.233650e+03     7.540 (   132      0)     3.734 (   471      0)
"nmm_bexchV"                        1536     1536 1.474560e+06   4.258885e+03     5.091 (  1189      0)     1.573 (   360      0)
"eus_2d_advec"                      1536     1536 4.423680e+06   9.928981e+04    74.887 (   194      0)    59.075 (  1290      0)
"eus_bexchV"                        1536     1536 4.423680e+06   1.636007e+04    20.354 (   130      0)     5.678 (   541      0)
"euler_step_1"                      1536     1536 1.474560e+06   3.676173e+04    26.403 (   200      0)    21.630 (   352      0)
"euler_step_2"                      1536     1536 1.474560e+06   1.029938e+05    72.379 (   898      0)    61.773 (   439      0)
"nmm_bexchS_start"                  1536     1536 1.474560e+06   8.685515e+01     0.091 (  1088      0)     0.036 (   412      0)
"biwksc_bexchV"                     1536     1536 1.474560e+06   6.950677e+03     8.645 (  1211      0)     2.473 (   863      0)
"nmm_bexchS_fini"                   1536     1536 1.474560e+06   9.750674e+02     0.918 (  1144      0)     0.539 (  1075      0)
"qdp_tavg"                          1536     1536 1.474560e+06   2.705117e+03     2.221 (  1143      0)     1.291 (   767      0)
"vertical_remap"                    1536     1536 4.915200e+05   2.878418e+04    20.331 (   257      0)    18.491 (   611      0)
"vertical_remap1_1"                 1536     1536 7.864320e+06   1.224638e+03     0.874 (   512      0)     0.769 (   982      0)
"remap_Q_ppm"                       1536     1536 2.359296e+07   2.834922e+04    20.018 (   257      0)    18.214 (   611      0)
"vertical_remap1_2"                 1536     1536 7.864320e+06   1.800028e+03     1.278 (   512      0)     1.140 (   602      0)
"vertical_remap1_3"                 1536     1536 7.864320e+06   2.549105e+04    18.033 (  1216      0)    16.387 (   611      0)
"prim_run_subcyle_diags"            1536     1536 4.915200e+05   1.402795e+03     1.212 (  1151      0)     0.654 (   355      0)
"t_prf"                                0        0 0.000000e+00   0.000000e+00     0.000 (     0      0)     0.000 (     0      0)

