
***** GLOBAL STATISTICS ( 17280 MPI TASKS) *****

$Id: gptl.c,v 1.157 2011-03-28 20:55:18 rosinski Exp $
'count' is cumulative. All other stats are max/min
name                               processes  threads        count      walltotal   wallmax (proc   thrd  )   wallmin (proc   thrd  )
Total                                  17280    17280 1.728000e+04   3.172467e+06   183.671 ( 11295      0)   183.538 (  5414      0)
prim_init1                             17280    17280 1.728000e+04   5.081716e+04     3.014 (  1763      0)     2.813 ( 12039      0)
repro_sum_int                          17280    17280 7.776000e+05   1.090778e+04     1.826 (  9631      0)     0.085 (  8388      0)
prim_init2                             17280    17280 1.728000e+04   3.057710e+04     2.973 (  9606      0)     0.982 ( 12972      0)
prim_printstate                        17280    17280 1.728000e+04   3.129618e+03     0.225 (  8280      0)     0.157 ( 10602      0)
interp_movie_output                    17280    17280 3.456000e+04   1.132431e+02     0.030 ( 12674      0)     0.000 (  8823      0)
prim_main_loop                         17280    17280 1.728000e+04   2.806450e+06   162.484 ( 16418      0)   162.357 (  5174      0)
prim_run                               17280    17280 1.555200e+07   2.806298e+06   162.478 ( 16407      0)   162.347 (  5133      0)
tl-sc prim_run_subcycle_c              17280    17280 1.555200e+07   2.805383e+06   162.403 (  8770      0)   162.297 (  6109      0)
tl-sc dp3d-from-ps                     17280    17280 1.555200e+07   4.661686e+02     0.063 ( 13376      0)     0.020 ( 14911      0)
tl-sc prim_step-loop                   17280    17280 1.555200e+07   2.530987e+06   147.522 (   597      0)   144.478 (  6976      0)
tl-s prim_step                         17280    17280 4.665600e+07   2.530754e+06   147.508 (   597      0)   144.463 (  6976      0)
tl-s deep_copy+derived_dp              17280    17280 4.665600e+07   2.790115e+03     0.211 (  2624      0)     0.148 ( 16813      0)
tl-s prim_advance_exp-loop             17280    17280 4.665600e+07   8.824102e+05    62.415 (  5096      0)    38.025 (  8768      0)
tl-ae prim_advance_exp                 17280    17280 4.665600e+07   8.820825e+05    62.397 (  5096      0)    38.005 (  8768      0)
tl-ae U3-5stage_timestep               17280    17280 4.665600e+07   4.393371e+05    34.202 ( 11935      0)    17.841 (  8768      0)
caar compute                           17280    17280 2.332800e+08   1.097851e+05     7.469 ( 14656      0)     5.981 (  5159      0)
caar_bexchV                            17280    17280 2.332800e+08   3.215215e+05    27.685 ( 11935      0)    10.004 ( 15552      0)
tl-ae advance_hypervis_dp              17280    17280 4.665600e+07   4.420943e+05    34.535 ( 12058      0)    18.091 (  8876      0)
hvf-bhwk                               17280    17280 1.399680e+08   2.396654e+05    20.098 ( 10181      0)    10.011 (  8876      0)
hvf-bexch                              17280    17280 2.799360e+08   3.444365e+05    28.996 ( 12030      0)    12.412 (  8876      0)
tl-s prim_advec_tracers_remap          17280    17280 4.665600e+07   1.644847e+06   108.234 (  8891      0)    84.670 (  5096      0)
tl-at prim_advec_tracers_remap_RK2     17280    17280 4.665600e+07   1.644478e+06   108.213 (  8891      0)    84.649 (  5096      0)
tl-at precompute_divdp                 17280    17280 4.665600e+07   2.722093e+03     0.217 (  6912      0)     0.134 (  4369      0)
tl-at esf-0                            17280    17280 4.665600e+07   4.289389e+05    30.537 (  8769      0)    21.494 ( 11033      0)
tl-at esf-1                            17280    17280 4.665600e+07   3.136095e+05    21.693 (  8920      0)    16.423 ( 11251      0)
tl-at esf-2                            17280    17280 4.665600e+07   8.647531e+05    57.805 (  8747      0)    40.252 ( 13746      0)
tl-at qdp_time_avg                     17280    17280 4.665600e+07   3.269126e+04     2.194 ( 12736      0)     1.656 ( 16575      0)
tl-sc vertical_remap                   17280    17280 1.555200e+07   2.474192e+05    16.014 ( 13248      0)    13.252 (   661      0)
Remap Thickness Functor                17280    17280 1.555200e+07   1.820551e+03     0.154 (  8448      0)     0.082 (  8142      0)
Remap Scale States Functor             17280    17280 1.555200e+07   7.828866e+02     0.070 ( 10560      0)     0.033 ( 16813      0)
Remap Compute Grids Functor            17280    17280 1.555200e+07   8.541386e+03     0.575 (  3520      0)     0.460 (  8063      0)
Remap Compute Remap Functor            17280    17280 1.555200e+07   2.336675e+05    15.201 (  6976      0)    12.506 (   661      0)
Remap Rescale States Functor           17280    17280 1.555200e+07   9.289114e+02     0.064 (  6144      0)     0.051 (  1605      0)
tl-sc Q-from-qdp                       17280    17280 1.555200e+07   2.617953e+04     1.810 (  6976      0)     1.502 (  5426      0)
t_prf                                      0        0 0.000000e+00   0.000000e+00     0.000 (     0      0)     0.000 (     0      0)

