
***** GLOBAL STATISTICS (  6400 MPI TASKS) *****

$Id: gptl.c,v 1.157 2011-03-28 20:55:18 rosinski Exp $
'count' is cumulative. All other stats are max/min
name                               processes  threads        count      walltotal   wallmax (proc   thrd  )   wallmin (proc   thrd  )
Total                                   6400     6400 6.400000e+03   9.029383e+05   141.116 (  1168      0)   141.053 (  3610      0)
prim_init1                              6400     6400 6.400000e+03   7.731720e+03     1.239 (  1222      0)     1.151 (  5019      0)
repro_sum_int                           6400     6400 2.880000e+05   1.758084e+03     0.863 (    32      0)     0.051 (  5754      0)
prim_init2                              6400     6400 6.400000e+03   4.472084e+03     1.201 (    52      0)     0.472 (  2423      0)
prim_printstate                         6400     6400 6.400000e+03   6.782974e+02     0.117 (  4737      0)     0.101 (  2693      0)
interp_movie_output                     6400     6400 1.280000e+04   1.447806e+01     0.007 (  4464      0)     0.000 (  5020      0)
prim_main_loop                          6400     6400 6.400000e+03   8.330213e+05   130.179 (  5888      0)   130.142 (   285      0)
prim_run                                6400     6400 4.268800e+06   8.329830e+05   130.172 (  5926      0)   130.136 (   512      0)
tl-sc prim_run_subcycle_c               6400     6400 4.268800e+06   8.328428e+05   130.156 (  5713      0)   130.107 (   240      0)
tl-sc dp3d-from-ps                      6400     6400 4.268800e+06   1.370667e+02     0.029 (  2432      0)     0.017 (   934      0)
tl-sc prim_step-loop                    6400     6400 4.268800e+06   7.472115e+05   117.022 (  6232      0)   115.411 (  3520      0)
tl-s prim_step                          6400     6400 1.280640e+07   7.471461e+05   117.012 (  6232      0)   115.400 (  3520      0)
tl-s deep_copy+derived_dp               6400     6400 1.280640e+07   1.162608e+03     0.222 (  6272      0)     0.141 (   205      0)
tl-s prim_advance_exp-loop              6400     6400 1.280640e+07   2.628662e+05    46.836 (  5850      0)    29.132 (  1951      0)
tl-ae prim_advance_exp                  6400     6400 1.280640e+07   2.627810e+05    46.822 (  5850      0)    29.117 (  1951      0)
tl-ae U3-5stage_timestep                6400     6400 1.280640e+07   1.326665e+05    30.317 (  5637      0)    13.844 (  1951      0)
caar compute                            6400     6400 6.403200e+07   3.545028e+04     6.501 (  5120      0)     5.226 (  5728      0)
caar_bexchV                             6400     6400 6.403200e+07   9.479006e+04    24.530 (  5637      0)     7.306 (  6208      0)
tl-ae advance_hypervis_dp               6400     6400 1.280640e+07   1.299292e+05    26.932 (  5850      0)    14.826 (  1925      0)
hvf-bhwk                                6400     6400 3.841920e+07   7.129979e+04    15.873 (  5865      0)     8.283 (  1927      0)
hvf-bexch                               6400     6400 7.683840e+07   9.821206e+04    22.048 (  2452      0)     9.487 (  1920      0)
tl-s prim_advec_tracers_remap           6400     6400 1.280640e+07   4.829138e+05    87.591 (  1951      0)    69.771 (  5850      0)
tl-at prim_advec_tracers_remap_RK2      6400     6400 1.280640e+07   4.828136e+05    87.573 (  1951      0)    69.755 (  5850      0)
tl-at precompute_divdp                  6400     6400 1.280640e+07   8.454052e+02     0.166 (  3328      0)     0.112 (  2491      0)
tl-at esf-0                             6400     6400 1.280640e+07   1.332526e+05    25.953 (  1975      0)    18.165 (  5635      0)
tl-at esf-1                             6400     6400 1.280640e+07   9.936002e+04    17.902 (  1995      0)    13.884 (  1897      0)
tl-at esf-2                             6400     6400 1.280640e+07   2.377944e+05    46.568 (  1956      0)    33.942 (  2206      0)
tl-at qdp_time_avg                      6400     6400 1.280640e+07   1.105060e+04     2.003 (  1600      0)     1.421 (  5677      0)
tl-sc vertical_remap                    6400     6400 4.268800e+06   7.677504e+04    13.079 (  3520      0)    11.730 (  6232      0)
Remap Thickness Functor                 6400     6400 4.268800e+06   5.295784e+02     0.100 (  6144      0)     0.073 (  5177      0)
Remap Scale States Functor              6400     6400 4.268800e+06   2.358480e+02     0.052 (  3434      0)     0.027 (  2108      0)
Remap Compute Grids Functor             6400     6400 4.268800e+06   2.788258e+03     0.506 (  1600      0)     0.409 (  2673      0)
Remap Compute Remap Functor             6400     6400 4.268800e+06   7.255939e+04    12.387 (  3520      0)    11.091 (  6232      0)
Remap Rescale States Functor            6400     6400 4.268800e+06   2.964925e+02     0.055 (  5504      0)     0.043 (  5600      0)
tl-sc Q-from-qdp                        6400     6400 4.268800e+06   8.626632e+03     1.602 (  3520      0)     1.336 (  1892      0)
t_prf                                      0        0 0.000000e+00   0.000000e+00     0.000 (     0      0)     0.000 (     0      0)

