
***** GLOBAL STATISTICS (   128 MPI TASKS) *****

$Id: gptl.c,v 1.157 2011-03-28 20:55:18 rosinski Exp $
'count' is cumulative. All other stats are max/min
name                           processes  threads        count      walltotal   wallmax (proc   thrd  )   wallmin (proc   thrd  )
"Total"                              128      128 1.280000e+02   3.791518e+04   296.358 (    64      0)   296.031 (    49      0)
"prim_init1"                         128      128 1.280000e+02   2.017131e+02     1.593 (    64      0)     1.558 (    58      0)
"PartitioningTime"                   128      128 1.280000e+02   7.024496e-01     0.006 (   116      0)     0.003 (    64      0)
"repro_sum_int"                      128      128 5.760000e+03   3.766818e+00     0.045 (    50      0)     0.015 (    64      0)
"prim_init2"                         128      128 1.280000e+02   5.976991e+01     0.485 (    20      0)     0.453 (   124      0)
"prim_printstate"                    128      128 1.280000e+02   1.562525e+01     0.129 (     0      0)     0.122 (    29      0)
"interp_movie_output"                128      128 2.560000e+02   1.032436e-01     0.001 (   117      0)     0.001 (    35      0)
"prim_main_loop"                     128      128 1.280000e+02   3.696685e+04   288.950 (    64      0)   288.622 (    49      0)
"prim_run"                           128      128 3.456000e+03   3.696669e+04   288.949 (    64      0)   288.620 (    49      0)
"ApplyCAMForcing"                    128      128 3.456000e+03   4.695102e+02     5.987 (   111      0)     1.873 (     0      0)
"prim_step_rX"                       128      128 1.036800e+04   3.365952e+04   265.243 (    48      0)   260.349 (    64      0)
"prim_step_dyn"                      128      128 1.036800e+04   4.781141e+03    53.622 (    49      0)    27.619 (    64      0)
"prim_advance_exp"                   128      128 1.036800e+04   4.780972e+03    53.620 (    49      0)    27.618 (    64      0)
"U3-5stage_timestep"                 128      128 1.036800e+04   2.893174e+03    38.790 (    49      0)    12.933 (   100      0)
"compute_and_apply_rhs"              128      128 5.184000e+04   2.867265e+03    38.603 (    49      0)    12.726 (   100      0)
"caar_bexchV"                        128      128 5.184000e+04   1.394066e+03    26.074 (    49      0)     0.843 (    64      0)
"advance_hypervis_dp"                128      128 1.036800e+04   1.887545e+03    15.391 (     2      0)    14.419 (    79      0)
"biwkdp3d_bexchV"                    128      128 3.110400e+04   1.317005e+02     1.649 (    38      0)     0.453 (    64      0)
"ahdp_bexchV2"                       128      128 3.110400e+04   1.381815e+02     1.674 (    27      0)     0.503 (    64      0)
"prim_step_advec"                    128      128 1.036800e+04   2.878326e+04   232.496 (    99      0)   210.699 (    49      0)
"PAT_remap"                          128      128 1.036800e+04   2.878318e+04   232.495 (    99      0)   210.698 (    49      0)
"prim_advec_tracers_remap_rk2"       128      128 1.036800e+04   2.878304e+04   232.494 (    99      0)   210.697 (    49      0)
"precomput_divdp"                    128      128 1.036800e+04   4.066629e+01     0.490 (    59      0)     0.230 (    14      0)
"euler_step_0"                       128      128 1.036800e+04   8.472638e+03    67.752 (     0      0)    64.822 (    52      0)
"bihmix_qminmax"                     128      128 3.110400e+04   1.343355e+04   112.445 (   100      0)    95.727 (    48      0)
"eus_neighbor_minmax1"               128      128 1.036800e+04   1.818141e+03    17.640 (    98      0)    10.616 (    60      0)
"nmm_bexchV"                         128      128 1.036800e+04   7.888368e+02     8.220 (   101      0)     4.143 (    53      0)
"eus_2d_advec"                       128      128 3.110400e+04   1.439012e+04   121.078 (    63      0)   108.974 (    52      0)
"eus_bexchV"                         128      128 3.110400e+04   3.988029e+03    40.458 (    59      0)    25.165 (    24      0)
"euler_step_1"                       128      128 1.036800e+04   5.147543e+03    40.878 (    93      0)    39.332 (    52      0)
"euler_step_2"                       128      128 1.036800e+04   1.420459e+04   116.595 (    68      0)   100.050 (    49      0)
"nmm_bexchS_start"                   128      128 1.036800e+04   1.149804e+00     0.019 (    77      0)     0.004 (     1      0)
"biwksc_bexchV"                      128      128 1.036800e+04   1.465275e+03    14.323 (    77      0)     8.040 (    49      0)
"nmm_bexchS_fini"                    128      128 1.036800e+04   6.919910e+02     7.481 (    73      0)     3.190 (    48      0)
"qdp_tavg"                           128      128 1.036800e+04   9.169745e+02     8.701 (   102      0)     3.074 (    63      0)
"vertical_remap"                     128      128 3.456000e+03   2.425338e+03    21.396 (     0      0)    18.681 (    87      0)
"vertical_remap1_1"                  128      128 6.635520e+05   1.009987e+02     0.863 (     0      0)     0.774 (   122      0)
"remap_Q_ppm"                        128      128 1.990656e+06   2.387515e+03    21.031 (     0      0)    18.402 (    87      0)
"vertical_remap1_2"                  128      128 6.635520e+05   1.507077e+02     1.278 (     0      0)     1.163 (   122      0)
"vertical_remap1_3"                  128      128 6.635520e+05   2.149265e+03    19.018 (     0      0)    16.548 (    87      0)
"prim_run_subcyle_diags"             128      128 3.456000e+03   2.946477e+02     3.691 (   120      0)     0.817 (    49      0)
"t_prf"                                0        0 0.000000e+00   0.000000e+00     0.000 (     0      0)     0.000 (     0      0)

