
***** GLOBAL STATISTICS (   576 MPI TASKS) *****

$Id: gptl.c,v 1.157 2011-03-28 20:55:18 rosinski Exp $
'count' is cumulative. All other stats are max/min
name                               processes  threads        count      walltotal   wallmax (proc   thrd  )   wallmin (proc   thrd  )
Total                                    576      576 5.760000e+02   1.009726e+05   175.505 (    64      0)   174.884 (   554      0)
prim_init1                               576      576 5.760000e+02   9.477896e+02     1.670 (   448      0)     1.570 (   536      0)
repro_sum_int                            576      576 2.592000e+04   4.655843e+01     0.163 (   210      0)     0.039 (   448      0)
prim_init2                               576      576 5.760000e+02   1.372261e+03     2.488 (   217      0)     2.301 (   267      0)
prim_printstate                          576      576 5.760000e+02   1.896943e+02     0.335 (     0      0)     0.328 (   118      0)
interp_movie_output                      576      576 1.152000e+03   5.501719e-01     0.003 (   528      0)     0.000 (   458      0)
prim_main_loop                           576      576 5.760000e+02   8.936809e+04   155.359 (    64      0)   154.737 (   554      0)
prim_run                                 576      576 1.728000e+04   8.936768e+04   155.358 (    64      0)   154.736 (   554      0)
tl-sc prim_run_subcycle_c                576      576 1.728000e+04   8.922103e+04   155.131 (    64      0)   154.644 (   554      0)
tl-sc dp3d-from-ps                       576      576 1.728000e+04   1.048877e+01     0.021 (    98      0)     0.017 (   567      0)
tl-sc prim_step-loop                     576      576 1.728000e+04   8.036439e+04   140.243 (   130      0)   138.403 (   448      0)
tl-s prim_step                           576      576 5.184000e+04   8.036402e+04   140.242 (   130      0)   138.403 (   448      0)
tl-s deep_copy+derived_dp                576      576 5.184000e+04   1.254407e+02     0.338 (    98      0)     0.152 (   565      0)
tl-s prim_advance_exp-loop               576      576 5.184000e+04   1.967357e+04    49.531 (   362      0)    18.893 (    76      0)
tl-ae prim_advance_exp                   576      576 5.184000e+04   1.967270e+04    49.528 (   362      0)    18.891 (    76      0)
tl-ae U3-5stage_timestep                 576      576 5.184000e+04   1.116899e+04    32.394 (   554      0)     9.238 (   384      0)
caar compute                             576      576 2.592000e+05   3.352263e+03     6.349 (   320      0)     5.501 (   461      0)
caar_bexchV                              576      576 2.592000e+05   7.681238e+03    26.500 (   554      0)     2.734 (   384      0)
tl-ae advance_hypervis_dp                576      576 5.184000e+04   8.502719e+03    24.987 (   409      0)     8.964 (   142      0)
hvf-bhwk                                 576      576 1.555200e+05   4.963011e+03    13.844 (   368      0)     5.366 (   142      0)
hvf-bexch                                576      576 3.110400e+05   5.495259e+03    19.999 (   411      0)     3.263 (   128      0)
tl-s prim_advec_tracers_remap            576      576 5.184000e+04   6.056383e+04   120.995 (    76      0)    90.001 (   362      0)
tl-at prim_advec_tracers_remap_RK2       576      576 5.184000e+04   6.056334e+04   120.994 (    76      0)    90.000 (   362      0)
tl-at precompute_divdp                   576      576 5.184000e+04   1.084964e+02     0.410 (    64      0)     0.102 (   573      0)
tl-at esf-0                              576      576 5.184000e+04   1.977206e+04    40.319 (   126      0)    26.812 (   532      0)
tl-at esf-1                              576      576 5.184000e+04   1.156307e+04    25.752 (   574      0)    16.134 (   548      0)
tl-at esf-2                              576      576 5.184000e+04   2.735165e+04    57.617 (   562      0)    38.316 (   306      0)
tl-at qdp_time_avg                       576      576 5.184000e+04   1.765099e+03     4.655 (   409      0)     1.973 (    61      0)
tl-sc vertical_remap                     576      576 1.728000e+04   7.927032e+03    14.892 (   448      0)    13.187 (    51      0)
Remap Thickness Functor                  576      576 1.728000e+04   4.874850e+01     0.119 (   389      0)     0.069 (    63      0)
Remap Scale States Functor               576      576 1.728000e+04   3.013793e+01     0.088 (   389      0)     0.030 (   514      0)
Remap Compute Grids Functor              576      576 1.728000e+04   3.150728e+02     0.677 (   101      0)     0.468 (   231      0)
Remap Compute Remap Functor              576      576 1.728000e+04   7.499262e+03    14.218 (   448      0)    12.499 (   167      0)
Remap Rescale States Functor             576      576 1.728000e+04   2.991511e+01     0.076 (   131      0)     0.043 (   148      0)
tl-sc Q-from-qdp                         576      576 1.728000e+04   9.185587e+02     1.780 (   384      0)     1.533 (   300      0)
t_prf                                      0        0 0.000000e+00   0.000000e+00     0.000 (     0      0)     0.000 (     0      0)

