
***** GLOBAL STATISTICS (   128 MPI TASKS) *****

$Id: gptl.c,v 1.157 2011-03-28 20:55:18 rosinski Exp $
'count' is cumulative. All other stats are max/min
name                               processes  threads        count      walltotal   wallmax (proc   thrd  )   wallmin (proc   thrd  )
Total                                    128      128 1.280000e+02   2.711996e+04   212.086 (    64      0)   211.162 (    49      0)
prim_init1                               128      128 1.280000e+02   8.191605e+01     0.647 (     1      0)     0.630 (   112      0)
repro_sum_int                            128      128 5.760000e+03   4.189749e+00     0.056 (    46      0)     0.016 (    64      0)
prim_init2                               128      128 1.280000e+02   3.794631e+02     2.985 (     8      0)     2.945 (    83      0)
prim_printstate                          128      128 1.280000e+02   4.654581e+01     0.370 (     0      0)     0.363 (   102      0)
interp_movie_output                      128      128 2.560000e+02   6.856942e-02     0.001 (     1      0)     0.000 (    93      0)
prim_main_loop                           128      128 1.280000e+02   2.610503e+04   204.158 (    64      0)   203.231 (    49      0)
prim_run                                 128      128 3.456000e+03   2.610492e+04   204.158 (    64      0)   203.230 (    49      0)
tl-sc prim_run_subcycle_c                128      128 3.456000e+03   2.605632e+04   203.747 (    64      0)   203.118 (    49      0)
tl-sc dp3d-from-ps                       128      128 3.456000e+03   3.189601e+00     0.038 (    93      0)     0.019 (    50      0)
tl-sc prim_step-loop                     128      128 3.456000e+03   2.379675e+04   186.509 (     6      0)   184.990 (    64      0)
tl-s prim_step                           128      128 1.036800e+04   2.379667e+04   186.509 (     6      0)   184.990 (    64      0)
tl-s deep_copy+derived_dp                128      128 1.036800e+04   4.077815e+01     0.533 (   106      0)     0.183 (    50      0)
tl-s prim_advance_exp-loop               128      128 1.036800e+04   3.932569e+03    62.341 (    49      0)    20.955 (    72      0)
tl-ae prim_advance_exp                   128      128 1.036800e+04   3.932398e+03    62.340 (    49      0)    20.954 (    72      0)
tl-ae U3-5stage_timestep                 128      128 1.036800e+04   2.594223e+03    52.039 (    49      0)    10.660 (    64      0)
caar compute                             128      128 5.184000e+04   8.784173e+02     7.630 (    99      0)     6.441 (    44      0)
caar_bexchV                              128      128 5.184000e+04   1.680901e+03    45.262 (    49      0)     3.164 (    64      0)
tl-ae advance_hypervis_dp                128      128 1.036800e+04   1.337975e+03    12.290 (    25      0)    10.062 (    89      0)
hvf-bhwk                                 128      128 3.110400e+04   8.222117e+02     8.338 (    25      0)     6.100 (    75      0)
hvf-bexch                                128      128 6.220800e+04   5.462568e+02     6.199 (    25      0)     3.590 (    64      0)
tl-s prim_advec_tracers_remap            128      128 1.036800e+04   1.982308e+04   164.659 (    73      0)   123.062 (    49      0)
tl-at prim_advec_tracers_remap_RK2       128      128 1.036800e+04   1.982297e+04   164.658 (    73      0)   123.061 (    49      0)
tl-at precompute_divdp                   128      128 1.036800e+04   3.501305e+01     0.475 (    64      0)     0.160 (    28      0)
tl-at esf-0                              128      128 1.036800e+04   6.240474e+03    53.906 (    73      0)    39.607 (    46      0)
tl-at esf-1                              128      128 1.036800e+04   3.835564e+03    33.206 (    63      0)    20.677 (    50      0)
tl-at esf-2                              128      128 1.036800e+04   9.087274e+03    76.137 (    46      0)    59.161 (    49      0)
tl-at qdp_time_avg                       128      128 1.036800e+04   6.239579e+02     7.168 (   112      0)     2.350 (    49      0)
tl-sc vertical_remap                     128      128 3.456000e+03   1.990423e+03    16.446 (    64      0)    15.197 (    75      0)
Remap Thickness Functor                  128      128 3.456000e+03   1.378917e+01     0.157 (   105      0)     0.079 (    63      0)
Remap Scale States Functor               128      128 3.456000e+03   1.026484e+01     0.135 (    99      0)     0.043 (    59      0)
Remap Compute Grids Functor              128      128 3.456000e+03   8.347311e+01     0.917 (    99      0)     0.546 (    63      0)
Remap Compute Remap Functor              128      128 3.456000e+03   1.869645e+03    15.509 (    64      0)    14.361 (    77      0)
Remap Rescale States Functor             128      128 3.456000e+03   8.494948e+00     0.161 (    64      0)     0.051 (    48      0)
tl-sc Q-from-qdp                         128      128 3.456000e+03   2.658319e+02     2.543 (   127      0)     1.757 (    48      0)
t_prf                                      0        0 0.000000e+00   0.000000e+00     0.000 (     0      0)     0.000 (     0      0)

