
***** GLOBAL STATISTICS (   384 MPI TASKS) *****

$Id: gptl.c,v 1.157 2011-03-28 20:55:18 rosinski Exp $
'count' is cumulative. All other stats are max/min
name                               processes  threads        count      walltotal   wallmax (proc   thrd  )   wallmin (proc   thrd  )
Total                                    384      384 3.840000e+02   4.789041e+04   124.852 (   256      0)   124.587 (    78      0)
prim_init1                               384      384 3.840000e+02   3.150075e+02     0.832 (     0      0)     0.797 (   206      0)
repro_sum_int                            384      384 1.728000e+04   1.795556e+01     0.085 (    31      0)     0.021 (   320      0)
prim_init2                               384      384 3.840000e+02   5.918089e+02     1.573 (    59      0)     1.512 (   344      0)
prim_printstate                          384      384 3.840000e+02   8.582336e+01     0.229 (     0      0)     0.223 (   195      0)
interp_movie_output                      384      384 7.680000e+02   1.759920e-01     0.001 (    66      0)     0.000 (   159      0)
prim_main_loop                           384      384 3.840000e+02   4.362532e+04   113.744 (   256      0)   113.484 (    85      0)
prim_run                                 384      384 1.536000e+04   4.362502e+04   113.743 (   256      0)   113.484 (    85      0)
tl-sc prim_run_subcycle_c                384      384 1.536000e+04   4.355969e+04   113.527 (   256      0)   113.370 (   369      0)
tl-sc dp3d-from-ps                       384      384 1.536000e+04   5.986955e+00     0.028 (   156      0)     0.014 (    48      0)
tl-sc prim_step-loop                     384      384 1.536000e+04   3.844047e+04   100.434 (    46      0)    98.984 (   128      0)
tl-s prim_step                           384      384 4.608000e+04   3.844018e+04   100.434 (    46      0)    98.983 (   128      0)
tl-s deep_copy+derived_dp                384      384 4.608000e+04   5.923642e+01     0.249 (   152      0)     0.116 (    42      0)
tl-s prim_advance_exp-loop               384      384 4.608000e+04   9.030522e+03    31.241 (   369      0)    17.306 (   256      0)
tl-ae prim_advance_exp                   384      384 4.608000e+04   9.029912e+03    31.239 (   369      0)    17.305 (   256      0)
tl-ae U3-5stage_timestep                 384      384 4.608000e+04   5.155119e+03    22.323 (   369      0)     8.638 (   256      0)
caar compute                             384      384 2.304000e+05   1.988852e+03     5.795 (   128      0)     4.909 (   376      0)
caar_bexchV                              384      384 2.304000e+05   3.084957e+03    17.030 (   369      0)     2.790 (   256      0)
tl-ae advance_hypervis_dp                384      384 4.608000e+04   3.873924e+03    13.860 (   173      0)     8.514 (   236      0)
hvf-bhwk                                 384      384 1.382400e+05   2.342698e+03     9.230 (   190      0)     5.103 (   251      0)
hvf-bexch                                384      384 2.764800e+05   2.075675e+03     9.306 (   173      0)     3.241 (   256      0)
tl-s prim_advec_tracers_remap            384      384 4.608000e+04   2.934941e+04    81.971 (   256      0)    68.700 (   369      0)
tl-at prim_advec_tracers_remap_RK2       384      384 4.608000e+04   2.934899e+04    81.970 (   256      0)    68.699 (   369      0)
tl-at precompute_divdp                   384      384 4.608000e+04   4.902305e+01     0.198 (   133      0)     0.101 (    59      0)
tl-at esf-0                              384      384 4.608000e+04   8.702794e+03    25.627 (   310      0)    18.315 (   375      0)
tl-at esf-1                              384      384 4.608000e+04   5.891461e+03    18.086 (   145      0)    12.811 (   377      0)
tl-at esf-2                              384      384 4.608000e+04   1.380181e+04    39.878 (   378      0)    32.418 (    78      0)
tl-at qdp_time_avg                       384      384 4.608000e+04   9.014690e+02     3.110 (   289      0)     1.653 (   383      0)
tl-sc vertical_remap                     384      384 1.536000e+04   4.562765e+03    12.877 (   128      0)    11.614 (    46      0)
Remap Thickness Functor                  384      384 1.536000e+04   2.627737e+01     0.090 (   257      0)     0.061 (   246      0)
Remap Scale States Functor               384      384 1.536000e+04   1.403456e+01     0.059 (   275      0)     0.024 (   147      0)
Remap Compute Grids Functor              384      384 1.536000e+04   1.788659e+02     0.600 (   287      0)     0.397 (   147      0)
Remap Compute Remap Functor              384      384 1.536000e+04   4.325078e+03    12.223 (   128      0)    11.060 (    46      0)
Remap Rescale States Functor             384      384 1.536000e+04   1.578481e+01     0.118 (   128      0)     0.037 (   157      0)
tl-sc Q-from-qdp                         384      384 1.536000e+04   5.499728e+02     1.795 (   132      0)     1.359 (    57      0)
t_prf                                      0        0 0.000000e+00   0.000000e+00     0.000 (     0      0)     0.000 (     0      0)

