LAST_GIT_COMMIT_SHA:STRING=4790f40f2fb6acbc051ce4c988681a628c18e83d
11070713

***** GLOBAL STATISTICS ( 86400 MPI TASKS) *****

$Id: gptl.c,v 1.157 2011-03-28 20:55:18 rosinski Exp $
'count' is cumulative. All other stats are max/min
name                               processes  threads        count      walltotal   wallmax (proc   thrd  )   wallmin (proc   thrd  )
Total                                  86400    86400 8.640000e+04   2.161904e+07   250.711 ( 65832      0)   249.752 ( 75595      0)
prim_init1                             86400    86400 8.640000e+04   1.875427e+06    22.231 ( 14582      0)    21.102 ( 65503      0)
repro_sum_int                          86400    86400 3.888000e+06   1.731633e+05    11.256 (     8      0)     0.693 ( 39339      0)
prim_init2                             86400    86400 8.640000e+04   1.289566e+06    24.219 (    15      0)    13.294 ( 62550      0)
prim_printstate                        86400    86400 8.640000e+04   1.062799e+05     1.428 ( 79572      0)     1.065 ( 73956      0)
interp_movie_output                    86400    86400 1.728000e+05   6.414016e+03     0.161 ( 45458      0)     0.057 ( 39905      0)
prim_main_loop                         86400    86400 8.640000e+04   1.595868e+07   184.904 ( 40545      0)   184.467 ( 72605      0)
prim_run                               86400    86400 3.888000e+08   1.594962e+07   184.815 ( 40553      0)   184.354 ( 72596      0)
tl-sc prim_run_subcycle_c              86400    86400 3.888000e+08   1.588713e+07   183.983 ( 55127      0)   183.722 ( 71088      0)
tl-sc dp3d-from-ps                     86400    86400 3.888000e+08   1.875360e+04     0.294 (  1616      0)     0.182 ( 21943      0)
tl-sc prim_step-loop                   86400    86400 3.888000e+08   1.519735e+07   176.453 ( 17335      0)   175.001 ( 80352      0)
tl-s prim_step                         86400    86400 1.166400e+09   1.519173e+07   176.393 ( 17335      0)   174.932 ( 80352      0)
tl-s deep_copy+derived_dp              86400    86400 1.166400e+09   2.171799e+04     0.293 (  9376      0)     0.229 ( 24335      0)
tl-s prim_advance_exp-loop             86400    86400 1.166400e+09   8.043453e+06   101.847 ( 21992      0)    82.947 (  5118      0)
tl-ae prim_advance_exp                 86400    86400 1.166400e+09   8.030090e+06   101.695 ( 21992      0)    82.791 (  5118      0)
tl-ae U3-5stage_timestep               86400    86400 1.166400e+09   3.816237e+06    53.942 (  1234      0)    37.006 ( 34261      0)
caar compute                           86400    86400 5.832000e+09   4.711146e+05     6.345 ( 26144      0)     5.082 (  7869      0)
caar_bexchV                            86400    86400 5.832000e+09   3.269659e+06    47.777 (  1234      0)    30.398 ( 14336      0)
tl-ae advance_hypervis_dp              86400    86400 1.166400e+09   4.202125e+06    58.132 (  3808      0)    42.676 ( 37108      0)
hvf-bhwk                               86400    86400 3.499200e+09   2.187546e+06    30.847 (  3811      0)    21.931 ( 35440      0)
hvf-bexch                              86400    86400 6.998400e+09   3.526533e+06    50.291 (  3809      0)    34.421 ( 37108      0)
tl-s prim_advec_tracers_remap          86400    86400 1.166400e+09   7.104324e+06    92.571 (  5118      0)    73.714 ( 21992      0)
tl-at prim_advec_tracers_remap_RK2     86400    86400 1.166400e+09   7.095769e+06    92.471 (  5118      0)    73.619 ( 21992      0)
tl-at precompute_divdp                 86400    86400 1.166400e+09   4.553909e+04     0.765 ( 78528      0)     0.337 ( 20910      0)
tl-at esf-0                            86400    86400 1.166400e+09   2.145603e+06    30.714 (  4053      0)    20.332 (  7272      0)
tl-at esf-1                            86400    86400 1.166400e+09   1.256074e+06    17.202 ( 80258      0)    12.588 (  1236      0)
tl-at esf-2                            86400    86400 1.166400e+09   3.550346e+06    47.133 (  5109      0)    35.243 (  2079      0)
tl-at qdp_time_avg                     86400    86400 1.166400e+09   6.162146e+04     0.818 (  2080      0)     0.676 (  2885      0)
tl-sc vertical_remap                   86400    86400 3.888000e+08   6.244408e+05     8.140 ( 80352      0)     6.720 ( 74520      0)
Remap Thickness Functor                86400    86400 3.888000e+08   4.110999e+04     0.678 ( 12832      0)     0.406 ( 34463      0)
Remap Scale States Functor             86400    86400 3.888000e+08   2.151685e+04     0.415 ( 17952      0)     0.207 ( 51882      0)
Remap Compute Grids Functor            86400    86400 3.888000e+08   4.792362e+04     0.706 ( 75264      0)     0.476 ( 16463      0)
Remap Compute Remap Functor            86400    86400 3.888000e+08   3.544548e+05     4.750 ( 80352      0)     3.617 ( 54392      0)
Remap Rescale States Functor           86400    86400 3.888000e+08   1.344611e+04     0.224 ( 78528      0)     0.095 ( 54562      0)
tl-sc Q-from-qdp                       86400    86400 3.888000e+08   3.992258e+04     0.513 ( 14336      0)     0.444 ( 15752      0)
t_prf                                      0        0 0.000000e+00   0.000000e+00     0.000 (     0      0)     0.000 (     0      0)

