
***** GLOBAL STATISTICS (  1024 MPI TASKS) *****

$Id: gptl.c,v 1.157 2011-03-28 20:55:18 rosinski Exp $
'count' is cumulative. All other stats are max/min
name                           processes  threads        count      walltotal   wallmax (proc   thrd  )   wallmin (proc   thrd  )
"Total"                             1024     1024 1.024000e+03   6.650063e+04    64.951 (   192      0)    64.935 (  1017      0)
"prim_init1"                        1024     1024 1.024000e+03   2.603365e+02     0.258 (   193      0)     0.252 (    56      0)
"PartitioningTime"                  1024     1024 1.024000e+03   1.549492e+00     0.003 (   894      0)     0.000 (   673      0)
"repro_sum_int"                     1024     1024 4.608000e+04   3.733323e+01     0.058 (   834      0)     0.021 (   382      0)
"prim_init2"                        1024     1024 1.024000e+03   7.845535e+01     0.101 (   109      0)     0.061 (   828      0)
"prim_printstate"                   1024     1024 1.024000e+03   3.407757e+01     0.039 (     0      0)     0.033 (   291      0)
"interp_movie_output"               1024     1024 2.048000e+03   7.956831e-01     0.001 (   184      0)     0.000 (   820      0)
"prim_main_loop"                    1024     1024 1.024000e+03   6.513235e+04    63.615 (   128      0)    63.598 (  1019      0)
"prim_run"                          1024     1024 2.734080e+05   6.513006e+04    63.612 (   384      0)    63.596 (  1017      0)
"ApplyCAMForcing"                   1024     1024 2.734080e+05   5.740468e+02     0.623 (   379      0)     0.471 (   386      0)
"prim_step_rX"                      1024     1024 8.202240e+05   5.815605e+04    56.918 (    95      0)    56.280 (   320      0)
"prim_step_dyn"                     1024     1024 8.202240e+05   1.677350e+04    20.077 (    97      0)    11.830 (   192      0)
"prim_advance_exp"                  1024     1024 8.202240e+05   1.676443e+04    20.069 (    97      0)    11.821 (   192      0)
"U3-5stage_timestep"                1024     1024 8.202240e+05   8.880517e+03    13.253 (   249      0)     5.567 (   192      0)
"compute_and_apply_rhs"             1024     1024 4.101120e+06   8.787891e+03    13.159 (   249      0)     5.463 (   192      0)
"caar_bexchV"                       1024     1024 4.101120e+06   5.305853e+03     9.835 (   249      0)     1.451 (   192      0)
"advance_hypervis_dp"               1024     1024 8.202240e+05   7.868941e+03    10.558 (   848      0)     6.227 (   193      0)
"biwkdp3d_bexchV"                   1024     1024 2.460672e+06   1.965860e+03     4.075 (   791      0)     0.845 (   192      0)
"ahdp_bexchV2"                      1024     1024 2.460672e+06   1.903963e+03     3.741 (   789      0)     0.874 (   192      0)
"prim_step_advec"                   1024     1024 8.202240e+05   4.128578e+04    44.413 (   192      0)    36.729 (    97      0)
"PAT_remap"                         1024     1024 8.202240e+05   4.128109e+04    44.408 (   192      0)    36.725 (    97      0)
"prim_advec_tracers_remap_rk2"      1024     1024 8.202240e+05   4.127380e+04    44.401 (   192      0)    36.718 (    97      0)
"precomput_divdp"                   1024     1024 8.202240e+05   7.021163e+01     0.079 (   128      0)     0.065 (   942      0)
"euler_step_0"                      1024     1024 8.202240e+05   1.006746e+04    11.809 (   177      0)     8.461 (    96      0)
"bihmix_qminmax"                    1024     1024 2.460672e+06   1.877495e+04    22.231 (   326      0)    16.420 (   794      0)
"eus_neighbor_minmax1"              1024     1024 8.202240e+05   1.960530e+03     3.296 (   326      0)     1.271 (   798      0)
"nmm_bexchV"                        1024     1024 8.202240e+05   1.245012e+03     2.574 (   326      0)     0.618 (   798      0)
"eus_2d_advec"                      1024     1024 2.460672e+06   2.184991e+04    25.969 (   193      0)    18.763 (   874      0)
"eus_bexchV"                        1024     1024 2.460672e+06   5.142677e+03     9.495 (   385      0)     2.575 (   806      0)
"euler_step_1"                      1024     1024 8.202240e+05   7.946809e+03     8.829 (   330      0)     6.850 (   262      0)
"euler_step_2"                      1024     1024 8.202240e+05   2.266309e+04    24.696 (   129      0)    19.985 (   860      0)
"nmm_bexchS_start"                  1024     1024 8.202240e+05   4.345643e+01     0.070 (     0      0)     0.024 (   123      0)
"biwksc_bexchV"                     1024     1024 8.202240e+05   2.446532e+03     4.781 (   393      0)     1.212 (   290      0)
"nmm_bexchS_fini"                   1024     1024 8.202240e+05   1.376535e+02     0.180 (   308      0)     0.112 (   776      0)
"qdp_tavg"                          1024     1024 8.202240e+05   4.993619e+02     0.585 (   721      0)     0.403 (   127      0)
"vertical_remap"                    1024     1024 2.734080e+05   6.054796e+03     6.437 (   384      0)     5.813 (   160      0)
"vertical_remap1_1"                 1024     1024 1.640448e+06   2.590871e+02     0.275 (   384      0)     0.241 (   160      0)
"remap_Q_ppm"                       1024     1024 4.921344e+06   5.962012e+03     6.336 (   384      0)     5.727 (   876      0)
"vertical_remap1_2"                 1024     1024 1.640448e+06   3.765420e+02     0.398 (   384      0)     0.358 (   160      0)
"vertical_remap1_3"                 1024     1024 1.640448e+06   5.362240e+03     5.706 (   640      0)     5.145 (    58      0)
"prim_run_subcyle_diags"            1024     1024 2.734080e+05   2.515305e+02     0.323 (   133      0)     0.188 (    97      0)
"t_prf"                                0        0 0.000000e+00   0.000000e+00     0.000 (     0      0)     0.000 (     0      0)

