
***** GLOBAL STATISTICS (   192 MPI TASKS) *****

$Id: gptl.c,v 1.157 2011-03-28 20:55:18 rosinski Exp $
'count' is cumulative. All other stats are max/min
name                               processes  threads        count      walltotal   wallmax (proc   thrd  )   wallmin (proc   thrd  )
Total                                    192      192 1.920000e+02   8.107690e+03    42.242 (     0      0)    42.223 (   102      0)
prim_init1                               192      192 1.920000e+02   6.775809e+01     0.356 (    64      0)     0.351 (   142      0)
repro_sum_int                            192      192 8.640000e+03   4.949137e+00     0.065 (    37      0)     0.012 (    64      0)
prim_init2                               192      192 1.920000e+02   1.054811e+02     0.584 (     2      0)     0.533 (    70      0)
prim_printstate                          192      192 1.920000e+02   1.544938e+01     0.084 (     0      0)     0.080 (    58      0)
interp_movie_output                      192      192 3.840000e+02   8.338308e-02     0.001 (   106      0)     0.000 (   181      0)
prim_main_loop                           192      192 1.920000e+02   7.743378e+03    40.343 (     0      0)    40.324 (   102      0)
prim_run                                 192      192 9.600000e+03   7.743234e+03    40.343 (     0      0)    40.323 (    94      0)
tl-sc prim_run_subcycle_c                192      192 9.600000e+03   7.738528e+03    40.317 (   128      0)    40.297 (    54      0)
tl-sc dp3d-from-ps                       192      192 9.600000e+03   1.176579e+00     0.007 (   128      0)     0.006 (    41      0)
tl-sc prim_step-loop                     192      192 9.600000e+03   6.721433e+03    35.085 (   115      0)    34.710 (   128      0)
tl-s prim_step                           192      192 2.880000e+04   6.721276e+03    35.084 (   115      0)    34.709 (   128      0)
tl-s deep_copy+derived_dp                192      192 2.880000e+04   1.008026e+01     0.058 (   156      0)     0.048 (   127      0)
tl-s prim_advance_exp-loop               192      192 2.880000e+04   1.530248e+03     8.613 (    88      0)     7.038 (   128      0)
tl-ae prim_advance_exp                   192      192 2.880000e+04   1.529971e+03     8.612 (    88      0)     7.037 (   128      0)
tl-ae U3-5stage_timestep                 192      192 2.880000e+04   8.507598e+02     5.094 (   103      0)     3.549 (     0      0)
caar compute                             192      192 1.440000e+05   4.054527e+02     2.354 (   128      0)     2.038 (   110      0)
caar_bexchV                              192      192 1.440000e+05   4.269491e+02     2.902 (   103      0)     1.091 (   128      0)
tl-ae advance_hypervis_dp                192      192 2.880000e+04   6.786972e+02     3.788 (    36      0)     3.424 (   165      0)
hvf-bhwk                                 192      192 8.640000e+04   4.145823e+02     2.444 (    93      0)     2.057 (   190      0)
hvf-bexch                                192      192 1.728000e+05   3.066295e+02     1.880 (    36      0)     1.259 (   128      0)
tl-s prim_advec_tracers_remap            192      192 2.880000e+04   5.180368e+03    27.616 (   128      0)    26.291 (    89      0)
tl-at prim_advec_tracers_remap_RK2       192      192 2.880000e+04   5.180129e+03    27.614 (   128      0)    26.290 (    89      0)
tl-at precompute_divdp                   192      192 2.880000e+04   9.117399e+00     0.054 (   128      0)     0.045 (    35      0)
tl-at esf-0                              192      192 2.880000e+04   1.436276e+03     8.139 (    11      0)     6.616 (    80      0)
tl-at esf-1                              192      192 2.880000e+04   1.100012e+03     6.120 (   189      0)     5.437 (    89      0)
tl-at esf-2                              192      192 2.880000e+04   2.482454e+03    13.387 (   163      0)    12.587 (    96      0)
tl-at qdp_time_avg                       192      192 2.880000e+04   1.509135e+02     0.825 (   144      0)     0.697 (   127      0)
tl-sc vertical_remap                     192      192 9.600000e+03   9.097665e+02     4.997 (     0      0)     4.666 (   115      0)
Remap Thickness Functor                  192      192 9.600000e+03   5.202130e+00     0.031 (   153      0)     0.025 (   106      0)
Remap Scale States Functor               192      192 9.600000e+03   2.553112e+00     0.016 (   154      0)     0.011 (     0      0)
Remap Compute Grids Functor              192      192 9.600000e+03   3.262515e+01     0.188 (   164      0)     0.161 (   135      0)
Remap Compute Remap Functor              192      192 9.600000e+03   8.643632e+02     4.766 (     0      0)     4.434 (   115      0)
Remap Rescale States Functor             192      192 9.600000e+03   3.186254e+00     0.019 (   128      0)     0.016 (    40      0)
tl-sc Q-from-qdp                         192      192 9.600000e+03   1.059177e+02     0.607 (   128      0)     0.545 (    74      0)
t_prf                                      0        0 0.000000e+00   0.000000e+00     0.000 (     0      0)     0.000 (     0      0)

