
***** GLOBAL STATISTICS (   256 MPI TASKS) *****

$Id: gptl.c,v 1.157 2011-03-28 20:55:18 rosinski Exp $
'count' is cumulative. All other stats are max/min
name                               processes  threads        count      walltotal   wallmax (proc   thrd  )   wallmin (proc   thrd  )
Total                                    256      256 2.560000e+02   4.096765e+04   160.076 (   128      0)   159.957 (   102      0)
prim_init1                               256      256 2.560000e+02   1.476268e+02     0.584 (    64      0)     0.561 (   238      0)
repro_sum_int                            256      256 1.152000e+04   1.294876e+01     0.104 (    22      0)     0.020 (    64      0)
prim_init2                               256      256 2.560000e+02   3.846295e+02     1.555 (     5      0)     1.459 (    69      0)
prim_printstate                          256      256 2.560000e+02   5.380163e+01     0.216 (     0      0)     0.210 (    27      0)
interp_movie_output                      256      256 5.120000e+02   1.420310e-01     0.001 (   142      0)     0.000 (   153      0)
prim_main_loop                           256      256 2.560000e+02   3.943382e+04   154.086 (   128      0)   153.965 (   102      0)
prim_run                                 256      256 1.382400e+04   3.943359e+04   154.085 (   128      0)   153.964 (   102      0)
tl-sc prim_run_subcycle_c                256      256 1.382400e+04   3.939064e+04   153.929 (   192      0)   153.809 (    34      0)
tl-sc dp3d-from-ps                       256      256 1.382400e+04   5.143320e+00     0.024 (    67      0)     0.018 (    63      0)
tl-sc prim_step-loop                     256      256 1.382400e+04   3.495217e+04   136.809 (    61      0)   135.382 (   192      0)
tl-s prim_step                           256      256 4.147200e+04   3.495188e+04   136.808 (    61      0)   135.381 (   192      0)
tl-s deep_copy+derived_dp                256      256 4.147200e+04   6.025299e+01     0.312 (   218      0)     0.167 (    63      0)
tl-s prim_advance_exp-loop               256      256 4.147200e+04   6.547209e+03    33.518 (    31      0)    21.265 (   128      0)
tl-ae prim_advance_exp                   256      256 4.147200e+04   6.546745e+03    33.517 (    31      0)    21.263 (   128      0)
tl-ae U3-5stage_timestep                 256      256 4.147200e+04   3.771536e+03    22.903 (    31      0)    10.592 (   128      0)
caar compute                             256      256 2.073600e+05   1.756489e+03     7.278 (   128      0)     6.563 (    54      0)
caar_bexchV                              256      256 2.073600e+05   1.943802e+03    15.879 (    31      0)     3.018 (   128      0)
tl-ae advance_hypervis_dp                256      256 4.147200e+04   2.774410e+03    12.548 (    97      0)    10.460 (   198      0)
hvf-bhwk                                 256      256 1.244160e+05   1.704713e+03     8.343 (    97      0)     6.372 (   234      0)
hvf-bexch                                256      256 2.488320e+05   1.178862e+03     6.339 (    97      0)     3.598 (   128      0)
tl-s prim_advec_tracers_remap            256      256 4.147200e+04   2.834346e+04   114.228 (   128      0)   102.792 (    31      0)
tl-at prim_advec_tracers_remap_RK2       256      256 4.147200e+04   2.834305e+04   114.226 (   128      0)   102.790 (    31      0)
tl-at precompute_divdp                   256      256 4.147200e+04   4.891252e+01     0.267 (   241      0)     0.147 (    32      0)
tl-at esf-0                              256      256 4.147200e+04   8.700766e+03    36.588 (   192      0)    31.698 (   107      0)
tl-at esf-1                              256      256 4.147200e+04   5.567512e+03    23.558 (   119      0)    20.153 (    22      0)
tl-at esf-2                              256      256 4.147200e+04   1.306108e+04    54.543 (   223      0)    46.888 (    34      0)
tl-at qdp_time_avg                       256      256 4.147200e+04   9.623289e+02     4.900 (   178      0)     2.341 (    63      0)
tl-sc vertical_remap                     256      256 1.382400e+04   3.951997e+03    16.570 (   192      0)    15.132 (    66      0)
Remap Thickness Functor                  256      256 1.382400e+04   2.501373e+01     0.118 (   169      0)     0.081 (    63      0)
Remap Scale States Functor               256      256 1.382400e+04   1.482569e+01     0.094 (   155      0)     0.037 (    49      0)
Remap Compute Grids Functor              256      256 1.382400e+04   1.557236e+02     0.742 (   156      0)     0.531 (    63      0)
Remap Compute Remap Functor              256      256 1.382400e+04   3.737179e+03    15.800 (   192      0)    14.366 (   164      0)
Remap Rescale States Functor             256      256 1.382400e+04   1.458416e+01     0.109 (    64      0)     0.049 (   156      0)
tl-sc Q-from-qdp                         256      256 1.382400e+04   4.808814e+02     2.033 (   128      0)     1.772 (    31      0)
t_prf                                      0        0 0.000000e+00   0.000000e+00     0.000 (     0      0)     0.000 (     0      0)

