
***** GLOBAL STATISTICS ( 12800 MPI TASKS) *****

$Id: gptl.c,v 1.157 2011-03-28 20:55:18 rosinski Exp $
'count' is cumulative. All other stats are max/min
name                           processes  threads        count      walltotal   wallmax (proc   thrd  )   wallmin (proc   thrd  )
"Total"                            12800    12800 1.280000e+04   2.567268e+06   200.613 (  7196      0)   200.526 ( 10056      0)
"prim_init1"                       12800    12800 1.280000e+04   2.062555e+04     1.672 (  7191      0)     1.517 (  8151      0)
"PartitioningTime"                 12800    12800 1.280000e+04   9.300410e+01     0.022 (  6702      0)     0.001 ( 11938      0)
"repro_sum_int"                    12800    12800 5.760000e+05   7.633181e+03     2.519 (  4320      0)     0.065 ( 12067      0)
"prim_init2"                       12800    12800 1.280000e+04   9.598764e+03     2.677 (  4301      0)     0.227 ( 12348      0)
"prim_printstate"                  12800    12800 1.280000e+04   1.207223e+03     0.106 (  4426      0)     0.085 ( 11523      0)
"interp_movie_output"              12800    12800 2.560000e+04   7.795022e+01     0.020 (  8069      0)     0.000 (  3474      0)
"prim_main_loop"                   12800    12800 1.280000e+04   2.402267e+06   187.707 (  7488      0)   187.646 (  3089      0)
"prim_run"                         12800    12800 1.707520e+07   2.402157e+06   187.699 (  6721      0)   187.637 ( 11887      0)
"ApplyCAMForcing"                  12800    12800 1.707520e+07   1.714698e+04     1.512 ( 11648      0)     1.158 (  6761      0)
"prim_step_rX"                     12800    12800 5.122560e+07   2.185120e+06   171.069 (  6760      0)   168.949 (  7680      0)
"prim_step_dyn"                    12800    12800 5.122560e+07   7.632940e+05    69.089 (  3630      0)    42.581 (  6720      0)
"prim_advance_exp"                 12800    12800 5.122560e+07   7.628147e+05    69.054 (  3630      0)    42.538 (  6720      0)
"U3-5stage_timestep"               12800    12800 5.122560e+07   3.795297e+05    41.331 ( 11351      0)    19.522 (  6720      0)
"compute_and_apply_rhs"            12800    12800 2.561280e+08   3.759997e+05    41.060 ( 11351      0)    19.204 (  6720      0)
"caar_bexchV"                      12800    12800 2.561280e+08   2.648609e+05    32.585 ( 11351      0)     8.844 (  6720      0)
"advance_hypervis_dp"              12800    12800 5.122560e+07   3.825112e+05    38.385 (  8388      0)    21.758 (  6737      0)
"biwkdp3d_bexchV"                  12800    12800 1.536768e+08   1.286472e+05    17.482 (  8389      0)     5.060 (  6720      0)
"ahdp_bexchV2"                     12800    12800 1.536768e+08   1.280750e+05    17.303 (  8388      0)     5.510 (  6912      0)
"prim_step_advec"                  12800    12800 5.122560e+07   1.418588e+06   126.679 (  6718      0)   101.544 (  3630      0)
"PAT_remap"                        12800    12800 5.122560e+07   1.418296e+06   126.659 (  6718      0)   101.519 (  3630      0)
"prim_advec_tracers_remap_rk2"     12800    12800 5.122560e+07   1.417849e+06   126.623 (  6718      0)   101.483 (  3630      0)
"precomput_divdp"                  12800    12800 5.122560e+07   2.240373e+03     0.206 (  8000      0)     0.163 (  4027      0)
"euler_step_0"                     12800    12800 5.122560e+07   3.590302e+05    34.814 (  8113      0)    23.823 (  6894      0)
"bihmix_qminmax"                   12800    12800 1.536768e+08   6.369948e+05    65.212 (  6931      0)    44.850 (  6633      0)
"eus_neighbor_minmax1"             12800    12800 5.122560e+07   8.141475e+04    12.142 (  8270      0)     4.482 (  8081      0)
"nmm_bexchV"                       12800    12800 5.122560e+07   6.039512e+04    10.717 (  8270      0)     2.851 (  8073      0)
"eus_2d_advec"                     12800    12800 1.536768e+08   7.586732e+05    76.106 (  6761      0)    52.694 ( 12520      0)
"eus_bexchV"                       12800    12800 1.536768e+08   2.323396e+05    35.737 (  6722      0)     9.260 (  8000      0)
"euler_step_1"                     12800    12800 5.122560e+07   2.753964e+05    26.565 (  8182      0)    19.683 (  7574      0)
"euler_step_2"                     12800    12800 5.122560e+07   7.644343e+05    70.811 (  6717      0)    53.863 ( 12753      0)
"nmm_bexchS_start"                 12800    12800 5.122560e+07   3.075095e+03     0.445 (  8499      0)     0.137 ( 10066      0)
"biwksc_bexchV"                    12800    12800 5.122560e+07   1.040604e+05    15.441 (  6736      0)     4.612 ( 12297      0)
"nmm_bexchS_fini"                  12800    12800 5.122560e+07   3.852772e+03     0.511 ( 11093      0)     0.214 (  4014      0)
"qdp_tavg"                         12800    12800 5.122560e+07   1.517845e+04     1.407 (  5107      0)     1.005 (  3901      0)
"vertical_remap"                   12800    12800 1.707520e+07   1.892037e+05    16.558 (  7680      0)    14.502 ( 10502      0)
"vertical_remap1_1"                12800    12800 5.122560e+07   8.437877e+03     0.726 ( 12608      0)     0.620 ( 12330      0)
"remap_Q_ppm"                      12800    12800 1.536768e+08   1.861777e+05    16.297 (  7680      0)    14.277 ( 10502      0)
"vertical_remap1_2"                12800    12800 5.122560e+07   1.182602e+04     1.020 (  2176      0)     0.896 (  1964      0)
"vertical_remap1_3"                12800    12800 5.122560e+07   1.671123e+05    14.679 (  7680      0)    12.803 (  8594      0)
"prim_run_subcyle_diags"           12800    12800 1.707520e+07   7.453790e+03     0.779 (  8341      0)     0.451 (  6744      0)
"t_prf"                                0        0 0.000000e+00   0.000000e+00     0.000 (     0      0)     0.000 (     0      0)

