
***** GLOBAL STATISTICS ( 28800 MPI TASKS) *****

$Id: gptl.c,v 1.157 2011-03-28 20:55:18 rosinski Exp $
'count' is cumulative. All other stats are max/min
name                           processes  threads        count      walltotal   wallmax (proc   thrd  )   wallmin (proc   thrd  )
"Total"                            28800    28800 2.880000e+04   6.835248e+06   237.418 (  1955      0)   237.266 (  7783      0)
"prim_init1"                       28800    28800 2.880000e+04   1.178372e+05     4.277 ( 12100      0)     3.880 ( 17706      0)
"PartitioningTime"                 28800    28800 2.880000e+04   1.531451e+02     0.030 ( 21609      0)     0.002 ( 26242      0)
"repro_sum_int"                    28800    28800 1.296000e+06   5.241051e+04     7.709 ( 20111      0)     0.129 ( 22538      0)
"prim_init2"                       28800    28800 2.880000e+04   6.394949e+04     8.018 (  3499      0)     0.550 ( 12785      0)
"prim_printstate"                  28800    28800 2.880000e+04   5.891809e+03     0.245 (  8247      0)     0.163 ( 21783      0)
"interp_movie_output"              28800    28800 5.760000e+04   1.585124e+02     0.039 ( 27197      0)     0.000 (  9168      0)
"prim_main_loop"                   28800    28800 2.880000e+04   6.021636e+06   209.129 ( 22407      0)   209.018 ( 10276      0)
"prim_run"                         28800    28800 4.320000e+07   6.021276e+06   209.119 ( 22407      0)   209.010 ( 10273      0)
"ApplyCAMForcing"                  28800    28800 4.320000e+07   4.419297e+04     1.749 ( 23296      0)     1.328 (  8116      0)
"prim_step_rX"                     28800    28800 1.296000e+08   5.468256e+06   190.295 ( 13578      0)   187.437 ( 16320      0)
"prim_step_dyn"                    28800    28800 1.296000e+08   1.803041e+06    76.374 (  3751      0)    47.536 (  9024      0)
"prim_advance_exp"                 28800    28800 1.296000e+08   1.801507e+06    76.336 (  3751      0)    47.454 (  9024      0)
"U3-5stage_timestep"               28800    28800 1.296000e+08   9.077913e+05    44.333 (  4583      0)    20.402 ( 27072      0)
"compute_and_apply_rhs"            28800    28800 6.480000e+08   8.985296e+05    44.016 (  4583      0)    20.060 ( 27072      0)
"caar_bexchV"                      28800    28800 6.480000e+08   6.158366e+05    34.421 (  4008      0)     8.457 ( 27072      0)
"advance_hypervis_dp"              28800    28800 1.296000e+08   8.916951e+05    39.372 (  3573      0)    24.226 ( 27334      0)
"biwkdp3d_bexchV"                  28800    28800 3.888000e+08   2.867756e+05    15.762 (  3603      0)     6.002 ( 25592      0)
"ahdp_bexchV2"                     28800    28800 3.888000e+08   2.854025e+05    15.718 (  3586      0)     6.247 ( 27337      0)
"prim_step_advec"                  28800    28800 1.296000e+08   3.656981e+06   140.420 ( 25922      0)   113.351 (  3751      0)
"PAT_remap"                        28800    28800 1.296000e+08   3.656242e+06   140.391 ( 25922      0)   113.327 (  3751      0)
"prim_advec_tracers_remap_rk2"     28800    28800 1.296000e+08   3.655085e+06   140.348 ( 25922      0)   113.284 (  3751      0)
"precomput_divdp"                  28800    28800 1.296000e+08   5.662763e+03     0.230 ( 18944      0)     0.184 (  5757      0)
"euler_step_0"                     28800    28800 1.296000e+08   8.900183e+05    36.638 ( 22905      0)    26.523 (  8209      0)
"bihmix_qminmax"                   28800    28800 3.888000e+08   1.593999e+06    67.363 (  9024      0)    49.683 ( 14510      0)
"eus_neighbor_minmax1"             28800    28800 1.296000e+08   1.963129e+05    10.842 ( 22940      0)     4.797 ( 27281      0)
"nmm_bexchV"                       28800    28800 1.296000e+08   1.420717e+05     9.048 ( 22940      0)     2.906 ( 27281      0)
"eus_2d_advec"                     28800    28800 3.888000e+08   2.004458e+06    83.976 (  9026      0)    60.015 (  3751      0)
"eus_bexchV"                       28800    28800 3.888000e+08   5.620556e+05    34.693 (  9026      0)    10.049 (  8192      0)
"euler_step_1"                     28800    28800 1.296000e+08   6.862845e+05    27.067 ( 20045      0)    21.678 (  8075      0)
"euler_step_2"                     28800    28800 1.296000e+08   2.030616e+06    79.966 ( 25922      0)    61.215 (  2513      0)
"nmm_bexchS_start"                 28800    28800 1.296000e+08   7.639613e+03     0.471 ( 14208      0)     0.153 (  5421      0)
"biwksc_bexchV"                    28800    28800 1.296000e+08   2.595812e+05    17.291 (  9023      0)     4.548 ( 14938      0)
"nmm_bexchS_fini"                  28800    28800 1.296000e+08   9.958053e+03     0.524 ( 12195      0)     0.243 ( 10030      0)
"qdp_tavg"                         28800    28800 1.296000e+08   3.845399e+04     1.729 ( 16852      0)     1.129 ( 25922      0)
"vertical_remap"                   28800    28800 4.320000e+07   4.809060e+05    19.223 ( 16320      0)    16.311 ( 14397      0)
"vertical_remap1_1"                28800    28800 1.296000e+08   2.275813e+04     0.938 (   555      0)     0.701 ( 13879      0)
"remap_Q_ppm"                      28800    28800 3.888000e+08   4.728588e+05    18.919 ( 16320      0)    16.069 ( 14397      0)
"vertical_remap1_2"                28800    28800 1.296000e+08   2.990036e+04     1.220 (   555      0)     1.005 (  4674      0)
"vertical_remap1_3"                28800    28800 1.296000e+08   4.234979e+05    17.075 ( 16320      0)    14.390 (  7143      0)
"prim_run_subcyle_diags"           28800    28800 4.320000e+07   1.888923e+04     0.955 ( 22805      0)     0.509 ( 14737      0)
"t_prf"                                0        0 0.000000e+00   0.000000e+00     0.000 (     0      0)     0.000 (     0      0)

