
***** GLOBAL STATISTICS (  3840 MPI TASKS) *****

$Id: gptl.c,v 1.157 2011-03-28 20:55:18 rosinski Exp $
'count' is cumulative. All other stats are max/min
name                               processes  threads        count      walltotal   wallmax (proc   thrd  )   wallmin (proc   thrd  )
Total                                   3840     3840 3.840000e+03   5.058078e+05   131.748 (  3342      0)   131.701 (  1704      0)
prim_init1                              3840     3840 3.840000e+03   4.036891e+03     1.065 (     0      0)     1.006 (   835      0)
repro_sum_int                           3840     3840 1.728000e+05   5.900746e+02     0.473 (   865      0)     0.035 (  2923      0)
prim_init2                              3840     3840 3.840000e+03   1.592650e+03     0.716 (   827      0)     0.317 (  2066      0)
prim_printstate                         3840     3840 3.840000e+03   3.110092e+02     0.083 (  3787      0)     0.078 (  3744      0)
interp_movie_output                     3840     3840 7.680000e+03   3.782639e+00     0.002 (  1452      0)     0.000 (  2798      0)
prim_main_loop                          3840     3840 3.840000e+03   4.666087e+05   121.538 (  3418      0)   121.494 (     9      0)
prim_run                                3840     3840 1.536000e+06   4.665949e+05   121.535 (  3416      0)   121.490 (     2      0)
tl-sc prim_run_subcycle_c               3840     3840 1.536000e+06   4.665465e+05   121.524 (  3417      0)   121.476 (     6      0)
tl-sc dp3d-from-ps                      3840     3840 1.536000e+06   6.582702e+01     0.021 (     0      0)     0.016 (   162      0)
tl-sc prim_step-loop                    3840     3840 1.536000e+06   4.154176e+05   108.442 (   969      0)   107.102 (  2688      0)
tl-s prim_step                          3840     3840 4.608000e+06   4.153939e+05   108.436 (   969      0)   107.095 (  2688      0)
tl-s deep_copy+derived_dp               3840     3840 4.608000e+06   5.222733e+02     0.155 (  3392      0)     0.125 (   972      0)
tl-s prim_advance_exp-loop              3840     3840 4.608000e+06   1.342375e+05    40.084 (  1838      0)    25.840 (  3419      0)
tl-ae prim_advance_exp                  3840     3840 4.608000e+06   1.342032e+05    40.074 (  1838      0)    25.831 (  3419      0)
tl-ae U3-5stage_timestep                3840     3840 4.608000e+06   6.831397e+04    23.000 (  3560      0)    12.528 (  3417      0)
caar compute                            3840     3840 2.304000e+07   2.072726e+04     6.329 (  1216      0)     5.114 (  3810      0)
caar_bexchV                             3840     3840 2.304000e+07   4.638420e+04    17.488 (  3560      0)     6.371 (  2240      0)
tl-ae advance_hypervis_dp               3840     3840 4.608000e+06   6.581349e+04    20.651 (  1397      0)    13.245 (  2223      0)
hvf-bhwk                                3840     3840 1.382400e+07   3.675327e+04    11.944 (  1770      0)     7.413 (  3411      0)
hvf-bexch                               3840     3840 2.764800e+07   4.706443e+04    15.816 (  1397      0)     7.809 (  3520      0)
tl-s prim_advec_tracers_remap           3840     3840 4.608000e+06   2.805512e+05    82.423 (  3419      0)    67.912 (  1838      0)
tl-at prim_advec_tracers_remap_RK2      3840     3840 4.608000e+06   2.805139e+05    82.413 (  3419      0)    67.902 (  1838      0)
tl-at precompute_divdp                  3840     3840 4.608000e+06   4.664806e+02     0.160 (  3328      0)     0.108 (  2990      0)
tl-at esf-0                             3840     3840 4.608000e+06   7.748647e+04    24.909 (  3441      0)    17.608 (  3230      0)
tl-at esf-1                             3840     3840 4.608000e+06   5.859782e+04    18.309 (  3425      0)    13.979 (  1845      0)
tl-at esf-2                             3840     3840 4.608000e+06   1.368424e+05    42.664 (  2291      0)    32.725 (  1838      0)
tl-at qdp_time_avg                      3840     3840 4.608000e+06   6.924936e+03     2.084 (  3392      0)     1.510 (  3532      0)
tl-sc vertical_remap                    3840     3840 1.536000e+06   4.584477e+04    12.874 (  2688      0)    11.681 (   921      0)
Remap Thickness Functor                 3840     3840 1.536000e+06   2.850843e+02     0.083 (  3392      0)     0.069 (   114      0)
Remap Scale States Functor              3840     3840 1.536000e+06   1.297200e+02     0.041 (   607      0)     0.028 (  3532      0)
Remap Compute Grids Functor             3840     3840 1.536000e+06   1.675429e+03     0.499 (   704      0)     0.405 (  3697      0)
Remap Compute Remap Functor             3840     3840 1.536000e+06   4.347097e+04    12.229 (  2688      0)    11.076 (   921      0)
Remap Rescale States Functor            3840     3840 1.536000e+06   1.688798e+02     0.051 (  3712      0)     0.041 (  3288      0)
tl-sc Q-from-qdp                        3840     3840 1.536000e+06   5.184696e+03     1.534 (  1280      0)     1.338 (  1003      0)
t_prf                                      0        0 0.000000e+00   0.000000e+00     0.000 (     0      0)     0.000 (     0      0)

