
***** GLOBAL STATISTICS (   320 MPI TASKS) *****

$Id: gptl.c,v 1.157 2011-03-28 20:55:18 rosinski Exp $
'count' is cumulative. All other stats are max/min
name                               processes  threads        count      walltotal   wallmax (proc   thrd  )   wallmin (proc   thrd  )
Total                                    320      320 3.200000e+02   4.566364e+04   142.875 (    64      0)   142.528 (   315      0)
prim_init1                               320      320 3.200000e+02   2.893205e+02     0.911 (    64      0)     0.868 (     0      0)
repro_sum_int                            320      320 1.440000e+04   1.602068e+01     0.118 (     2      0)     0.023 (   128      0)
prim_init2                               320      320 3.200000e+02   5.931080e+02     1.935 (     0      0)     1.823 (   135      0)
prim_printstate                          320      320 3.200000e+02   8.273935e+01     0.264 (     0      0)     0.258 (   250      0)
interp_movie_output                      320      320 6.400000e+02   3.707404e-01     0.002 (   210      0)     0.000 (   311      0)
prim_main_loop                           320      320 3.200000e+02   4.194961e+04   131.270 (    64      0)   130.921 (   315      0)
prim_run                                 320      320 1.088000e+04   4.194932e+04   131.269 (    64      0)   130.920 (   315      0)
tl-sc prim_run_subcycle_c                320      320 1.088000e+04   4.188779e+04   131.057 (    64      0)   130.786 (    10      0)
tl-sc dp3d-from-ps                       320      320 1.088000e+04   4.814265e+00     0.017 (     0      0)     0.014 (   254      0)
tl-sc prim_step-loop                     320      320 1.088000e+04   3.752916e+04   117.580 (   267      0)   116.346 (   256      0)
tl-s prim_step                           320      320 3.264000e+04   3.752895e+04   117.579 (   267      0)   116.345 (   256      0)
tl-s deep_copy+derived_dp                320      320 3.264000e+04   5.197396e+01     0.217 (   180      0)     0.126 (   250      0)
tl-s prim_advance_exp-loop               320      320 3.264000e+04   9.124663e+03    38.946 (    10      0)    16.352 (    64      0)
tl-ae prim_advance_exp                   320      320 3.264000e+04   9.124177e+03    38.945 (    10      0)    16.351 (    64      0)
tl-ae U3-5stage_timestep                 320      320 3.264000e+04   5.738230e+03    29.364 (    10      0)     8.241 (    64      0)
caar compute                             320      320 1.632000e+05   1.689767e+03     5.833 (   192      0)     4.981 (   250      0)
caar_bexchV                              320      320 1.632000e+05   3.980241e+03    23.895 (    10      0)     2.400 (    64      0)
tl-ae advance_hypervis_dp                320      320 3.264000e+04   3.385327e+03    20.638 (   203      0)     7.982 (    67      0)
hvf-bhwk                                 320      320 9.792000e+04   2.068116e+03    13.143 (   197      0)     4.860 (    38      0)
hvf-bexch                                320      320 1.958400e+05   1.844692e+03    16.140 (   197      0)     2.832 (    64      0)
tl-s prim_advec_tracers_remap            320      320 3.264000e+04   2.835160e+04   100.312 (    64      0)    78.022 (    10      0)
tl-at prim_advec_tracers_remap_RK2       320      320 3.264000e+04   2.835129e+04   100.311 (    64      0)    78.021 (    10      0)
tl-at precompute_divdp                   320      320 3.264000e+04   4.630177e+01     0.230 (   290      0)     0.093 (   207      0)
tl-at esf-0                              320      320 3.264000e+04   8.814476e+03    31.545 (   127      0)    23.168 (   197      0)
tl-at esf-1                              320      320 3.264000e+04   5.420360e+03    19.814 (   101      0)    14.152 (   269      0)
tl-at esf-2                              320      320 3.264000e+04   1.311883e+04    47.053 (   244      0)    35.075 (   163      0)
tl-at qdp_time_avg                       320      320 3.264000e+04   9.495702e+02     5.591 (    82      0)     1.774 (   283      0)
tl-sc vertical_remap                     320      320 1.088000e+04   3.901769e+03    13.061 (   256      0)    11.926 (    43      0)
Remap Thickness Functor                  320      320 1.088000e+04   2.398369e+01     0.106 (    68      0)     0.061 (   249      0)
Remap Scale States Functor               320      320 1.088000e+04   1.348314e+01     0.090 (    95      0)     0.025 (   250      0)
Remap Compute Grids Functor              320      320 1.088000e+04   1.600436e+02     0.749 (    67      0)     0.413 (   264      0)
Remap Compute Remap Functor              320      320 1.088000e+04   3.683670e+03    12.408 (   256      0)    11.279 (    82      0)
Remap Rescale States Functor             320      320 1.088000e+04   1.384074e+01     0.062 (    64      0)     0.038 (   170      0)
tl-sc Q-from-qdp                         320      320 1.088000e+04   4.517095e+02     1.551 (    64      0)     1.389 (   274      0)
t_prf                                      0        0 0.000000e+00   0.000000e+00     0.000 (     0      0)     0.000 (     0      0)

