
***** GLOBAL STATISTICS ( 28800 MPI TASKS) *****

$Id: gptl.c,v 1.157 2011-03-28 20:55:18 rosinski Exp $
'count' is cumulative. All other stats are max/min
name                               processes  threads        count      walltotal   wallmax (proc   thrd  )   wallmin (proc   thrd  )
Total                                  28800    28800 2.880000e+04   6.131432e+06   213.075 (   377      0)   212.742 ( 22869      0)
prim_init1                             28800    28800 2.880000e+04   1.365962e+05     4.950 ( 16681      0)     4.503 ( 19094      0)
repro_sum_int                          28800    28800 1.296000e+06   5.312944e+04     7.686 ( 20014      0)     0.120 ( 23886      0)
prim_init2                             28800    28800 2.880000e+04   9.889370e+04     9.153 ( 19972      0)     1.565 (  5385      0)
prim_printstate                        28800    28800 2.880000e+04   8.890408e+03     0.393 ( 12715      0)     0.245 (  7749      0)
interp_movie_output                    28800    28800 5.760000e+04   7.290762e+02     0.167 ( 16622      0)     0.000 (  8737      0)
prim_main_loop                         28800    28800 2.880000e+04   5.207140e+06   180.937 ( 16266      0)   180.574 (  3298      0)
prim_run                               28800    28800 4.320000e+07   5.206187e+06   180.901 ( 11636      0)   180.562 (  3312      0)
tl-sc prim_run_subcycle_c              28800    28800 4.320000e+07   5.203837e+06   180.795 (  4324      0)   180.487 ( 14014      0)
tl-sc dp3d-from-ps                     28800    28800 4.320000e+07   1.337643e+03     0.170 (  7424      0)     0.024 ( 20797      0)
tl-sc prim_step-loop                   28800    28800 4.320000e+07   4.732704e+06   165.585 (  3775      0)   162.085 ( 10944      0)
tl-s prim_step                         28800    28800 1.296000e+08   4.732059e+06   165.562 (  3775      0)   162.061 ( 10944      0)
tl-s deep_copy+derived_dp              28800    28800 1.296000e+08   5.490627e+03     0.353 (  9856      0)     0.163 ( 10278      0)
tl-s prim_advance_exp-loop             28800    28800 1.296000e+08   1.739152e+06    74.363 ( 12113      0)    48.659 ( 27904      0)
tl-ae prim_advance_exp                 28800    28800 1.296000e+08   1.737814e+06    74.331 ( 12113      0)    48.587 ( 27904      0)
tl-ae U3-5stage_timestep               28800    28800 1.296000e+08   8.744760e+05    40.475 ( 12113      0)    22.071 ( 12672      0)
caar compute                           28800    28800 6.480000e+08   1.919220e+05     7.909 ( 10816      0)     6.208 (  3753      0)
caar_bexchV                            28800    28800 6.480000e+08   6.651557e+05    33.321 ( 12113      0)    13.765 ( 12672      0)
tl-ae advance_hypervis_dp              28800    28800 1.296000e+08   8.617313e+05    40.548 ( 10478      0)    24.163 (  8719      0)
hvf-bhwk                               28800    28800 3.888000e+08   4.605892e+05    22.605 ( 10481      0)    12.914 (  9512      0)
hvf-bexch                              28800    28800 7.776000e+08   6.873278e+05    34.425 ( 10481      0)    18.129 (  8719      0)
tl-s prim_advec_tracers_remap          28800    28800 1.296000e+08   2.985610e+06   115.024 ( 27904      0)    90.011 ( 12113      0)
tl-at prim_advec_tracers_remap_RK2     28800    28800 1.296000e+08   2.984615e+06   114.986 ( 27904      0)    89.976 ( 12113      0)
tl-at precompute_divdp                 28800    28800 1.296000e+08   5.753056e+03     0.418 ( 28637      0)     0.163 ( 16701      0)
tl-at esf-0                            28800    28800 1.296000e+08   7.832350e+05    34.408 ( 11953      0)    23.241 ( 28782      0)
tl-at esf-1                            28800    28800 1.296000e+08   5.636762e+05    22.705 (  6247      0)    17.758 ( 19119      0)
tl-at esf-2                            28800    28800 1.296000e+08   1.573614e+06    62.296 (  8727      0)    44.606 ( 12125      0)
tl-at qdp_time_avg                     28800    28800 1.296000e+08   5.337784e+04     2.446 ( 11919      0)     1.622 ( 28707      0)
tl-sc vertical_remap                   28800    28800 4.320000e+07   4.253397e+05    16.816 ( 10944      0)    13.559 ( 28244      0)
Remap Thickness Functor                28800    28800 4.320000e+07   5.129248e+03     0.349 ( 28032      0)     0.094 (  5564      0)
Remap Scale States Functor             28800    28800 4.320000e+07   2.536828e+03     0.215 (  9456      0)     0.040 ( 13055      0)
Remap Compute Grids Functor            28800    28800 4.320000e+07   1.600325e+04     0.761 ( 26240      0)     0.472 ( 13494      0)
Remap Compute Remap Functor            28800    28800 4.320000e+07   3.926416e+05    15.439 ( 10944      0)    12.535 (  1129      0)
Remap Rescale States Functor           28800    28800 4.320000e+07   1.720597e+03     0.078 ( 17792      0)     0.056 (  4365      0)
tl-sc Q-from-qdp                       28800    28800 4.320000e+07   4.353638e+04     1.835 ( 16320      0)     1.497 ( 12232      0)
t_prf                                      0        0 0.000000e+00   0.000000e+00     0.000 (     0      0)     0.000 (     0      0)

