
***** GLOBAL STATISTICS (    64 MPI TASKS) *****

$Id: gptl.c,v 1.157 2011-03-28 20:55:18 rosinski Exp $
'count' is cumulative. All other stats are max/min
name                               processes  threads        count      walltotal   wallmax (proc   thrd  )   wallmin (proc   thrd  )
Total                                     64       64 6.400000e+01   2.887795e+03    45.140 (     0      0)    45.105 (    54      0)
prim_init1                                64       64 6.400000e+01   1.790184e+01     0.287 (     0      0)     0.278 (    42      0)
repro_sum_int                             64       64 2.880000e+03   1.029559e+00     0.020 (    34      0)     0.007 (     0      0)
prim_init2                                64       64 6.400000e+01   9.381195e+01     1.476 (    32      0)     1.458 (     2      0)
prim_printstate                           64       64 6.400000e+01   1.108289e+01     0.180 (     0      0)     0.173 (    21      0)
interp_movie_output                       64       64 1.280000e+02   4.786587e-02     0.001 (    12      0)     0.001 (    28      0)
prim_main_loop                            64       64 6.400000e+01   2.712460e+03    42.400 (     0      0)    42.365 (    54      0)
prim_run                                  64       64 1.088000e+03   2.712427e+03    42.400 (     0      0)    42.364 (    54      0)
tl-sc prim_run_subcycle_c                 64       64 1.088000e+03   2.702424e+03    42.259 (     0      0)    42.213 (    54      0)
tl-sc dp3d-from-ps                        64       64 1.088000e+03   4.363065e-01     0.008 (    33      0)     0.006 (    26      0)
tl-sc prim_step-loop                      64       64 1.088000e+03   2.353952e+03    36.844 (     5      0)    36.583 (     0      0)
tl-s prim_step                            64       64 3.264000e+03   2.353930e+03    36.844 (     5      0)    36.583 (     0      0)
tl-s deep_copy+derived_dp                 64       64 3.264000e+03   5.592065e+00     0.107 (    61      0)     0.060 (     0      0)
tl-s prim_advance_exp-loop                64       64 3.264000e+03   4.549125e+02     7.447 (    54      0)     6.473 (     0      0)
tl-ae prim_advance_exp                    64       64 3.264000e+03   4.548497e+02     7.446 (    54      0)     6.472 (     0      0)
tl-ae U3-5stage_timestep                  64       64 3.264000e+03   2.504096e+02     4.247 (    30      0)     3.243 (     0      0)
caar compute                              64       64 1.632000e+04   1.379717e+02     2.225 (    17      0)     2.096 (    27      0)
caar_bexchV                               64       64 1.632000e+04   1.068985e+02     1.969 (    30      0)     0.944 (     0      0)
tl-ae advance_hypervis_dp                 64       64 3.264000e+03   2.043778e+02     3.505 (    54      0)     3.157 (    18      0)
hvf-bhwk                                  64       64 9.792000e+03   1.248539e+02     2.290 (    54      0)     1.918 (    25      0)
hvf-bexch                                 64       64 1.958400e+04   8.095796e+01     1.609 (    54      0)     1.145 (     0      0)
tl-s prim_advec_tracers_remap             64       64 3.264000e+03   1.893351e+03    30.048 (     0      0)    29.155 (    30      0)
tl-at prim_advec_tracers_remap_RK2        64       64 3.264000e+03   1.893319e+03    30.048 (     0      0)    29.154 (    30      0)
tl-at precompute_divdp                    64       64 3.264000e+03   4.360297e+00     0.074 (    11      0)     0.055 (    54      0)
tl-at esf-0                               64       64 3.264000e+03   5.441163e+02     8.745 (     0      0)     8.341 (     3      0)
tl-at esf-1                               64       64 3.264000e+03   3.854843e+02     6.253 (     1      0)     5.807 (    30      0)
tl-at esf-2                               64       64 3.264000e+03   8.709717e+02    13.933 (     3      0)    13.353 (    22      0)
tl-at qdp_time_avg                        64       64 3.264000e+03   8.821278e+01     1.446 (    24      0)     1.247 (     0      0)
tl-sc vertical_remap                      64       64 1.088000e+03   3.116161e+02     5.054 (     0      0)     4.807 (     5      0)
Remap Thickness Functor                   64       64 1.088000e+03   1.791063e+00     0.031 (    34      0)     0.026 (    60      0)
Remap Scale States Functor                64       64 1.088000e+03   1.191237e+00     0.023 (    30      0)     0.013 (     0      0)
Remap Compute Grids Functor               64       64 1.088000e+03   1.283669e+01     0.215 (    45      0)     0.175 (     2      0)
Remap Compute Remap Functor               64       64 1.088000e+03   2.930605e+02     4.790 (     0      0)     4.530 (     5      0)
Remap Rescale States Functor              64       64 1.088000e+03   1.056672e+00     0.019 (     0      0)     0.016 (    54      0)
tl-sc Q-from-qdp                          64       64 1.088000e+03   3.638360e+01     0.616 (     0      0)     0.560 (    54      0)
t_prf                                      0        0 0.000000e+00   0.000000e+00     0.000 (     0      0)     0.000 (     0      0)

