
***** GLOBAL STATISTICS (  1024 MPI TASKS) *****

$Id: gptl.c,v 1.157 2011-03-28 20:55:18 rosinski Exp $
'count' is cumulative. All other stats are max/min
name                           processes  threads        count      walltotal   wallmax (proc   thrd  )   wallmin (proc   thrd  )
"Total"                             1024     1024 1.024000e+03   1.945396e+05   190.005 (   704      0)   189.959 (   404      0)
"prim_init1"                        1024     1024 1.024000e+03   8.037164e+02     0.797 (   256      0)     0.762 (   945      0)
"PartitioningTime"                  1024     1024 1.024000e+03   5.168330e+00     0.011 (   283      0)     0.003 (   500      0)
"repro_sum_int"                     1024     1024 4.608000e+04   2.525085e+02     0.284 (   789      0)     0.042 (   693      0)
"prim_init2"                        1024     1024 1.024000e+03   3.111151e+02     0.336 (    16      0)     0.102 (   693      0)
"prim_printstate"                   1024     1024 1.024000e+03   5.983209e+01     0.063 (     0      0)     0.057 (  1022      0)
"interp_movie_output"               1024     1024 2.048000e+03   9.777775e-01     0.002 (   933      0)     0.000 (   219      0)
"prim_main_loop"                    1024     1024 1.024000e+03   1.894282e+05   185.013 (   576      0)   184.966 (   404      0)
"prim_run"                          1024     1024 2.191360e+05   1.894261e+05   185.011 (   576      0)   184.964 (   404      0)
"ApplyCAMForcing"                   1024     1024 2.191360e+05   2.051510e+03     2.233 (   607      0)     1.680 (   546      0)
"prim_step_rX"                      1024     1024 6.574080e+05   1.669051e+05   163.414 (   262      0)   161.576 (   192      0)
"prim_step_dyn"                     1024     1024 6.574080e+05   4.032785e+04    47.825 (   406      0)    30.152 (   960      0)
"prim_advance_exp"                  1024     1024 6.574080e+05   4.031895e+04    47.816 (   406      0)    30.144 (   960      0)
"U3-5stage_timestep"                1024     1024 6.574080e+05   2.106476e+04    29.674 (   926      0)    13.967 (   960      0)
"compute_and_apply_rhs"             1024     1024 3.287040e+06   2.084740e+04    29.481 (   926      0)    13.742 (   960      0)
"caar_bexchV"                       1024     1024 3.287040e+06   9.948520e+03    19.170 (   926      0)     1.775 (   576      0)
"advance_hypervis_dp"               1024     1024 6.574080e+05   1.924085e+04    25.984 (   484      0)    15.881 (   702      0)
"biwkdp3d_bexchV"                   1024     1024 1.972224e+06   3.449847e+03     8.157 (   481      0)     1.001 (   704      0)
"ahdp_bexchV2"                      1024     1024 1.972224e+06   3.251668e+03     7.304 (   484      0)     1.078 (   704      0)
"prim_step_advec"                   1024     1024 6.574080e+05   1.262700e+05   131.318 (   704      0)   115.043 (   406      0)
"PAT_remap"                         1024     1024 6.574080e+05   1.262661e+05   131.314 (   704      0)   115.040 (   406      0)
"prim_advec_tracers_remap_rk2"      1024     1024 6.574080e+05   1.262599e+05   131.307 (   704      0)   115.034 (   406      0)
"precomput_divdp"                   1024     1024 6.574080e+05   2.246129e+02     0.249 (   576      0)     0.208 (   394      0)
"euler_step_0"                      1024     1024 6.574080e+05   3.090292e+04    34.111 (   701      0)    27.379 (   416      0)
"bihmix_qminmax"                    1024     1024 1.972224e+06   5.793303e+04    63.290 (   704      0)    51.940 (   442      0)
"eus_neighbor_minmax1"              1024     1024 6.574080e+05   5.671731e+03     8.143 (   697      0)     3.605 (   570      0)
"nmm_bexchV"                        1024     1024 6.574080e+05   2.864349e+03     5.323 (   697      0)     1.320 (   570      0)
"eus_2d_advec"                      1024     1024 1.972224e+06   6.619661e+04    73.853 (   705      0)    58.677 (   476      0)
"eus_bexchV"                        1024     1024 1.972224e+06   1.052336e+04    18.830 (   641      0)     5.893 (   768      0)
"euler_step_1"                      1024     1024 6.574080e+05   2.448332e+04    26.527 (   714      0)    21.853 (   294      0)
"euler_step_2"                      1024     1024 6.574080e+05   6.878803e+04    71.201 (   598      0)    61.811 (   404      0)
"nmm_bexchS_start"                  1024     1024 6.574080e+05   3.678693e+01     0.057 (   192      0)     0.021 (     5      0)
"biwksc_bexchV"                     1024     1024 6.574080e+05   4.499002e+03     8.298 (   560      0)     2.216 (    65      0)
"nmm_bexchS_fini"                   1024     1024 6.574080e+05   6.681847e+02     0.873 (   635      0)     0.523 (   520      0)
"qdp_tavg"                          1024     1024 6.574080e+05   1.835177e+03     2.245 (  1019      0)     1.344 (   575      0)
"vertical_remap"                    1024     1024 2.191360e+05   1.923830e+04    20.291 (   960      0)    18.528 (   504      0)
"vertical_remap1_1"                 1024     1024 5.259264e+06   8.136247e+02     0.860 (   512      0)     0.768 (   160      0)
"remap_Q_ppm"                       1024     1024 1.577779e+07   1.894908e+04    19.964 (   960      0)    18.258 (   504      0)
"vertical_remap1_2"                 1024     1024 5.259264e+06   1.203221e+03     1.261 (   512      0)     1.148 (   401      0)
"vertical_remap1_3"                 1024     1024 5.259264e+06   1.704264e+04    17.981 (   960      0)    16.414 (   504      0)
"prim_run_subcyle_diags"            1024     1024 2.191360e+05   9.417044e+02     1.232 (   239      0)     0.659 (   547      0)
"t_prf"                                0        0 0.000000e+00   0.000000e+00     0.000 (     0      0)     0.000 (     0      0)

