
***** GLOBAL STATISTICS ( 24576 MPI TASKS) *****

$Id: gptl.c,v 1.157 2011-03-28 20:55:18 rosinski Exp $
'count' is cumulative. All other stats are max/min
name                               processes  threads        count      walltotal   wallmax (proc   thrd  )   wallmin (proc   thrd  )
Total                                  24576    24576 2.457600e+04   7.312833e+06   297.642 (  8550      0)   297.308 ( 24274      0)
prim_init1                             24576    24576 2.457600e+04   6.750363e+04     2.864 (  9879      0)     2.498 ( 24182      0)
repro_sum_int                          24576    24576 1.105920e+06   1.931075e+04     1.948 (    53      0)     0.074 ( 24232      0)
prim_init2                             24576    24576 2.457600e+04   4.521550e+04     2.763 (  9155      0)     1.001 (  4793      0)
prim_printstate                        24576    24576 2.457600e+04   4.400858e+03     0.217 (  7327      0)     0.152 (  1939      0)
interp_movie_output                    24576    24576 4.915200e+04   2.396208e+02     0.030 ( 13073      0)     0.000 ( 20789      0)
prim_main_loop                         24576    24576 2.457600e+04   7.074405e+06   287.927 (  6533      0)   287.800 (   144      0)
prim_run                               24576    24576 1.258291e+08   7.073518e+06   287.893 (  6591      0)   287.758 (  1472      0)
tl-sc prim_run_subcycle_c              24576    24576 1.258291e+08   7.071253e+06   287.780 ( 21247      0)   287.678 ( 13952      0)
tl-sc dp3d-from-ps                     24576    24576 1.258291e+08   1.301481e+03     0.075 ( 20160      0)     0.042 ( 14595      0)
tl-sc prim_step-loop                   24576    24576 1.258291e+08   6.634964e+06   270.503 ( 21240      0)   267.594 ( 10176      0)
tl-s prim_step                         24576    24576 3.774874e+08   6.633202e+06   270.432 ( 21240      0)   267.518 ( 10176      0)
tl-s deep_copy+derived_dp              24576    24576 3.774874e+08   6.969241e+03     0.349 ( 11840      0)     0.258 ( 21247      0)
tl-s prim_advance_exp-loop             24576    24576 3.774874e+08   3.012892e+06   141.450 ( 22985      0)    94.695 (  1024      0)
tl-ae prim_advance_exp                 24576    24576 3.774874e+08   3.010566e+06   141.364 ( 22985      0)    94.593 (  1024      0)
tl-ae U3-5stage_timestep               24576    24576 3.774874e+08   1.503544e+06    91.199 (  7202      0)    41.504 ( 10240      0)
caar compute                           24576    24576 1.887437e+09   1.996425e+05     9.630 ( 20608      0)     7.646 (  4620      0)
caar_bexchV                            24576    24576 1.887437e+09   1.278253e+06    82.326 (  7202      0)    30.874 ( 10240      0)
tl-ae advance_hypervis_dp              24576    24576 3.774874e+08   1.503014e+06    83.115 (  7306      0)    45.279 (  7199      0)
hvf-bhwk                               24576    24576 1.132462e+09   7.803723e+05    45.784 (  7304      0)    23.640 (  7200      0)
hvf-bexch                              24576    24576 2.264924e+09   1.315162e+06    75.726 (  7304      0)    37.542 (  7199      0)
tl-s prim_advec_tracers_remap          24576    24576 3.774874e+08   3.608506e+06   172.694 (  1024      0)   128.151 ( 22985      0)
tl-at prim_advec_tracers_remap_RK2     24576    24576 3.774874e+08   3.605814e+06   172.561 (  1024      0)   128.042 ( 22985      0)
tl-at precompute_divdp                 24576    24576 3.774874e+08   7.767769e+03     0.418 ( 21504      0)     0.262 (  9250      0)
tl-at esf-0                            24576    24576 3.774874e+08   1.022904e+06    57.463 (  7678      0)    32.979 ( 10378      0)
tl-at esf-1                            24576    24576 3.774874e+08   6.965834e+05    39.214 ( 22720      0)    22.833 (  5258      0)
tl-at esf-2                            24576    24576 3.774874e+08   1.814397e+06    92.193 ( 12712      0)    60.699 (  7330      0)
tl-at qdp_time_avg                     24576    24576 3.774874e+08   5.126119e+04     2.516 ( 23296      0)     1.865 (  4777      0)
tl-sc vertical_remap                   24576    24576 1.258291e+08   3.893678e+05    17.942 ( 10176      0)    15.369 ( 21240      0)
Remap Thickness Functor                24576    24576 1.258291e+08   4.268505e+03     0.224 (  2560      0)     0.140 ( 21247      0)
Remap Scale States Functor             24576    24576 1.258291e+08   2.201880e+03     0.121 ( 20754      0)     0.068 (  7978      0)
Remap Compute Grids Functor            24576    24576 1.258291e+08   1.495526e+04     0.716 (  4416      0)     0.562 (  9449      0)
Remap Compute Remap Functor            24576    24576 1.258291e+08   3.588754e+05    16.601 ( 10240      0)    14.166 (  3449      0)
Remap Rescale States Functor           24576    24576 1.258291e+08   2.429246e+03     0.145 (  5186      0)     0.089 ( 20435      0)
tl-sc Q-from-qdp                       24576    24576 1.258291e+08   4.315626e+04     2.131 ( 16640      0)     1.734 (   138      0)
t_prf                                      0        0 0.000000e+00   0.000000e+00     0.000 (     0      0)     0.000 (     0      0)

