
***** GLOBAL STATISTICS (   256 MPI TASKS) *****

$Id: gptl.c,v 1.157 2011-03-28 20:55:18 rosinski Exp $
'count' is cumulative. All other stats are max/min
name                           processes  threads        count      walltotal   wallmax (proc   thrd  )   wallmin (proc   thrd  )
"Total"                              256      256 2.560000e+02   1.495047e+04    58.418 (   192      0)    58.390 (    72      0)
"prim_init1"                         256      256 2.560000e+02   8.537719e+01     0.338 (   192      0)     0.329 (    93      0)
"PartitioningTime"                   256      256 2.560000e+02   3.992283e-01     0.003 (   101      0)     0.000 (   250      0)
"repro_sum_int"                      256      256 1.152000e+04   9.834314e+00     0.054 (    36      0)     0.012 (   207      0)
"prim_init2"                         256      256 2.560000e+02   2.338788e+01     0.106 (     2      0)     0.065 (   207      0)
"prim_printstate"                    256      256 2.560000e+02   6.845192e+00     0.032 (     0      0)     0.026 (    93      0)
"interp_movie_output"                256      256 5.120000e+02   9.172249e-02     0.001 (    68      0)     0.000 (   171      0)
"prim_main_loop"                     256      256 2.560000e+02   1.458900e+04    57.005 (   192      0)    56.977 (    72      0)
"prim_run"                           256      256 1.715200e+04   1.458879e+04    57.005 (   192      0)    56.976 (    72      0)
"ApplyCAMForcing"                    256      256 1.715200e+04   1.625061e+02     0.728 (   183      0)     0.542 (    73      0)
"prim_step_rX"                       256      256 5.145600e+04   1.282454e+04    50.192 (    97      0)    49.659 (   128      0)
"prim_step_dyn"                      256      256 5.145600e+04   2.896306e+03    13.394 (    97      0)     9.343 (   192      0)
"prim_advance_exp"                   256      256 5.145600e+04   2.895588e+03    13.391 (    97      0)     9.340 (   128      0)
"U3-5stage_timestep"                 256      256 5.145600e+04   1.601780e+03     8.256 (   105      0)     4.349 (   128      0)
"compute_and_apply_rhs"              256      256 2.572800e+05   1.584464e+03     8.193 (   105      0)     4.275 (   128      0)
"caar_bexchV"                        256      256 2.572800e+05   7.282541e+02     4.904 (   105      0)     0.492 (   128      0)
"advance_hypervis_dp"                256      256 5.145600e+04   1.292755e+03     5.991 (    94      0)     4.888 (   197      0)
"biwkdp3d_bexchV"                    256      256 1.543680e+05   1.555955e+02     1.523 (    94      0)     0.306 (   192      0)
"ahdp_bexchV2"                       256      256 1.543680e+05   1.487536e+02     1.050 (    82      0)     0.307 (   192      0)
"prim_step_advec"                    256      256 5.145600e+04   9.903891e+03    40.440 (   189      0)    36.702 (    97      0)
"PAT_remap"                          256      256 5.145600e+04   9.903586e+03    40.439 (   189      0)    36.701 (    97      0)
"prim_advec_tracers_remap_rk2"       256      256 5.145600e+04   9.903104e+03    40.437 (   189      0)    36.699 (    97      0)
"precomput_divdp"                    256      256 5.145600e+04   1.768189e+01     0.075 (   128      0)     0.067 (   215      0)
"euler_step_0"                       256      256 5.145600e+04   2.489799e+03    10.722 (   144      0)     8.676 (    91      0)
"bihmix_qminmax"                     256      256 1.543680e+05   4.553483e+03    19.092 (   192      0)    16.783 (   229      0)
"eus_neighbor_minmax1"               256      256 5.145600e+04   4.888310e+02     2.519 (   145      0)     1.322 (   119      0)
"nmm_bexchV"                         256      256 5.145600e+04   2.408379e+02     1.568 (   199      0)     0.488 (   244      0)
"eus_2d_advec"                       256      256 1.543680e+05   5.177863e+03    22.424 (   193      0)    18.930 (    92      0)
"eus_bexchV"                         256      256 1.543680e+05   8.724676e+02     5.462 (   201      0)     2.226 (   227      0)
"euler_step_1"                       256      256 5.145600e+04   1.914209e+03     8.025 (     1      0)     6.999 (   222      0)
"euler_step_2"                       256      256 5.145600e+04   5.330864e+03    21.670 (   205      0)    19.889 (    97      0)
"nmm_bexchS_start"                   256      256 5.145600e+04   2.818862e+00     0.017 (     0      0)     0.007 (   123      0)
"biwksc_bexchV"                      256      256 5.145600e+04   3.541725e+02     2.174 (   113      0)     0.855 (   229      0)
"nmm_bexchS_fini"                    256      256 5.145600e+04   5.332046e+01     0.259 (   134      0)     0.177 (   117      0)
"qdp_tavg"                           256      256 5.145600e+04   1.485804e+02     0.851 (   180      0)     0.439 (   118      0)
"vertical_remap"                     256      256 1.715200e+04   1.503392e+03     6.375 (   128      0)     5.796 (   134      0)
"vertical_remap1_1"                  256      256 4.116480e+05   6.304368e+01     0.268 (   128      0)     0.240 (    75      0)
"remap_Q_ppm"                        256      256 1.234944e+06   1.480902e+03     6.274 (   128      0)     5.712 (   134      0)
"vertical_remap1_2"                  256      256 4.116480e+05   9.362131e+01     0.396 (   128      0)     0.361 (   100      0)
"vertical_remap1_3"                  256      256 4.116480e+05   1.332771e+03     5.650 (   128      0)     5.140 (   134      0)
"prim_run_subcyle_diags"             256      256 1.715200e+04   7.488732e+01     0.438 (   142      0)     0.212 (    22      0)
"t_prf"                                0        0 0.000000e+00   0.000000e+00     0.000 (     0      0)     0.000 (     0      0)

