
***** GLOBAL STATISTICS ( 38400 MPI TASKS) *****

$Id: gptl.c,v 1.157 2011-03-28 20:55:18 rosinski Exp $
'count' is cumulative. All other stats are max/min
name                           processes  threads        count      walltotal   wallmax (proc   thrd  )   wallmin (proc   thrd  )
"Total"                            38400    38400 3.840000e+04   1.080996e+07   281.598 (   213      0)   281.469 ( 30047      0)
"prim_init1"                       38400    38400 3.840000e+04   1.165978e+05     3.150 (  3858      0)     2.898 ( 21862      0)
"PartitioningTime"                 38400    38400 3.840000e+04   9.946640e+01     0.016 ( 13882      0)     0.001 ( 13731      0)
"repro_sum_int"                    38400    38400 1.728000e+06   9.390593e+04    12.288 ( 23672      0)     0.101 ( 34282      0)
"prim_init2"                       38400    38400 3.840000e+04   1.059706e+05    12.596 ( 23672      0)     0.454 ( 34282      0)
"prim_printstate"                  38400    38400 3.840000e+04   5.253276e+03     0.168 (  3210      0)     0.117 ( 37718      0)
"interp_movie_output"              38400    38400 7.680000e+04   2.870637e+02     0.017 ( 36356      0)     0.000 ( 19008      0)
"prim_main_loop"                   38400    38400 3.840000e+04   9.828750e+06   255.986 ( 22529      0)   255.932 (  9760      0)
"prim_run"                         38400    38400 1.536000e+08   9.827763e+06   255.965 ( 23120      0)   255.901 (  9780      0)
"ApplyCAMForcing"                  38400    38400 1.536000e+08   4.966478e+04     1.478 ( 33408      0)     1.150 ( 23112      0)
"prim_step_rX"                     38400    38400 4.608000e+08   9.171353e+06   239.311 ( 13314      0)   236.058 (  2688      0)
"prim_step_dyn"                    38400    38400 4.608000e+08   3.995793e+06   120.843 ( 37347      0)    83.215 ( 26880      0)
"prim_advance_exp"                 38400    38400 4.608000e+08   3.991847e+06   120.751 ( 37347      0)    83.093 ( 26880      0)
"U3-5stage_timestep"               38400    38400 4.608000e+08   2.036467e+06    75.046 ( 37347      0)    36.874 ( 36928      0)
"compute_and_apply_rhs"            38400    38400 2.304000e+09   2.017746e+06    74.596 ( 37347      0)    36.360 ( 36928      0)
"caar_bexchV"                      38400    38400 2.304000e+09   1.674972e+06    65.857 ( 37347      0)    25.811 ( 36928      0)
"advance_hypervis_dp"              38400    38400 4.608000e+08   1.949436e+06    65.950 ( 37611      0)    42.710 ( 19805      0)
"biwkdp3d_bexchV"                  38400    38400 1.382400e+09   7.951655e+05    30.457 ( 37610      0)    16.262 ( 26204      0)
"ahdp_bexchV2"                     38400    38400 1.382400e+09   7.886101e+05    30.296 ( 37600      0)    16.160 ( 32514      0)
"prim_step_advec"                  38400    38400 4.608000e+08   5.162409e+06   153.551 ( 26880      0)   117.973 ( 37347      0)
"PAT_remap"                        38400    38400 4.608000e+08   5.159912e+06   153.480 ( 26880      0)   117.909 ( 37347      0)
"prim_advec_tracers_remap_rk2"     38400    38400 4.608000e+08   5.156237e+06   153.370 ( 26880      0)   117.818 ( 37347      0)
"precomput_divdp"                  38400    38400 4.608000e+08   7.063870e+03     0.245 (  2688      0)     0.172 ( 24428      0)
"euler_step_0"                     38400    38400 4.608000e+08   1.401268e+06    45.517 ( 10510      0)    31.015 ( 37492      0)
"bihmix_qminmax"                   38400    38400 1.382400e+09   2.286758e+06    71.032 ( 15360      0)    53.192 ( 37347      0)
"eus_neighbor_minmax1"             38400    38400 4.608000e+08   4.035636e+05    15.538 ( 10510      0)     8.018 (  8087      0)
"nmm_bexchV"                       38400    38400 4.608000e+08   3.410627e+05    13.944 ( 10510      0)     6.391 (  8087      0)
"eus_2d_advec"                     38400    38400 1.382400e+09   2.781691e+06    86.557 (  5314      0)    61.392 ( 37473      0)
"eus_bexchV"                       38400    38400 1.382400e+09   1.272503e+06    47.505 ( 15362      0)    22.798 ( 14464      0)
"euler_step_1"                     38400    38400 4.608000e+08   1.002967e+06    32.074 ( 19776      0)    21.509 ( 11232      0)
"euler_step_2"                     38400    38400 4.608000e+08   2.690077e+06    79.724 ( 14037      0)    61.089 ( 14455      0)
"nmm_bexchS_start"                 38400    38400 4.608000e+08   3.044228e+04     1.430 ( 26880      0)     0.519 (  3231      0)
"biwksc_bexchV"                    38400    38400 4.608000e+08   5.187517e+05    21.154 ( 15850      0)     8.664 ( 14453      0)
"nmm_bexchS_fini"                  38400    38400 4.608000e+08   9.269676e+03     0.623 ( 13866      0)     0.204 (  9367      0)
"qdp_tavg"                         38400    38400 4.608000e+08   4.185051e+04     1.388 ( 32643      0)     0.911 ( 16125      0)
"vertical_remap"                   38400    38400 1.536000e+08   5.752057e+05    17.419 (  2688      0)    14.532 (  3170      0)
"vertical_remap1_1"                38400    38400 1.536000e+08   2.828401e+04     0.834 ( 32832      0)     0.668 (  6672      0)
"remap_Q_ppm"                      38400    38400 4.608000e+08   5.649931e+05    17.121 (  1984      0)    14.286 ( 14290      0)
"vertical_remap1_2"                38400    38400 1.536000e+08   3.586354e+04     1.080 ( 32832      0)     0.904 ( 16028      0)
"vertical_remap1_3"                38400    38400 1.536000e+08   5.050208e+05    15.402 (  1984      0)    12.746 ( 22994      0)
"prim_run_subcyle_diags"           38400    38400 1.536000e+08   1.699926e+04     0.627 ( 24960      0)     0.369 (  5528      0)
"t_prf"                                0        0 0.000000e+00   0.000000e+00     0.000 (     0      0)     0.000 (     0      0)

