
***** GLOBAL STATISTICS (   640 MPI TASKS) *****

$Id: gptl.c,v 1.157 2011-03-28 20:55:18 rosinski Exp $
'count' is cumulative. All other stats are max/min
name                           processes  threads        count      walltotal   wallmax (proc   thrd  )   wallmin (proc   thrd  )
"Total"                              640      640 6.400000e+02   1.048656e+05   163.921 (    64      0)   163.789 (   229      0)
"prim_init1"                         640      640 6.400000e+02   6.339075e+02     1.000 (     0      0)     0.961 (   478      0)
"PartitioningTime"                   640      640 6.400000e+02   1.877896e+00     0.004 (   597      0)     0.001 (   356      0)
"repro_sum_int"                      640      640 2.880000e+04   4.432158e+01     0.110 (    81      0)     0.026 (   192      0)
"prim_init2"                         640      640 6.400000e+02   1.232501e+02     0.231 (    99      0)     0.154 (   217      0)
"prim_printstate"                    640      640 6.400000e+02   4.453221e+01     0.075 (     0      0)     0.069 (   471      0)
"interp_movie_output"                640      640 1.280000e+03   3.070962e-01     0.001 (   116      0)     0.000 (   538      0)
"prim_main_loop"                     640      640 6.400000e+02   9.858569e+04   154.107 (    64      0)   153.976 (   229      0)
"prim_run"                           640      640 4.288000e+04   9.858512e+04   154.106 (    64      0)   153.975 (   229      0)
"ApplyCAMForcing"                    640      640 4.288000e+04   1.097457e+03     2.633 (    70      0)     1.344 (   208      0)
"prim_step_rX"                       640      640 1.286400e+05   8.734203e+04   137.081 (   228      0)   135.036 (    64      0)
"prim_step_dyn"                      640      640 1.286400e+05   2.124531e+04    45.552 (   229      0)    22.320 (    64      0)
"prim_advance_exp"                   640      640 1.286400e+05   2.124356e+04    45.549 (   229      0)    22.317 (    64      0)
"U3-5stage_timestep"                 640      640 1.286400e+05   1.146715e+04    31.581 (   230      0)    10.357 (   124      0)
"compute_and_apply_rhs"              640      640 6.432000e+05   1.137148e+04    31.434 (   230      0)    10.198 (   124      0)
"caar_bexchV"                        640      640 6.432000e+05   6.046976e+03    23.187 (   230      0)     0.996 (    64      0)
"advance_hypervis_dp"                640      640 1.286400e+05   9.773723e+03    22.909 (   430      0)    11.771 (    84      0)
"biwkdp3d_bexchV"                    640      640 3.859200e+05   1.950386e+03     9.026 (   430      0)     0.598 (    64      0)
"ahdp_bexchV2"                       640      640 3.859200e+05   1.721223e+03     8.870 (   639      0)     0.596 (    64      0)
"prim_step_advec"                    640      640 1.286400e+05   6.593444e+04   112.989 (   109      0)    91.270 (   229      0)
"PAT_remap"                          640      640 1.286400e+05   6.593364e+04   112.987 (   109      0)    91.269 (   229      0)
"prim_advec_tracers_remap_rk2"       640      640 1.286400e+05   6.593237e+04   112.985 (   109      0)    91.267 (   229      0)
"precomput_divdp"                    640      640 1.286400e+05   1.126413e+02     0.213 (   513      0)     0.159 (   422      0)
"euler_step_0"                       640      640 1.286400e+05   1.675042e+04    31.153 (   109      0)    21.199 (   239      0)
"bihmix_qminmax"                     640      640 3.859200e+05   3.066552e+04    52.849 (   127      0)    41.799 (   230      0)
"eus_neighbor_minmax1"               640      640 1.286400e+05   3.507512e+03     9.426 (   326      0)     3.159 (   503      0)
"nmm_bexchV"                         640      640 1.286400e+05   1.696588e+03     6.868 (   638      0)     1.130 (   503      0)
"eus_2d_advec"                       640      640 3.859200e+05   3.405621e+04    60.834 (   130      0)    46.076 (   297      0)
"eus_bexchV"                         640      640 3.859200e+05   5.664430e+03    17.145 (   204      0)     4.377 (   448      0)
"euler_step_1"                       640      640 1.286400e+05   1.262058e+04    22.027 (   130      0)    17.343 (   241      0)
"euler_step_2"                       640      640 1.286400e+05   3.536031e+04    58.943 (    77      0)    48.908 (   229      0)
"nmm_bexchS_start"                   640      640 1.286400e+05   8.296946e+00     0.023 (   354      0)     0.006 (   485      0)
"biwksc_bexchV"                      640      640 1.286400e+05   2.224656e+03     6.753 (   255      0)     1.538 (   320      0)
"nmm_bexchS_fini"                    640      640 1.286400e+05   5.053287e+02     1.633 (   360      0)     0.449 (   216      0)
"qdp_tavg"                           640      640 1.286400e+05   1.083049e+03     3.131 (    89      0)     1.106 (   201      0)
"vertical_remap"                     640      640 4.288000e+04   9.397425e+03    16.114 (   512      0)    14.489 (    87      0)
"vertical_remap1_1"                  640      640 2.572800e+06   3.953630e+02     0.670 (   384      0)     0.599 (   102      0)
"remap_Q_ppm"                        640      640 7.718400e+06   9.255384e+03    15.852 (   512      0)    14.273 (    87      0)
"vertical_remap1_2"                  640      640 2.572800e+06   5.877532e+02     0.986 (   384      0)     0.897 (   103      0)
"vertical_remap1_3"                  640      640 2.572800e+06   8.325420e+03    14.312 (   512      0)    12.848 (    87      0)
"prim_run_subcyle_diags"             640      640 4.288000e+04   5.746610e+02     1.778 (    67      0)     0.543 (   229      0)
"t_prf"                                0        0 0.000000e+00   0.000000e+00     0.000 (     0      0)     0.000 (     0      0)

