
***** GLOBAL STATISTICS (  4096 MPI TASKS) *****

$Id: gptl.c,v 1.157 2011-03-28 20:55:18 rosinski Exp $
'count' is cumulative. All other stats are max/min
name                               processes  threads        count      walltotal   wallmax (proc   thrd  )   wallmin (proc   thrd  )
Total                                   4096     4096 4.096000e+03   6.672236e+05   162.912 (  3584      0)   162.882 (  1794      0)
prim_init1                              4096     4096 4.096000e+03   2.598741e+03     0.650 (     0      0)     0.608 (  1492      0)
repro_sum_int                           4096     4096 1.843200e+05   4.931069e+02     0.318 (    21      0)     0.030 (   639      0)
prim_init2                              4096     4096 4.096000e+03   1.374067e+03     0.500 (    57      0)     0.242 (   952      0)
prim_printstate                         4096     4096 4.096000e+03   2.852600e+02     0.075 (     0      0)     0.068 (  3755      0)
interp_movie_output                     4096     4096 8.192000e+03   5.030593e+00     0.003 (  2818      0)     0.000 (  1096      0)
prim_main_loop                          4096     4096 4.096000e+03   6.471871e+05   158.019 (  3584      0)   157.989 (  2220      0)
prim_run                                4096     4096 3.497984e+06   6.471617e+05   158.012 (  1194      0)   157.983 (  2222      0)
tl-sc prim_run_subcycle_c               4096     4096 3.497984e+06   6.470863e+05   157.998 (  1194      0)   157.965 (  2222      0)
tl-sc dp3d-from-ps                      4096     4096 3.497984e+06   9.667590e+01     0.028 (  1344      0)     0.022 (  1198      0)
tl-sc prim_step-loop                    4096     4096 3.497984e+06   5.769116e+05   141.245 (  3559      0)   139.340 (  3072      0)
tl-s prim_step                          4096     4096 1.049395e+07   5.768584e+05   141.231 (  3559      0)   139.327 (  3072      0)
tl-s deep_copy+derived_dp               4096     4096 1.049395e+07   7.317977e+02     0.206 (    64      0)     0.163 (  1033      0)
tl-s prim_advance_exp-loop              4096     4096 1.049395e+07   1.874529e+05    55.179 (   406      0)    32.805 (  3584      0)
tl-ae prim_advance_exp                  4096     4096 1.049395e+07   1.873762e+05    55.161 (   406      0)    32.781 (  3584      0)
tl-ae U3-5stage_timestep                4096     4096 1.049395e+07   9.787829e+04    34.957 (   493      0)    15.870 (  3584      0)
caar compute                            4096     4096 5.246976e+07   2.910221e+04     8.394 (  2624      0)     6.717 (  1952      0)
caar_bexchV                             4096     4096 5.246976e+07   6.682021e+04    27.536 (   493      0)     7.034 (  3584      0)
tl-ae advance_hypervis_dp               4096     4096 1.049395e+07   8.934467e+04    31.792 (   422      0)    16.148 (  1206      0)
hvf-bhwk                                4096     4096 3.148186e+07   4.992002e+04    20.750 (   421      0)     9.180 (  1200      0)
hvf-bexch                               4096     4096 6.296371e+07   6.324812e+04    25.880 (   422      0)     9.033 (  1216      0)
tl-s prim_advec_tracers_remap           4096     4096 1.049395e+07   3.885056e+05   107.091 (  3585      0)    85.449 (   414      0)
tl-at prim_advec_tracers_remap_RK2      4096     4096 1.049395e+07   3.884220e+05   107.070 (  3585      0)    85.429 (   414      0)
tl-at precompute_divdp                  4096     4096 1.049395e+07   6.877018e+02     0.204 (  1152      0)     0.145 (   393      0)
tl-at esf-0                             4096     4096 1.049395e+07   1.065705e+05    31.483 (  3392      0)    22.223 (  1187      0)
tl-at esf-1                             4096     4096 1.049395e+07   8.034976e+04    22.790 (  1115      0)    17.391 (  1241      0)
tl-at esf-2                             4096     4096 1.049395e+07   1.912596e+05    56.987 (  3585      0)    41.925 (   390      0)
tl-at qdp_time_avg                      4096     4096 1.049395e+07   9.147899e+03     2.580 (  3873      0)     1.819 (   509      0)
tl-sc vertical_remap                    4096     4096 3.497984e+06   6.293023e+04    16.625 (  3072      0)    14.974 (  3559      0)
Remap Thickness Functor                 4096     4096 3.497984e+06   4.053816e+02     0.112 (  3891      0)     0.091 (  2105      0)
Remap Scale States Functor              4096     4096 3.497984e+06   1.811117e+02     0.056 (    81      0)     0.036 (   502      0)
Remap Compute Grids Functor             4096     4096 3.497984e+06   2.281179e+03     0.637 (  1088      0)     0.521 (  1983      0)
Remap Compute Remap Functor             4096     4096 3.497984e+06   5.960578e+04    15.804 (  3072      0)    14.182 (  3559      0)
Remap Rescale States Functor            4096     4096 3.497984e+06   2.453514e+02     0.072 (  3392      0)     0.056 (  3869      0)
tl-sc Q-from-qdp                        4096     4096 3.497984e+06   7.072106e+03     1.986 (  3456      0)     1.710 (  3771      0)
t_prf                                      0        0 0.000000e+00   0.000000e+00     0.000 (     0      0)     0.000 (     0      0)

