
***** GLOBAL STATISTICS (  2880 MPI TASKS) *****

$Id: gptl.c,v 1.157 2011-03-28 20:55:18 rosinski Exp $
'count' is cumulative. All other stats are max/min
name                           processes  threads        count      walltotal   wallmax (proc   thrd  )   wallmin (proc   thrd  )
"Total"                             2880     2880 2.880000e+03   5.606462e+05   194.752 (   896      0)   194.595 (  1749      0)
"prim_init1"                        2880     2880 2.880000e+03   4.893825e+03     1.726 (   896      0)     1.620 (   791      0)
"PartitioningTime"                  2880     2880 2.880000e+03   9.067826e+00     0.006 (   963      0)     0.003 (   566      0)
"repro_sum_int"                     2880     2880 1.296000e+05   3.176639e+02     0.294 (  2582      0)     0.041 (   951      0)
"prim_init2"                        2880     2880 2.880000e+03   5.711986e+02     0.379 (  2409      0)     0.132 (   457      0)
"prim_printstate"                   2880     2880 2.880000e+03   2.082807e+02     0.076 (     0      0)     0.071 (  2486      0)
"interp_movie_output"               2880     2880 5.760000e+03   1.951821e+00     0.001 (  1982      0)     0.000 (  2794      0)
"prim_main_loop"                    2880     2880 2.880000e+03   5.094996e+05   176.992 (   896      0)   176.835 (  1749      0)
"prim_run"                          2880     2880 4.320000e+05   5.094951e+05   176.991 (   896      0)   176.833 (  1749      0)
"ApplyCAMForcing"                   2880     2880 4.320000e+05   5.032114e+03     2.675 (   936      0)     1.436 (   976      0)
"prim_step_rX"                      2880     2880 1.296000e+06   4.537587e+05   158.016 (   441      0)   155.972 (   896      0)
"prim_step_dyn"                     2880     2880 1.296000e+06   1.268967e+05    54.728 (  1072      0)    26.993 (   896      0)
"prim_advance_exp"                  2880     2880 1.296000e+06   1.268791e+05    54.722 (  1072      0)    26.987 (   896      0)
"U3-5stage_timestep"                2880     2880 1.296000e+06   6.206954e+04    33.927 (   557      0)    12.375 (   169      0)
"compute_and_apply_rhs"             2880     2880 6.480000e+06   6.157114e+04    33.767 (   557      0)    12.190 (   169      0)
"caar_bexchV"                       2880     2880 6.480000e+06   3.519424e+04    24.903 (   557      0)     1.874 (   896      0)
"advance_hypervis_dp"               2880     2880 1.296000e+06   6.478363e+04    31.579 (    77      0)    14.270 (   937      0)
"biwkdp3d_bexchV"                   2880     2880 3.888000e+06   1.731052e+04    12.233 (   616      0)     1.043 (   896      0)
"ahdp_bexchV2"                      2880     2880 3.888000e+06   1.696626e+04    12.340 (   492      0)     1.179 (   896      0)
"prim_step_advec"                   2880     2880 1.296000e+06   3.261128e+05   128.918 (   958      0)   102.806 (  1072      0)
"PAT_remap"                         2880     2880 1.296000e+06   3.261054e+05   128.915 (   958      0)   102.803 (  1072      0)
"prim_advec_tracers_remap_rk2"      2880     2880 1.296000e+06   3.260932e+05   128.911 (   958      0)   102.799 (  1072      0)
"precomput_divdp"                   2880     2880 1.296000e+06   5.457866e+02     0.231 (   896      0)     0.178 (  1549      0)
"euler_step_0"                      2880     2880 1.296000e+06   7.829725e+04    34.266 (   919      0)    23.836 (  1378      0)
"bihmix_qminmax"                    2880     2880 3.888000e+06   1.439108e+05    57.003 (   960      0)    45.753 (   598      0)
"eus_neighbor_minmax1"              2880     2880 1.296000e+06   1.480442e+04     9.838 (  1212      0)     3.244 (   594      0)
"nmm_bexchV"                        2880     2880 1.296000e+06   8.540081e+03     7.748 (  1212      0)     1.370 (  1646      0)
"eus_2d_advec"                      2880     2880 3.888000e+06   1.769735e+05    73.329 (   949      0)    52.312 (  1056      0)
"eus_bexchV"                        2880     2880 3.888000e+06   2.997039e+04    21.536 (  2599      0)     4.982 (  1856      0)
"euler_step_1"                      2880     2880 1.296000e+06   6.223419e+04    25.630 (  1217      0)    19.334 (  1364      0)
"euler_step_2"                      2880     2880 1.296000e+06   1.804398e+05    70.580 (  2566      0)    55.242 (  1210      0)
"nmm_bexchS_start"                  2880     2880 1.296000e+06   7.720343e+01     0.047 (   950      0)     0.014 (  1397      0)
"biwksc_bexchV"                     2880     2880 1.296000e+06   1.125310e+04     8.037 (   413      0)     1.844 (  2752      0)
"nmm_bexchS_fini"                   2880     2880 1.296000e+06   1.696714e+03     1.315 (   916      0)     0.447 (   571      0)
"qdp_tavg"                          2880     2880 1.296000e+06   4.526951e+03     3.075 (   929      0)     1.146 (  2173      0)
"vertical_remap"                    2880     2880 4.320000e+05   4.768560e+04    17.996 (   896      0)    16.264 (   627      0)
"vertical_remap1_1"                 2880     2880 1.296000e+07   2.005047e+03     0.769 (    64      0)     0.670 (  1061      0)
"remap_Q_ppm"                       2880     2880 3.888000e+07   4.696799e+04    17.712 (  1536      0)    16.026 (   627      0)
"vertical_remap1_2"                 2880     2880 1.296000e+07   2.973577e+03     1.123 (  1664      0)     1.007 (   464      0)
"vertical_remap1_3"                 2880     2880 1.296000e+07   4.226284e+04    15.988 (   896      0)    14.398 (   623      0)
"prim_run_subcyle_diags"            2880     2880 4.320000e+05   2.321468e+03     1.650 (   958      0)     0.574 (  2582      0)
"t_prf"                                0        0 0.000000e+00   0.000000e+00     0.000 (     0      0)     0.000 (     0      0)

