
***** GLOBAL STATISTICS (   960 MPI TASKS) *****

$Id: gptl.c,v 1.157 2011-03-28 20:55:18 rosinski Exp $
'count' is cumulative. All other stats are max/min
name                           processes  threads        count      walltotal   wallmax (proc   thrd  )   wallmin (proc   thrd  )
"Total"                              960      960 9.600000e+02   2.053096e+05   214.003 (   321      0)   213.740 (    93      0)
"prim_init1"                         960      960 9.600000e+02   1.814791e+03     1.921 (     0      0)     1.822 (   906      0)
"PartitioningTime"                   960      960 9.600000e+02   2.972555e+00     0.005 (    30      0)     0.003 (    90      0)
"repro_sum_int"                      960      960 4.320000e+04   1.011441e+02     0.273 (   423      0)     0.033 (   378      0)
"prim_init2"                         960      960 9.600000e+02   2.951102e+02     0.468 (   391      0)     0.240 (   320      0)
"prim_printstate"                    960      960 9.600000e+02   8.268962e+01     0.096 (     0      0)     0.085 (   403      0)
"interp_movie_output"                960      960 1.920000e+03   4.810524e-01     0.001 (   232      0)     0.000 (   462      0)
"prim_main_loop"                     960      960 9.600000e+02   1.874175e+05   195.365 (   321      0)   195.102 (    93      0)
"prim_run"                           960      960 4.800000e+04   1.874165e+05   195.364 (   321      0)   195.101 (    93      0)
"ApplyCAMForcing"                    960      960 4.800000e+04   2.080439e+03     3.346 (   364      0)     1.437 (   319      0)
"prim_step_rX"                       960      960 1.440000e+05   1.679696e+05   175.944 (   506      0)   173.110 (   512      0)
"prim_step_dyn"                      960      960 1.440000e+05   3.774279e+04    54.009 (    85      0)    24.764 (   321      0)
"prim_advance_exp"                   960      960 1.440000e+05   3.774079e+04    54.007 (    85      0)    24.762 (   321      0)
"U3-5stage_timestep"                 960      960 1.440000e+05   2.034866e+04    35.134 (   147      0)    10.852 (   933      0)
"compute_and_apply_rhs"              960      960 7.200000e+05   2.019464e+04    34.989 (   147      0)    10.680 (   933      0)
"caar_bexchV"                        960      960 7.200000e+05   1.124901e+04    25.769 (   147      0)     0.949 (   321      0)
"advance_hypervis_dp"                960      960 1.440000e+05   1.738901e+04    26.635 (    26      0)    13.019 (   331      0)
"biwkdp3d_bexchV"                    960      960 4.320000e+05   3.702310e+03    12.830 (    29      0)     0.533 (   321      0)
"ahdp_bexchV2"                       960      960 4.320000e+05   3.449827e+03    11.212 (   193      0)     0.641 (   321      0)
"prim_step_advec"                    960      960 1.440000e+05   1.298896e+05   148.779 (   572      0)   120.450 (    85      0)
"PAT_remap"                          960      960 1.440000e+05   1.298886e+05   148.778 (   572      0)   120.449 (    85      0)
"prim_advec_tracers_remap_rk2"       960      960 1.440000e+05   1.298871e+05   148.776 (   572      0)   120.448 (    85      0)
"precomput_divdp"                    960      960 1.440000e+05   1.999099e+02     0.353 (   604      0)     0.180 (   258      0)
"euler_step_0"                       960      960 1.440000e+05   3.486882e+04    45.716 (   959      0)    27.200 (   120      0)
"bihmix_qminmax"                     960      960 4.320000e+05   6.014777e+04    72.629 (   341      0)    52.102 (    62      0)
"eus_neighbor_minmax1"               960      960 1.440000e+05   8.032766e+03    17.497 (   959      0)     3.645 (    62      0)
"nmm_bexchV"                         960      960 1.440000e+05   3.860533e+03    13.788 (   959      0)     1.140 (   126      0)
"eus_2d_advec"                       960      960 4.320000e+05   6.701450e+04    85.388 (    62      0)    60.933 (    38      0)
"eus_bexchV"                         960      960 4.320000e+05   1.392294e+04    27.159 (    69      0)     7.222 (   448      0)
"euler_step_1"                       960      960 1.440000e+05   2.331391e+04    30.100 (    70      0)    21.591 (    95      0)
"euler_step_2"                       960      960 1.440000e+05   6.899091e+04    79.176 (   320      0)    62.238 (    82      0)
"nmm_bexchS_start"                   960      960 1.440000e+05   1.070532e+01     0.023 (   380      0)     0.005 (   903      0)
"biwksc_bexchV"                      960      960 1.440000e+05   5.626592e+03     9.189 (   464      0)     2.320 (    64      0)
"nmm_bexchS_fini"                    960      960 1.440000e+05   1.468575e+03     3.292 (   911      0)     0.614 (   225      0)
"qdp_tavg"                           960      960 1.440000e+05   2.507007e+03     4.357 (   346      0)     1.287 (   319      0)
"vertical_remap"                     960      960 4.800000e+04   1.584640e+04    18.313 (   321      0)    16.268 (   288      0)
"vertical_remap1_1"                  960      960 4.320000e+06   6.652997e+02     0.766 (   321      0)     0.675 (   837      0)
"remap_Q_ppm"                        960      960 1.296000e+07   1.560021e+04    17.998 (   321      0)    16.021 (   515      0)
"vertical_remap1_2"                  960      960 4.320000e+06   9.877243e+02     1.118 (   321      0)     1.007 (   154      0)
"vertical_remap1_3"                  960      960 4.320000e+06   1.403765e+04    16.228 (   321      0)    14.401 (   534      0)
"prim_run_subcyle_diags"             960      960 4.800000e+04   1.162537e+03     2.266 (   324      0)     0.637 (   839      0)
"t_prf"                                0        0 0.000000e+00   0.000000e+00     0.000 (     0      0)     0.000 (     0      0)

