
***** GLOBAL STATISTICS (  1920 MPI TASKS) *****

$Id: gptl.c,v 1.157 2011-03-28 20:55:18 rosinski Exp $
'count' is cumulative. All other stats are max/min
name                           processes  threads        count      walltotal   wallmax (proc   thrd  )   wallmin (proc   thrd  )
"Total"                             1920     1920 1.920000e+03   3.822306e+05   199.184 (   576      0)   198.996 (  1136      0)
"prim_init1"                        1920     1920 1.920000e+03   3.310560e+03     1.752 (     0      0)     1.650 (   422      0)
"PartitioningTime"                  1920     1920 1.920000e+03   5.935670e+00     0.005 (    43      0)     0.003 (   312      0)
"repro_sum_int"                     1920     1920 8.640000e+04   1.669144e+02     0.203 (   215      0)     0.031 (   801      0)
"prim_init2"                        1920     1920 1.920000e+03   3.721830e+02     0.306 (  1770      0)     0.139 (   801      0)
"prim_printstate"                   1920     1920 1.920000e+03   1.315609e+02     0.073 (     0      0)     0.068 (  1725      0)
"interp_movie_output"               1920     1920 3.840000e+03   1.091955e+00     0.001 (  1692      0)     0.000 (  1742      0)
"prim_main_loop"                    1920     1920 1.920000e+03   3.489156e+05   181.833 (   576      0)   181.644 (  1136      0)
"prim_run"                          1920     1920 1.920000e+05   3.489131e+05   181.831 (   576      0)   181.642 (  1136      0)
"ApplyCAMForcing"                   1920     1920 1.920000e+05   3.485034e+03     2.568 (   761      0)     1.411 (  1702      0)
"prim_step_rX"                      1920     1920 5.760000e+05   3.116127e+05   162.926 (  1712      0)   160.278 (   704      0)
"prim_step_dyn"                     1920     1920 5.760000e+05   8.547595e+04    54.983 (    72      0)    24.351 (   583      0)
"prim_advance_exp"                  1920     1920 5.760000e+05   8.546814e+04    54.979 (    72      0)    24.346 (   583      0)
"U3-5stage_timestep"                1920     1920 5.760000e+05   4.202583e+04    40.538 (  1688      0)    11.174 (   422      0)
"compute_and_apply_rhs"             1920     1920 2.880000e+06   4.170748e+04    40.388 (  1688      0)    11.000 (   422      0)
"caar_bexchV"                       1920     1920 2.880000e+06   2.413439e+04    31.732 (  1688      0)     1.645 (   422      0)
"advance_hypervis_dp"               1920     1920 5.760000e+05   4.343043e+04    34.798 (  1635      0)    12.799 (   540      0)
"biwkdp3d_bexchV"                   1920     1920 1.728000e+06   1.170517e+04    14.606 (   148      0)     0.575 (   576      0)
"ahdp_bexchV2"                      1920     1920 1.728000e+06   1.139885e+04    14.449 (   150      0)     0.653 (   576      0)
"prim_step_advec"                   1920     1920 5.760000e+05   2.256219e+05   137.504 (   583      0)   107.170 (    72      0)
"PAT_remap"                         1920     1920 5.760000e+05   2.256185e+05   137.502 (   583      0)   107.169 (    72      0)
"prim_advec_tracers_remap_rk2"      1920     1920 5.760000e+05   2.256129e+05   137.499 (   583      0)   107.166 (    72      0)
"precomput_divdp"                   1920     1920 5.760000e+05   3.689060e+02     0.283 (  1359      0)     0.175 (  1564      0)
"euler_step_0"                      1920     1920 5.760000e+05   5.569167e+04    38.661 (  1510      0)    24.173 (  1134      0)
"bihmix_qminmax"                    1920     1920 1.728000e+06   1.010125e+05    63.903 (   608      0)    46.788 (    77      0)
"eus_neighbor_minmax1"              1920     1920 5.760000e+05   1.156127e+04    10.877 (  1510      0)     3.457 (  1314      0)
"nmm_bexchV"                        1920     1920 5.760000e+05   6.504990e+03     9.032 (  1305      0)     1.289 (  1128      0)
"eus_2d_advec"                      1920     1920 1.728000e+06   1.208782e+05    78.917 (  1702      0)    53.937 (   378      0)
"eus_bexchV"                        1920     1920 1.728000e+06   2.214697e+04    24.964 (  1702      0)     5.485 (   192      0)
"euler_step_1"                      1920     1920 5.760000e+05   4.251690e+04    28.829 (  1153      0)    19.425 (  1276      0)
"euler_step_2"                      1920     1920 5.760000e+05   1.237229e+05    77.477 (  1863      0)    57.133 (  1325      0)
"nmm_bexchS_start"                  1920     1920 5.760000e+05   3.629240e+01     0.050 (  1513      0)     0.010 (   269      0)
"biwksc_bexchV"                     1920     1920 5.760000e+05   8.494061e+03    10.272 (  1914      0)     1.663 (  1344      0)
"nmm_bexchS_fini"                   1920     1920 5.760000e+05   1.433246e+03     2.171 (   602      0)     0.481 (   102      0)
"qdp_tavg"                          1920     1920 5.760000e+05   3.289574e+03     2.878 (   610      0)     1.155 (  1702      0)
"vertical_remap"                    1920     1920 1.920000e+05   3.160316e+04    17.929 (   704      0)    16.197 (  1387      0)
"vertical_remap1_1"                 1920     1920 8.640000e+06   1.334581e+03     0.763 (   704      0)     0.668 (   866      0)
"remap_Q_ppm"                       1920     1920 2.592000e+07   3.112343e+04    17.650 (   704      0)    15.958 (  1387      0)
"vertical_remap1_2"                 1920     1920 8.640000e+06   1.977644e+03     1.122 (   704      0)     1.004 (   305      0)
"vertical_remap1_3"                 1920     1920 8.640000e+06   2.799261e+04    15.885 (  1728      0)    14.359 (  1387      0)
"prim_run_subcyle_diags"            1920     1920 1.920000e+05   1.703933e+03     1.543 (   746      0)     0.589 (   378      0)
"t_prf"                                0        0 0.000000e+00   0.000000e+00     0.000 (     0      0)     0.000 (     0      0)

