
***** GLOBAL STATISTICS (   640 MPI TASKS) *****

$Id: gptl.c,v 1.157 2011-03-28 20:55:18 rosinski Exp $
'count' is cumulative. All other stats are max/min
name                               processes  threads        count      walltotal   wallmax (proc   thrd  )   wallmin (proc   thrd  )
Total                                    640      640 6.400000e+02   1.259639e+05   197.218 (   454      0)   196.446 (   189      0)
prim_init1                               640      640 6.400000e+02   1.039220e+03     1.654 (   192      0)     1.527 (   305      0)
repro_sum_int                            640      640 2.880000e+04   5.948619e+01     0.224 (   280      0)     0.036 (   576      0)
prim_init2                               640      640 6.400000e+02   1.380940e+03     2.289 (   298      0)     2.082 (    10      0)
prim_printstate                          640      640 6.400000e+02   1.942252e+02     0.310 (     0      0)     0.303 (   195      0)
interp_movie_output                      640      640 1.280000e+03   2.847993e-01     0.001 (    76      0)     0.000 (   142      0)
prim_main_loop                           640      640 6.400000e+02   1.134159e+05   177.612 (   454      0)   176.841 (   189      0)
prim_run                                 640      640 2.176000e+04   1.134155e+05   177.611 (   454      0)   176.840 (   189      0)
tl-sc prim_run_subcycle_c                640      640 2.176000e+04   1.132984e+05   177.367 (   468      0)   176.753 (   126      0)
tl-sc dp3d-from-ps                       640      640 2.176000e+04   1.175140e+01     0.031 (   276      0)     0.016 (   631      0)
tl-sc prim_step-loop                     640      640 2.176000e+04   1.032674e+05   162.121 (   401      0)   159.847 (   256      0)
tl-s prim_step                           640      640 6.528000e+04   1.032670e+05   162.120 (   401      0)   159.846 (   256      0)
tl-s deep_copy+derived_dp                640      640 6.528000e+04   1.147288e+02     0.304 (   484      0)     0.141 (   635      0)
tl-s prim_advance_exp-loop               640      640 6.528000e+04   3.162528e+04    73.246 (    95      0)    18.935 (   475      0)
tl-ae prim_advance_exp                   640      640 6.528000e+04   3.162432e+04    73.244 (    95      0)    18.933 (   475      0)
tl-ae U3-5stage_timestep                 640      640 6.528000e+04   1.834158e+04    62.748 (   125      0)     9.319 (   284      0)
caar compute                             640      640 3.264000e+05   3.742425e+03     7.029 (   448      0)     5.466 (    21      0)
caar_bexchV                              640      640 3.264000e+05   1.444610e+04    56.896 (   125      0)     2.649 (   256      0)
tl-ae advance_hypervis_dp                640      640 6.528000e+04   1.328154e+04    41.615 (   361      0)     9.030 (   470      0)
hvf-bhwk                                 640      640 1.958400e+05   7.616899e+03    25.854 (   361      0)     5.505 (   394      0)
hvf-bexch                                640      640 3.916800e+05   9.892435e+03    36.556 (   361      0)     3.211 (   448      0)
tl-s prim_advec_tracers_remap            640      640 6.528000e+04   7.152556e+04   141.693 (   475      0)    88.095 (    95      0)
tl-at prim_advec_tracers_remap_RK2       640      640 6.528000e+04   7.152496e+04   141.692 (   475      0)    88.094 (    95      0)
tl-at precompute_divdp                   640      640 6.528000e+04   1.111609e+02     0.507 (   448      0)     0.095 (   240      0)
tl-at esf-0                              640      640 6.528000e+04   2.134217e+04    49.366 (   295      0)    24.222 (    80      0)
tl-at esf-1                              640      640 6.528000e+04   1.341486e+04    31.453 (   226      0)    15.202 (   239      0)
tl-at esf-2                              640      640 6.528000e+04   3.487662e+04    74.298 (    71      0)    36.368 (   189      0)
tl-at qdp_time_avg                       640      640 6.528000e+04   1.776690e+03     5.213 (   452      0)     1.844 (    75      0)
tl-sc vertical_remap                     640      640 2.176000e+04   8.960156e+03    15.231 (   448      0)    13.358 (   618      0)
Remap Thickness Functor                  640      640 2.176000e+04   4.833067e+01     0.100 (   448      0)     0.069 (   633      0)
Remap Scale States Functor               640      640 2.176000e+04   2.727363e+01     0.078 (   455      0)     0.029 (    45      0)
Remap Compute Grids Functor              640      640 2.176000e+04   3.267372e+02     0.657 (   455      0)     0.463 (   257      0)
Remap Compute Remap Functor              640      640 2.176000e+04   8.522107e+03    14.471 (   256      0)    12.717 (   618      0)
Remap Rescale States Functor             640      640 2.176000e+04   3.212427e+01     0.129 (   256      0)     0.043 (   158      0)
tl-sc Q-from-qdp                         640      640 2.176000e+04   1.058447e+03     2.083 (   300      0)     1.552 (   147      0)
t_prf                                      0        0 0.000000e+00   0.000000e+00     0.000 (     0      0)     0.000 (     0      0)

