
***** GLOBAL STATISTICS (  6144 MPI TASKS) *****

$Id: gptl.c,v 1.157 2011-03-28 20:55:18 rosinski Exp $
'count' is cumulative. All other stats are max/min
name                               processes  threads        count      walltotal   wallmax (proc   thrd  )   wallmin (proc   thrd  )
Total                                   6144     6144 6.144000e+03   1.115816e+06   181.636 (   240      0)   181.592 (  2171      0)
prim_init1                              6144     6144 6.144000e+03   4.621249e+03     0.768 (  5176      0)     0.718 (  3623      0)
repro_sum_int                           6144     6144 2.764800e+05   1.182859e+03     0.529 (    31      0)     0.038 (  1728      0)
prim_init2                              6144     6144 6.144000e+03   2.685999e+03     0.713 (    53      0)     0.273 (  1766      0)
prim_printstate                         6144     6144 6.144000e+03   4.973003e+02     0.089 (  4863      0)     0.075 (   694      0)
interp_movie_output                     6144     6144 1.228800e+04   8.136862e+00     0.004 (  3505      0)     0.000 (  5299      0)
prim_main_loop                          6144     6144 6.144000e+03   1.083586e+06   176.380 (   256      0)   176.353 (  2088      0)
prim_run                                6144     6144 7.864320e+06   1.083529e+06   176.371 (  3749      0)   176.341 (  5023      0)
tl-sc prim_run_subcycle_c               6144     6144 7.864320e+06   1.083394e+06   176.352 (   489      0)   176.319 (  5025      0)
tl-sc dp3d-from-ps                      6144     6144 7.864320e+06   1.650172e+02     0.033 (   640      0)     0.025 (  3523      0)
tl-sc prim_step-loop                    6144     6144 7.864320e+06   9.783562e+05   159.566 (   751      0)   157.513 (   960      0)
tl-s prim_step                          6144     6144 2.359296e+07   9.782378e+05   159.547 (   751      0)   157.492 (   960      0)
tl-s deep_copy+derived_dp               6144     6144 2.359296e+07   1.137231e+03     0.216 (  3264      0)     0.176 (  3669      0)
tl-s prim_advance_exp-loop              6144     6144 2.359296e+07   3.623731e+05    66.317 (  3703      0)    46.484 (  1792      0)
tl-ae prim_advance_exp                  6144     6144 2.359296e+07   3.622171e+05    66.293 (  3703      0)    46.457 (  1792      0)
tl-ae U3-5stage_timestep                6144     6144 2.359296e+07   1.845254e+05    42.617 (  3701      0)    20.708 (   128      0)
caar compute                            6144     6144 1.179648e+08   4.486008e+04     8.666 (  2880      0)     6.961 (  2399      0)
caar_bexchV                             6144     6144 1.179648e+08   1.362017e+05    34.887 (  3701      0)    11.552 (   128      0)
tl-ae advance_hypervis_dp               6144     6144 2.359296e+07   1.773837e+05    37.088 (   387      0)    22.205 (   290      0)
hvf-bhwk                                6144     6144 7.077888e+07   9.638615e+04    23.231 (   386      0)    11.998 (    95      0)
hvf-bexch                               6144     6144 1.415578e+08   1.375882e+05    30.555 (   391      0)    15.679 (   290      0)
tl-s prim_advec_tracers_remap           6144     6144 2.359296e+07   6.143858e+05   111.745 (   258      0)    92.815 (  3702      0)
tl-at prim_advec_tracers_remap_RK2      6144     6144 2.359296e+07   6.142044e+05   111.715 (   258      0)    92.790 (  3702      0)
tl-at precompute_divdp                  6144     6144 2.359296e+07   1.125987e+03     0.220 (  1280      0)     0.163 (  6093      0)
tl-at esf-0                             6144     6144 2.359296e+07   1.703587e+05    35.880 (  3830      0)    24.227 (   288      0)
tl-at esf-1                             6144     6144 2.359296e+07   1.250651e+05    26.143 (  3835      0)    18.208 (  2720      0)
tl-at esf-2                             6144     6144 2.359296e+07   3.034685e+05    58.789 (   258      0)    44.876 (   429      0)
tl-at qdp_time_avg                      6144     6144 2.359296e+07   1.327658e+04     2.468 (   448      0)     1.865 (   255      0)
tl-sc vertical_remap                    6144     6144 7.864320e+06   9.413409e+04    16.726 (   960      0)    14.999 (   751      0)
Remap Thickness Functor                 6144     6144 7.864320e+06   6.410404e+02     0.126 (  3328      0)     0.096 (   579      0)
Remap Scale States Functor              6144     6144 7.864320e+06   2.882969e+02     0.058 (  3855      0)     0.039 (  3498      0)
Remap Compute Grids Functor             6144     6144 7.864320e+06   3.388382e+03     0.675 (   448      0)     0.523 (   983      0)
Remap Compute Remap Functor             6144     6144 7.864320e+06   8.899513e+04    15.837 (   960      0)    14.202 (   751      0)
Remap Rescale States Functor            6144     6144 7.864320e+06   3.926226e+02     0.074 (  3520      0)     0.060 (   216      0)
tl-sc Q-from-qdp                        6144     6144 7.864320e+06   1.056981e+04     2.050 (  3648      0)     1.706 (   354      0)
t_prf                                      0        0 0.000000e+00   0.000000e+00     0.000 (     0      0)     0.000 (     0      0)

