
***** GLOBAL STATISTICS (  6400 MPI TASKS) *****

$Id: gptl.c,v 1.157 2011-03-28 20:55:18 rosinski Exp $
'count' is cumulative. All other stats are max/min
name                           processes  threads        count      walltotal   wallmax (proc   thrd  )   wallmin (proc   thrd  )
"Total"                             6400     6400 6.400000e+03   1.133319e+06   177.170 (  2108      0)   176.984 (  3965      0)
"prim_init1"                        6400     6400 6.400000e+03   7.382696e+03     1.186 (    65      0)     1.074 (  2883      0)
"PartitioningTime"                  6400     6400 6.400000e+03   8.253769e+01     0.037 (  2437      0)     0.001 (  4672      0)
"repro_sum_int"                     6400     6400 2.880000e+05   1.995663e+03     0.844 (  2353      0)     0.063 (  3901      0)
"prim_init2"                        6400     6400 6.400000e+03   2.695796e+03     0.958 (  2318      0)     0.184 (  3399      0)
"prim_printstate"                   6400     6400 6.400000e+03   5.896789e+02     0.101 (  6029      0)     0.089 (   452      0)
"interp_movie_output"               6400     6400 1.280000e+04   1.331420e+01     0.005 (   304      0)     0.000 (  5701      0)
"prim_main_loop"                    6400     6400 6.400000e+03   1.065658e+06   166.588 (  2108      0)   166.419 (  3881      0)
"prim_run"                          6400     6400 4.268800e+06   1.065624e+06   166.582 (  2108      0)   166.413 (  3881      0)
"ApplyCAMForcing"                   6400     6400 4.268800e+06   8.955294e+03     1.546 (  5504      0)     1.201 (  1801      0)
"prim_step_rX"                      6400     6400 1.280640e+07   9.570985e+05   149.858 (  1759      0)   147.630 (  3520      0)
"prim_step_dyn"                     6400     6400 1.280640e+07   2.990656e+05    54.439 (  5481      0)    34.763 (  6208      0)
"prim_advance_exp"                  6400     6400 1.280640e+07   2.989229e+05    54.418 (  5481      0)    34.740 (  6208      0)
"U3-5stage_timestep"                6400     6400 1.280640e+07   1.507882e+05    33.432 (  3990      0)    15.382 (  6208      0)
"compute_and_apply_rhs"             6400     6400 6.403200e+07   1.493533e+05    33.225 (  3990      0)    15.118 (  6208      0)
"caar_bexchV"                       6400     6400 6.403200e+07   9.510203e+04    25.087 (  3990      0)     5.210 (  6208      0)
"advance_hypervis_dp"               6400     6400 1.280640e+07   1.479034e+05    28.470 (   733      0)    18.758 (  3287      0)
"biwkdp3d_bexchV"                   6400     6400 3.841920e+07   4.278902e+04    10.221 (  1209      0)     3.814 (  6208      0)
"ahdp_bexchV2"                      6400     6400 3.841920e+07   4.240449e+04     9.903 (  4418      0)     3.940 (  4032      0)
"prim_step_advec"                   6400     6400 1.280640e+07   6.565090e+05   113.377 (  6209      0)    95.058 (  5481      0)
"PAT_remap"                         6400     6400 1.280640e+07   6.564362e+05   113.365 (  6209      0)    95.047 (  5481      0)
"prim_advec_tracers_remap_rk2"      6400     6400 1.280640e+07   6.563213e+05   113.347 (  6209      0)    95.028 (  5481      0)
"precomput_divdp"                   6400     6400 1.280640e+07   1.108241e+03     0.197 (  5376      0)     0.164 (  1894      0)
"euler_step_0"                      6400     6400 1.280640e+07   1.611072e+05    29.356 (  5309      0)    22.281 (  4171      0)
"bihmix_qminmax"                    6400     6400 3.841920e+07   2.987709e+05    54.840 (  4032      0)    43.225 (  5107      0)
"eus_neighbor_minmax1"              6400     6400 1.280640e+07   3.256781e+04     7.655 (  3385      0)     3.750 (  6202      0)
"nmm_bexchV"                        6400     6400 1.280640e+07   2.172822e+04     5.986 (  3385      0)     2.092 (  4173      0)
"eus_2d_advec"                      6400     6400 3.841920e+07   3.474357e+05    66.652 (  6209      0)    49.151 (  2982      0)
"eus_bexchV"                        6400     6400 3.841920e+07   8.417088e+04    25.007 (  6209      0)     7.282 (  1216      0)
"euler_step_1"                      6400     6400 1.280640e+07   1.269816e+05    22.370 (  4059      0)    17.919 (  6182      0)
"euler_step_2"                      6400     6400 1.280640e+07   3.589186e+05    64.350 (  6209      0)    51.455 (  1887      0)
"nmm_bexchS_start"                  6400     6400 1.280640e+07   7.246790e+02     0.200 (  1792      0)     0.066 (  5380      0)
"biwksc_bexchV"                     6400     6400 1.280640e+07   3.772483e+04    10.929 (  4031      0)     3.450 (  5801      0)
"nmm_bexchS_fini"                   6400     6400 1.280640e+07   2.151714e+03     0.440 (  3517      0)     0.280 (  2167      0)
"qdp_tavg"                          6400     6400 1.280640e+07   7.786616e+03     1.465 (  1837      0)     1.009 (  4991      0)
"vertical_remap"                    6400     6400 4.268800e+06   9.417294e+04    16.693 (  3520      0)    14.469 (  2667      0)
"vertical_remap1_1"                 6400     6400 2.561280e+07   4.067546e+03     0.752 (  4184      0)     0.609 (  2693      0)
"remap_Q_ppm"                       6400     6400 7.683840e+07   9.272783e+04    16.438 (  3520      0)    14.252 (  2667      0)
"vertical_remap1_2"                 6400     6400 2.561280e+07   5.887513e+03     1.047 (  4184      0)     0.893 (   984      0)
"vertical_remap1_3"                 6400     6400 2.561280e+07   8.333998e+04    14.876 (  3520      0)    12.813 (  5331      0)
"prim_run_subcyle_diags"            6400     6400 4.268800e+06   3.928842e+03     0.821 (  5754      0)     0.476 (  5340      0)
"t_prf"                                0        0 0.000000e+00   0.000000e+00     0.000 (     0      0)     0.000 (     0      0)

