
***** GLOBAL STATISTICS ( 86400 MPI TASKS) *****

$Id: gptl.c,v 1.157 2011-03-28 20:55:18 rosinski Exp $
'count' is cumulative. All other stats are max/min
name                               processes  threads        count      walltotal   wallmax (proc   thrd  )   wallmin (proc   thrd  )
Total                                  86400    86400 8.640000e+04   2.315207e+07   268.109 ( 66048      0)   267.879 ( 85832      0)
prim_init1                             86400    86400 8.640000e+04   6.904430e+05     8.221 ( 66067      0)     7.676 ( 86326      0)
repro_sum_int                          86400    86400 8.899200e+06   3.724595e+05    11.041 ( 75374      0)     0.229 ( 78677      0)
prim_init2                             86400    86400 8.640000e+04   5.984671e+05    13.697 ( 21300      0)     2.708 ( 73230      0)
prim_printstate                        86400    86400 1.728000e+05   4.533526e+04     0.720 ( 64526      0)     0.402 ( 29122      0)
interp_movie_output                    86400    86400 1.728000e+05   1.661648e+03     0.063 ( 82508      0)     0.003 ( 50659      0)
prim_main_loop                         86400    86400 8.640000e+04   1.987486e+07   230.098 ( 84160      0)   229.948 ( 34013      0)
prim_run                               86400    86400 3.888000e+08   1.987125e+07   230.067 ( 84163      0)   229.901 ( 33984      0)
tl-sc prim_run_subcycle_c              86400    86400 3.888000e+08   1.985093e+07   229.851 ( 83667      0)   229.664 ( 35264      0)
tl-sc dp3d-from-ps                     86400    86400 3.888000e+08   5.106829e+03     0.098 ( 13632      0)     0.040 ( 48643      0)
tl-sc prim_step-loop                   86400    86400 3.888000e+08   1.840263e+07   214.255 ( 45895      0)   210.248 ( 37952      0)
tl-s prim_step                         86400    86400 1.166400e+09   1.839727e+07   214.196 ( 45895      0)   210.181 ( 37952      0)
tl-s deep_copy+derived_dp              86400    86400 1.166400e+09   2.272624e+04     0.317 (  7744      0)     0.239 ( 34947      0)
tl-s prim_advance_exp-loop             86400    86400 1.166400e+09   7.452884e+06   104.096 ( 32160      0)    69.264 ( 29184      0)
tl-ae prim_advance_exp                 86400    86400 1.166400e+09   7.444693e+06   104.003 ( 32160      0)    69.162 ( 29184      0)
tl-ae U3-5stage_timestep               86400    86400 1.166400e+09   3.784571e+06    60.976 ( 54325      0)    31.037 ( 78144      0)
caar compute                           86400    86400 5.832000e+09   6.283957e+05     8.662 ( 42560      0)     6.815 ( 16456      0)
caar_bexchV                            86400    86400 5.832000e+09   3.075038e+06    52.931 ( 54325      0)    21.452 ( 78144      0)
tl-ae advance_hypervis_dp              86400    86400 1.166400e+09   3.647601e+06    54.648 ( 31172      0)    33.473 ( 29173      0)
hvf-bhwk                               86400    86400 3.499200e+09   1.907995e+06    29.545 ( 31172      0)    17.393 ( 29173      0)
hvf-bexch                              86400    86400 6.998400e+09   3.053174e+06    47.766 ( 31175      0)    26.764 ( 29173      0)
tl-s prim_advec_tracers_remap          86400    86400 1.166400e+09   1.090695e+07   141.679 (  5696      0)   109.136 ( 32160      0)
tl-at prim_advec_tracers_remap_RK2     86400    86400 1.166400e+09   1.089868e+07   141.571 (  5696      0)   109.044 ( 32160      0)
tl-at precompute_divdp                 86400    86400 1.166400e+09   2.593204e+04     0.483 ( 60864      0)     0.228 ( 44253      0)
tl-at esf-0                            86400    86400 1.166400e+09   2.895451e+06    42.526 ( 29184      0)    27.991 ( 84125      0)
tl-at esf-1                            86400    86400 1.166400e+09   2.036528e+06    29.162 ( 29055      0)    19.154 ( 47264      0)
tl-at esf-2                            86400    86400 1.166400e+09   5.741286e+06    78.890 ( 29194      0)    53.440 ( 31201      0)
tl-at qdp_time_avg                     86400    86400 1.166400e+09   1.597258e+05     2.380 ( 31506      0)     1.670 ( 54460      0)
tl-sc vertical_remap                   86400    86400 3.888000e+08   1.302735e+06    17.517 ( 37952      0)    13.838 (  7607      0)
Remap Thickness Functor                86400    86400 3.888000e+08   1.817977e+04     0.267 (  9280      0)     0.147 ( 52909      0)
Remap Scale States Functor             86400    86400 3.888000e+08   9.210831e+03     0.131 ( 49541      0)     0.077 ( 85293      0)
Remap Compute Grids Functor            86400    86400 3.888000e+08   5.013051e+04     0.676 ( 46912      0)     0.531 ( 85311      0)
Remap Compute Remap Functor            86400    86400 3.888000e+08   1.186521e+06    16.043 ( 37952      0)    12.548 ( 45895      0)
Remap Rescale States Functor           86400    86400 3.888000e+08   7.682927e+03     0.125 ( 72624      0)     0.081 ( 46783      0)
tl-sc Q-from-qdp                       86400    86400 3.888000e+08   1.329879e+05     1.883 ( 46592      0)     1.524 ( 57132      0)
t_prf                                      0        0 0.000000e+00   0.000000e+00     0.000 (     0      0)     0.000 (     0      0)

