
***** GLOBAL STATISTICS (  1536 MPI TASKS) *****

$Id: gptl.c,v 1.157 2011-03-28 20:55:18 rosinski Exp $
'count' is cumulative. All other stats are max/min
name                           processes  threads        count      walltotal   wallmax (proc   thrd  )   wallmin (proc   thrd  )
"Total"                             1536     1536 1.536000e+03   2.419578e+05   157.558 (  1280      0)   157.500 (  1128      0)
"prim_init1"                        1536     1536 1.536000e+03   1.485375e+03     0.979 (   257      0)     0.932 (   361      0)
"PartitioningTime"                  1536     1536 1.536000e+03   2.890856e+00     0.004 (   600      0)     0.001 (   695      0)
"repro_sum_int"                     1536     1536 6.912000e+04   1.452371e+02     0.319 (   487      0)     0.024 (  1411      0)
"prim_init2"                        1536     1536 1.536000e+03   3.647269e+02     0.458 (   355      0)     0.168 (  1450      0)
"prim_printstate"                   1536     1536 1.536000e+03   9.482193e+01     0.067 (     2      0)     0.058 (   554      0)
"interp_movie_output"               1536     1536 3.072000e+03   8.944280e-01     0.001 (   841      0)     0.000 (   482      0)
"prim_main_loop"                    1536     1536 1.536000e+03   2.264956e+05   147.492 (  1280      0)   147.436 (  1128      0)
"prim_run"                          1536     1536 2.457600e+05   2.264924e+05   147.489 (  1280      0)   147.433 (  1128      0)
"ApplyCAMForcing"                   1536     1536 2.457600e+05   2.385725e+03     1.874 (  1288      0)     1.273 (  1272      0)
"prim_step_rX"                      1536     1536 7.372800e+05   2.001799e+05   130.685 (  1462      0)   129.144 (  1280      0)
"prim_step_dyn"                     1536     1536 7.372800e+05   4.927824e+04    40.849 (   396      0)    23.927 (   768      0)
"prim_advance_exp"                  1536     1536 7.372800e+05   4.926838e+04    40.843 (   396      0)    23.921 (   768      0)
"U3-5stage_timestep"                1536     1536 7.372800e+05   2.588426e+04    26.296 (  1244      0)    11.056 (   768      0)
"compute_and_apply_rhs"             1536     1536 3.686400e+06   2.563318e+04    26.147 (  1244      0)    10.881 (   768      0)
"caar_bexchV"                       1536     1536 3.686400e+06   1.297553e+04    18.231 (  1244      0)     1.498 (   768      0)
"advance_hypervis_dp"               1536     1536 7.372800e+05   2.336892e+04    21.614 (  1236      0)    12.738 (   730      0)
"biwkdp3d_bexchV"                   1536     1536 2.211840e+06   4.436803e+03     7.898 (  1237      0)     0.956 (  1280      0)
"ahdp_bexchV2"                      1536     1536 2.211840e+06   4.286745e+03     7.474 (  1234      0)     0.959 (  1280      0)
"prim_step_advec"                   1536     1536 7.372800e+05   1.505448e+05   105.128 (    16      0)    89.481 (   396      0)
"PAT_remap"                         1536     1536 7.372800e+05   1.505404e+05   105.125 (    16      0)    89.478 (   396      0)
"prim_advec_tracers_remap_rk2"      1536     1536 7.372800e+05   1.505335e+05   105.121 (    16      0)    89.473 (   396      0)
"precomput_divdp"                   1536     1536 7.372800e+05   2.621347e+02     0.198 (   576      0)     0.160 (   938      0)
"euler_step_0"                      1536     1536 7.372800e+05   3.715635e+04    27.762 (   768      0)    21.372 (   369      0)
"bihmix_qminmax"                    1536     1536 2.211840e+06   6.896255e+04    50.482 (   192      0)    40.825 (  1100      0)
"eus_neighbor_minmax1"              1536     1536 7.372800e+05   7.077747e+03     7.238 (  1456      0)     2.714 (   336      0)
"nmm_bexchV"                        1536     1536 7.372800e+05   3.852186e+03     5.269 (    48      0)     1.085 (   336      0)
"eus_2d_advec"                      1536     1536 2.211840e+06   7.911253e+04    60.022 (     1      0)    45.830 (   396      0)
"eus_bexchV"                        1536     1536 2.211840e+06   1.431317e+04    16.094 (     1      0)     4.670 (  1088      0)
"euler_step_1"                      1536     1536 7.372800e+05   2.911686e+04    21.108 (  1323      0)    17.369 (   990      0)
"euler_step_2"                      1536     1536 7.372800e+05   8.185201e+04    57.254 (   257      0)    48.591 (  1244      0)
"nmm_bexchS_start"                  1536     1536 7.372800e+05   4.365179e+01     0.048 (    64      0)     0.015 (  1271      0)
"biwksc_bexchV"                     1536     1536 7.372800e+05   6.382753e+03     7.600 (   323      0)     2.031 (   486      0)
"nmm_bexchS_fini"                   1536     1536 7.372800e+05   7.487095e+02     0.708 (   800      0)     0.370 (    59      0)
"qdp_tavg"                          1536     1536 7.372800e+05   2.117219e+03     1.724 (   804      0)     1.026 (  1270      0)
"vertical_remap"                    1536     1536 2.457600e+05   2.250428e+04    15.910 (  1280      0)    14.418 (  1056      0)
"vertical_remap1_1"                 1536     1536 6.144000e+06   9.498762e+02     0.675 (  1280      0)     0.598 (   462      0)
"remap_Q_ppm"                       1536     1536 1.843200e+07   2.216443e+04    15.655 (  1280      0)    14.209 (  1056      0)
"vertical_remap1_2"                 1536     1536 6.144000e+06   1.406795e+03     0.988 (   896      0)     0.895 (   245      0)
"vertical_remap1_3"                 1536     1536 6.144000e+06   1.993781e+04    14.090 (  1280      0)    12.788 (  1056      0)
"prim_run_subcyle_diags"            1536     1536 2.457600e+05   1.086892e+03     1.103 (  1310      0)     0.503 (   882      0)
"t_prf"                                0        0 0.000000e+00   0.000000e+00     0.000 (     0      0)     0.000 (     0      0)

