LAST_GIT_COMMIT_SHA:STRING=4790f40f2fb6acbc051ce4c988681a628c18e83d

***** GLOBAL STATISTICS (  3072 MPI TASKS) *****

$Id: gptl.c,v 1.157 2011-03-28 20:55:18 rosinski Exp $
'count' is cumulative. All other stats are max/min
name                               processes  threads        count      walltotal   wallmax (proc   thrd  )   wallmin (proc   thrd  )
Total                                   3072     3072 3.072000e+03   1.237615e+06   402.883 (     0      0)   402.856 (  1775      0)
prim_init1                              3072     3072 3.072000e+03   1.516430e+03     0.513 (  2754      0)     0.473 (  2379      0)
repro_sum_int                           3072     3072 1.382400e+05   2.818933e+02     0.270 (    13      0)     0.025 (  3025      0)
prim_init2                              3072     3072 3.072000e+03   1.082376e+03     0.519 (     1      0)     0.262 (   835      0)
prim_printstate                         3072     3072 3.072000e+03   1.280176e+02     0.047 (  2018      0)     0.036 (  2718      0)
interp_movie_output                     3072     3072 6.144000e+03   5.434832e+00     0.005 (  1720      0)     0.001 (   222      0)
prim_main_loop                          3072     3072 3.072000e+03   1.230868e+06   400.678 (  1206      0)   400.665 (  1427      0)
prim_run                                3072     3072 5.243904e+06   1.230848e+06   400.672 (  2629      0)   400.658 (  1428      0)
tl-sc prim_run_subcycle_c               3072     3072 5.243904e+06   1.230795e+06   400.659 (   383      0)   400.639 (  2714      0)
tl-sc dp3d-from-ps                      3072     3072 5.243904e+06   1.516203e+02     0.067 (  3014      0)     0.039 (   650      0)
tl-sc prim_step-loop                    3072     3072 5.243904e+06   1.156424e+06   377.469 (   607      0)   374.840 (  2630      0)
tl-s prim_step                          3072     3072 1.573171e+07   1.156379e+06   377.461 (   607      0)   374.820 (  2630      0)
tl-s deep_copy+derived_dp               3072     3072 1.573171e+07   2.338397e+03     1.114 (  2849      0)     0.391 (  2973      0)
tl-s prim_advance_exp-loop              3072     3072 1.573171e+07   1.670204e+05    67.425 (  2704      0)    41.321 (  2946      0)
tl-ae prim_advance_exp                  3072     3072 1.573171e+07   1.669808e+05    67.412 (  2704      0)    41.311 (  2946      0)
tl-ae U3-5stage_timestep                3072     3072 1.573171e+07   9.131365e+04    43.208 (   122      0)    19.531 (  2946      0)
caar compute                            3072     3072 7.865856e+07   3.638827e+04    13.016 (  2620      0)    10.968 (   649      0)
caar_bexchV                             3072     3072 7.865856e+07   5.384367e+04    30.950 (   122      0)     7.964 (  2946      0)
tl-ae advance_hypervis_dp               3072     3072 1.573171e+07   7.561061e+04    29.633 (  1134      0)    21.098 (  2009      0)
hvf-bhwk                                3072     3072 4.719514e+07   5.063213e+04    19.357 (  1106      0)    14.518 (  2003      0)
hvf-bexch                               3072     3072 9.439027e+07   3.290473e+04    15.679 (  1129      0)     7.144 (  2007      0)
tl-s prim_advec_tracers_remap           3072     3072 1.573171e+07   9.869175e+05   335.363 (  2936      0)   307.803 (  2704      0)
tl-at prim_advec_tracers_remap_RK2      3072     3072 1.573171e+07   9.868592e+05   335.350 (  2936      0)   307.780 (  2704      0)
tl-at precompute_divdp                  3072     3072 1.573171e+07   1.565409e+03     0.752 (  2976      0)     0.331 (  2764      0)
tl-at esf-0                             3072     3072 1.573171e+07   2.862190e+05   103.209 (  1592      0)    84.343 (  2814      0)
tl-at esf-1                             3072     3072 1.573171e+07   2.058510e+05    70.618 (  1593      0)    64.314 (   879      0)
tl-at esf-2                             3072     3072 1.573171e+07   4.709943e+05   168.540 (  2945      0)   141.710 (   368      0)
tl-at qdp_time_avg                      3072     3072 1.573171e+07   2.182872e+04     9.095 (  2721      0)     5.011 (  2685      0)
tl-sc vertical_remap                    3072     3072 5.243904e+06   6.470097e+04    22.481 (  2630      0)    20.218 (   607      0)
Remap Thickness Functor                 3072     3072 5.243904e+06   6.440631e+02     0.265 (  2714      0)     0.160 (   757      0)
Remap Scale States Functor              3072     3072 5.243904e+06   3.566889e+02     0.178 (  2714      0)     0.056 (  2973      0)
Remap Compute Grids Functor             3072     3072 5.243904e+06   3.531596e+03     1.660 (  2714      0)     0.757 (  2826      0)
Remap Compute Remap Functor             3072     3072 5.243904e+06   5.959133e+04    20.310 (  2630      0)    18.954 (  2116      0)
Remap Rescale States Functor            3072     3072 5.243904e+06   4.447684e+02     0.193 (  1973      0)     0.127 (  2662      0)
tl-sc Q-from-qdp                        3072     3072 5.243904e+06   9.462496e+03     3.490 (  2713      0)     2.805 (  2660      0)
t_prf                                      0        0 0.000000e+00   0.000000e+00     0.000 (     0      0)     0.000 (     0      0)

