LAST_GIT_COMMIT_SHA:STRING=4790f40f2fb6acbc051ce4c988681a628c18e83d

***** GLOBAL STATISTICS (   768 MPI TASKS) *****

$Id: gptl.c,v 1.157 2011-03-28 20:55:18 rosinski Exp $
'count' is cumulative. All other stats are max/min
name                               processes  threads        count      walltotal   wallmax (proc   thrd  )   wallmin (proc   thrd  )
Total                                    768      768 7.680000e+02   9.868557e+04   128.501 (   232      0)   128.492 (    28      0)
prim_init1                               768      768 7.680000e+02   1.009216e+02     0.133 (   334      0)     0.129 (   697      0)
repro_sum_int                            768      768 3.456000e+04   2.093529e+01     0.054 (    12      0)     0.015 (   128      0)
prim_init2                               768      768 7.680000e+02   9.254139e+01     0.146 (     6      0)     0.105 (    69      0)
prim_printstate                          768      768 7.680000e+02   2.032617e+01     0.029 (   370      0)     0.026 (   440      0)
interp_movie_output                      768      768 1.536000e+03   3.591812e-01     0.001 (   484      0)     0.000 (   181      0)
prim_main_loop                           768      768 7.680000e+02   9.823905e+04   127.919 (   223      0)   127.911 (    72      0)
prim_run                                 768      768 4.101120e+05   9.823767e+04   127.918 (   223      0)   127.909 (    72      0)
tl-sc prim_run_subcycle_c                768      768 4.101120e+05   9.822953e+04   127.909 (   223      0)   127.898 (   489      0)
tl-sc dp3d-from-ps                       768      768 4.101120e+05   1.239933e+01     0.023 (   545      0)     0.012 (    66      0)
tl-sc prim_step-loop                     768      768 4.101120e+05   9.237185e+04   120.591 (   741      0)   119.804 (   530      0)
tl-s prim_step                           768      768 1.230336e+06   9.236824e+04   120.588 (   741      0)   119.797 (   530      0)
tl-s deep_copy+derived_dp                768      768 1.230336e+06   1.952012e+02     0.404 (   545      0)     0.134 (    31      0)
tl-s prim_advance_exp-loop               768      768 1.230336e+06   1.419570e+04    24.594 (   655      0)    13.499 (   536      0)
tl-ae prim_advance_exp                   768      768 1.230336e+06   1.419238e+04    24.589 (   655      0)    13.495 (   536      0)
tl-ae U3-5stage_timestep                 768      768 1.230336e+06   7.915410e+03    16.939 (   655      0)     6.069 (   536      0)
caar compute                             768      768 6.151680e+06   2.849808e+03     4.057 (   748      0)     3.446 (   437      0)
caar_bexchV                              768      768 6.151680e+06   4.981645e+03    13.004 (   655      0)     2.273 (   536      0)
tl-ae advance_hypervis_dp                768      768 1.230336e+06   6.272526e+03     9.714 (    57      0)     7.244 (   482      0)
hvf-bhwk                                 768      768 3.691008e+06   4.151522e+03     6.589 (   748      0)     4.839 (   700      0)
hvf-bexch                                768      768 7.382016e+06   2.922467e+03     5.370 (    60      0)     2.778 (   237      0)
tl-s prim_advec_tracers_remap            768      768 1.230336e+06   7.796932e+04   106.290 (   536      0)    95.343 (   655      0)
tl-at prim_advec_tracers_remap_RK2       768      768 1.230336e+06   7.796478e+04   106.285 (   536      0)    95.336 (   655      0)
tl-at precompute_divdp                   768      768 1.230336e+06   1.244054e+02     0.238 (   394      0)     0.106 (   443      0)
tl-at esf-0                              768      768 1.230336e+06   2.249001e+04    31.960 (   752      0)    26.656 (   377      0)
tl-at esf-1                              768      768 1.230336e+06   1.628211e+04    22.346 (   345      0)    20.281 (   617      0)
tl-at esf-2                              768      768 1.230336e+06   3.725375e+04    52.079 (   234      0)    44.503 (   655      0)
tl-at qdp_time_avg                       768      768 1.230336e+06   1.781115e+03     3.110 (   537      0)     1.671 (   618      0)
tl-sc vertical_remap                     768      768 4.101120e+05   5.081719e+03     7.038 (   748      0)     6.319 (   437      0)
Remap Thickness Functor                  768      768 4.101120e+05   5.039671e+01     0.085 (   545      0)     0.049 (    66      0)
Remap Scale States Functor               768      768 4.101120e+05   2.885934e+01     0.058 (   545      0)     0.018 (    66      0)
Remap Compute Grids Functor              768      768 4.101120e+05   2.797414e+02     0.506 (   114      0)     0.239 (    31      0)
Remap Compute Remap Functor              768      768 4.101120e+05   4.677987e+03     6.397 (   205      0)     5.934 (   437      0)
Remap Rescale States Functor             768      768 4.101120e+05   3.616468e+01     0.065 (    96      0)     0.040 (   644      0)
tl-sc Q-from-qdp                         768      768 4.101120e+05   7.590103e+02     1.200 (   543      0)     0.882 (   655      0)
t_prf                                      0        0 0.000000e+00   0.000000e+00     0.000 (     0      0)     0.000 (     0      0)

