LAST_GIT_COMMIT_SHA:STRING=adf77c97ed8425a245449f2582d2441f4b72da1e

***** GLOBAL STATISTICS (    24 MPI TASKS) *****

$Id: gptl.c,v 1.157 2011-03-28 20:55:18 rosinski Exp $
'count' is cumulative. All other stats are max/min
name                           processes  threads        count      walltotal   wallmax (proc   thrd  )   wallmin (proc   thrd  )
"Total"                               24       24 2.400000e+01   2.034967e+03    84.791 (     8      0)    84.789 (     3      0)
"prim_init1"                          24       24 2.400000e+01   1.654744e+00     0.075 (     0      0)     0.069 (    16      0)
"PartitioningTime"                    24       24 2.400000e+01   1.054287e-02     0.000 (     0      0)     0.000 (    11      0)
"repro_sum_int"                       24       24 1.080000e+03   3.372335e-02     0.001 (    21      0)     0.001 (     0      0)
"prim_init2"                          24       24 2.400000e+01   7.683554e-01     0.036 (     0      0)     0.032 (     7      0)
"prim_printstate"                     24       24 2.400000e+01   1.135223e-01     0.009 (     0      0)     0.005 (    13      0)
"interp_movie_output"                 24       24 4.800000e+01   5.117893e-03     0.000 (    12      0)     0.000 (    13      0)
"prim_main_loop"                      24       24 2.400000e+01   2.030738e+03    84.615 (     8      0)    84.613 (     3      0)
"prim_run"                            24       24 4.008000e+03   2.030725e+03    84.614 (     8      0)    84.612 (     3      0)
"ApplyCAMForcing"                     24       24 4.008000e+03   4.025044e+01     1.840 (    12      0)     1.596 (     6      0)
"prim_step_rX"                        24       24 1.202400e+04   1.852025e+03    77.373 (    12      0)    77.070 (     9      0)
"prim_step_dyn"                       24       24 1.202400e+04   2.359175e+02    10.144 (    12      0)     9.669 (     6      0)
"prim_advance_exp"                    24       24 1.202400e+04   2.358530e+02    10.141 (    12      0)     9.666 (     6      0)
"U3-5stage_timestep"                  24       24 1.202400e+04   1.256819e+02     5.541 (    12      0)     5.071 (     8      0)
"compute_and_apply_rhs"               24       24 6.012000e+04   1.202711e+02     5.310 (    12      0)     4.836 (     8      0)
"caar_bexchV"                         24       24 6.012000e+04   3.391951e+01     1.710 (    12      0)     1.250 (     6      0)
"advance_hypervis_dp"                 24       24 1.202400e+04   1.100916e+02     4.619 (    11      0)     4.562 (     2      0)
"biwkdp3d_bexchV"                     24       24 3.607200e+04   1.244313e+01     0.566 (    10      0)     0.476 (    11      0)
"ahdp_bexchV2"                        24       24 3.607200e+04   1.224195e+01     0.568 (    12      0)     0.464 (    11      0)
"prim_step_advec"                     24       24 1.202400e+04   1.610268e+03    67.206 (    16      0)    66.902 (    15      0)
"PAT_remap"                           24       24 1.202400e+04   1.610224e+03    67.205 (    16      0)    66.900 (    15      0)
"prim_advec_tracers_remap_rk2"        24       24 1.202400e+04   1.610167e+03    67.203 (    16      0)    66.897 (    15      0)
"precomput_divdp"                     24       24 1.202400e+04   3.844535e+00     0.186 (    11      0)     0.131 (     1      0)
"euler_step_0"                        24       24 1.202400e+04   4.476976e+02    18.740 (    16      0)    18.552 (    20      0)
"bihmix_qminmax"                      24       24 3.607200e+04   7.856822e+02    32.914 (     0      0)    32.567 (    11      0)
"eus_neighbor_minmax1"                24       24 1.202400e+04   1.258768e+02     5.278 (    14      0)     5.204 (     7      0)
"nmm_bexchV"                          24       24 1.202400e+04   6.480256e+01     2.785 (    17      0)     2.655 (     7      0)
"eus_2d_advec"                        24       24 3.607200e+04   7.671867e+02    32.196 (    11      0)    31.748 (    15      0)
"eus_bexchV"                          24       24 3.607200e+04   2.375573e+02    10.211 (     9      0)     9.671 (    22      0)
"euler_step_1"                        24       24 1.202400e+04   3.082523e+02    12.890 (    10      0)    12.780 (    12      0)
"euler_step_2"                        24       24 1.202400e+04   7.974674e+02    33.289 (     0      0)    33.152 (    23      0)
"nmm_bexchS_start"                    24       24 1.202400e+04   5.098343e-01     0.033 (    20      0)     0.014 (     8      0)
"biwksc_bexchV"                       24       24 1.202400e+04   1.027826e+02     4.315 (     0      0)     4.229 (     8      0)
"nmm_bexchS_fini"                     24       24 1.202400e+04   4.007558e+01     1.725 (    15      0)     1.623 (    11      0)
"qdp_tavg"                            24       24 1.202400e+04   5.266138e+01     2.221 (     2      0)     2.150 (     9      0)
"vertical_remap"                      24       24 4.008000e+03   9.270455e+01     3.890 (    23      0)     3.786 (    10      0)
"vertical_remap1_1"                   24       24 6.412800e+04   5.061020e+00     0.214 (    15      0)     0.209 (    11      0)
"remap_Q_ppm"                         24       24 1.923840e+05   9.122988e+01     3.826 (    23      0)     3.724 (    10      0)
"vertical_remap1_2"                   24       24 6.412800e+04   6.841135e+00     0.286 (    23      0)     0.281 (    10      0)
"vertical_remap1_3"                   24       24 6.412800e+04   7.953047e+01     3.337 (     6      0)     3.242 (    10      0)
"prim_run_subcyle_diags"              24       24 4.008000e+03   3.478261e+01     1.523 (     6      0)     1.393 (    20      0)
"t_prf"                                0        0 0.000000e+00   0.000000e+00     0.000 (     0      0)     0.000 (     0      0)

