LAST_GIT_COMMIT_SHA:STRING=adf77c97ed8425a245449f2582d2441f4b72da1e

***** GLOBAL STATISTICS (   384 MPI TASKS) *****

$Id: gptl.c,v 1.157 2011-03-28 20:55:18 rosinski Exp $
'count' is cumulative. All other stats are max/min
name                           processes  threads        count      walltotal   wallmax (proc   thrd  )   wallmin (proc   thrd  )
"Total"                              384      384 3.840000e+02   1.325010e+05   345.111 (   133      0)   344.977 (   236      0)
"prim_init1"                         384      384 3.840000e+02   1.663809e+02     0.436 (   148      0)     0.429 (    79      0)
"PartitioningTime"                   384      384 3.840000e+02   8.196115e-01     0.003 (   222      0)     0.001 (    43      0)
"repro_sum_int"                      384      384 1.728000e+04   4.581724e+00     0.296 (    18      0)     0.008 (     0      0)
"prim_init2"                         384      384 3.840000e+02   6.328924e+01     0.448 (    18      0)     0.161 (   129      0)
"prim_printstate"                    384      384 3.840000e+02   1.002376e+01     0.029 (     0      0)     0.026 (   373      0)
"interp_movie_output"                384      384 7.680000e+02   1.189508e-01     0.001 (   308      0)     0.000 (    31      0)
"prim_main_loop"                     384      384 3.840000e+02   1.310956e+05   341.451 (   133      0)   341.317 (   236      0)
"prim_run"                           384      384 4.108800e+04   1.310954e+05   341.450 (   133      0)   341.317 (   236      0)
"ApplyCAMForcing"                    384      384 4.108800e+04   2.428057e+03     7.214 (    23      0)     4.726 (   235      0)
"prim_step_rX"                       384      384 1.232640e+05   1.200936e+05   316.038 (   235      0)   311.377 (   146      0)
"prim_step_dyn"                      384      384 1.232640e+05   2.464204e+04    79.705 (   235      0)    53.924 (   127      0)
"prim_advance_exp"                   384      384 1.232640e+05   2.464098e+04    79.702 (   235      0)    53.922 (   127      0)
"U3-5stage_timestep"                 384      384 1.232640e+05   1.216699e+04    50.748 (   235      0)    24.559 (   250      0)
"compute_and_apply_rhs"              384      384 6.163200e+05   1.198528e+04    50.304 (   235      0)    24.014 (    12      0)
"caar_bexchV"                        384      384 6.163200e+05   6.377674e+03    36.133 (   235      0)     5.707 (   123      0)
"advance_hypervis_dp"                384      384 1.232640e+05   1.247244e+04    41.311 (   253      0)    27.252 (   283      0)
"biwkdp3d_bexchV"                    384      384 3.697920e+05   2.929385e+03    15.939 (   378      0)     3.296 (   141      0)
"ahdp_bexchV2"                       384      384 3.697920e+05   2.936944e+03    14.079 (   382      0)     3.533 (    75      0)
"prim_step_advec"                    384      384 1.232640e+05   9.507940e+04   257.111 (   123      0)   235.301 (   235      0)
"PAT_remap"                          384      384 1.232640e+05   9.507894e+04   257.110 (   123      0)   235.300 (   235      0)
"prim_advec_tracers_remap_rk2"       384      384 1.232640e+05   9.507823e+04   257.109 (   123      0)   235.299 (   235      0)
"precomput_divdp"                    384      384 1.232640e+05   2.007186e+02     0.660 (     5      0)     0.253 (   245      0)
"euler_step_0"                       384      384 1.232640e+05   2.621210e+04    73.631 (   147      0)    61.578 (   235      0)
"bihmix_qminmax"                     384      384 3.697920e+05   4.574843e+04   129.246 (   336      0)   107.270 (   264      0)
"eus_neighbor_minmax1"               384      384 1.232640e+05   7.038459e+03    25.233 (   288      0)    14.121 (   264      0)
"nmm_bexchV"                         384      384 1.232640e+05   3.478475e+03    17.157 (   288      0)     5.810 (   304      0)
"eus_2d_advec"                       384      384 3.697920e+05   4.629963e+04   133.633 (    71      0)   101.525 (   336      0)
"eus_bexchV"                         384      384 3.697920e+05   1.213203e+04    44.784 (   356      0)    21.692 (   336      0)
"euler_step_1"                       384      384 1.232640e+05   1.843631e+04    52.777 (   277      0)    44.524 (   245      0)
"euler_step_2"                       384      384 1.232640e+05   4.740701e+04   128.558 (    25      0)   115.004 (   238      0)
"nmm_bexchS_start"                   384      384 1.232640e+05   9.659113e+00     0.047 (    23      0)     0.010 (     3      0)
"biwksc_bexchV"                      384      384 1.232640e+05   4.114851e+03    14.761 (   337      0)     7.906 (   216      0)
"nmm_bexchS_fini"                    384      384 1.232640e+05   2.312575e+03     7.191 (    39      0)     3.811 (   236      0)
"qdp_tavg"                           384      384 1.232640e+05   2.817824e+03     8.838 (    14      0)     4.127 (   360      0)
"vertical_remap"                     384      384 4.108800e+04   5.925869e+03    16.364 (   154      0)    14.997 (   211      0)
"vertical_remap1_1"                  384      384 4.108800e+06   3.164569e+02     0.861 (   154      0)     0.813 (   211      0)
"remap_Q_ppm"                        384      384 1.232640e+07   5.833127e+03    16.070 (   154      0)    14.769 (   211      0)
"vertical_remap1_2"                  384      384 4.108800e+06   4.380087e+02     1.189 (   154      0)     1.120 (   229      0)
"vertical_remap1_3"                  384      384 4.108800e+06   5.091272e+03    14.061 (   154      0)    12.865 (   211      0)
"prim_run_subcyle_diags"             384      384 4.108800e+04   2.175691e+03     7.440 (    72      0)     4.269 (   235      0)
"t_prf"                                0        0 0.000000e+00   0.000000e+00     0.000 (     0      0)     0.000 (     0      0)

