LAST_GIT_COMMIT_SHA:STRING=adf77c97ed8425a245449f2582d2441f4b72da1e

***** GLOBAL STATISTICS (   216 MPI TASKS) *****

$Id: gptl.c,v 1.157 2011-03-28 20:55:18 rosinski Exp $
'count' is cumulative. All other stats are max/min
name                           processes  threads        count      walltotal   wallmax (proc   thrd  )   wallmin (proc   thrd  )
"Total"                              216      216 2.160000e+02   8.046238e+04   372.650 (   198      0)   372.410 (   163      0)
"prim_init1"                         216      216 2.160000e+02   2.450312e+02     1.136 (    57      0)     1.132 (   206      0)
"PartitioningTime"                   216      216 2.160000e+02   1.049255e+00     0.005 (   168      0)     0.003 (   169      0)
"repro_sum_int"                      216      216 9.720000e+03   9.020529e+00     0.052 (   136      0)     0.016 (    50      0)
"prim_init2"                         216      216 2.160000e+02   1.485805e+02     0.698 (    56      0)     0.662 (   214      0)
"prim_printstate"                    216      216 2.160000e+02   3.005459e+01     0.143 (     0      0)     0.139 (   207      0)
"interp_movie_output"                216      216 4.320000e+02   4.214740e-02     0.000 (    28      0)     0.000 (   215      0)
"prim_main_loop"                     216      216 2.160000e+02   7.877712e+04   364.848 (   198      0)   364.607 (   163      0)
"prim_run"                           216      216 6.480000e+03   7.877705e+04   364.848 (   198      0)   364.607 (   163      0)
"ApplyCAMForcing"                    216      216 6.480000e+03   1.558390e+03     7.792 (   197      0)     6.449 (   142      0)
"prim_step_rX"                       216      216 1.944000e+04   7.181440e+04   333.788 (   114      0)   331.413 (   198      0)
"prim_step_dyn"                      216      216 1.944000e+04   1.371888e+04    69.744 (   114      0)    57.729 (   198      0)
"prim_advance_exp"                   216      216 1.944000e+04   1.371869e+04    69.743 (   114      0)    57.728 (   198      0)
"U3-5stage_timestep"                 216      216 1.944000e+04   6.706408e+03    37.229 (    55      0)    26.251 (    29      0)
"compute_and_apply_rhs"              216      216 9.720000e+04   6.568413e+03    36.740 (    55      0)    25.604 (    29      0)
"caar_bexchV"                        216      216 9.720000e+04   2.796552e+03    20.000 (    55      0)     5.958 (   198      0)
"advance_hypervis_dp"                216      216 1.944000e+04   7.011979e+03    34.887 (   139      0)    30.957 (     8      0)
"biwkdp3d_bexchV"                    216      216 5.832000e+04   1.205158e+03     8.584 (   169      0)     3.273 (   200      0)
"ahdp_bexchV2"                       216      216 5.832000e+04   1.313655e+03     8.807 (   104      0)     3.723 (   206      0)
"prim_step_advec"                    216      216 1.944000e+04   5.785595e+04   272.742 (   198      0)   262.115 (    44      0)
"PAT_remap"                          216      216 1.944000e+04   5.785587e+04   272.742 (   198      0)   262.115 (    44      0)
"prim_advec_tracers_remap_rk2"       216      216 1.944000e+04   5.785574e+04   272.742 (   198      0)   262.114 (    44      0)
"precomput_divdp"                    216      216 1.944000e+04   1.277605e+02     0.678 (    75      0)     0.398 (    98      0)
"euler_step_0"                       216      216 1.944000e+04   1.571053e+04    74.843 (    75      0)    70.768 (   139      0)
"bihmix_qminmax"                     216      216 5.832000e+04   2.795659e+04   134.313 (   165      0)   122.604 (    75      0)
"eus_neighbor_minmax1"               216      216 1.944000e+04   4.068388e+03    22.086 (   124      0)    15.296 (   139      0)
"nmm_bexchV"                         216      216 1.944000e+04   1.847200e+03    11.344 (   170      0)     6.569 (    81      0)
"eus_2d_advec"                       216      216 5.832000e+04   2.791213e+04   139.192 (   142      0)   120.843 (    98      0)
"eus_bexchV"                         216      216 5.832000e+04   6.519354e+03    41.378 (   187      0)    25.529 (     8      0)
"euler_step_1"                       216      216 1.944000e+04   1.113499e+04    53.651 (    18      0)    49.569 (    98      0)
"euler_step_2"                       216      216 1.944000e+04   2.902460e+04   138.738 (   192      0)   129.047 (    55      0)
"nmm_bexchS_start"                   216      216 1.944000e+04   1.867668e+00     0.013 (   174      0)     0.003 (    67      0)
"biwksc_bexchV"                      216      216 1.944000e+04   2.112979e+03    11.748 (    26      0)     8.885 (    18      0)
"nmm_bexchS_fini"                    216      216 1.944000e+04   1.495751e+03     8.156 (    98      0)     5.999 (    73      0)
"qdp_tavg"                           216      216 1.944000e+04   1.856999e+03     9.612 (    37      0)     5.812 (    73      0)
"vertical_remap"                     216      216 6.480000e+03   3.729132e+03    17.839 (   206      0)    16.608 (   157      0)
"vertical_remap1_1"                  216      216 2.592000e+06   1.995503e+02     0.948 (   200      0)     0.907 (   157      0)
"remap_Q_ppm"                        216      216 7.776000e+06   3.671900e+03    17.563 (   206      0)    16.343 (   157      0)
"vertical_remap1_2"                  216      216 2.592000e+06   2.765393e+02     1.316 (   196      0)     1.248 (   157      0)
"vertical_remap1_3"                  216      216 2.592000e+06   3.203615e+03    15.338 (   206      0)    14.223 (   157      0)
"prim_run_subcyle_diags"             216      216 6.480000e+03   1.363519e+03     7.730 (    72      0)     5.423 (    98      0)
"t_prf"                                0        0 0.000000e+00   0.000000e+00     0.000 (     0      0)     0.000 (     0      0)

