LAST_GIT_COMMIT_SHA:STRING=4790f40f2fb6acbc051ce4c988681a628c18e83d

***** GLOBAL STATISTICS (  1536 MPI TASKS) *****

$Id: gptl.c,v 1.157 2011-03-28 20:55:18 rosinski Exp $
'count' is cumulative. All other stats are max/min
name                               processes  threads        count      walltotal   wallmax (proc   thrd  )   wallmin (proc   thrd  )
Total                                   1536     1536 1.536000e+03   1.270097e+05    82.696 (    11      0)    82.684 (  1098      0)
prim_init1                              1536     1536 1.536000e+03   3.064537e+02     0.204 (    66      0)     0.195 (  1382      0)
repro_sum_int                           1536     1536 6.912000e+04   7.619048e+01     0.124 (     8      0)     0.017 (  1224      0)
prim_init2                              1536     1536 1.536000e+03   2.675538e+02     0.249 (     5      0)     0.131 (    79      0)
prim_printstate                         1536     1536 1.536000e+03   4.045119e+01     0.030 (     0      0)     0.024 (   407      0)
interp_movie_output                     1536     1536 3.072000e+03   1.060756e+00     0.002 (   576      0)     0.000 (    76      0)
prim_main_loop                          1536     1536 1.536000e+03   1.261260e+05    82.118 (  1404      0)    82.109 (  1168      0)
prim_run                                1536     1536 3.932160e+06   1.261188e+05    82.114 (  1405      0)    82.102 (   437      0)
tl-sc prim_run_subcycle_c               1536     1536 3.932160e+06   1.261028e+05    82.103 (  1405      0)    82.090 (   437      0)
tl-sc dp3d-from-ps                      1536     1536 3.932160e+06   1.443882e+01     0.012 (  1251      0)     0.008 (  1003      0)
tl-sc prim_step-loop                    1536     1536 3.932160e+06   1.192599e+05    77.760 (    22      0)    77.411 (   930      0)
tl-s prim_step                          1536     1536 1.179648e+07   1.192432e+05    77.751 (    22      0)    77.400 (   930      0)
tl-s deep_copy+derived_dp               1536     1536 1.179648e+07   1.685376e+02     0.135 (   753      0)     0.086 (  1153      0)
tl-s prim_advance_exp-loop              1536     1536 1.179648e+07   3.840894e+04    29.848 (  1483      0)    19.632 (   554      0)
tl-ae prim_advance_exp                  1536     1536 1.179648e+07   3.839225e+04    29.836 (  1483      0)    19.621 (   554      0)
tl-ae U3-5stage_timestep                1536     1536 1.179648e+07   1.980566e+04    17.358 (  1483      0)     8.647 (   554      0)
caar compute                            1536     1536 5.898240e+07   3.518508e+03     2.449 (  1392      0)     2.212 (    22      0)
caar_bexchV                             1536     1536 5.898240e+07   1.610390e+04    14.945 (  1483      0)     6.230 (   554      0)
tl-ae advance_hypervis_dp               1536     1536 1.179648e+07   1.855757e+04    14.247 (  1535      0)    10.874 (   631      0)
hvf-bhwk                                1536     1536 3.538944e+07   1.055061e+04     8.008 (  1535      0)     6.198 (   640      0)
hvf-bexch                               1536     1536 7.077888e+07   1.415167e+04    11.437 (  1535      0)     7.939 (   635      0)
tl-s prim_advec_tracers_remap           1536     1536 1.179648e+07   8.062556e+04    57.913 (   554      0)    47.632 (  1483      0)
tl-at prim_advec_tracers_remap_RK2      1536     1536 1.179648e+07   8.060450e+04    57.898 (   554      0)    47.617 (  1483      0)
tl-at precompute_divdp                  1536     1536 1.179648e+07   1.623408e+02     0.147 (  1045      0)     0.081 (   915      0)
tl-at esf-0                             1536     1536 1.179648e+07   2.450025e+04    19.286 (   725      0)    12.689 (  1501      0)
tl-at esf-1                             1536     1536 1.179648e+07   1.458699e+04    10.779 (   727      0)     8.216 (  1502      0)
tl-at esf-2                             1536     1536 1.179648e+07   3.986053e+04    28.849 (  1347      0)    23.500 (  1482      0)
tl-at qdp_time_avg                      1536     1536 1.179648e+07   1.407528e+03     0.971 (  1392      0)     0.900 (   448      0)
tl-sc vertical_remap                    1536     1536 3.932160e+06   6.023578e+03     4.134 (   930      0)     3.810 (    22      0)
Remap Thickness Functor                 1536     1536 3.932160e+06   6.495085e+01     0.049 (   951      0)     0.037 (    20      0)
Remap Scale States Functor              1536     1536 3.932160e+06   2.266638e+01     0.018 (  1059      0)     0.013 (    20      0)
Remap Compute Grids Functor             1536     1536 3.932160e+06   2.556002e+02     0.184 (   673      0)     0.152 (    21      0)
Remap Compute Remap Functor             1536     1536 3.932160e+06   5.596519e+03     3.849 (   930      0)     3.552 (   485      0)
Remap Rescale States Functor            1536     1536 3.932160e+06   4.101431e+01     0.028 (   912      0)     0.026 (   146      0)
tl-sc Q-from-qdp                        1536     1536 3.932160e+06   7.879048e+02     0.542 (   912      0)     0.508 (   872      0)
t_prf                                      0        0 0.000000e+00   0.000000e+00     0.000 (     0      0)     0.000 (     0      0)

