LAST_GIT_COMMIT_SHA:STRING=4790f40f2fb6acbc051ce4c988681a628c18e83d

***** GLOBAL STATISTICS (  3840 MPI TASKS) *****

$Id: gptl.c,v 1.157 2011-03-28 20:55:18 rosinski Exp $
'count' is cumulative. All other stats are max/min
name                               processes  threads        count      walltotal   wallmax (proc   thrd  )   wallmin (proc   thrd  )
Total                                   3840     3840 3.840000e+03   1.243830e+06   323.951 (    12      0)   323.884 (  3663      0)
prim_init1                              3840     3840 3.840000e+03   3.802212e+03     1.039 (   838      0)     0.934 (  3320      0)
repro_sum_int                           3840     3840 1.728000e+05   6.710977e+02     0.467 (    14      0)     0.054 (  3188      0)
prim_init2                              3840     3840 3.840000e+03   2.395650e+03     0.886 (   112      0)     0.436 (  3773      0)
prim_printstate                         3840     3840 3.840000e+03   3.181502e+02     0.101 (   748      0)     0.074 (   952      0)
interp_movie_output                     3840     3840 7.680000e+03   1.478552e+01     0.016 (   743      0)     0.000 (  2912      0)
prim_main_loop                          3840     3840 3.840000e+03   1.226476e+06   319.408 (    92      0)   319.369 (  3793      0)
prim_run                                3840     3840 4.097280e+06   1.226449e+06   319.400 (    94      0)   319.365 (  3793      0)
tl-sc prim_run_subcycle_c               3840     3840 4.097280e+06   1.226376e+06   319.385 (  2289      0)   319.349 (  1882      0)
tl-sc dp3d-from-ps                      3840     3840 4.097280e+06   1.551080e+02     0.061 (  3110      0)     0.029 (  3731      0)
tl-sc prim_step-loop                    3840     3840 4.097280e+06   1.153271e+06   301.157 (  2041      0)   298.732 (  3109      0)
tl-s prim_step                          3840     3840 1.229184e+07   1.153234e+06   301.152 (  2041      0)   298.719 (  3109      0)
tl-s deep_copy+derived_dp               3840     3840 1.229184e+07   2.396345e+03     0.945 (  3617      0)     0.309 (  2289      0)
tl-s prim_advance_exp-loop              3840     3840 1.229184e+07   1.796981e+05    61.486 (  3793      0)    35.883 (  2353      0)
tl-ae prim_advance_exp                  3840     3840 1.229184e+07   1.796632e+05    61.477 (  3793      0)    35.875 (  2353      0)
tl-ae U3-5stage_timestep                3840     3840 1.229184e+07   9.593609e+04    39.121 (  3722      0)    16.170 (  2353      0)
caar compute                            3840     3840 6.145920e+07   3.596326e+04    10.484 (  3109      0)     8.632 (  2041      0)
caar_bexchV                             3840     3840 6.145920e+07   5.889807e+04    29.405 (  3721      0)     6.658 (  2353      0)
tl-ae advance_hypervis_dp               3840     3840 1.229184e+07   8.367941e+04    27.778 (  3785      0)    17.936 (  2238      0)
hvf-bhwk                                3840     3840 3.687552e+07   5.380484e+04    19.743 (  3785      0)    11.899 (  2405      0)
hvf-bexch                               3840     3840 7.375104e+07   4.148678e+04    16.853 (  3785      0)     6.967 (  2238      0)
tl-s prim_advec_tracers_remap           3840     3840 1.229184e+07   9.710468e+05   263.593 (   516      0)   237.829 (  3793      0)
tl-at prim_advec_tracers_remap_RK2      3840     3840 1.229184e+07   9.709954e+05   263.582 (   516      0)   237.818 (  3793      0)
tl-at precompute_divdp                  3840     3840 1.229184e+07   1.608119e+03     0.607 (  2696      0)     0.246 (  3723      0)
tl-at esf-0                             3840     3840 1.229184e+07   2.784104e+05    80.710 (  2353      0)    63.804 (  3137      0)
tl-at esf-1                             3840     3840 1.229184e+07   2.035318e+05    56.077 (  2770      0)    50.041 (  3811      0)
tl-at esf-2                             3840     3840 1.229184e+07   4.646164e+05   134.046 (  1156      0)   112.326 (  3810      0)
tl-at qdp_time_avg                      3840     3840 1.229184e+07   2.249903e+04     7.523 (  2553      0)     3.962 (  3731      0)
tl-sc vertical_remap                    3840     3840 4.097280e+06   6.359956e+04    18.123 (  3109      0)    15.805 (  2663      0)
Remap Thickness Functor                 3840     3840 4.097280e+06   6.746644e+02     0.223 (  3616      0)     0.136 (   782      0)
Remap Scale States Functor              3840     3840 4.097280e+06   3.731826e+02     0.153 (  3616      0)     0.047 (  3731      0)
Remap Compute Grids Functor             3840     3840 4.097280e+06   3.579826e+03     1.416 (   388      0)     0.604 (  2289      0)
Remap Compute Remap Functor             3840     3840 4.097280e+06   5.834940e+04    16.279 (  3109      0)    14.802 (  2017      0)
Remap Rescale States Functor            3840     3840 4.097280e+06   4.345024e+02     0.156 (  3611      0)     0.099 (  3734      0)
tl-sc Q-from-qdp                        3840     3840 4.097280e+06   9.304775e+03     2.783 (  2553      0)     2.198 (  3721      0)
t_prf                                      0        0 0.000000e+00   0.000000e+00     0.000 (     0      0)     0.000 (     0      0)

