LAST_GIT_COMMIT_SHA:STRING=4790f40f2fb6acbc051ce4c988681a628c18e83d

***** GLOBAL STATISTICS (   480 MPI TASKS) *****

$Id: gptl.c,v 1.157 2011-03-28 20:55:18 rosinski Exp $
'count' is cumulative. All other stats are max/min
name                               processes  threads        count      walltotal   wallmax (proc   thrd  )   wallmin (proc   thrd  )
Total                                    480      480 4.800000e+02   1.709628e+05   356.272 (   400      0)   355.949 (    14      0)
prim_init1                               480      480 4.800000e+02   3.707763e+02     0.773 (     0      0)     0.772 (    63      0)
repro_sum_int                            480      480 2.160000e+04   9.719864e+00     0.028 (    65      0)     0.013 (   144      0)
prim_init2                               480      480 4.800000e+02   4.463448e+02     0.946 (    57      0)     0.917 (   154      0)
prim_printstate                          480      480 4.800000e+02   4.163683e+01     0.090 (     0      0)     0.085 (   127      0)
interp_movie_output                      480      480 9.600000e+02   1.200123e-01     0.000 (   403      0)     0.000 (    72      0)
prim_main_loop                           480      480 4.800000e+02   1.678019e+05   349.687 (   400      0)   349.363 (    14      0)
prim_run                                 480      480 3.216000e+04   1.678016e+05   349.686 (   400      0)   349.362 (    14      0)
tl-sc prim_run_subcycle_c                480      480 3.216000e+04   1.677390e+05   349.537 (   397      0)   349.314 (    14      0)
tl-sc dp3d-from-ps                       480      480 3.216000e+04   1.635141e+01     0.048 (   395      0)     0.027 (   334      0)
tl-sc prim_step-loop                     480      480 3.216000e+04   1.575873e+05   329.005 (   146      0)   326.739 (   441      0)
tl-s prim_step                           480      480 9.648000e+04   1.575870e+05   329.005 (   146      0)   326.738 (   441      0)
tl-s deep_copy+derived_dp                480      480 9.648000e+04   3.039666e+02     0.971 (   407      0)     0.349 (   246      0)
tl-s prim_advance_exp-loop               480      480 9.648000e+04   3.195332e+04    88.363 (   413      0)    54.146 (   455      0)
tl-ae prim_advance_exp                   480      480 9.648000e+04   3.195274e+04    88.362 (   413      0)    54.144 (   455      0)
tl-ae U3-5stage_timestep                 480      480 9.648000e+04   1.611261e+04    55.544 (   413      0)    22.011 (   455      0)
caar compute                             480      480 4.824000e+05   5.750438e+03    13.340 (   441      0)    11.103 (   188      0)
caar_bexchV                              480      480 4.824000e+05   1.010602e+04    43.153 (   255      0)     8.975 (   455      0)
tl-ae advance_hypervis_dp                480      480 9.648000e+04   1.583899e+04    36.669 (   202      0)    31.250 (   273      0)
hvf-bhwk                                 480      480 2.894400e+05   9.159981e+03    23.220 (   174      0)    17.067 (   248      0)
hvf-bexch                                480      480 5.788800e+05   7.992174e+03    20.873 (   202      0)    13.406 (   458      0)
tl-s prim_advec_tracers_remap            480      480 9.648000e+04   1.253282e+05   272.982 (   455      0)   239.133 (    93      0)
tl-at prim_advec_tracers_remap_RK2       480      480 9.648000e+04   1.253276e+05   272.981 (   455      0)   239.131 (    93      0)
tl-at precompute_divdp                   480      480 9.648000e+04   2.351944e+02     0.646 (   476      0)     0.333 (   218      0)
tl-at esf-0                              480      480 9.648000e+04   3.352029e+04    75.278 (   465      0)    65.799 (   115      0)
tl-at esf-1                              480      480 9.648000e+04   2.611235e+04    58.289 (   273      0)    50.636 (    42      0)
tl-at esf-2                              480      480 9.648000e+04   6.239502e+04   140.059 (   453      0)   111.316 (    93      0)
tl-at qdp_time_avg                       480      480 9.648000e+04   3.060591e+03     8.474 (   403      0)     4.553 (   246      0)
tl-sc vertical_remap                     480      480 3.216000e+04   8.851433e+03    19.988 (   441      0)    17.681 (   236      0)
Remap Thickness Functor                  480      480 3.216000e+04   7.428910e+01     0.194 (   407      0)     0.128 (   429      0)
Remap Scale States Functor               480      480 3.216000e+04   5.525443e+01     0.186 (   407      0)     0.055 (   246      0)
Remap Compute Grids Functor              480      480 3.216000e+04   4.851762e+02     1.637 (   339      0)     0.675 (   288      0)
Remap Compute Remap Functor              480      480 3.216000e+04   8.172068e+03    17.956 (   441      0)    16.432 (   347      0)
Remap Rescale States Functor             480      480 3.216000e+04   5.755456e+01     0.161 (   369      0)     0.110 (   202      0)
tl-sc Q-from-qdp                         480      480 3.216000e+04   1.283418e+03     3.030 (   393      0)     2.495 (   410      0)
t_prf                                      0        0 0.000000e+00   0.000000e+00     0.000 (     0      0)     0.000 (     0      0)

