LAST_GIT_COMMIT_SHA:STRING=4790f40f2fb6acbc051ce4c988681a628c18e83d

***** GLOBAL STATISTICS (  2400 MPI TASKS) *****

$Id: gptl.c,v 1.157 2011-03-28 20:55:18 rosinski Exp $
'count' is cumulative. All other stats are max/min
name                               processes  threads        count      walltotal   wallmax (proc   thrd  )   wallmin (proc   thrd  )
Total                                   2400     2400 2.400000e+03   9.088564e+05   378.751 (  1234      0)   378.623 (   211      0)
prim_init1                              2400     2400 2.400000e+03   2.177797e+03     0.931 (  1213      0)     0.880 (  2062      0)
repro_sum_int                           2400     2400 1.080000e+05   2.610330e+02     0.371 (    12      0)     0.032 (   957      0)
prim_init2                              2400     2400 2.400000e+03   1.109778e+03     0.680 (    10      0)     0.379 (  1230      0)
prim_printstate                         2400     2400 2.400000e+03   1.521331e+02     0.069 (   373      0)     0.059 (    34      0)
interp_movie_output                     2400     2400 4.800000e+03   6.156819e+00     0.007 (   719      0)     0.000 (  2123      0)
prim_main_loop                          2400     2400 2.400000e+03   8.938441e+05   372.492 (  1234      0)   372.369 (   211      0)
prim_run                                2400     2400 8.016000e+05   8.938371e+05   372.488 (  1234      0)   372.365 (   211      0)
tl-sc prim_run_subcycle_c               2400     2400 8.016000e+05   8.937578e+05   372.455 (  1234      0)   372.350 (   211      0)
tl-sc dp3d-from-ps                      2400     2400 8.016000e+05   9.305841e+01     0.060 (  1188      0)     0.028 (  2321      0)
tl-sc prim_step-loop                    2400     2400 8.016000e+05   8.427386e+05   352.340 (  1741      0)   349.457 (  2199      0)
tl-s prim_step                          2400     2400 2.404800e+06   8.427302e+05   352.338 (  1741      0)   349.452 (  2199      0)
tl-s deep_copy+derived_dp               2400     2400 2.404800e+06   1.617631e+03     1.095 (  1342      0)     0.303 (  2327      0)
tl-s prim_advance_exp-loop              2400     2400 2.404800e+06   1.762980e+05   103.821 (   211      0)    50.281 (  2140      0)
tl-ae prim_advance_exp                  2400     2400 2.404800e+06   1.762892e+05   103.818 (   211      0)    50.279 (  2140      0)
tl-ae U3-5stage_timestep                2400     2400 2.404800e+06   8.811481e+04    62.945 (   210      0)    21.812 (  2141      0)
caar compute                            2400     2400 1.202400e+07   2.774156e+04    13.822 (  1376      0)    10.147 (   118      0)
caar_bexchV                             2400     2400 1.202400e+07   5.927958e+04    51.383 (   210      0)     9.594 (  1234      0)
tl-ae advance_hypervis_dp               2400     2400 2.404800e+06   8.815868e+04    56.184 (   308      0)    26.293 (  2143      0)
hvf-bhwk                                2400     2400 7.214400e+06   5.123159e+04    36.658 (    72      0)    15.103 (  2165      0)
hvf-bexch                               2400     2400 1.442880e+07   5.526706e+04    42.914 (   308      0)    12.299 (   528      0)
tl-s prim_advec_tracers_remap           2400     2400 2.404800e+06   6.647864e+05   300.601 (  2140      0)   246.668 (   211      0)
tl-at prim_advec_tracers_remap_RK2      2400     2400 2.404800e+06   6.647742e+05   300.599 (  2140      0)   246.664 (   211      0)
tl-at precompute_divdp                  2400     2400 2.404800e+06   1.035875e+03     0.649 (  1246      0)     0.238 (  1492      0)
tl-at esf-0                             2400     2400 2.404800e+06   1.763482e+05    83.933 (  2142      0)    64.701 (  1029      0)
tl-at esf-1                             2400     2400 2.404800e+06   1.365514e+05    64.509 (  2141      0)    49.926 (  1417      0)
tl-at esf-2                             2400     2400 2.404800e+06   3.342656e+05   156.131 (   539      0)   116.203 (   211      0)
tl-at qdp_time_avg                      2400     2400 2.404800e+06   1.649431e+04     9.357 (  1330      0)     4.311 (  2327      0)
tl-sc vertical_remap                    2400     2400 8.016000e+05   4.429539e+04    20.251 (  2207      0)    17.461 (   842      0)
Remap Thickness Functor                 2400     2400 8.016000e+05   4.033200e+02     0.223 (  1342      0)     0.129 (  1476      0)
Remap Scale States Functor              2400     2400 8.016000e+05   2.679641e+02     0.191 (  1188      0)     0.048 (  2327      0)
Remap Compute Grids Functor             2400     2400 8.016000e+05   2.536342e+03     1.778 (  1343      0)     0.650 (  2326      0)
Remap Compute Remap Functor             2400     2400 8.016000e+05   4.075195e+04    18.163 (  2207      0)    16.232 (  1902      0)
Remap Rescale States Functor            2400     2400 8.016000e+05   2.982742e+02     0.185 (  2005      0)     0.110 (  1468      0)
tl-sc Q-from-qdp                        2400     2400 8.016000e+05   6.620751e+03     3.354 (  1178      0)     2.469 (   219      0)
t_prf                                      0        0 0.000000e+00   0.000000e+00     0.000 (     0      0)     0.000 (     0      0)

