LAST_GIT_COMMIT_SHA:STRING=4790f40f2fb6acbc051ce4c988681a628c18e83d

***** GLOBAL STATISTICS (  1200 MPI TASKS) *****

$Id: gptl.c,v 1.157 2011-03-28 20:55:18 rosinski Exp $
'count' is cumulative. All other stats are max/min
name                               processes  threads        count      walltotal   wallmax (proc   thrd  )   wallmin (proc   thrd  )
Total                                   1200     1200 1.200000e+03   4.475007e+05   373.007 (  1065      0)   372.791 (   104      0)
prim_init1                              1200     1200 1.200000e+03   8.875125e+02     0.747 (   793      0)     0.729 (   116      0)
repro_sum_int                           1200     1200 5.400000e+04   4.967466e+01     0.090 (    16      0)     0.019 (   168      0)
prim_init2                              1200     1200 1.200000e+03   5.236532e+02     0.478 (     0      0)     0.408 (   185      0)
prim_printstate                         1200     1200 1.200000e+03   6.572747e+01     0.058 (   362      0)     0.052 (    11      0)
interp_movie_output                     1200     1200 2.400000e+03   8.770764e-01     0.001 (  1110      0)     0.000 (   937      0)
prim_main_loop                          1200     1200 1.200000e+03   4.403872e+05   367.082 (  1065      0)   366.865 (   104      0)
prim_run                                1200     1200 2.004000e+05   4.403855e+05   367.081 (  1065      0)   366.864 (   104      0)
tl-sc prim_run_subcycle_c               1200     1200 2.004000e+05   4.403198e+05   367.025 (  1065      0)   366.832 (   105      0)
tl-sc dp3d-from-ps                      1200     1200 2.004000e+05   4.138170e+01     0.057 (   988      0)     0.027 (   163      0)
tl-sc prim_step-loop                    1200     1200 2.004000e+05   4.150057e+05   346.989 (   818      0)   344.147 (  1106      0)
tl-s prim_step                          1200     1200 6.012000e+05   4.150036e+05   346.988 (   818      0)   344.145 (  1106      0)
tl-s deep_copy+derived_dp               1200     1200 6.012000e+05   7.435061e+02     1.084 (   996      0)     0.302 (   338      0)
tl-s prim_advance_exp-loop              1200     1200 6.012000e+05   9.440469e+04   103.347 (   838      0)    57.075 (  1070      0)
tl-ae prim_advance_exp                  1200     1200 6.012000e+05   9.440198e+04   103.346 (   838      0)    57.072 (  1070      0)
tl-ae U3-5stage_timestep                1200     1200 6.012000e+05   4.726636e+04    71.005 (   838      0)    21.870 (   270      0)
caar compute                            1200     1200 3.006000e+06   1.395881e+04    13.464 (   882      0)    10.455 (   767      0)
caar_bexchV                             1200     1200 3.006000e+06   3.279064e+04    59.651 (   838      0)     9.361 (   270      0)
tl-ae advance_hypervis_dp               1200     1200 6.012000e+05   4.713001e+04    55.897 (   549      0)    29.918 (    82      0)
hvf-bhwk                                1200     1200 1.803600e+06   2.720269e+04    37.232 (   841      0)    16.919 (   771      0)
hvf-bexch                               1200     1200 3.607200e+06   2.931153e+04    41.402 (   547      0)    14.479 (   377      0)
tl-s prim_advec_tracers_remap           1200     1200 6.012000e+05   3.198480e+05   288.882 (  1070      0)   242.270 (   838      0)
tl-at prim_advec_tracers_remap_RK2      1200     1200 6.012000e+05   3.198447e+05   288.879 (  1070      0)   242.268 (   838      0)
tl-at precompute_divdp                  1200     1200 6.012000e+05   5.160529e+02     0.754 (  1075      0)     0.231 (   882      0)
tl-at esf-0                             1200     1200 6.012000e+05   8.481735e+04    81.642 (  1071      0)    62.229 (   743      0)
tl-at esf-1                             1200     1200 6.012000e+05   6.628617e+04    64.211 (   713      0)    48.422 (   742      0)
tl-at esf-2                             1200     1200 6.012000e+05   1.605775e+05   149.349 (   197      0)   114.150 (   838      0)
tl-at qdp_time_avg                      1200     1200 6.012000e+05   7.625911e+03     9.474 (   984      0)     4.318 (   167      0)
tl-sc vertical_remap                    1200     1200 2.004000e+05   2.207884e+04    20.165 (  1106      0)    17.429 (   941      0)
Remap Thickness Functor                 1200     1200 2.004000e+05   1.863357e+02     0.206 (   996      0)     0.127 (   588      0)
Remap Scale States Functor              1200     1200 2.004000e+05   1.302367e+02     0.200 (   996      0)     0.046 (   167      0)
Remap Compute Grids Functor             1200     1200 2.004000e+05   1.216654e+03     1.602 (  1102      0)     0.646 (   212      0)
Remap Compute Remap Functor             1200     1200 2.004000e+05   2.039014e+04    18.246 (  1106      0)    16.333 (   982      0)
Remap Rescale States Functor            1200     1200 2.004000e+05   1.439009e+02     0.186 (  1002      0)     0.110 (   198      0)
tl-sc Q-from-qdp                        1200     1200 2.004000e+05   3.191396e+03     3.290 (   868      0)     2.458 (   347      0)
t_prf                                      0        0 0.000000e+00   0.000000e+00     0.000 (     0      0)     0.000 (     0      0)

