LAST_GIT_COMMIT_SHA:STRING=4790f40f2fb6acbc051ce4c988681a628c18e83d

***** GLOBAL STATISTICS (  7200 MPI TASKS) *****

$Id: gptl.c,v 1.157 2011-03-28 20:55:18 rosinski Exp $
'count' is cumulative. All other stats are max/min
name                               processes  threads        count      walltotal   wallmax (proc   thrd  )   wallmin (proc   thrd  )
Total                                   7200     7200 7.200000e+03   2.717310e+06   377.528 (  6988      0)   377.293 (  5041      0)
prim_init1                              7200     7200 7.200000e+03   1.560364e+04     2.267 (  1831      0)     2.037 (  4550      0)
repro_sum_int                           7200     7200 3.240000e+05   2.222245e+03     0.920 (  6325      0)     0.083 (  6432      0)
prim_init2                              7200     7200 7.200000e+03   9.885727e+03     2.000 (  6332      0)     0.915 (  1659      0)
prim_printstate                         7200     7200 7.200000e+03   1.401860e+03     0.212 (   629      0)     0.173 (  2986      0)
interp_movie_output                     7200     7200 1.440000e+04   7.322330e+01     0.024 (  1892      0)     0.002 (  2316      0)
prim_main_loop                          7200     7200 7.200000e+03   2.653648e+06   368.674 (  6997      0)   368.494 (   236      0)
prim_run                                7200     7200 7.200000e+06   2.653592e+06   368.667 (  6984      0)   368.487 (   236      0)
tl-sc prim_run_subcycle_c               7200     7200 7.200000e+06   2.653184e+06   368.535 (  2401      0)   368.453 (  5079      0)
tl-sc dp3d-from-ps                      7200     7200 7.200000e+06   3.604986e+02     0.095 (  4276      0)     0.032 (  5113      0)
tl-sc prim_step-loop                    7200     7200 7.200000e+06   2.499749e+06   348.348 (  3503      0)   345.431 (  6454      0)
tl-s prim_step                          7200     7200 2.160000e+07   2.499680e+06   348.343 (  3503      0)   345.415 (  6454      0)
tl-s deep_copy+derived_dp               7200     7200 2.160000e+07   5.021162e+03     1.042 (  6454      0)     0.336 (  1849      0)
tl-s prim_advance_exp-loop              7200     7200 2.160000e+07   4.341591e+05    87.311 (  1830      0)    36.098 (  6434      0)
tl-ae prim_advance_exp                  7200     7200 2.160000e+07   4.340985e+05    87.304 (  1830      0)    36.090 (  6434      0)
tl-ae U3-5stage_timestep                7200     7200 2.160000e+07   2.204474e+05    52.714 (   244      0)    16.349 (  6434      0)
caar compute                            7200     7200 1.080000e+08   7.663713e+04    12.207 (  6454      0)     9.803 (  3863      0)
caar_bexchV                             7200     7200 1.080000e+08   1.414485e+05    41.289 (   244      0)     5.345 (  6434      0)
tl-ae advance_hypervis_dp               7200     7200 2.160000e+07   2.135554e+05    49.463 (  4529      0)    18.902 (  6411      0)
hvf-bhwk                                7200     7200 6.480000e+07   1.304378e+05    32.171 (  3833      0)    12.731 (  6411      0)
hvf-bexch                               7200     7200 1.296000e+08   1.230036e+05    36.706 (  4529      0)     6.377 (  6442      0)
tl-s prim_advec_tracers_remap           7200     7200 2.160000e+07   2.060287e+06   309.717 (  6434      0)   258.990 (  1830      0)
tl-at prim_advec_tracers_remap_RK2      7200     7200 2.160000e+07   2.060182e+06   309.704 (  6434      0)   258.980 (  1830      0)
tl-at precompute_divdp                  7200     7200 2.160000e+07   3.237157e+03     0.691 (  2207      0)     0.248 (  4246      0)
tl-at esf-0                             7200     7200 2.160000e+07   5.532839e+05    87.684 (  6636      0)    67.959 (  4243      0)
tl-at esf-1                             7200     7200 2.160000e+07   4.169863e+05    64.540 (  4514      0)    54.238 (  1858      0)
tl-at esf-2                             7200     7200 2.160000e+07   1.037248e+06   161.513 (  6435      0)   120.474 (   240      0)
tl-at qdp_time_avg                      7200     7200 2.160000e+07   4.880419e+04     8.565 (  6804      0)     4.322 (  3864      0)
tl-sc vertical_remap                    7200     7200 7.200000e+06   1.332171e+05    20.109 (   881      0)    17.273 (  5711      0)
Remap Thickness Functor                 7200     7200 7.200000e+06   1.479008e+03     0.280 (  5660      0)     0.139 (  1513      0)
Remap Scale States Functor              7200     7200 7.200000e+06   8.049714e+02     0.176 (   116      0)     0.051 (  1513      0)
Remap Compute Grids Functor             7200     7200 7.200000e+06   7.515410e+03     1.637 (  7032      0)     0.657 (  2711      0)
Remap Compute Remap Functor             7200     7200 7.200000e+06   1.218721e+05    18.070 (   881      0)    16.144 (  5711      0)
Remap Rescale States Functor            7200     7200 7.200000e+06   9.129226e+02     0.181 (  6434      0)     0.111 (  4742      0)
tl-sc Q-from-qdp                        7200     7200 7.200000e+06   1.977385e+04     3.247 (  6432      0)     2.456 (  3889      0)
t_prf                                      0        0 0.000000e+00   0.000000e+00     0.000 (     0      0)     0.000 (     0      0)

