LAST_GIT_COMMIT_SHA:STRING=adf77c97ed8425a245449f2582d2441f4b72da1e

***** GLOBAL STATISTICS (  9600 MPI TASKS) *****

$Id: gptl.c,v 1.157 2011-03-28 20:55:18 rosinski Exp $
'count' is cumulative. All other stats are max/min
name                           processes  threads        count      walltotal   wallmax (proc   thrd  )   wallmin (proc   thrd  )
"Total"                             9600     9600 9.600000e+03   3.516207e+06   366.368 (  5302      0)   366.218 (  2292      0)
"prim_init1"                        9600     9600 9.600000e+03   1.620558e+04     1.886 (  5720      0)     1.499 (  4307      0)
"PartitioningTime"                  9600     9600 9.600000e+03   3.513251e+01     0.012 (  6957      0)     0.001 (  7483      0)
"repro_sum_int"                     9600     9600 4.320000e+05   3.958571e+03     2.038 (  5279      0)     0.069 (  2611      0)
"prim_init2"                        9600     9600 9.600000e+03   7.493446e+03     1.954 (  5234      0)     0.446 (  9314      0)
"prim_printstate"                   9600     9600 9.600000e+03   8.251155e+02     0.106 (  2361      0)     0.071 (   520      0)
"interp_movie_output"               9600     9600 1.920000e+04   1.468074e+02     0.051 (  7234      0)     0.000 (  4638      0)
"prim_main_loop"                    9600     9600 9.600000e+03   3.454698e+06   359.907 (  5242      0)   359.824 (  2652      0)
"prim_run"                          9600     9600 2.560320e+07   3.454619e+06   359.904 (  5248      0)   359.810 (  2652      0)
"ApplyCAMForcing"                   9600     9600 2.560320e+07   4.100002e+04     5.915 (  3425      0)     1.955 (  5704      0)
"prim_step_rX"                      9600     9600 7.680960e+07   3.202545e+06   339.252 (  6280      0)   330.196 (  5641      0)
"prim_step_dyn"                     9600     9600 7.680960e+07   8.057565e+05   108.623 (  7304      0)    58.835 (  5586      0)
"prim_advance_exp"                  9600     9600 7.680960e+07   8.054507e+05   108.600 (  7304      0)    58.815 (  5586      0)
"U3-5stage_timestep"                9600     9600 7.680960e+07   4.186375e+05    69.349 (  5728      0)    25.787 (  5586      0)
"compute_and_apply_rhs"             9600     9600 3.840480e+08   4.168535e+05    69.139 (  5728      0)    25.614 (  5586      0)
"caar_bexchV"                       9600     9600 3.840480e+08   3.124234e+05    57.704 (  5728      0)    15.168 (  5586      0)
"advance_hypervis_dp"               9600     9600 7.680960e+07   3.865481e+05    54.151 (    86      0)    30.594 (  1591      0)
"biwkdp3d_bexchV"                   9600     9600 2.304288e+08   1.333714e+05    26.411 (   688      0)     7.774 (  7733      0)
"ahdp_bexchV2"                      9600     9600 2.304288e+08   1.361110e+05    26.362 (   720      0)     8.100 (  7735      0)
"prim_step_advec"                   9600     9600 7.680960e+07   2.390913e+06   272.223 (  5586      0)   228.613 (   802      0)
"PAT_remap"                         9600     9600 7.680960e+07   2.390754e+06   272.206 (  5586      0)   228.596 (   802      0)
"prim_advec_tracers_remap_rk2"      9600     9600 7.680960e+07   2.390547e+06   272.184 (  5586      0)   228.575 (   802      0)
"precomput_divdp"                   9600     9600 7.680960e+07   4.848061e+03     0.868 (  5445      0)     0.308 (  5999      0)
"euler_step_0"                      9600     9600 7.680960e+07   6.665367e+05    88.006 (  5586      0)    56.184 (  5089      0)
"bihmix_qminmax"                    9600     9600 2.304288e+08   1.102516e+06   131.946 (  5584      0)    94.043 (   568      0)
"eus_neighbor_minmax1"              9600     9600 7.680960e+07   1.902442e+05    29.586 (  5584      0)    10.440 (   381      0)
"nmm_bexchV"                        9600     9600 7.680960e+07   1.346083e+05    22.976 (  5957      0)     6.446 (   381      0)
"eus_2d_advec"                      9600     9600 2.304288e+08   1.241431e+06   154.606 (  5511      0)   112.774 (  8778      0)
"eus_bexchV"                        9600     9600 2.304288e+08   5.266459e+05    82.361 (  5511      0)    37.906 (    78      0)
"euler_step_1"                      9600     9600 7.680960e+07   4.628340e+05    54.881 (  4318      0)    42.116 (  5727      0)
"euler_step_2"                      9600     9600 7.680960e+07   1.216214e+06   138.481 (  6835      0)   116.020 (   286      0)
"nmm_bexchS_start"                  9600     9600 7.680960e+07   4.665451e+03     0.804 (  5919      0)     0.299 (  5704      0)
"biwksc_bexchV"                     9600     9600 7.680960e+07   2.567075e+05    36.934 (  8826      0)    14.415 (   568      0)
"nmm_bexchS_fini"                   9600     9600 7.680960e+07   1.410525e+04     1.904 (  5584      0)     1.091 (   136      0)
"qdp_tavg"                          9600     9600 7.680960e+07   3.933584e+04     4.913 (  6850      0)     3.763 (  5754      0)
"vertical_remap"                    9600     9600 2.560320e+07   1.485129e+05    16.655 (   439      0)    14.936 (  1510      0)
"vertical_remap1_1"                 9600     9600 1.024128e+08   8.443114e+03     0.937 (  2652      0)     0.842 (  7788      0)
"remap_Q_ppm"                       9600     9600 3.072384e+08   1.458085e+05    16.343 (   439      0)    14.664 (  1510      0)
"vertical_remap1_2"                 9600     9600 1.024128e+08   1.102639e+04     1.211 (   439      0)     1.124 (  2140      0)
"vertical_remap1_3"                 9600     9600 1.024128e+08   1.268060e+05    14.254 (   439      0)    12.728 (  1510      0)
"prim_run_subcyle_diags"            9600     9600 2.560320e+07   5.481546e+04     7.644 (  2170      0)     2.749 (  5944      0)
"t_prf"                                0        0 0.000000e+00   0.000000e+00     0.000 (     0      0)     0.000 (     0      0)

