LAST_GIT_COMMIT_SHA:STRING=adf77c97ed8425a245449f2582d2441f4b72da1e

***** GLOBAL STATISTICS (  7680 MPI TASKS) *****

$Id: gptl.c,v 1.157 2011-03-28 20:55:18 rosinski Exp $
'count' is cumulative. All other stats are max/min
name                           processes  threads        count      walltotal   wallmax (proc   thrd  )   wallmin (proc   thrd  )
"Total"                             7680     7680 7.680000e+03   2.745258e+06   357.524 (   153      0)   357.412 (  4586      0)
"prim_init1"                        7680     7680 7.680000e+03   9.501314e+03     1.327 (  7540      0)     1.144 (   810      0)
"PartitioningTime"                  7680     7680 7.680000e+03   2.121688e+01     0.008 (  7218      0)     0.001 (   160      0)
"repro_sum_int"                     7680     7680 3.456000e+05   2.515670e+03     1.390 (    36      0)     0.066 (   667      0)
"prim_init2"                        7680     7680 7.680000e+03   4.681800e+03     1.355 (   111      0)     0.353 (  1326      0)
"prim_printstate"                   7680     7680 7.680000e+03   7.600270e+02     0.137 (  7485      0)     0.073 (   420      0)
"interp_movie_output"               7680     7680 1.536000e+04   8.340714e+01     0.032 (  2550      0)     0.000 (   858      0)
"prim_main_loop"                    7680     7680 7.680000e+03   2.704722e+06   352.199 (  2078      0)   352.147 (  4256      0)
"prim_run"                          7680     7680 1.638912e+07   2.704673e+06   352.193 (   853      0)   352.145 (  4256      0)
"ApplyCAMForcing"                   7680     7680 1.638912e+07   3.660856e+04     5.938 (  6135      0)     2.269 (  7652      0)
"prim_step_rX"                      7680     7680 4.916736e+07   2.499973e+06   330.749 (  4119      0)   322.879 (  5597      0)
"prim_step_dyn"                     7680     7680 4.916736e+07   5.431688e+05    98.896 (  5758      0)    51.667 (  6138      0)
"prim_advance_exp"                  7680     7680 4.916736e+07   5.429371e+05    98.870 (  5758      0)    51.642 (  6138      0)
"U3-5stage_timestep"                7680     7680 4.916736e+07   2.884034e+05    66.329 (  7348      0)    23.051 (  5170      0)
"compute_and_apply_rhs"             7680     7680 2.458368e+08   2.870468e+05    66.131 (  7348      0)    22.872 (  5170      0)
"caar_bexchV"                       7680     7680 2.458368e+08   2.038916e+05    54.771 (  7348      0)    12.228 (  5170      0)
"advance_hypervis_dp"               7680     7680 4.916736e+07   2.543479e+05    46.268 (  5734      0)    24.902 (  7678      0)
"biwkdp3d_bexchV"                   7680     7680 1.475021e+08   7.997224e+04    19.027 (  5735      0)     6.176 (  5121      0)
"ahdp_bexchV2"                      7680     7680 1.475021e+08   8.124770e+04    19.247 (  5837      0)     6.402 (  1269      0)
"prim_step_advec"                   7680     7680 4.916736e+07   1.951624e+06   271.661 (  6138      0)   228.328 (  5758      0)
"PAT_remap"                         7680     7680 4.916736e+07   1.951511e+06   271.647 (  6138      0)   228.314 (  5758      0)
"prim_advec_tracers_remap_rk2"      7680     7680 4.916736e+07   1.951364e+06   271.628 (  6138      0)   228.297 (  5758      0)
"precomput_divdp"                   7680     7680 4.916736e+07   3.984995e+03     0.868 (  5598      0)     0.276 (  7320      0)
"euler_step_0"                      7680     7680 4.916736e+07   5.441502e+05    82.591 (  6138      0)    55.838 (  2024      0)
"bihmix_qminmax"                    7680     7680 1.475021e+08   9.163271e+05   135.144 (  5114      0)    96.603 (  5740      0)
"eus_neighbor_minmax1"              7680     7680 4.916736e+07   1.556546e+05    28.118 (  4363      0)    11.108 (  5356      0)
"nmm_bexchV"                        7680     7680 4.916736e+07   1.066982e+05    22.648 (  5393      0)     5.440 (  2428      0)
"eus_2d_advec"                      7680     7680 1.475021e+08   9.949399e+05   151.087 (  5126      0)   113.264 (  6426      0)
"eus_bexchV"                        7680     7680 1.475021e+08   4.037058e+05    76.444 (  2284      0)    35.722 (  5658      0)
"euler_step_1"                      7680     7680 4.916736e+07   3.803935e+05    55.419 (  6133      0)    44.605 (  5740      0)
"euler_step_2"                      7680     7680 4.916736e+07   9.880107e+05   140.395 (  2284      0)   116.045 (  5761      0)
"nmm_bexchS_start"                  7680     7680 4.916736e+07   2.884951e+03     0.632 (   648      0)     0.191 (   872      0)
"biwksc_bexchV"                     7680     7680 4.916736e+07   1.992795e+05    35.965 (  7679      0)    14.124 (  5740      0)
"nmm_bexchS_fini"                   7680     7680 4.916736e+07   1.180659e+04     2.196 (  1464      0)     0.786 (  7622      0)
"qdp_tavg"                          7680     7680 4.916736e+07   3.423427e+04     5.998 (   876      0)     3.745 (  7338      0)
"vertical_remap"                    7680     7680 1.638912e+07   1.191356e+05    16.692 (   535      0)    14.932 (  6647      0)
"vertical_remap1_1"                 7680     7680 8.194560e+07   6.653937e+03     0.917 (  3816      0)     0.833 (  2717      0)
"remap_Q_ppm"                       7680     7680 2.458368e+08   1.170153e+05    16.373 (   535      0)    14.683 (  6647      0)
"vertical_remap1_2"                 7680     7680 8.194560e+07   8.805567e+03     1.209 (   535      0)     1.124 (  3502      0)
"vertical_remap1_3"                 7680     7680 8.194560e+07   1.018943e+05    14.296 (   535      0)    12.744 (  6647      0)
"prim_run_subcyle_diags"            7680     7680 1.638912e+07   4.215149e+04     7.673 (  3770      0)     2.770 (  4119      0)
"t_prf"                                0        0 0.000000e+00   0.000000e+00     0.000 (     0      0)     0.000 (     0      0)

