LAST_GIT_COMMIT_SHA:STRING=adf77c97ed8425a245449f2582d2441f4b72da1e

***** GLOBAL STATISTICS (   480 MPI TASKS) *****

$Id: gptl.c,v 1.157 2011-03-28 20:55:18 rosinski Exp $
'count' is cumulative. All other stats are max/min
name                           processes  threads        count      walltotal   wallmax (proc   thrd  )   wallmin (proc   thrd  )
"Total"                              480      480 4.800000e+02   1.815935e+05   378.383 (    82      0)   378.256 (   253      0)
"prim_init1"                         480      480 4.800000e+02   4.398372e+02     0.918 (   174      0)     0.907 (     0      0)
"PartitioningTime"                   480      480 4.800000e+02   2.352961e+00     0.005 (   242      0)     0.003 (   188      0)
"repro_sum_int"                      480      480 2.160000e+04   7.946392e+00     0.037 (    18      0)     0.008 (   165      0)
"prim_init2"                         480      480 4.800000e+02   1.497432e+02     0.328 (     0      0)     0.305 (   429      0)
"prim_printstate"                    480      480 4.800000e+02   2.192864e+01     0.050 (     0      0)     0.046 (   451      0)
"interp_movie_output"                480      480 9.600000e+02   9.284878e-02     0.000 (   111      0)     0.000 (    75      0)
"prim_main_loop"                     480      480 4.800000e+02   1.784876e+05   371.913 (    82      0)   371.786 (   253      0)
"prim_run"                           480      480 3.216000e+04   1.784873e+05   371.912 (    82      0)   371.786 (   253      0)
"ApplyCAMForcing"                    480      480 3.216000e+04   3.431107e+03     7.806 (   129      0)     6.031 (   192      0)
"prim_step_rX"                       480      480 9.648000e+04   1.629967e+05   341.989 (   167      0)   337.812 (   433      0)
"prim_step_dyn"                      480      480 9.648000e+04   3.133886e+04    74.820 (   214      0)    56.735 (   455      0)
"prim_advance_exp"                   480      480 9.648000e+04   3.133799e+04    74.818 (   214      0)    56.733 (   455      0)
"U3-5stage_timestep"                 480      480 9.648000e+04   1.525038e+04    40.995 (   202      0)    24.455 (    28      0)
"compute_and_apply_rhs"              480      480 4.824000e+05   1.495977e+04    40.512 (   202      0)    23.620 (    28      0)
"caar_bexchV"                        480      480 4.824000e+05   6.703130e+03    23.757 (   202      0)     5.107 (    28      0)
"advance_hypervis_dp"                480      480 9.648000e+04   1.608630e+04    38.559 (   231      0)    30.735 (   305      0)
"biwkdp3d_bexchV"                    480      480 2.894400e+05   3.071049e+03    12.013 (   171      0)     3.405 (    81      0)
"ahdp_bexchV2"                       480      480 2.894400e+05   3.348764e+03    11.591 (   137      0)     3.534 (   139      0)
"prim_step_advec"                    480      480 9.648000e+04   1.311331e+05   281.186 (   455      0)   265.420 (   174      0)
"PAT_remap"                          480      480 9.648000e+04   1.311326e+05   281.185 (   455      0)   265.419 (   174      0)
"prim_advec_tracers_remap_rk2"       480      480 9.648000e+04   1.311320e+05   281.184 (   455      0)   265.417 (   174      0)
"precomput_divdp"                    480      480 9.648000e+04   2.802942e+02     0.711 (   356      0)     0.316 (   215      0)
"euler_step_0"                       480      480 9.648000e+04   3.573418e+04    79.115 (    10      0)    70.232 (   214      0)
"bihmix_qminmax"                     480      480 2.894400e+05   6.285207e+04   139.860 (   454      0)   121.159 (   219      0)
"eus_neighbor_minmax1"               480      480 9.648000e+04   9.354913e+03    26.061 (   454      0)    15.684 (   220      0)
"nmm_bexchV"                         480      480 9.648000e+04   4.456710e+03    15.048 (   454      0)     6.614 (   102      0)
"eus_2d_advec"                       480      480 2.894400e+05   6.397439e+04   146.339 (   289      0)   120.807 (   171      0)
"eus_bexchV"                         480      480 2.894400e+05   1.549073e+04    44.775 (    71      0)    25.076 (   215      0)
"euler_step_1"                       480      480 9.648000e+04   2.529671e+04    55.867 (   108      0)    49.416 (   115      0)
"euler_step_2"                       480      480 9.648000e+04   6.580170e+04   144.240 (   465      0)   128.914 (   258      0)
"nmm_bexchS_start"                   480      480 9.648000e+04   8.063356e+00     0.030 (    94      0)     0.007 (   157      0)
"biwksc_bexchV"                      480      480 9.648000e+04   5.128068e+03    13.636 (   339      0)     8.585 (   102      0)
"nmm_bexchS_fini"                    480      480 9.648000e+04   3.308375e+03     8.492 (    94      0)     4.872 (   151      0)
"qdp_tavg"                           480      480 9.648000e+04   4.015554e+03     9.768 (   131      0)     4.891 (   192      0)
"vertical_remap"                     480      480 3.216000e+04   8.337134e+03    18.226 (   441      0)    16.877 (     4      0)
"vertical_remap1_1"                  480      480 5.788800e+06   4.496571e+02     0.976 (   441      0)     0.924 (   358      0)
"remap_Q_ppm"                        480      480 1.736640e+07   8.208312e+03    17.944 (   441      0)    16.613 (     4      0)
"vertical_remap1_2"                  480      480 5.788800e+06   6.168713e+02     1.341 (   449      0)     1.263 (     4      0)
"vertical_remap1_3"                  480      480 5.788800e+06   7.159088e+03    15.665 (   441      0)    14.462 (     4      0)
"prim_run_subcyle_diags"             480      480 3.216000e+04   3.059656e+03     8.262 (   289      0)     5.109 (   214      0)
"t_prf"                                0        0 0.000000e+00   0.000000e+00     0.000 (     0      0)     0.000 (     0      0)

