LAST_GIT_COMMIT_SHA:STRING=4790f40f2fb6acbc051ce4c988681a628c18e83d

***** GLOBAL STATISTICS ( 38400 MPI TASKS) *****

$Id: gptl.c,v 1.157 2011-03-28 20:55:18 rosinski Exp $
'count' is cumulative. All other stats are max/min
name                               processes  threads        count      walltotal   wallmax (proc   thrd  )   wallmin (proc   thrd  )
Total                                  38400    38400 3.840000e+04   1.388775e+07   361.889 ( 31395      0)   361.457 ( 17770      0)
prim_init1                             38400    38400 3.840000e+04   2.178673e+05     6.009 ( 35098      0)     5.357 ( 37517      0)
repro_sum_int                          38400    38400 1.728000e+06   4.470348e+04     4.136 (    16      0)     0.248 ( 25711      0)
prim_init2                             38400    38400 3.840000e+04   2.241586e+05     8.703 (    14      0)     4.606 (  2254      0)
prim_printstate                        38400    38400 3.840000e+04   1.641472e+04     0.522 (  8965      0)     0.340 (  3274      0)
interp_movie_output                    38400    38400 7.680000e+04   9.065048e+02     0.063 ( 13436      0)     0.009 ( 33172      0)
prim_main_loop                         38400    38400 3.840000e+04   1.318714e+07   343.532 ( 22494      0)   343.320 ( 17775      0)
prim_run                               38400    38400 4.096128e+08   1.318520e+07   343.498 ( 22496      0)   343.249 ( 18427      0)
tl-sc prim_run_subcycle_c              38400    38400 4.096128e+08   1.318022e+07   343.288 ( 10394      0)   343.147 ( 17109      0)
tl-sc dp3d-from-ps                     38400    38400 4.096128e+08   2.376405e+03     0.136 ( 27445      0)     0.044 (  3448      0)
tl-sc prim_step-loop                   38400    38400 4.096128e+08   1.244834e+07   324.774 ( 29033      0)   322.997 ( 37054      0)
tl-s prim_step                         38400    38400 1.228838e+09   1.244676e+07   324.734 ( 29033      0)   322.953 ( 37054      0)
tl-s deep_copy+derived_dp              38400    38400 1.228838e+09   1.796558e+04     0.588 ( 26817      0)     0.300 ( 25026      0)
tl-s prim_advance_exp-loop             38400    38400 1.228838e+09   4.427954e+06   135.829 ( 20638      0)    78.585 ( 37187      0)
tl-ae prim_advance_exp                 38400    38400 1.228838e+09   4.426248e+06   135.782 ( 20638      0)    78.543 ( 37187      0)
tl-ae U3-5stage_timestep               38400    38400 1.228838e+09   2.149710e+06    78.310 (  2210      0)    34.643 ( 37189      0)
caar compute                           38400    38400 6.144192e+09   3.726339e+05    10.600 ( 37032      0)     9.315 (   767      0)
caar_bexchV                            38400    38400 6.144192e+09   1.756303e+06    68.030 (  2210      0)    24.159 ( 37189      0)
tl-ae advance_hypervis_dp              38400    38400 1.228838e+09   2.273510e+06    77.689 (  3247      0)    40.001 ( 36882      0)
hvf-bhwk                               38400    38400 3.686515e+09   1.260367e+06    45.148 (  3243      0)    22.986 ( 36881      0)
hvf-bexch                              38400    38400 7.373030e+09   1.813295e+06    65.724 (  3247      0)    27.814 ( 37090      0)
tl-s prim_advec_tracers_remap          38400    38400 1.228838e+09   7.995657e+06   244.263 ( 37187      0)   187.756 ( 20638      0)
tl-at prim_advec_tracers_remap_RK2     38400    38400 1.228838e+09   7.993173e+06   244.199 ( 37187      0)   187.700 ( 20638      0)
tl-at precompute_divdp                 38400    38400 1.228838e+09   1.807217e+04     0.679 ( 28992      0)     0.298 ( 22589      0)
tl-at esf-0                            38400    38400 1.228838e+09   2.364927e+06    76.872 ( 37183      0)    50.164 (  2398      0)
tl-at esf-1                            38400    38400 1.228838e+09   1.448946e+06    44.883 (  1859      0)    32.517 (  9887      0)
tl-at esf-2                            38400    38400 1.228838e+09   4.005677e+06   133.013 ( 37186      0)    94.664 ( 20619      0)
tl-at qdp_time_avg                     38400    38400 1.228838e+09   1.466158e+05     4.122 ( 37032      0)     3.741 ( 10346      0)
tl-sc vertical_remap                   38400    38400 4.096128e+08   6.457302e+05    17.923 ( 37054      0)    16.288 ( 13714      0)
Remap Thickness Functor                38400    38400 4.096128e+08   1.211914e+04     0.462 ( 11313      0)     0.218 (  9387      0)
Remap Scale States Functor             38400    38400 4.096128e+08   3.271454e+03     0.181 (   419      0)     0.059 (  2175      0)
Remap Compute Grids Functor            38400    38400 4.096128e+08   2.849148e+04     0.921 (  5985      0)     0.649 ( 17921      0)
Remap Compute Remap Functor            38400    38400 4.096128e+08   5.817766e+05    16.217 ( 31398      0)    14.718 ( 29033      0)
Remap Rescale States Functor           38400    38400 4.096128e+08   4.580898e+03     0.131 ( 37032      0)     0.112 ( 19273      0)
tl-sc Q-from-qdp                       38400    38400 4.096128e+08   8.207302e+04     2.294 ( 37032      0)     2.118 (  6099      0)
t_prf                                      0        0 0.000000e+00   0.000000e+00     0.000 (     0      0)     0.000 (     0      0)

