LAST_GIT_COMMIT_SHA:STRING=adf77c97ed8425a245449f2582d2441f4b72da1e

***** GLOBAL STATISTICS (    24 MPI TASKS) *****

$Id: gptl.c,v 1.157 2011-03-28 20:55:18 rosinski Exp $
'count' is cumulative. All other stats are max/min
name                           processes  threads        count      walltotal   wallmax (proc   thrd  )   wallmin (proc   thrd  )
"Total"                               24       24 2.400000e+01   1.952959e+03    81.375 (     8      0)    81.369 (     1      0)
"prim_init1"                          24       24 2.400000e+01   4.260257e+00     0.178 (    11      0)     0.177 (    20      0)
"PartitioningTime"                    24       24 2.400000e+01   7.316351e-03     0.000 (    10      0)     0.000 (     4      0)
"repro_sum_int"                       24       24 1.080000e+03   3.515363e-02     0.002 (     5      0)     0.001 (     0      0)
"prim_init2"                          24       24 2.400000e+01   2.290837e+00     0.099 (     0      0)     0.095 (     9      0)
"prim_printstate"                     24       24 2.400000e+01   2.899621e-01     0.016 (     0      0)     0.012 (     3      0)
"interp_movie_output"                 24       24 4.800000e+01   3.173113e-03     0.000 (     2      0)     0.000 (    16      0)
"prim_main_loop"                      24       24 2.400000e+01   1.943534e+03    80.982 (     8      0)    80.976 (     1      0)
"prim_run"                            24       24 9.600000e+02   1.943528e+03    80.982 (     8      0)    80.976 (     1      0)
"ApplyCAMForcing"                     24       24 9.600000e+02   3.750826e+01     1.692 (    23      0)     1.505 (    13      0)
"prim_step_rX"                        24       24 2.880000e+03   1.776427e+03    74.165 (     1      0)    73.928 (    11      0)
"prim_step_dyn"                       24       24 2.880000e+03   3.061242e+02    13.128 (     1      0)    12.553 (    12      0)
"prim_advance_exp"                    24       24 2.880000e+03   3.061013e+02    13.127 (     1      0)    12.552 (    12      0)
"U3-5stage_timestep"                  24       24 2.880000e+03   1.450543e+02     6.428 (     1      0)     5.838 (    12      0)
"compute_and_apply_rhs"               24       24 1.440000e+04   1.399683e+02     6.212 (     1      0)     5.633 (    12      0)
"caar_bexchV"                         24       24 1.440000e+04   3.802558e+01     1.933 (     1      0)     1.382 (    12      0)
"advance_hypervis_dp"                 24       24 2.880000e+03   1.610091e+02     6.718 (    16      0)     6.697 (     1      0)
"biwkdp3d_bexchV"                     24       24 8.640000e+03   2.006076e+01     0.866 (    19      0)     0.802 (     8      0)
"ahdp_bexchV2"                        24       24 8.640000e+03   2.282488e+01     1.011 (     1      0)     0.900 (    12      0)
"prim_step_advec"                     24       24 2.880000e+03   1.464361e+03    61.159 (    12      0)    60.713 (    23      0)
"PAT_remap"                           24       24 2.880000e+03   1.464348e+03    61.158 (    12      0)    60.713 (    23      0)
"prim_advec_tracers_remap_rk2"        24       24 2.880000e+03   1.464332e+03    61.158 (    12      0)    60.712 (    23      0)
"precomput_divdp"                     24       24 2.880000e+03   3.027597e+00     0.129 (    11      0)     0.124 (    14      0)
"euler_step_0"                        24       24 2.880000e+03   4.034760e+02    16.946 (    12      0)    16.527 (     1      0)
"bihmix_qminmax"                      24       24 8.640000e+03   7.153767e+02    30.019 (    14      0)    29.542 (    11      0)
"eus_neighbor_minmax1"                24       24 2.880000e+03   1.117825e+02     4.711 (    18      0)     4.521 (    23      0)
"nmm_bexchV"                          24       24 2.880000e+03   5.276571e+01     2.319 (    17      0)     2.017 (    23      0)
"eus_2d_advec"                        24       24 8.640000e+03   6.959888e+02    29.369 (    11      0)    28.741 (    20      0)
"eus_bexchV"                          24       24 8.640000e+03   1.892814e+02     8.425 (     9      0)     7.407 (    12      0)
"euler_step_1"                        24       24 2.880000e+03   2.799899e+02    11.691 (    15      0)    11.628 (     7      0)
"euler_step_2"                        24       24 2.880000e+03   7.280427e+02    30.373 (     7      0)    30.285 (    16      0)
"nmm_bexchS_start"                    24       24 2.880000e+03   1.348526e-01     0.009 (     1      0)     0.003 (    11      0)
"biwksc_bexchV"                       24       24 2.880000e+03   7.173326e+01     3.281 (     1      0)     2.673 (    12      0)
"nmm_bexchS_fini"                     24       24 2.880000e+03   4.070931e+01     1.724 (     6      0)     1.660 (    11      0)
"qdp_tavg"                            24       24 2.880000e+03   4.972571e+01     2.094 (     2      0)     2.026 (    11      0)
"vertical_remap"                      24       24 9.600000e+02   8.835766e+01     3.713 (    23      0)     3.624 (     4      0)
"vertical_remap1_1"                   24       24 6.144000e+04   4.774172e+00     0.201 (    23      0)     0.198 (     4      0)
"remap_Q_ppm"                         24       24 1.843200e+05   8.702367e+01     3.655 (    23      0)     3.569 (     4      0)
"vertical_remap1_2"                   24       24 6.144000e+04   6.535702e+00     0.274 (    17      0)     0.270 (     4      0)
"vertical_remap1_3"                   24       24 6.144000e+04   7.589196e+01     3.188 (    23      0)     3.108 (     4      0)
"prim_run_subcyle_diags"              24       24 9.600000e+02   3.112391e+01     1.392 (    12      0)     1.209 (     1      0)
"t_prf"                                0        0 0.000000e+00   0.000000e+00     0.000 (     0      0)     0.000 (     0      0)

