LAST_GIT_COMMIT_SHA:STRING=4790f40f2fb6acbc051ce4c988681a628c18e83d

***** GLOBAL STATISTICS (   768 MPI TASKS) *****

$Id: gptl.c,v 1.157 2011-03-28 20:55:18 rosinski Exp $
'count' is cumulative. All other stats are max/min
name                               processes  threads        count      walltotal   wallmax (proc   thrd  )   wallmin (proc   thrd  )
Total                                    768      768 7.680000e+02   2.415186e+05   314.507 (   723      0)   314.453 (   125      0)
prim_init1                               768      768 7.680000e+02   3.509625e+02     0.461 (   369      0)     0.449 (     0      0)
repro_sum_int                            768      768 3.456000e+04   2.878403e+01     0.076 (    20      0)     0.015 (   744      0)
prim_init2                               768      768 7.680000e+02   3.309309e+02     0.471 (    14      0)     0.404 (   751      0)
prim_printstate                          768      768 7.680000e+02   3.954860e+01     0.055 (     0      0)     0.050 (   559      0)
interp_movie_output                      768      768 1.536000e+03   5.111647e-01     0.003 (   312      0)     0.000 (   259      0)
prim_main_loop                           768      768 7.680000e+02   2.388050e+05   310.973 (   723      0)   310.917 (   125      0)
prim_run                                 768      768 1.643520e+05   2.388038e+05   310.972 (   738      0)   310.916 (   125      0)
tl-sc prim_run_subcycle_c                768      768 1.643520e+05   2.387678e+05   310.925 (   738      0)   310.867 (    89      0)
tl-sc dp3d-from-ps                       768      768 1.643520e+05   3.066138e+01     0.051 (   720      0)     0.026 (   633      0)
tl-sc prim_step-loop                     768      768 1.643520e+05   2.239878e+05   292.411 (   767      0)   290.636 (   483      0)
tl-s prim_step                           768      768 4.930560e+05   2.239858e+05   292.410 (   767      0)   290.633 (   483      0)
tl-s deep_copy+derived_dp                768      768 4.930560e+05   5.460291e+02     0.976 (   508      0)     0.330 (   633      0)
tl-s prim_advance_exp-loop               768      768 4.930560e+05   4.469761e+04    65.104 (   641      0)    49.520 (   518      0)
tl-ae prim_advance_exp                   768      768 4.930560e+05   4.469532e+04    65.101 (   641      0)    49.517 (   518      0)
tl-ae U3-5stage_timestep                 768      768 4.930560e+05   2.158809e+04    37.920 (   643      0)    21.764 (   230      0)
caar compute                             768      768 2.465280e+06   8.190056e+03    12.736 (   504      0)     9.652 (   631      0)
caar_bexchV                              768      768 2.465280e+06   1.308005e+04    26.991 (   643      0)     9.912 (   518      0)
tl-ae advance_hypervis_dp                768      768 4.930560e+05   2.310277e+04    35.623 (   216      0)    25.677 (   246      0)
hvf-bhwk                                 768      768 1.479168e+06   1.355846e+04    22.768 (   216      0)    15.191 (   517      0)
hvf-bexch                                768      768 2.958336e+06   1.317070e+04    22.336 (   216      0)    12.083 (   520      0)
tl-s prim_advec_tracers_remap            768      768 4.930560e+05   1.787351e+05   241.165 (   518      0)   225.554 (   641      0)
tl-at prim_advec_tracers_remap_RK2       768      768 4.930560e+05   1.787322e+05   241.161 (   518      0)   225.551 (   641      0)
tl-at precompute_divdp                   768      768 4.930560e+05   3.148298e+02     0.582 (   507      0)     0.217 (   247      0)
tl-at esf-0                              768      768 4.930560e+05   4.900832e+04    67.864 (   518      0)    60.566 (    44      0)
tl-at esf-1                              768      768 4.930560e+05   3.788585e+04    50.843 (   485      0)    47.908 (   482      0)
tl-at esf-2                              768      768 4.930560e+05   8.599649e+04   117.133 (   231      0)   106.572 (   656      0)
tl-at qdp_time_avg                       768      768 4.930560e+05   5.507942e+03     8.290 (   317      0)     4.446 (   651      0)
tl-sc vertical_remap                     768      768 1.643520e+05   1.268335e+04    17.543 (   483      0)    15.843 (   581      0)
Remap Thickness Functor                  768      768 1.643520e+05   1.180017e+02     0.190 (   600      0)     0.115 (   552      0)
Remap Scale States Functor               768      768 1.643520e+05   8.844032e+01     0.180 (   720      0)     0.044 (   552      0)
Remap Compute Grids Functor              768      768 1.643520e+05   7.339152e+02     1.531 (   603      0)     0.584 (   552      0)
Remap Compute Remap Functor              768      768 1.643520e+05   1.164423e+04    15.890 (   512      0)    14.837 (   614      0)
Remap Rescale States Functor             768      768 1.643520e+05   9.100145e+01     0.169 (   512      0)     0.098 (   639      0)
tl-sc Q-from-qdp                         768      768 1.643520e+05   2.063353e+03     2.935 (   326      0)     2.244 (   641      0)
t_prf                                      0        0 0.000000e+00   0.000000e+00     0.000 (     0      0)     0.000 (     0      0)

