LAST_GIT_COMMIT_SHA:STRING=4790f40f2fb6acbc051ce4c988681a628c18e83d

***** GLOBAL STATISTICS (   384 MPI TASKS) *****

$Id: gptl.c,v 1.157 2011-03-28 20:55:18 rosinski Exp $
'count' is cumulative. All other stats are max/min
name                               processes  threads        count      walltotal   wallmax (proc   thrd  )   wallmin (proc   thrd  )
Total                                    384      384 3.840000e+02   1.218219e+05   317.298 (   150      0)   317.161 (   236      0)
prim_init1                               384      384 3.840000e+02   1.372623e+02     0.360 (    64      0)     0.351 (    38      0)
repro_sum_int                            384      384 1.728000e+04   1.458896e+02     0.722 (   268      0)     0.020 (   305      0)
prim_init2                               384      384 3.840000e+02   3.352373e+02     1.220 (   268      0)     0.514 (   305      0)
prim_printstate                          384      384 3.840000e+02   2.442781e+01     0.069 (     0      0)     0.063 (   217      0)
interp_movie_output                      384      384 7.680000e+02   9.063745e-02     0.001 (    50      0)     0.000 (   184      0)
prim_main_loop                           384      384 3.840000e+02   1.201857e+05   313.037 (   150      0)   312.900 (   236      0)
prim_run                                 384      384 4.108800e+04   1.201853e+05   313.036 (   150      0)   312.899 (   236      0)
tl-sc prim_run_subcycle_c                384      384 4.108800e+04   1.201506e+05   312.944 (   150      0)   312.835 (   257      0)
tl-sc dp3d-from-ps                       384      384 4.108800e+04   1.492515e+01     0.051 (    36      0)     0.025 (   285      0)
tl-sc prim_step-loop                     384      384 4.108800e+04   1.127637e+05   294.517 (   285      0)   292.576 (   144      0)
tl-s prim_step                           384      384 1.232640e+05   1.127632e+05   294.516 (   285      0)   292.574 (   144      0)
tl-s deep_copy+derived_dp                384      384 1.232640e+05   2.743960e+02     1.013 (   144      0)     0.301 (   218      0)
tl-s prim_advance_exp-loop               384      384 1.232640e+05   2.394914e+04    73.547 (   238      0)    52.663 (   154      0)
tl-ae prim_advance_exp                   384      384 1.232640e+05   2.394845e+04    73.546 (   238      0)    52.661 (   154      0)
tl-ae U3-5stage_timestep                 384      384 1.232640e+05   1.154729e+04    40.775 (   238      0)    22.360 (   200      0)
caar compute                             384      384 6.163200e+05   4.104064e+03    13.145 (   144      0)     9.678 (   285      0)
caar_bexchV                              384      384 6.163200e+05   7.286317e+03    30.181 (   238      0)    10.593 (   158      0)
tl-ae advance_hypervis_dp                384      384 1.232640e+05   1.239977e+04    39.443 (   363      0)    27.948 (   188      0)
hvf-bhwk                                 384      384 3.697920e+05   7.220150e+03    24.687 (   273      0)    15.801 (   163      0)
hvf-bexch                                384      384 7.395840e+05   7.125501e+03    26.255 (   378      0)    12.083 (   144      0)
tl-s prim_advec_tracers_remap            384      384 1.232640e+05   8.853767e+04   239.393 (   154      0)   219.522 (   238      0)
tl-at prim_advec_tracers_remap_RK2       384      384 1.232640e+05   8.853683e+04   239.390 (   154      0)   219.520 (   238      0)
tl-at precompute_divdp                   384      384 1.232640e+05   1.631123e+02     0.652 (   154      0)     0.221 (   273      0)
tl-at esf-0                              384      384 1.232640e+05   2.429724e+04    66.595 (   124      0)    59.867 (   240      0)
tl-at esf-1                              384      384 1.232640e+05   1.884558e+04    51.401 (    55      0)    46.680 (   238      0)
tl-at esf-2                              384      384 1.232640e+05   4.249015e+04   116.307 (   139      0)   102.767 (   223      0)
tl-at qdp_time_avg                       384      384 1.232640e+05   2.735424e+03     8.687 (    29      0)     4.198 (   285      0)
tl-sc vertical_remap                     384      384 4.108800e+04   6.346046e+03    17.554 (   144      0)    15.855 (   241      0)
Remap Thickness Functor                  384      384 4.108800e+04   5.806102e+01     0.195 (   144      0)     0.113 (   285      0)
Remap Scale States Functor               384      384 4.108800e+04   4.692136e+01     0.197 (   144      0)     0.043 (   285      0)
Remap Compute Grids Functor              384      384 4.108800e+04   3.731937e+02     1.575 (    92      0)     0.580 (   285      0)
Remap Compute Remap Functor              384      384 4.108800e+04   5.818241e+03    15.775 (   166      0)    14.862 (   110      0)
Remap Rescale States Functor             384      384 4.108800e+04   4.549228e+01     0.173 (   158      0)     0.097 (   236      0)
tl-sc Q-from-qdp                         384      384 4.108800e+04   1.025164e+03     3.038 (   164      0)     2.209 (   237      0)
t_prf                                      0        0 0.000000e+00   0.000000e+00     0.000 (     0      0)     0.000 (     0      0)

