LAST_GIT_COMMIT_SHA:STRING=adf77c97ed8425a245449f2582d2441f4b72da1e

***** GLOBAL STATISTICS (   768 MPI TASKS) *****

$Id: gptl.c,v 1.157 2011-03-28 20:55:18 rosinski Exp $
'count' is cumulative. All other stats are max/min
name                           processes  threads        count      walltotal   wallmax (proc   thrd  )   wallmin (proc   thrd  )
"Total"                              768      768 7.680000e+02   6.122778e+04    79.728 (   522      0)    79.720 (   765      0)
"prim_init1"                         768      768 7.680000e+02   1.127001e+02     0.160 (    90      0)     0.136 (   524      0)
"PartitioningTime"                   768      768 7.680000e+02   9.319458e-01     0.002 (   573      0)     0.000 (   521      0)
"repro_sum_int"                      768      768 3.456000e+04   2.536417e+01     0.057 (   507      0)     0.010 (    38      0)
"prim_init2"                         768      768 7.680000e+02   7.368292e+01     0.120 (   524      0)     0.074 (    91      0)
"prim_printstate"                    768      768 7.680000e+02   1.035460e+01     0.019 (     0      0)     0.013 (   366      0)
"interp_movie_output"                768      768 1.536000e+03   4.475048e-01     0.001 (   452      0)     0.000 (   524      0)
"prim_main_loop"                     768      768 7.680000e+02   6.091713e+04    79.321 (   608      0)    79.317 (   503      0)
"prim_run"                           768      768 9.830400e+05   6.091588e+04    79.319 (   608      0)    79.315 (   737      0)
"ApplyCAMForcing"                    768      768 9.830400e+05   3.558941e+02     0.490 (   329      0)     0.447 (   411      0)
"prim_step_rX"                       768      768 2.949120e+06   5.706961e+04    74.483 (   268      0)    74.116 (   329      0)
"prim_step_dyn"                      768      768 2.949120e+06   1.267646e+04    20.065 (   579      0)    13.527 (   170      0)
"prim_advance_exp"                   768      768 2.949120e+06   1.266956e+04    20.056 (   579      0)    13.518 (   170      0)
"U3-5stage_timestep"                 768      768 2.949120e+06   6.951584e+03    13.183 (   579      0)     6.748 (   482      0)
"compute_and_apply_rhs"              768      768 1.474560e+07   6.913478e+03    13.130 (   579      0)     6.698 (   482      0)
"caar_bexchV"                        768      768 1.474560e+07   4.867949e+03    10.434 (   579      0)     4.092 (   482      0)
"advance_hypervis_dp"                768      768 2.949120e+06   5.709316e+03     9.113 (   520      0)     6.632 (    79      0)
"biwkdp3d_bexchV"                    768      768 8.847360e+06   1.761742e+03     3.253 (   535      0)     1.834 (    72      0)
"ahdp_bexchV2"                       768      768 8.847360e+06   1.710886e+03     3.167 (   538      0)     1.844 (   587      0)
"prim_step_advec"                    768      768 2.949120e+06   4.427378e+04    60.530 (   170      0)    54.220 (   579      0)
"PAT_remap"                          768      768 2.949120e+06   4.426879e+04    60.523 (   170      0)    54.213 (   579      0)
"prim_advec_tracers_remap_rk2"       768      768 2.949120e+06   4.426226e+04    60.514 (   170      0)    54.204 (   579      0)
"precomput_divdp"                    768      768 2.949120e+06   9.795944e+01     0.198 (   362      0)     0.084 (   476      0)
"euler_step_0"                       768      768 2.949120e+06   1.318850e+04    19.127 (    69      0)    14.813 (   582      0)
"bihmix_qminmax"                     768      768 8.847360e+06   2.122556e+04    30.594 (    72      0)    22.809 (   345      0)
"eus_neighbor_minmax1"               768      768 2.949120e+06   4.279316e+03     6.961 (    72      0)     2.975 (   281      0)
"nmm_bexchV"                         768      768 2.949120e+06   3.081674e+03     5.319 (   450      0)     1.511 (   281      0)
"eus_2d_advec"                       768      768 8.847360e+06   2.215396e+04    33.658 (    81      0)    26.044 (   578      0)
"eus_bexchV"                         768      768 8.847360e+06   9.937097e+03    18.746 (    81      0)    10.144 (   648      0)
"euler_step_1"                       768      768 2.949120e+06   7.727934e+03    10.908 (    81      0)     9.094 (   579      0)
"euler_step_2"                       768      768 2.949120e+06   2.250072e+04    30.994 (   174      0)    27.401 (   579      0)
"nmm_bexchS_start"                   768      768 2.949120e+06   1.256964e+02     0.309 (   295      0)     0.081 (   473      0)
"biwksc_bexchV"                      768      768 2.949120e+06   5.580681e+03     8.527 (   477      0)     5.182 (   486      0)
"nmm_bexchS_fini"                    768      768 2.949120e+06   9.267530e+01     0.161 (   600      0)     0.096 (   497      0)
"qdp_tavg"                           768      768 2.949120e+06   7.232960e+02     1.007 (   707      0)     0.895 (   598      0)
"vertical_remap"                     768      768 9.830400e+05   2.813885e+03     3.824 (   323      0)     3.571 (   514      0)
"vertical_remap1_1"                  768      768 1.966080e+06   1.612256e+02     0.221 (   323      0)     0.204 (   437      0)
"remap_Q_ppm"                        768      768 5.898240e+06   2.761925e+03     3.748 (   323      0)     3.508 (   514      0)
"vertical_remap1_2"                  768      768 1.966080e+06   2.104219e+02     0.285 (   331      0)     0.270 (   514      0)
"vertical_remap1_3"                  768      768 1.966080e+06   2.397396e+03     3.255 (   331      0)     3.042 (   514      0)
"prim_run_subcyle_diags"             768      768 9.830400e+05   5.383363e+02     0.837 (   362      0)     0.615 (   497      0)
"t_prf"                                0        0 0.000000e+00   0.000000e+00     0.000 (     0      0)     0.000 (     0      0)

