LAST_GIT_COMMIT_SHA:STRING=adf77c97ed8425a245449f2582d2441f4b72da1e

***** GLOBAL STATISTICS (    96 MPI TASKS) *****

$Id: gptl.c,v 1.157 2011-03-28 20:55:18 rosinski Exp $
'count' is cumulative. All other stats are max/min
name                           processes  threads        count      walltotal   wallmax (proc   thrd  )   wallmin (proc   thrd  )
"Total"                               96       96 9.600000e+01   1.301347e+04   135.568 (    79      0)   135.541 (    38      0)
"prim_init1"                          96       96 9.600000e+01   1.612789e+01     0.173 (     0      0)     0.167 (     4      0)
"PartitioningTime"                    96       96 9.600000e+01   5.185890e-02     0.001 (    65      0)     0.001 (    19      0)
"repro_sum_int"                       96       96 4.320000e+03   3.816926e-01     0.005 (     5      0)     0.003 (    34      0)
"prim_init2"                          96       96 9.600000e+01   9.521313e+00     0.103 (     0      0)     0.099 (    34      0)
"prim_printstate"                     96       96 9.600000e+01   1.453318e+00     0.018 (     0      0)     0.015 (    91      0)
"interp_movie_output"                 96       96 1.920000e+02   2.806282e-02     0.000 (    82      0)     0.000 (    35      0)
"prim_main_loop"                      96       96 9.600000e+01   1.295371e+04   134.946 (    79      0)   134.919 (    38      0)
"prim_run"                            96       96 6.432000e+03   1.295365e+04   134.945 (    79      0)   134.918 (    38      0)
"ApplyCAMForcing"                     96       96 6.432000e+03   2.454539e+02     2.777 (     1      0)     2.221 (    33      0)
"prim_step_rX"                        96       96 1.929600e+04   1.185042e+04   124.047 (    38      0)   123.106 (     9      0)
"prim_step_dyn"                       96       96 1.929600e+04   2.169931e+03    25.681 (    39      0)    21.003 (    85      0)
"prim_advance_exp"                    96       96 1.929600e+04   2.169767e+03    25.679 (    39      0)    21.002 (    85      0)
"U3-5stage_timestep"                  96       96 1.929600e+04   1.067993e+03    14.366 (    39      0)     9.718 (    85      0)
"compute_and_apply_rhs"               96       96 9.648000e+04   1.043937e+03    14.190 (    39      0)     9.368 (    85      0)
"caar_bexchV"                         96       96 9.648000e+04   4.619241e+02     8.428 (    39      0)     2.273 (    85      0)
"advance_hypervis_dp"                 96       96 1.929600e+04   1.101543e+03    11.985 (     8      0)    11.139 (    54      0)
"biwkdp3d_bexchV"                     96       96 5.788800e+04   1.902058e+02     2.909 (    38      0)     1.313 (    92      0)
"ahdp_bexchV2"                        96       96 5.788800e+04   2.096566e+02     2.987 (    68      0)     1.526 (    77      0)
"prim_step_advec"                     96       96 1.929600e+04   9.643231e+03   101.932 (    72      0)    97.726 (    39      0)
"PAT_remap"                           96       96 1.929600e+04   9.643147e+03   101.931 (    72      0)    97.725 (    39      0)
"prim_advec_tracers_remap_rk2"        96       96 1.929600e+04   9.643036e+03   101.930 (    72      0)    97.724 (    39      0)
"precomput_divdp"                     96       96 1.929600e+04   2.119229e+01     0.256 (     9      0)     0.163 (    41      0)
"euler_step_0"                        96       96 1.929600e+04   2.682123e+03    28.992 (    71      0)    26.042 (    41      0)
"bihmix_qminmax"                      96       96 5.788800e+04   4.644336e+03    50.058 (    83      0)    46.721 (    30      0)
"eus_neighbor_minmax1"                96       96 1.929600e+04   7.302264e+02     8.316 (    54      0)     6.750 (    45      0)
"nmm_bexchV"                          96       96 1.929600e+04   3.479351e+02     4.379 (    17      0)     2.269 (    93      0)
"eus_2d_advec"                        96       96 5.788800e+04   4.683195e+03    51.037 (     9      0)    45.415 (    39      0)
"eus_bexchV"                          96       96 5.788800e+04   1.263063e+03    15.865 (    46      0)     9.864 (    56      0)
"euler_step_1"                        96       96 1.929600e+04   1.862848e+03    20.095 (    38      0)    18.699 (     0      0)
"euler_step_2"                        96       96 1.929600e+04   4.783611e+03    50.691 (    93      0)    48.338 (    38      0)
"nmm_bexchS_start"                    96       96 1.929600e+04   1.508542e+00     0.026 (     0      0)     0.009 (    32      0)
"biwksc_bexchV"                       96       96 1.929600e+04   4.217634e+02     5.319 (    90      0)     3.412 (    88      0)
"nmm_bexchS_fini"                     96       96 1.929600e+04   2.361938e+02     2.858 (    12      0)     1.970 (    41      0)
"qdp_tavg"                            96       96 1.929600e+04   2.927061e+02     3.483 (    88      0)     2.245 (    32      0)
"vertical_remap"                      96       96 6.432000e+03   5.916411e+02     6.347 (    41      0)     5.956 (    66      0)
"vertical_remap1_1"                   96       96 4.116480e+05   3.197027e+01     0.337 (    53      0)     0.327 (    66      0)
"remap_Q_ppm"                         96       96 1.234944e+06   5.824434e+02     6.230 (    41      0)     5.865 (    66      0)
"vertical_remap1_2"                   96       96 4.116480e+05   4.372011e+01     0.461 (    50      0)     0.447 (    66      0)
"vertical_remap1_3"                   96       96 4.116480e+05   5.079890e+02     5.450 (    41      0)     5.103 (    66      0)
"prim_run_subcyle_diags"              96       96 6.432000e+03   2.162879e+02     2.735 (    32      0)     1.870 (    41      0)
"t_prf"                                0        0 0.000000e+00   0.000000e+00     0.000 (     0      0)     0.000 (     0      0)

