LAST_GIT_COMMIT_SHA:STRING=4790f40f2fb6acbc051ce4c988681a628c18e83d

***** GLOBAL STATISTICS (    96 MPI TASKS) *****

$Id: gptl.c,v 1.157 2011-03-28 20:55:18 rosinski Exp $
'count' is cumulative. All other stats are max/min
name                               processes  threads        count      walltotal   wallmax (proc   thrd  )   wallmin (proc   thrd  )
Total                                     96       96 9.600000e+01   3.737353e+04   389.355 (    90      0)   389.198 (    41      0)
prim_init1                                96       96 9.600000e+01   2.388288e+01     0.250 (     0      0)     0.249 (     6      0)
repro_sum_int                             96       96 4.320000e+03   9.254041e-01     0.048 (    27      0)     0.006 (    48      0)
prim_init2                                96       96 9.600000e+01   1.151871e+02     1.240 (    47      0)     1.192 (    52      0)
prim_printstate                           96       96 9.600000e+01   1.007822e+01     0.108 (     0      0)     0.105 (    28      0)
interp_movie_output                       96       96 1.920000e+02   1.920629e-02     0.000 (    72      0)     0.000 (    48      0)
prim_main_loop                            96       96 9.600000e+01   3.711094e+04   386.620 (    90      0)   386.462 (    41      0)
prim_run                                  96       96 5.184000e+03   3.711088e+04   386.620 (    90      0)   386.462 (    41      0)
tl-sc prim_run_subcycle_c                 96       96 5.184000e+03   3.708891e+04   386.390 (    90      0)   386.245 (    41      0)
tl-sc dp3d-from-ps                        96       96 5.184000e+03   5.101186e+00     0.074 (    78      0)     0.032 (    27      0)
tl-sc prim_step-loop                      96       96 5.184000e+03   3.470472e+04   362.583 (    31      0)   360.852 (    57      0)
tl-s prim_step                            96       96 1.555200e+04   3.470464e+04   362.583 (    31      0)   360.851 (    57      0)
tl-s deep_copy+derived_dp                 96       96 1.555200e+04   9.352837e+01     1.312 (    74      0)     0.495 (    25      0)
tl-s prim_advance_exp-loop                96       96 1.555200e+04   6.842824e+03    80.267 (    41      0)    65.169 (    88      0)
tl-ae prim_advance_exp                    96       96 1.555200e+04   6.842721e+03    80.266 (    41      0)    65.168 (    88      0)
tl-ae U3-5stage_timestep                  96       96 1.555200e+04   3.303045e+03    44.923 (    41      0)    28.393 (    88      0)
caar compute                              96       96 7.776000e+04   1.343303e+03    15.450 (    95      0)    13.001 (    31      0)
caar_bexchV                               96       96 7.776000e+04   1.895467e+03    30.625 (    41      0)    12.206 (    74      0)
tl-ae advance_hypervis_dp                 96       96 1.555200e+04   3.539478e+03    39.536 (    20      0)    35.312 (    54      0)
hvf-bhwk                                  96       96 4.665600e+04   2.034594e+03    23.212 (    41      0)    19.610 (    95      0)
hvf-bexch                                 96       96 9.331200e+04   1.714239e+03    21.029 (    20      0)    15.153 (    81      0)
tl-s prim_advec_tracers_remap             96       96 1.555200e+04   2.776799e+04   295.435 (    88      0)   280.036 (    39      0)
tl-at prim_advec_tracers_remap_RK2        96       96 1.555200e+04   2.776788e+04   295.434 (    88      0)   280.035 (    39      0)
tl-at precompute_divdp                    96       96 1.555200e+04   5.576529e+01     0.836 (    85      0)     0.325 (    53      0)
tl-at esf-0                               96       96 1.555200e+04   7.561332e+03    80.596 (    14      0)    75.304 (    20      0)
tl-at esf-1                               96       96 1.555200e+04   5.913249e+03    63.773 (    58      0)    59.856 (    64      0)
tl-at esf-2                               96       96 1.555200e+04   1.332550e+04   144.158 (    63      0)   132.936 (    36      0)
tl-at qdp_time_avg                        96       96 1.555200e+04   9.113078e+02    11.264 (    72      0)     6.182 (    26      0)
tl-sc vertical_remap                      96       96 5.184000e+03   2.043953e+03    22.171 (    38      0)    20.475 (    49      0)
Remap Thickness Functor                   96       96 5.184000e+03   1.838765e+01     0.237 (    95      0)     0.147 (     9      0)
Remap Scale States Functor                96       96 5.184000e+03   1.520434e+01     0.230 (    95      0)     0.065 (    21      0)
Remap Compute Grids Functor               96       96 5.184000e+03   1.194181e+02     1.856 (    41      0)     0.763 (    21      0)
Remap Compute Remap Functor               96       96 5.184000e+03   1.873896e+03    19.777 (    27      0)    19.261 (    68      0)
Remap Rescale States Functor              96       96 5.184000e+03   1.480036e+01     0.216 (    89      0)     0.126 (    40      0)
tl-sc Q-from-qdp                          96       96 5.184000e+03   3.350281e+02     3.845 (    76      0)     2.868 (    41      0)
t_prf                                      0        0 0.000000e+00   0.000000e+00     0.000 (     0      0)     0.000 (     0      0)

