LAST_GIT_COMMIT_SHA:STRING=adf77c97ed8425a245449f2582d2441f4b72da1e

***** GLOBAL STATISTICS (   768 MPI TASKS) *****

$Id: gptl.c,v 1.157 2011-03-28 20:55:18 rosinski Exp $
'count' is cumulative. All other stats are max/min
name                           processes  threads        count      walltotal   wallmax (proc   thrd  )   wallmin (proc   thrd  )
"Total"                              768      768 7.680000e+02   3.392336e+05   441.735 (   120      0)   441.682 (   517      0)
"prim_init1"                         768      768 7.680000e+02   2.059836e+02     0.271 (     7      0)     0.263 (   356      0)
"PartitioningTime"                   768      768 7.680000e+02   1.278588e+00     0.002 (   708      0)     0.001 (   691      0)
"repro_sum_int"                      768      768 3.456000e+04   1.547729e+01     0.035 (   402      0)     0.009 (   253      0)
"prim_init2"                         768      768 7.680000e+02   6.334656e+01     0.096 (    22      0)     0.073 (   237      0)
"prim_printstate"                    768      768 7.680000e+02   1.359839e+01     0.019 (     0      0)     0.017 (   679      0)
"interp_movie_output"                768      768 1.536000e+03   5.594504e-01     0.002 (   520      0)     0.000 (   461      0)
"prim_main_loop"                     768      768 7.680000e+02   3.380304e+05   440.166 (   120      0)   440.115 (   517      0)
"prim_run"                           768      768 3.279360e+05   3.380295e+05   440.165 (   120      0)   440.114 (   517      0)
"ApplyCAMForcing"                    768      768 3.279360e+05   6.027224e+03     8.909 (   123      0)     6.336 (   212      0)
"prim_step_rX"                       768      768 9.838080e+05   3.100869e+05   406.758 (   212      0)   402.159 (   130      0)
"prim_step_dyn"                      768      768 9.838080e+05   5.982151e+04    94.078 (   212      0)    65.236 (   130      0)
"prim_advance_exp"                   768      768 9.838080e+05   5.981502e+04    94.068 (   212      0)    65.227 (   130      0)
"U3-5stage_timestep"                 768      768 9.838080e+05   2.941084e+04    54.192 (   163      0)    29.287 (   674      0)
"compute_and_apply_rhs"              768      768 4.919040e+06   2.897088e+04    53.747 (   163      0)    28.488 (   674      0)
"caar_bexchV"                        768      768 4.919040e+06   1.546861e+04    35.902 (   163      0)     7.797 (   130      0)
"advance_hypervis_dp"                768      768 9.838080e+05   3.039470e+04    46.947 (   665      0)    33.006 (   621      0)
"biwkdp3d_bexchV"                    768      768 2.951424e+06   7.495150e+03    17.430 (   373      0)     3.764 (   122      0)
"ahdp_bexchV2"                       768      768 2.951424e+06   7.759995e+03    17.511 (   674      0)     5.035 (   120      0)
"prim_step_advec"                    768      768 9.838080e+05   2.493601e+05   335.844 (   130      0)   311.182 (   212      0)
"PAT_remap"                          768      768 9.838080e+05   2.493565e+05   335.839 (   130      0)   311.178 (   212      0)
"prim_advec_tracers_remap_rk2"       768      768 9.838080e+05   2.493516e+05   335.833 (   130      0)   311.172 (   212      0)
"precomput_divdp"                    768      768 9.838080e+05   5.150977e+02     0.886 (    93      0)     0.318 (   577      0)
"euler_step_0"                       768      768 9.838080e+05   6.873124e+04    96.309 (    98      0)    80.925 (   167      0)
"bihmix_qminmax"                     768      768 2.951424e+06   1.184888e+05   167.505 (   620      0)   140.963 (   561      0)
"eus_neighbor_minmax1"               768      768 9.838080e+05   1.885297e+04    34.525 (   627      0)    18.806 (   241      0)
"nmm_bexchV"                         768      768 9.838080e+05   9.934305e+03    24.547 (   627      0)     6.329 (   129      0)
"eus_2d_advec"                       768      768 2.951424e+06   1.232886e+05   177.888 (   129      0)   142.052 (   212      0)
"eus_bexchV"                         768      768 2.951424e+06   3.582386e+04    61.112 (   243      0)    31.847 (   216      0)
"euler_step_1"                       768      768 9.838080e+05   4.846839e+04    68.286 (   167      0)    57.094 (   212      0)
"euler_step_2"                       768      768 9.838080e+05   1.246271e+05   168.538 (   129      0)   152.297 (    77      0)
"nmm_bexchS_start"                   768      768 9.838080e+05   7.508492e+01     0.166 (   695      0)     0.050 (   153      0)
"biwksc_bexchV"                      768      768 9.838080e+05   1.291302e+04    21.950 (   527      0)     9.496 (    14      0)
"nmm_bexchS_fini"                    768      768 9.838080e+05   4.818500e+03     7.807 (   633      0)     3.612 (   161      0)
"qdp_tavg"                           768      768 9.838080e+05   6.986237e+03    10.801 (   126      0)     5.548 (   671      0)
"vertical_remap"                     768      768 3.279360e+05   1.518328e+04    21.172 (   739      0)    19.154 (   596      0)
"vertical_remap1_1"                  768      768 1.049395e+07   8.208281e+02     1.127 (   739      0)     1.042 (    66      0)
"remap_Q_ppm"                        768      768 3.148186e+07   1.494160e+04    20.768 (   739      0)    18.854 (   596      0)
"vertical_remap1_2"                  768      768 1.049395e+07   1.119703e+03     1.524 (   739      0)     1.432 (   596      0)
"vertical_remap1_3"                  768      768 1.049395e+07   1.303332e+04    18.171 (   739      0)    16.409 (   596      0)
"prim_run_subcyle_diags"             768      768 3.279360e+05   5.592649e+03     9.253 (   458      0)     5.666 (   212      0)
"t_prf"                                0        0 0.000000e+00   0.000000e+00     0.000 (     0      0)     0.000 (     0      0)

