LAST_GIT_COMMIT_SHA:STRING=4790f40f2fb6acbc051ce4c988681a628c18e83d

***** GLOBAL STATISTICS (   240 MPI TASKS) *****

$Id: gptl.c,v 1.157 2011-03-28 20:55:18 rosinski Exp $
'count' is cumulative. All other stats are max/min
name                               processes  threads        count      walltotal   wallmax (proc   thrd  )   wallmin (proc   thrd  )
Total                                    240      240 2.400000e+02   8.638696e+04   360.131 (   138      0)   359.521 (    47      0)
prim_init1                               240      240 2.400000e+02   1.617708e+02     0.676 (   107      0)     0.673 (    40      0)
repro_sum_int                            240      240 1.080000e+04   3.602565e+00     0.019 (   145      0)     0.010 (   179      0)
prim_init2                               240      240 2.400000e+02   4.076188e+02     1.722 (   225      0)     1.678 (   214      0)
prim_printstate                          240      240 2.400000e+02   3.860395e+01     0.165 (     0      0)     0.160 (   227      0)
interp_movie_output                      240      240 4.800000e+02   4.158688e-02     0.000 (   144      0)     0.000 (   211      0)
prim_main_loop                           240      240 2.400000e+02   8.452396e+04   352.368 (   138      0)   351.758 (    47      0)
prim_run                                 240      240 8.160000e+03   8.452387e+04   352.368 (   138      0)   351.758 (    47      0)
tl-sc prim_run_subcycle_c                240      240 8.160000e+03   8.446057e+04   352.090 (   138      0)   351.661 (    47      0)
tl-sc dp3d-from-ps                       240      240 8.160000e+03   8.374960e+00     0.049 (   186      0)     0.028 (     4      0)
tl-sc prim_step-loop                     240      240 8.160000e+03   7.928611e+04   331.166 (    15      0)   329.033 (   166      0)
tl-s prim_step                           240      240 2.448000e+04   7.928601e+04   331.166 (    15      0)   329.033 (   166      0)
tl-s deep_copy+derived_dp                240      240 2.448000e+04   1.573204e+02     0.977 (   188      0)     0.379 (    15      0)
tl-s prim_advance_exp-loop               240      240 2.448000e+04   1.633060e+04    86.263 (     7      0)    57.611 (   122      0)
tl-ae prim_advance_exp                   240      240 2.448000e+04   1.633046e+04    86.263 (     7      0)    57.610 (   122      0)
tl-ae U3-5stage_timestep                 240      240 2.448000e+04   8.224551e+03    53.911 (     7      0)    21.964 (    74      0)
caar compute                             240      240 1.224000e+05   2.908142e+03    13.829 (   191      0)    11.263 (   113      0)
caar_bexchV                              240      240 1.224000e+05   5.193422e+03    41.362 (     7      0)     9.759 (    74      0)
tl-ae advance_hypervis_dp                240      240 2.448000e+04   8.105592e+03    38.742 (    79      0)    31.339 (   163      0)
hvf-bhwk                                 240      240 7.344000e+04   4.724487e+03    24.317 (    95      0)    17.827 (   128      0)
hvf-bexch                                240      240 1.468800e+05   4.151260e+03    23.513 (    79      0)    14.467 (   127      0)
tl-s prim_advec_tracers_remap            240      240 2.448000e+04   6.279765e+04   272.567 (   122      0)   242.920 (     7      0)
tl-at prim_advec_tracers_remap_RK2       240      240 2.448000e+04   6.279748e+04   272.567 (   122      0)   242.919 (     7      0)
tl-at precompute_divdp                   240      240 2.448000e+04   1.163610e+02     0.619 (   125      0)     0.275 (   216      0)
tl-at esf-0                              240      240 2.448000e+04   1.682855e+04    72.688 (    72      0)    67.220 (    88      0)
tl-at esf-1                              240      240 2.448000e+04   1.316692e+04    57.448 (    70      0)    51.671 (     5      0)
tl-at esf-2                              240      240 2.448000e+04   3.113093e+04   138.926 (   123      0)   112.354 (    87      0)
tl-at qdp_time_avg                       240      240 2.448000e+04   1.553586e+03     8.550 (   184      0)     4.739 (    15      0)
tl-sc vertical_remap                     240      240 8.160000e+03   4.511993e+03    19.994 (   166      0)    18.131 (   113      0)
Remap Thickness Functor                  240      240 8.160000e+03   3.740616e+01     0.189 (   169      0)     0.129 (   227      0)
Remap Scale States Functor               240      240 8.160000e+03   2.807659e+01     0.180 (   169      0)     0.056 (   107      0)
Remap Compute Grids Functor              240      240 8.160000e+03   2.478963e+02     1.552 (   187      0)     0.672 (   107      0)
Remap Compute Remap Functor              240      240 8.160000e+03   4.159559e+03    18.274 (   166      0)    16.908 (   197      0)
Remap Rescale States Functor             240      240 8.160000e+03   2.951312e+01     0.171 (   176      0)     0.111 (   100      0)
tl-sc Q-from-qdp                         240      240 8.160000e+03   6.539563e+02     3.094 (   175      0)     2.516 (     4      0)
t_prf                                      0        0 0.000000e+00   0.000000e+00     0.000 (     0      0)     0.000 (     0      0)

