LAST_GIT_COMMIT_SHA:STRING=4790f40f2fb6acbc051ce4c988681a628c18e83d

***** GLOBAL STATISTICS (   432 MPI TASKS) *****

$Id: gptl.c,v 1.157 2011-03-28 20:55:18 rosinski Exp $
'count' is cumulative. All other stats are max/min
name                               processes  threads        count      walltotal   wallmax (proc   thrd  )   wallmin (proc   thrd  )
Total                                    432      432 4.320000e+02   1.555257e+05   360.151 (    60      0)   359.765 (   229      0)
prim_init1                               432      432 4.320000e+02   2.922111e+02     0.679 (   109      0)     0.671 (   236      0)
repro_sum_int                            432      432 1.944000e+04   1.379851e+01     0.040 (   378      0)     0.027 (   258      0)
prim_init2                               432      432 4.320000e+02   4.258338e+02     0.999 (   415      0)     0.977 (   258      0)
prim_printstate                          432      432 4.320000e+02   5.125732e+01     0.123 (     0      0)     0.118 (   247      0)
interp_movie_output                      432      432 8.640000e+02   9.338260e-02     0.000 (    40      0)     0.000 (    15      0)
prim_main_loop                           432      432 4.320000e+02   1.526796e+05   353.563 (    60      0)   353.177 (   229      0)
prim_run                                 432      432 2.592000e+04   1.526789e+05   353.561 (    60      0)   353.175 (   229      0)
tl-sc prim_run_subcycle_c                432      432 2.592000e+04   1.526138e+05   353.412 (    60      0)   353.102 (   373      0)
tl-sc dp3d-from-ps                       432      432 2.592000e+04   1.461087e+01     0.050 (   299      0)     0.027 (    98      0)
tl-sc prim_step-loop                     432      432 2.592000e+04   1.435283e+05   332.933 (     7      0)   331.229 (   200      0)
tl-s prim_step                           432      432 7.776000e+04   1.435280e+05   332.932 (     7      0)   331.227 (   200      0)
tl-s deep_copy+derived_dp                432      432 7.776000e+04   2.725062e+02     1.004 (   208      0)     0.347 (   283      0)
tl-s prim_advance_exp-loop               432      432 7.776000e+04   3.093565e+04    91.985 (   157      0)    56.048 (   223      0)
tl-ae prim_advance_exp                   432      432 7.776000e+04   3.093523e+04    91.984 (   157      0)    56.048 (   223      0)
tl-ae U3-5stage_timestep                 432      432 7.776000e+04   1.566641e+04    58.597 (    84      0)    22.467 (    25      0)
caar compute                             432      432 3.888000e+05   5.076615e+03    13.184 (   305      0)    10.781 (    23      0)
caar_bexchV                              432      432 3.888000e+05   1.036589e+04    46.755 (    84      0)    10.623 (    60      0)
tl-ae advance_hypervis_dp                432      432 7.776000e+04   1.526791e+04    42.928 (   302      0)    30.937 (    82      0)
hvf-bhwk                                 432      432 2.332800e+05   8.854933e+03    26.589 (   302      0)    17.608 (   423      0)
hvf-bexch                                432      432 4.665600e+05   8.438688e+03    26.600 (   302      0)    14.105 (   424      0)
tl-s prim_advec_tracers_remap            432      432 7.776000e+04   1.123187e+05   276.069 (   223      0)   239.332 (   157      0)
tl-at prim_advec_tracers_remap_RK2       432      432 7.776000e+04   1.123182e+05   276.068 (   223      0)   239.330 (   157      0)
tl-at precompute_divdp                   432      432 7.776000e+04   1.997861e+02     0.705 (    71      0)     0.275 (   169      0)
tl-at esf-0                              432      432 7.776000e+04   3.002738e+04    76.080 (    60      0)    65.239 (   274      0)
tl-at esf-1                              432      432 7.776000e+04   2.345713e+04    58.787 (   221      0)    50.475 (   103      0)
tl-at esf-2                              432      432 7.776000e+04   5.590487e+04   139.744 (   409      0)   111.360 (   157      0)
tl-at qdp_time_avg                       432      432 7.776000e+04   2.725696e+03     8.679 (   330      0)     4.329 (    97      0)
tl-sc vertical_remap                     432      432 2.592000e+04   7.921499e+03    19.264 (   200      0)    17.673 (   308      0)
Remap Thickness Functor                  432      432 2.592000e+04   6.604892e+01     0.193 (   208      0)     0.126 (   283      0)
Remap Scale States Functor               432      432 2.592000e+04   4.926875e+01     0.188 (   208      0)     0.048 (    97      0)
Remap Compute Grids Functor              432      432 2.592000e+04   4.344917e+02     1.577 (   200      0)     0.650 (    97      0)
Remap Compute Remap Functor              432      432 2.592000e+04   7.312257e+03    17.470 (   271      0)    16.389 (   338      0)
Remap Rescale States Functor             432      432 2.592000e+04   5.188013e+01     0.171 (   334      0)     0.109 (   304      0)
tl-sc Q-from-qdp                         432      432 2.592000e+04   1.148937e+03     3.137 (   206      0)     2.477 (   251      0)
t_prf                                      0        0 0.000000e+00   0.000000e+00     0.000 (     0      0)     0.000 (     0      0)

