LAST_GIT_COMMIT_SHA:STRING=adf77c97ed8425a245449f2582d2441f4b72da1e

***** GLOBAL STATISTICS (    48 MPI TASKS) *****

$Id: gptl.c,v 1.157 2011-03-28 20:55:18 rosinski Exp $
'count' is cumulative. All other stats are max/min
name                           processes  threads        count      walltotal   wallmax (proc   thrd  )   wallmin (proc   thrd  )
"Total"                               48       48 4.800000e+01   2.005683e+04   417.881 (    10      0)   417.825 (    43      0)
"prim_init1"                          48       48 4.800000e+01   4.306501e+01     0.898 (     0      0)     0.896 (    41      0)
"PartitioningTime"                    48       48 4.800000e+01   6.095552e-02     0.002 (    30      0)     0.001 (    16      0)
"repro_sum_int"                       48       48 2.160000e+03   2.660120e-01     0.007 (    46      0)     0.004 (    12      0)
"prim_init2"                          48       48 4.800000e+01   3.971376e+01     0.833 (     0      0)     0.826 (    12      0)
"prim_printstate"                     48       48 4.800000e+01   7.786156e+00     0.168 (     0      0)     0.162 (    33      0)
"interp_movie_output"                 48       48 9.600000e+01   1.020241e-02     0.000 (    20      0)     0.000 (    28      0)
"prim_main_loop"                      48       48 4.800000e+01   1.984465e+04   413.459 (    10      0)   413.405 (     5      0)
"prim_run"                            48       48 1.296000e+03   1.984463e+04   413.458 (    10      0)   413.405 (     5      0)
"ApplyCAMForcing"                     48       48 1.296000e+03   4.029831e+02     9.083 (    28      0)     8.064 (    22      0)
"prim_step_rX"                        48       48 3.888000e+03   1.804878e+04   376.905 (    18      0)   375.373 (    35      0)
"prim_step_dyn"                       48       48 3.888000e+03   3.251494e+03    69.724 (    18      0)    66.848 (    34      0)
"prim_advance_exp"                    48       48 3.888000e+03   3.251458e+03    69.724 (    18      0)    66.847 (    34      0)
"U3-5stage_timestep"                  48       48 3.888000e+03   1.533807e+03    33.919 (    18      0)    31.074 (    35      0)
"compute_and_apply_rhs"               48       48 1.944000e+04   1.479419e+03    32.833 (    18      0)    29.922 (    34      0)
"caar_bexchV"                         48       48 1.944000e+04   3.698202e+02     9.214 (    10      0)     6.530 (     8      0)
"advance_hypervis_dp"                 48       48 3.888000e+03   1.717591e+03    35.927 (    16      0)    35.605 (     7      0)
"biwkdp3d_bexchV"                     48       48 1.166400e+04   1.897496e+02     4.249 (    15      0)     3.696 (     8      0)
"ahdp_bexchV2"                        48       48 1.166400e+04   2.069527e+02     5.383 (    18      0)     3.952 (     9      0)
"prim_step_advec"                     48       48 3.888000e+03   1.473039e+04   307.472 (    24      0)   305.339 (    17      0)
"PAT_remap"                           48       48 3.888000e+03   1.473037e+04   307.471 (    24      0)   305.339 (    17      0)
"prim_advec_tracers_remap_rk2"        48       48 3.888000e+03   1.473035e+04   307.471 (    24      0)   305.338 (    17      0)
"precomput_divdp"                     48       48 3.888000e+03   3.173923e+01     0.699 (     3      0)     0.636 (    45      0)
"euler_step_0"                        48       48 3.888000e+03   4.000039e+03    83.825 (     0      0)    82.449 (    17      0)
"bihmix_qminmax"                      48       48 1.166400e+04   7.197635e+03   150.523 (    26      0)   149.262 (    23      0)
"eus_neighbor_minmax1"                48       48 3.888000e+03   1.032135e+03    21.716 (    26      0)    21.240 (    47      0)
"nmm_bexchV"                          48       48 3.888000e+03   4.038492e+02     8.652 (    37      0)     8.103 (    47      0)
"eus_2d_advec"                        48       48 1.166400e+04   6.963506e+03   146.350 (    22      0)   143.168 (    17      0)
"eus_bexchV"                          48       48 1.166400e+04   1.533571e+03    34.514 (    23      0)    30.217 (     6      0)
"euler_step_1"                        48       48 3.888000e+03   2.838066e+03    59.394 (    19      0)    58.931 (    21      0)
"euler_step_2"                        48       48 3.888000e+03   7.323271e+03   152.902 (    16      0)   151.677 (    17      0)
"nmm_bexchS_start"                    48       48 3.888000e+03   3.220661e-01     0.011 (    16      0)     0.004 (    31      0)
"biwksc_bexchV"                       48       48 3.888000e+03   5.321831e+02    11.717 (    28      0)    10.355 (    24      0)
"nmm_bexchS_fini"                     48       48 3.888000e+03   3.604240e+02     8.096 (    18      0)     7.249 (     3      0)
"qdp_tavg"                            48       48 3.888000e+03   5.370893e+02    11.387 (    47      0)    10.956 (     4      0)
"vertical_remap"                      48       48 1.296000e+03   9.504420e+02    20.045 (    47      0)    19.297 (     5      0)
"vertical_remap1_1"                   48       48 6.635520e+05   5.133260e+01     1.075 (     0      0)     1.056 (     5      0)
"remap_Q_ppm"                         48       48 1.990656e+06   9.362311e+02    19.746 (    47      0)    19.002 (     5      0)
"vertical_remap1_2"                   48       48 6.635520e+05   7.045820e+01     1.480 (    46      0)     1.443 (     5      0)
"vertical_remap1_3"                   48       48 6.635520e+05   8.163407e+02    17.232 (    47      0)    16.542 (     5      0)
"prim_run_subcyle_diags"              48       48 1.296000e+03   3.338426e+02     7.745 (     3      0)     6.419 (    18      0)
"t_prf"                                0        0 0.000000e+00   0.000000e+00     0.000 (     0      0)     0.000 (     0      0)

