LAST_GIT_COMMIT_SHA:STRING=adf77c97ed8425a245449f2582d2441f4b72da1e

***** GLOBAL STATISTICS (   720 MPI TASKS) *****

$Id: gptl.c,v 1.157 2011-03-28 20:55:18 rosinski Exp $
'count' is cumulative. All other stats are max/min
name                           processes  threads        count      walltotal   wallmax (proc   thrd  )   wallmin (proc   thrd  )
"Total"                              720      720 7.200000e+02   2.793621e+05   388.088 (   101      0)   387.908 (   483      0)
"prim_init1"                         720      720 7.200000e+02   5.734389e+02     0.800 (    18      0)     0.791 (   262      0)
"PartitioningTime"                   720      720 7.200000e+02   3.494534e+00     0.006 (   432      0)     0.003 (   209      0)
"repro_sum_int"                      720      720 3.240000e+04   1.283531e+01     0.030 (   453      0)     0.010 (   258      0)
"prim_init2"                         720      720 7.200000e+02   1.515675e+02     0.223 (   163      0)     0.203 (   707      0)
"prim_printstate"                    720      720 7.200000e+02   2.483519e+01     0.039 (     0      0)     0.034 (   500      0)
"interp_movie_output"                720      720 1.440000e+03   2.791972e-01     0.001 (   424      0)     0.000 (   553      0)
"prim_main_loop"                     720      720 7.200000e+02   2.749110e+05   381.907 (   101      0)   381.726 (   483      0)
"prim_run"                           720      720 7.200000e+04   2.749105e+05   381.906 (   101      0)   381.726 (   483      0)
"ApplyCAMForcing"                    720      720 7.200000e+04   5.160618e+03     7.962 (   110      0)     5.660 (   290      0)
"prim_step_rX"                       720      720 2.160000e+05   2.517058e+05   352.095 (   419      0)   347.301 (   121      0)
"prim_step_dyn"                      720      720 2.160000e+05   5.060776e+04    86.286 (   419      0)    60.190 (   369      0)
"prim_advance_exp"                   720      720 2.160000e+05   5.060597e+04    86.284 (   419      0)    60.188 (   369      0)
"U3-5stage_timestep"                 720      720 2.160000e+05   2.478584e+04    52.493 (   419      0)    25.645 (    42      0)
"compute_and_apply_rhs"              720      720 1.080000e+06   2.437637e+04    51.972 (   419      0)    24.967 (    42      0)
"caar_bexchV"                        720      720 1.080000e+06   1.233680e+04    35.641 (   419      0)     6.597 (    43      0)
"advance_hypervis_dp"                720      720 2.160000e+05   2.581739e+04    45.744 (   260      0)    29.596 (   359      0)
"biwkdp3d_bexchV"                    720      720 6.480000e+05   5.776531e+03    16.667 (   260      0)     3.918 (   103      0)
"ahdp_bexchV2"                       720      720 6.480000e+05   6.068775e+03    16.962 (   257      0)     4.418 (   105      0)
"prim_step_advec"                    720      720 2.160000e+05   2.003186e+05   287.788 (   369      0)   264.272 (   499      0)
"PAT_remap"                          720      720 2.160000e+05   2.003178e+05   287.787 (   369      0)   264.271 (   499      0)
"prim_advec_tracers_remap_rk2"       720      720 2.160000e+05   2.003165e+05   287.786 (   369      0)   264.269 (   499      0)
"precomput_divdp"                    720      720 2.160000e+05   4.159488e+02     0.713 (    11      0)     0.331 (   528      0)
"euler_step_0"                       720      720 2.160000e+05   5.466668e+04    80.324 (   599      0)    69.739 (   401      0)
"bihmix_qminmax"                     720      720 6.480000e+05   9.584239e+04   141.707 (   616      0)   120.932 (   262      0)
"eus_neighbor_minmax1"               720      720 2.160000e+05   1.459934e+04    26.340 (   270      0)    16.433 (   284      0)
"nmm_bexchV"                         720      720 2.160000e+05   7.226235e+03    17.185 (   359      0)     7.336 (   499      0)
"eus_2d_advec"                       720      720 6.480000e+05   9.809161e+04   149.018 (   429      0)   122.551 (   269      0)
"eus_bexchV"                         720      720 6.480000e+05   2.479701e+04    47.467 (   549      0)    25.716 (   272      0)
"euler_step_1"                       720      720 2.160000e+05   3.864977e+04    57.624 (   493      0)    48.645 (   303      0)
"euler_step_2"                       720      720 2.160000e+05   1.006309e+05   148.403 (   369      0)   129.194 (   387      0)
"nmm_bexchS_start"                   720      720 2.160000e+05   1.666112e+01     0.044 (    47      0)     0.008 (   173      0)
"biwksc_bexchV"                      720      720 2.160000e+05   8.197480e+03    14.297 (   489      0)     8.891 (   264      0)
"nmm_bexchS_fini"                    720      720 2.160000e+05   5.048073e+03     8.211 (   632      0)     4.730 (   420      0)
"qdp_tavg"                           720      720 2.160000e+05   5.945314e+03     9.839 (   348      0)     4.896 (   428      0)
"vertical_remap"                     720      720 7.200000e+04   1.244607e+04    18.227 (   572      0)    16.737 (    98      0)
"vertical_remap1_1"                  720      720 8.640000e+06   6.664500e+02     0.967 (    75      0)     0.910 (    98      0)
"remap_Q_ppm"                        720      720 2.592000e+07   1.225108e+04    17.922 (   572      0)    16.478 (    98      0)
"vertical_remap1_2"                  720      720 8.640000e+06   9.221113e+02     1.338 (   554      0)     1.252 (    98      0)
"vertical_remap1_3"                  720      720 8.640000e+06   1.068907e+04    15.665 (   572      0)    14.351 (    98      0)
"prim_run_subcyle_diags"             720      720 7.200000e+04   4.628039e+03     8.152 (   290      0)     5.060 (   419      0)
"t_prf"                                0        0 0.000000e+00   0.000000e+00     0.000 (     0      0)     0.000 (     0      0)

