LAST_GIT_COMMIT_SHA:STRING=4790f40f2fb6acbc051ce4c988681a628c18e83d

***** GLOBAL STATISTICS (  3072 MPI TASKS) *****

$Id: gptl.c,v 1.157 2011-03-28 20:55:18 rosinski Exp $
'count' is cumulative. All other stats are max/min
name                               processes  threads        count      walltotal   wallmax (proc   thrd  )   wallmin (proc   thrd  )
Total                                   3072     3072 3.072000e+03   3.927295e+05   127.858 (     2      0)   127.830 (  2482      0)
prim_init1                              3072     3072 3.072000e+03   1.175888e+03     0.399 (   502      0)     0.368 (  2428      0)
repro_sum_int                           3072     3072 1.382400e+05   2.510090e+02     0.278 (    17      0)     0.029 (  2402      0)
prim_init2                              3072     3072 3.072000e+03   1.021899e+03     0.531 (    23      0)     0.256 (   498      0)
prim_printstate                         3072     3072 3.072000e+03   1.467130e+02     0.056 (     0      0)     0.043 (  2241      0)
interp_movie_output                     3072     3072 6.144000e+03   5.196383e+00     0.004 (  1697      0)     0.000 (  2388      0)
prim_main_loop                          3072     3072 3.072000e+03   3.888504e+05   126.586 (   265      0)   126.572 (  2449      0)
prim_run                                3072     3072 6.555648e+06   3.888356e+05   126.583 (   265      0)   126.567 (  2453      0)
tl-sc prim_run_subcycle_c               3072     3072 6.555648e+06   3.887972e+05   126.569 (  2387      0)   126.553 (  1347      0)
tl-sc dp3d-from-ps                      3072     3072 6.555648e+06   4.263682e+01     0.020 (  1704      0)     0.012 (  1766      0)
tl-sc prim_step-loop                    3072     3072 6.555648e+06   3.660570e+05   119.350 (  2529      0)   118.781 (  2844      0)
tl-s prim_step                          3072     3072 1.966694e+07   3.660262e+05   119.341 (  2529      0)   118.770 (  2844      0)
tl-s deep_copy+derived_dp               3072     3072 1.966694e+07   6.643331e+02     0.314 (    59      0)     0.165 (  1752      0)
tl-s prim_advance_exp-loop              3072     3072 1.966694e+07   8.332732e+04    32.519 (  2300      0)    21.482 (  1586      0)
tl-ae prim_advance_exp                  3072     3072 1.966694e+07   8.329560e+04    32.507 (  2300      0)    21.472 (  1586      0)
tl-ae U3-5stage_timestep                3072     3072 1.966694e+07   4.456277e+04    20.659 (   154      0)     9.425 (   597      0)
caar compute                            3072     3072 9.833472e+07   1.135289e+04     3.913 (  2832      0)     3.542 (  1748      0)
caar_bexchV                             3072     3072 9.833472e+07   3.274865e+04    16.699 (   154      0)     5.659 (   597      0)
tl-ae advance_hypervis_dp               3072     3072 1.966694e+07   3.868198e+04    15.598 (  1700      0)    10.922 (   920      0)
hvf-bhwk                                3072     3072 5.900083e+07   2.350934e+04     9.489 (    23      0)     6.673 (   920      0)
hvf-bexch                               3072     3072 1.180017e+08   2.475616e+04    11.055 (  1700      0)     6.405 (   920      0)
tl-s prim_advec_tracers_remap           3072     3072 1.966694e+07   2.819519e+05    97.503 (   597      0)    86.167 (  2307      0)
tl-at prim_advec_tracers_remap_RK2      3072     3072 1.966694e+07   2.819083e+05    97.492 (   597      0)    86.149 (  2307      0)
tl-at precompute_divdp                  3072     3072 1.966694e+07   5.699496e+02     0.296 (  2353      0)     0.136 (   258      0)
tl-at esf-0                             3072     3072 1.966694e+07   8.964855e+04    32.596 (   233      0)    25.421 (  2336      0)
tl-at esf-1                             3072     3072 1.966694e+07   5.172563e+04    18.043 (   222      0)    14.708 (   154      0)
tl-at esf-2                             3072     3072 1.966694e+07   1.348601e+05    48.990 (    89      0)    41.271 (  1402      0)
tl-at qdp_time_avg                      3072     3072 1.966694e+07   4.894315e+03     1.802 (    59      0)     1.501 (   416      0)
tl-sc vertical_remap                    3072     3072 6.555648e+06   2.001179e+04     6.862 (  2844      0)     6.327 (  2529      0)
Remap Thickness Functor                 3072     3072 6.555648e+06   2.171231e+02     0.089 (  1347      0)     0.057 (   935      0)
Remap Scale States Functor              3072     3072 6.555648e+06   8.101317e+01     0.040 (    59      0)     0.018 (    88      0)
Remap Compute Grids Functor             3072     3072 6.555648e+06   8.640760e+02     0.366 (   227      0)     0.238 (   640      0)
Remap Compute Remap Functor             3072     3072 6.555648e+06   1.861084e+04     6.372 (  2844      0)     5.910 (  2529      0)
Remap Rescale States Functor            3072     3072 6.555648e+06   1.272891e+02     0.044 (  2832      0)     0.041 (  1846      0)
tl-sc Q-from-qdp                        3072     3072 6.555648e+06   2.652798e+03     0.909 (  2832      0)     0.858 (  2777      0)
t_prf                                      0        0 0.000000e+00   0.000000e+00     0.000 (     0      0)     0.000 (     0      0)

