LAST_GIT_COMMIT_SHA:STRING=adf77c97ed8425a245449f2582d2441f4b72da1e

***** GLOBAL STATISTICS (   384 MPI TASKS) *****

$Id: gptl.c,v 1.157 2011-03-28 20:55:18 rosinski Exp $
'count' is cumulative. All other stats are max/min
name                           processes  threads        count      walltotal   wallmax (proc   thrd  )   wallmin (proc   thrd  )
"Total"                              384      384 3.840000e+02   3.112395e+04    81.053 (     3      0)    81.050 (   266      0)
"prim_init1"                         384      384 3.840000e+02   2.454142e+01     0.086 (     0      0)     0.063 (   114      0)
"PartitioningTime"                   384      384 3.840000e+02   1.742413e-01     0.001 (   369      0)     0.000 (   111      0)
"repro_sum_int"                      384      384 1.728000e+04   3.697040e+00     0.077 (     0      0)     0.005 (   184      0)
"prim_init2"                         384      384 3.840000e+02   9.537281e+00     0.098 (     0      0)     0.021 (    24      0)
"prim_printstate"                    384      384 3.840000e+02   2.864780e+00     0.011 (     0      0)     0.007 (    20      0)
"interp_movie_output"                384      384 7.680000e+02   1.522081e-01     0.001 (   116      0)     0.000 (   381      0)
"prim_main_loop"                     384      384 3.840000e+02   3.093524e+04    80.561 (   144      0)    80.559 (   288      0)
"prim_run"                           384      384 1.024128e+06   3.093426e+04    80.559 (   144      0)    80.557 (   288      0)
"ApplyCAMForcing"                    384      384 1.024128e+06   1.771227e+02     0.480 (   240      0)     0.453 (   214      0)
"prim_step_rX"                       384      384 3.072384e+06   2.898472e+04    75.639 (   317      0)    75.235 (   240      0)
"prim_step_dyn"                      384      384 3.072384e+06   6.924673e+03    23.327 (    94      0)    14.386 (   240      0)
"prim_advance_exp"                   384      384 3.072384e+06   6.919177e+03    23.312 (    94      0)    14.372 (   240      0)
"U3-5stage_timestep"                 384      384 3.072384e+06   4.033818e+03    15.198 (   323      0)     7.378 (     5      0)
"compute_and_apply_rhs"              384      384 1.536192e+07   4.007871e+03    15.130 (   323      0)     7.309 (     5      0)
"caar_bexchV"                        384      384 1.536192e+07   2.946477e+03    12.335 (   323      0)     4.438 (     5      0)
"advance_hypervis_dp"                384      384 3.072384e+06   2.877142e+03     9.051 (   117      0)     6.722 (   227      0)
"biwkdp3d_bexchV"                    384      384 9.217152e+06   8.693963e+02     3.283 (   119      0)     1.814 (   268      0)
"ahdp_bexchV2"                       384      384 9.217152e+06   8.306879e+02     2.961 (   117      0)     1.787 (   286      0)
"prim_step_advec"                    384      384 3.072384e+06   2.200640e+04    60.710 (   240      0)    52.039 (    94      0)
"PAT_remap"                          384      384 3.072384e+06   2.200246e+04    60.698 (   240      0)    52.030 (    94      0)
"prim_advec_tracers_remap_rk2"       384      384 3.072384e+06   2.199707e+04    60.685 (   240      0)    52.017 (    94      0)
"precomput_divdp"                    384      384 3.072384e+06   3.374928e+01     0.107 (   134      0)     0.073 (    70      0)
"euler_step_0"                       384      384 3.072384e+06   6.377034e+03    18.896 (   239      0)    13.611 (   323      0)
"bihmix_qminmax"                     384      384 9.217152e+06   1.031826e+04    31.357 (   240      0)    21.192 (    76      0)
"eus_neighbor_minmax1"               384      384 3.072384e+06   2.080409e+03     7.349 (   239      0)     2.895 (    55      0)
"nmm_bexchV"                         384      384 3.072384e+06   1.552001e+03     5.807 (   377      0)     1.567 (   324      0)
"eus_2d_advec"                       384      384 9.217152e+06   1.123858e+04    35.043 (   268      0)    24.908 (    96      0)
"eus_bexchV"                         384      384 9.217152e+06   5.513026e+03    20.520 (   237      0)     9.631 (    96      0)
"euler_step_1"                       384      384 3.072384e+06   3.641203e+03    10.409 (   268      0)     8.357 (    95      0)
"euler_step_2"                       384      384 3.072384e+06   1.156168e+04    31.975 (     2      0)    27.907 (    95      0)
"nmm_bexchS_start"                   384      384 3.072384e+06   6.624779e+01     0.383 (   272      0)     0.065 (   285      0)
"biwksc_bexchV"                      384      384 3.072384e+06   2.949053e+03     9.989 (   214      0)     4.642 (    76      0)
"nmm_bexchS_fini"                    384      384 3.072384e+06   8.157286e+00     0.033 (   264      0)     0.015 (    87      0)
"qdp_tavg"                           384      384 3.072384e+06   3.652663e+02     1.004 (    17      0)     0.930 (    54      0)
"vertical_remap"                     384      384 1.024128e+06   1.475040e+03     3.981 (   240      0)     3.737 (   210      0)
"vertical_remap1_1"                  384      384 1.024128e+06   8.504663e+01     0.234 (   301      0)     0.215 (    60      0)
"remap_Q_ppm"                        384      384 3.072384e+06   1.446092e+03     3.907 (   240      0)     3.664 (   210      0)
"vertical_remap1_2"                  384      384 1.024128e+06   1.103663e+02     0.298 (   240      0)     0.281 (   315      0)
"vertical_remap1_3"                  384      384 1.024128e+06   1.254718e+03     3.393 (   240      0)     3.176 (   317      0)
"prim_run_subcyle_diags"             384      384 1.024128e+06   2.282489e+02     0.698 (   230      0)     0.518 (   381      0)
"t_prf"                                0        0 0.000000e+00   0.000000e+00     0.000 (     0      0)     0.000 (     0      0)

