LAST_GIT_COMMIT_SHA:STRING=4790f40f2fb6acbc051ce4c988681a628c18e83d

***** GLOBAL STATISTICS (   240 MPI TASKS) *****

$Id: gptl.c,v 1.157 2011-03-28 20:55:18 rosinski Exp $
'count' is cumulative. All other stats are max/min
name                               processes  threads        count      walltotal   wallmax (proc   thrd  )   wallmin (proc   thrd  )
Total                                    240      240 2.400000e+02   7.450140e+04   310.479 (    71      0)   310.344 (   130      0)
prim_init1                               240      240 2.400000e+02   7.971212e+01     0.333 (     6      0)     0.330 (   200      0)
repro_sum_int                            240      240 1.080000e+04   2.532197e+00     0.108 (    19      0)     0.007 (   105      0)
prim_init2                               240      240 2.400000e+02   1.859591e+02     0.875 (    19      0)     0.770 (    48      0)
prim_printstate                          240      240 2.400000e+02   1.680508e+01     0.072 (     0      0)     0.070 (    81      0)
interp_movie_output                      240      240 4.800000e+02   7.204270e-02     0.001 (    48      0)     0.000 (   146      0)
prim_main_loop                           240      240 2.400000e+02   7.354693e+04   306.501 (    71      0)   306.366 (   130      0)
prim_run                                 240      240 1.608000e+04   7.354677e+04   306.501 (    71      0)   306.365 (   130      0)
tl-sc prim_run_subcycle_c                240      240 1.608000e+04   7.351171e+04   306.352 (    71      0)   306.220 (   131      0)
tl-sc dp3d-from-ps                       240      240 1.608000e+04   1.005784e+01     0.054 (    63      0)     0.025 (   136      0)
tl-sc prim_step-loop                     240      240 1.608000e+04   6.886747e+04   287.804 (   137      0)   286.237 (   205      0)
tl-s prim_step                           240      240 4.824000e+04   6.886724e+04   287.804 (   137      0)   286.235 (   205      0)
tl-s deep_copy+derived_dp                240      240 4.824000e+04   1.824819e+02     1.021 (   210      0)     0.355 (   143      0)
tl-s prim_advance_exp-loop               240      240 4.824000e+04   1.342060e+04    66.689 (   133      0)    50.466 (   227      0)
tl-ae prim_advance_exp                   240      240 4.824000e+04   1.342031e+04    66.688 (   133      0)    50.465 (   227      0)
tl-ae U3-5stage_timestep                 240      240 4.824000e+04   6.329515e+03    36.625 (   129      0)    22.066 (    48      0)
caar compute                             240      240 2.412000e+05   2.652003e+03    12.636 (    66      0)    10.066 (   143      0)
caar_bexchV                              240      240 2.412000e+05   3.565403e+03    25.136 (   129      0)     9.934 (    49      0)
tl-ae advance_hypervis_dp                240      240 4.824000e+04   7.090192e+03    31.563 (   188      0)    27.144 (   227      0)
hvf-bhwk                                 240      240 1.447200e+05   4.106243e+03    19.820 (   172      0)    15.416 (    62      0)
hvf-bexch                                240      240 2.894400e+05   3.595942e+03    17.879 (   113      0)    12.227 (    60      0)
tl-s prim_advec_tracers_remap            240      240 4.824000e+04   5.526330e+04   235.688 (    48      0)   219.338 (   133      0)
tl-at prim_advec_tracers_remap_RK2       240      240 4.824000e+04   5.526295e+04   235.686 (    48      0)   219.336 (   133      0)
tl-at precompute_divdp                   240      240 4.824000e+04   1.068453e+02     0.617 (    52      0)     0.250 (   151      0)
tl-at esf-0                              240      240 4.824000e+04   1.514877e+04    65.583 (    12      0)    60.199 (   140      0)
tl-at esf-1                              240      240 4.824000e+04   1.175571e+04    51.365 (   142      0)    46.342 (   133      0)
tl-at esf-2                              240      240 4.824000e+04   2.642189e+04   113.631 (   206      0)   105.409 (   133      0)
tl-at qdp_time_avg                       240      240 4.824000e+04   1.827423e+03     8.765 (    63      0)     4.491 (   138      0)
tl-sc vertical_remap                     240      240 1.608000e+04   3.962386e+03    17.381 (    29      0)    15.868 (   166      0)
Remap Thickness Functor                  240      240 1.608000e+04   3.716768e+01     0.188 (   239      0)     0.114 (    75      0)
Remap Scale States Functor               240      240 1.608000e+04   3.139668e+01     0.191 (   239      0)     0.045 (    75      0)
Remap Compute Grids Functor              240      240 1.608000e+04   2.341217e+02     1.609 (    16      0)     0.588 (    72      0)
Remap Compute Remap Functor              240      240 1.608000e+04   3.626799e+03    15.397 (    29      0)    14.876 (   226      0)
Remap Rescale States Functor             240      240 1.608000e+04   2.913664e+01     0.172 (    96      0)     0.097 (    16      0)
tl-sc Q-from-qdp                         240      240 1.608000e+04   6.714900e+02     3.038 (    49      0)     2.242 (   131      0)
t_prf                                      0        0 0.000000e+00   0.000000e+00     0.000 (     0      0)     0.000 (     0      0)

