LAST_GIT_COMMIT_SHA:STRING=adf77c97ed8425a245449f2582d2441f4b72da1e

***** GLOBAL STATISTICS (   384 MPI TASKS) *****

$Id: gptl.c,v 1.157 2011-03-28 20:55:18 rosinski Exp $
'count' is cumulative. All other stats are max/min
name                           processes  threads        count      walltotal   wallmax (proc   thrd  )   wallmin (proc   thrd  )
"Total"                              384      384 3.840000e+02   1.480730e+05   385.705 (    52      0)   385.512 (   330      0)
"prim_init1"                         384      384 3.840000e+02   3.431844e+02     0.897 (    57      0)     0.891 (   186      0)
"PartitioningTime"                   384      384 3.840000e+02   1.862999e+00     0.005 (   119      0)     0.003 (   190      0)
"repro_sum_int"                      384      384 1.728000e+04   6.166805e+00     0.033 (   321      0)     0.008 (    84      0)
"prim_init2"                         384      384 3.840000e+02   1.444363e+02     0.390 (   321      0)     0.370 (    87      0)
"prim_printstate"                    384      384 3.840000e+02   2.323562e+01     0.066 (     0      0)     0.060 (   324      0)
"interp_movie_output"                384      384 7.680000e+02   6.207275e-02     0.000 (    49      0)     0.000 (    83      0)
"prim_main_loop"                     384      384 3.840000e+02   1.455401e+05   379.109 (    52      0)   378.915 (   330      0)
"prim_run"                           384      384 2.073600e+04   1.455395e+05   379.107 (    52      0)   378.914 (   330      0)
"ApplyCAMForcing"                    384      384 2.073600e+04   2.766322e+03     8.099 (   311      0)     5.793 (   318      0)
"prim_step_rX"                       384      384 6.220800e+04   1.330321e+05   348.555 (    27      0)   345.389 (   222      0)
"prim_step_dyn"                      384      384 6.220800e+04   2.650967e+04    81.436 (   330      0)    59.194 (    52      0)
"prim_advance_exp"                   384      384 6.220800e+04   2.650913e+04    81.434 (   330      0)    59.192 (    52      0)
"U3-5stage_timestep"                 384      384 6.220800e+04   1.315510e+04    45.690 (   162      0)    26.117 (   198      0)
"compute_and_apply_rhs"              384      384 3.110400e+05   1.292553e+04    45.115 (   162      0)    25.554 (   198      0)
"caar_bexchV"                        384      384 3.110400e+05   6.406723e+03    28.596 (   162      0)     5.484 (    52      0)
"advance_hypervis_dp"                384      384 6.220800e+04   1.335315e+04    40.461 (   173      0)    29.445 (   275      0)
"biwkdp3d_bexchV"                    384      384 1.866240e+05   2.694344e+03    13.484 (   186      0)     3.623 (   368      0)
"ahdp_bexchV2"                       384      384 1.866240e+05   2.875176e+03    12.322 (   368      0)     4.080 (    61      0)
"prim_step_advec"                    384      384 6.220800e+04   1.061057e+05   285.408 (    52      0)   265.040 (   330      0)
"PAT_remap"                          384      384 6.220800e+04   1.061054e+05   285.408 (    52      0)   265.039 (   330      0)
"prim_advec_tracers_remap_rk2"       384      384 6.220800e+04   1.061050e+05   285.407 (    52      0)   265.038 (   330      0)
"precomput_divdp"                    384      384 6.220800e+04   2.282012e+02     0.722 (   298      0)     0.275 (   133      0)
"euler_step_0"                       384      384 6.220800e+04   2.890509e+04    78.783 (    86      0)    70.290 (   137      0)
"bihmix_qminmax"                     384      384 1.866240e+05   5.091943e+04   140.969 (    93      0)   123.113 (   122      0)
"eus_neighbor_minmax1"               384      384 6.220800e+04   7.517875e+03    25.755 (   191      0)    15.204 (   173      0)
"nmm_bexchV"                         384      384 6.220800e+04   3.496218e+03    15.593 (   328      0)     6.529 (   122      0)
"eus_2d_advec"                       384      384 1.866240e+05   5.173517e+04   147.118 (    44      0)   122.442 (   161      0)
"eus_bexchV"                         384      384 1.866240e+05   1.270101e+04    47.905 (    44      0)    25.498 (    93      0)
"euler_step_1"                       384      384 6.220800e+04   2.050439e+04    56.778 (   191      0)    49.447 (     1      0)
"euler_step_2"                       384      384 6.220800e+04   5.324929e+04   146.427 (    20      0)   130.124 (    12      0)
"nmm_bexchS_start"                   384      384 6.220800e+04   5.314725e+00     0.024 (   236      0)     0.004 (   219      0)
"biwksc_bexchV"                      384      384 6.220800e+04   4.136942e+03    13.414 (   336      0)     8.890 (   347      0)
"nmm_bexchS_fini"                    384      384 6.220800e+04   2.670958e+03     8.524 (    93      0)     4.964 (    27      0)
"qdp_tavg"                           384      384 6.220800e+04   3.215631e+03    10.046 (   209      0)     4.486 (    44      0)
"vertical_remap"                     384      384 2.073600e+04   6.721481e+03    18.084 (    27      0)    17.058 (   314      0)
"vertical_remap1_1"                  384      384 4.665600e+06   3.591490e+02     0.946 (    27      0)     0.925 (   314      0)
"remap_Q_ppm"                        384      384 1.399680e+07   6.617068e+03    17.728 (    27      0)    16.799 (   314      0)
"vertical_remap1_2"                  384      384 4.665600e+06   4.976135e+02     1.307 (    93      0)     1.278 (   364      0)
"vertical_remap1_3"                  384      384 4.665600e+06   5.774514e+03    15.529 (    27      0)    14.629 (   314      0)
"prim_run_subcyle_diags"             384      384 2.073600e+04   2.479393e+03     8.384 (    44      0)     5.108 (    27      0)
"t_prf"                                0        0 0.000000e+00   0.000000e+00     0.000 (     0      0)     0.000 (     0      0)

