LAST_GIT_COMMIT_SHA:STRING=adf77c97ed8425a245449f2582d2441f4b72da1e

***** GLOBAL STATISTICS (    96 MPI TASKS) *****

$Id: gptl.c,v 1.157 2011-03-28 20:55:18 rosinski Exp $
'count' is cumulative. All other stats are max/min
name                           processes  threads        count      walltotal   wallmax (proc   thrd  )   wallmin (proc   thrd  )
"Total"                               96       96 9.600000e+01   7.588321e+03    79.047 (    28      0)    79.042 (    69      0)
"prim_init1"                          96       96 9.600000e+01   4.888480e+00     0.059 (     0      0)     0.051 (    42      0)
"PartitioningTime"                    96       96 9.600000e+01   3.002477e-02     0.000 (    18      0)     0.000 (    80      0)
"repro_sum_int"                       96       96 4.320000e+03   3.223319e-01     0.004 (    84      0)     0.003 (    66      0)
"prim_init2"                          96       96 9.600000e+01   1.640918e+00     0.021 (     0      0)     0.016 (    46      0)
"prim_printstate"                     96       96 9.600000e+01   4.134629e-01     0.008 (     0      0)     0.004 (    70      0)
"interp_movie_output"                 96       96 1.920000e+02   1.381612e-02     0.000 (    44      0)     0.000 (     8      0)
"prim_main_loop"                      96       96 9.600000e+01   7.570987e+03    78.866 (    28      0)    78.861 (    69      0)
"prim_run"                            96       96 6.403200e+04   7.570880e+03    78.865 (    36      0)    78.860 (    69      0)
"ApplyCAMForcing"                     96       96 6.403200e+04   9.655840e+01     1.249 (    87      0)     0.756 (    59      0)
"prim_step_rX"                        96       96 1.920960e+05   6.984162e+03    73.250 (    93      0)    72.443 (    83      0)
"prim_step_dyn"                       96       96 1.920960e+05   1.077584e+03    15.150 (    59      0)     8.832 (    83      0)
"prim_advance_exp"                    96       96 1.920960e+05   1.077016e+03    15.144 (    59      0)     8.827 (    83      0)
"U3-5stage_timestep"                  96       96 1.920960e+05   6.551475e+02    10.757 (    59      0)     4.443 (    83      0)
"compute_and_apply_rhs"               96       96 9.604800e+05   6.509114e+02    10.712 (    59      0)     4.400 (    83      0)
"caar_bexchV"                         96       96 9.604800e+05   3.901203e+02     7.891 (    59      0)     1.772 (    83      0)
"advance_hypervis_dp"                 96       96 1.920960e+05   4.212244e+02     4.436 (    13      0)     4.346 (    18      0)
"biwkdp3d_bexchV"                     96       96 5.762880e+05   6.740417e+01     0.764 (    70      0)     0.668 (    72      0)
"ahdp_bexchV2"                        96       96 5.762880e+05   6.839486e+01     0.763 (    22      0)     0.675 (    81      0)
"prim_step_advec"                     96       96 1.920960e+05   5.889690e+03    63.484 (    84      0)    57.910 (    59      0)
"PAT_remap"                           96       96 1.920960e+05   5.889303e+03    63.481 (    84      0)    57.906 (    59      0)
"prim_advec_tracers_remap_rk2"        96       96 1.920960e+05   5.888798e+03    63.476 (    84      0)    57.901 (    59      0)
"precomput_divdp"                     96       96 1.920960e+05   1.199016e+01     0.191 (    22      0)     0.082 (    93      0)
"euler_step_0"                        96       96 1.920960e+05   1.703237e+03    19.785 (    83      0)    14.984 (    59      0)
"bihmix_qminmax"                      96       96 5.762880e+05   2.791618e+03    30.978 (    28      0)    26.438 (    87      0)
"eus_neighbor_minmax1"                96       96 1.920960e+05   4.612794e+02     5.958 (    84      0)     3.170 (    87      0)
"nmm_bexchV"                          96       96 1.920960e+05   2.994306e+02     4.134 (    28      0)     1.707 (    34      0)
"eus_2d_advec"                        96       96 5.762880e+05   2.969602e+03    34.338 (    87      0)    29.111 (    58      0)
"eus_bexchV"                          96       96 5.762880e+05   1.125662e+03    15.834 (    87      0)     9.865 (    57      0)
"euler_step_1"                        96       96 1.920960e+05   1.130431e+03    12.347 (    87      0)    11.356 (    17      0)
"euler_step_2"                        96       96 1.920960e+05   2.932372e+03    32.189 (    87      0)    29.461 (    57      0)
"nmm_bexchS_start"                    96       96 1.920960e+05   1.002310e+01     0.136 (    73      0)     0.063 (    87      0)
"biwksc_bexchV"                       96       96 1.920960e+05   5.594918e+02     6.666 (    27      0)     4.557 (    50      0)
"nmm_bexchS_fini"                     96       96 1.920960e+05   4.048495e+01     0.563 (    28      0)     0.290 (    93      0)
"qdp_tavg"                            96       96 1.920960e+05   1.085007e+02     1.367 (    82      0)     0.998 (    83      0)
"vertical_remap"                      96       96 6.403200e+04   3.688205e+02     3.935 (    93      0)     3.732 (    27      0)
"vertical_remap1_1"                   96       96 2.561280e+05   2.064157e+01     0.223 (    93      0)     0.210 (    22      0)
"remap_Q_ppm"                         96       96 7.683840e+05   3.623977e+02     3.853 (    93      0)     3.672 (    27      0)
"vertical_remap1_2"                   96       96 2.561280e+05   2.742566e+01     0.287 (    74      0)     0.282 (    27      0)
"vertical_remap1_3"                   96       96 2.561280e+05   3.152060e+02     3.354 (    93      0)     3.189 (    27      0)
"prim_run_subcyle_diags"              96       96 6.403200e+04   9.701589e+01     1.303 (    83      0)     0.697 (    93      0)
"t_prf"                                0        0 0.000000e+00   0.000000e+00     0.000 (     0      0)     0.000 (     0      0)

