LAST_GIT_COMMIT_SHA:STRING=4790f40f2fb6acbc051ce4c988681a628c18e83d

***** GLOBAL STATISTICS (   384 MPI TASKS) *****

$Id: gptl.c,v 1.157 2011-03-28 20:55:18 rosinski Exp $
'count' is cumulative. All other stats are max/min
name                               processes  threads        count      walltotal   wallmax (proc   thrd  )   wallmin (proc   thrd  )
Total                                    384      384 3.840000e+02   1.391978e+05   362.608 (   222      0)   362.194 (   331      0)
prim_init1                               384      384 3.840000e+02   2.572488e+02     0.672 (    71      0)     0.668 (   266      0)
repro_sum_int                            384      384 1.728000e+04   8.346527e+00     0.030 (   315      0)     0.015 (   199      0)
prim_init2                               384      384 3.840000e+02   4.227187e+02     1.122 (   292      0)     1.087 (   139      0)
prim_printstate                          384      384 3.840000e+02   4.191049e+01     0.113 (     0      0)     0.109 (   377      0)
interp_movie_output                      384      384 7.680000e+02   7.590914e-02     0.000 (    60      0)     0.000 (   354      0)
prim_main_loop                           384      384 3.840000e+02   1.366218e+05   355.899 (   222      0)   355.486 (   331      0)
prim_run                                 384      384 2.073600e+04   1.366216e+05   355.899 (   222      0)   355.485 (   331      0)
tl-sc prim_run_subcycle_c                384      384 2.073600e+04   1.365577e+05   355.746 (   222      0)   355.425 (   331      0)
tl-sc dp3d-from-ps                       384      384 2.073600e+04   1.276648e+01     0.048 (   166      0)     0.027 (   373      0)
tl-sc prim_step-loop                     384      384 2.073600e+04   1.283938e+05   335.093 (   363      0)   333.445 (   289      0)
tl-s prim_step                           384      384 6.220800e+04   1.283935e+05   335.093 (   363      0)   333.445 (   289      0)
tl-s deep_copy+derived_dp                384      384 6.220800e+04   2.379756e+02     0.944 (   144      0)     0.314 (   373      0)
tl-s prim_advance_exp-loop               384      384 6.220800e+04   2.733528e+04    92.324 (   139      0)    55.263 (   197      0)
tl-ae prim_advance_exp                   384      384 6.220800e+04   2.733494e+04    92.323 (   139      0)    55.262 (   197      0)
tl-ae U3-5stage_timestep                 384      384 6.220800e+04   1.402830e+04    58.024 (   331      0)    21.184 (   198      0)
caar compute                             384      384 3.110400e+05   4.578316e+03    13.358 (   288      0)    10.956 (    23      0)
caar_bexchV                              384      384 3.110400e+05   9.247402e+03    45.168 (   331      0)     8.986 (   198      0)
tl-ae advance_hypervis_dp                384      384 6.220800e+04   1.330589e+04    41.772 (   125      0)    30.984 (   377      0)
hvf-bhwk                                 384      384 1.866240e+05   7.700867e+03    26.200 (   130      0)    17.266 (   365      0)
hvf-bexch                                384      384 3.732480e+05   7.079562e+03    26.957 (   125      0)    14.483 (    52      0)
tl-s prim_advec_tracers_remap            384      384 6.220800e+04   1.008193e+05   279.039 (   197      0)   240.916 (   139      0)
tl-at prim_advec_tracers_remap_RK2       384      384 6.220800e+04   1.008189e+05   279.038 (   197      0)   240.915 (   139      0)
tl-at precompute_divdp                   384      384 6.220800e+04   1.848454e+02     0.623 (    49      0)     0.317 (   145      0)
tl-at esf-0                              384      384 6.220800e+04   2.707787e+04    77.259 (   197      0)    67.004 (   184      0)
tl-at esf-1                              384      384 6.220800e+04   2.111294e+04    60.038 (   199      0)    50.582 (    35      0)
tl-at esf-2                              384      384 6.220800e+04   5.005839e+04   140.069 (   193      0)   112.574 (   139      0)
tl-at qdp_time_avg                       384      384 6.220800e+04   2.382117e+03     8.270 (   166      0)     4.375 (   373      0)
tl-sc vertical_remap                     384      384 2.073600e+04   7.130263e+03    19.485 (   289      0)    17.829 (   300      0)
Remap Thickness Functor                  384      384 2.073600e+04   5.894975e+01     0.194 (   144      0)     0.128 (   251      0)
Remap Scale States Functor               384      384 2.073600e+04   4.311750e+01     0.183 (   144      0)     0.049 (   373      0)
Remap Compute Grids Functor              384      384 2.073600e+04   3.886320e+02     1.529 (   271      0)     0.660 (   373      0)
Remap Compute Remap Functor              384      384 2.073600e+04   6.585949e+03    17.690 (   161      0)    16.611 (   300      0)
Remap Rescale States Functor             384      384 2.073600e+04   4.620516e+01     0.170 (   154      0)     0.111 (   177      0)
tl-sc Q-from-qdp                         384      384 2.073600e+04   1.020605e+03     2.988 (   164      0)     2.503 (   111      0)
t_prf                                      0        0 0.000000e+00   0.000000e+00     0.000 (     0      0)     0.000 (     0      0)

