LAST_GIT_COMMIT_SHA:STRING=4790f40f2fb6acbc051ce4c988681a628c18e83d

***** GLOBAL STATISTICS (   216 MPI TASKS) *****

$Id: gptl.c,v 1.157 2011-03-28 20:55:18 rosinski Exp $
'count' is cumulative. All other stats are max/min
name                               processes  threads        count      walltotal   wallmax (proc   thrd  )   wallmin (proc   thrd  )
Total                                    216      216 2.160000e+02   7.612037e+04   352.657 (   192      0)   351.993 (   114      0)
prim_init1                               216      216 2.160000e+02   1.515847e+02     0.704 (    81      0)     0.700 (   200      0)
repro_sum_int                            216      216 9.720000e+03   6.253152e+00     0.042 (   188      0)     0.009 (   194      0)
prim_init2                               216      216 2.160000e+02   4.077517e+02     1.925 (    79      0)     1.851 (   164      0)
prim_printstate                          216      216 2.160000e+02   3.754332e+01     0.179 (     0      0)     0.174 (   111      0)
interp_movie_output                      216      216 4.320000e+02   6.267166e-02     0.001 (    57      0)     0.000 (   109      0)
prim_main_loop                           216      216 2.160000e+02   7.426068e+04   344.048 (   192      0)   343.383 (   114      0)
prim_run                                 216      216 6.480000e+03   7.426060e+04   344.048 (   192      0)   343.382 (   114      0)
tl-sc prim_run_subcycle_c                216      216 6.480000e+03   7.420008e+04   343.774 (   192      0)   343.265 (   114      0)
tl-sc dp3d-from-ps                       216      216 6.480000e+03   7.337421e+00     0.043 (   178      0)     0.028 (   129      0)
tl-sc prim_step-loop                     216      216 6.480000e+03   6.963224e+04   323.163 (   128      0)   321.092 (     8      0)
tl-s prim_step                           216      216 1.944000e+04   6.963216e+04   323.163 (   128      0)   321.092 (     8      0)
tl-s deep_copy+derived_dp                216      216 1.944000e+04   1.363655e+02     0.853 (   178      0)     0.359 (   129      0)
tl-s prim_advance_exp-loop               216      216 1.944000e+04   1.443149e+04    82.016 (    41      0)    54.956 (   192      0)
tl-ae prim_advance_exp                   216      216 1.944000e+04   1.443138e+04    82.016 (    41      0)    54.955 (   192      0)
tl-ae U3-5stage_timestep                 216      216 1.944000e+04   7.439667e+03    50.625 (    41      0)    23.275 (   192      0)
caar compute                             216      216 9.720000e+04   2.556825e+03    13.052 (   196      0)    11.081 (   191      0)
caar_bexchV                              216      216 9.720000e+04   4.770106e+03    38.427 (    41      0)    10.223 (   192      0)
tl-ae advance_hypervis_dp                216      216 1.944000e+04   6.991460e+03    34.482 (   169      0)    30.819 (   142      0)
hvf-bhwk                                 216      216 5.832000e+04   4.054184e+03    20.976 (    50      0)    17.177 (   197      0)
hvf-bexch                                216      216 1.166400e+05   3.449922e+03    18.286 (   169      0)    13.972 (   208      0)
tl-s prim_advec_tracers_remap            216      216 1.944000e+04   5.506395e+04   266.858 (   192      0)   239.217 (    80      0)
tl-at prim_advec_tracers_remap_RK2       216      216 1.944000e+04   5.506381e+04   266.858 (   192      0)   239.217 (    80      0)
tl-at precompute_divdp                   216      216 1.944000e+04   1.040526e+02     0.648 (    14      0)     0.359 (   145      0)
tl-at esf-0                              216      216 1.944000e+04   1.479982e+04    74.234 (   198      0)    66.349 (   134      0)
tl-at esf-1                              216      216 1.944000e+04   1.158216e+04    56.819 (    24      0)    51.669 (   177      0)
tl-at esf-2                              216      216 1.944000e+04   2.724864e+04   136.821 (   210      0)   111.603 (   114      0)
tl-at qdp_time_avg                       216      216 1.944000e+04   1.328227e+03     7.617 (   119      0)     4.565 (   129      0)
tl-sc vertical_remap                     216      216 6.480000e+03   3.989290e+03    19.498 (     8      0)    17.805 (   166      0)
Remap Thickness Functor                  216      216 6.480000e+03   3.266779e+01     0.179 (    84      0)     0.127 (   187      0)
Remap Scale States Functor               216      216 6.480000e+03   2.435043e+01     0.162 (    99      0)     0.054 (   129      0)
Remap Compute Grids Functor              216      216 6.480000e+03   2.160579e+02     1.390 (    37      0)     0.660 (   129      0)
Remap Compute Remap Functor              216      216 6.480000e+03   3.680833e+03    17.959 (     8      0)    16.608 (    70      0)
Remap Rescale States Functor             216      216 6.480000e+03   2.593586e+01     0.155 (   159      0)     0.109 (    80      0)
tl-sc Q-from-qdp                         216      216 6.480000e+03   5.711030e+02     2.829 (     0      0)     2.475 (    41      0)
t_prf                                      0        0 0.000000e+00   0.000000e+00     0.000 (     0      0)     0.000 (     0      0)

