LAST_GIT_COMMIT_SHA:STRING=4790f40f2fb6acbc051ce4c988681a628c18e83d

***** GLOBAL STATISTICS (   960 MPI TASKS) *****

$Id: gptl.c,v 1.157 2011-03-28 20:55:18 rosinski Exp $
'count' is cumulative. All other stats are max/min
name                               processes  threads        count      walltotal   wallmax (proc   thrd  )   wallmin (proc   thrd  )
Total                                    960      960 9.600000e+02   3.578466e+05   372.856 (   852      0)   372.615 (   117      0)
prim_init1                               960      960 9.600000e+02   6.990952e+02     0.733 (   903      0)     0.716 (   958      0)
repro_sum_int                            960      960 4.320000e+04   3.143393e+01     0.080 (    12      0)     0.016 (   672      0)
prim_init2                               960      960 9.600000e+02   5.032683e+02     0.570 (    11      0)     0.507 (   250      0)
prim_printstate                          960      960 9.600000e+02   5.285884e+01     0.059 (   526      0)     0.054 (   386      0)
interp_movie_output                      960      960 1.920000e+03   6.441438e-01     0.002 (   813      0)     0.000 (   135      0)
prim_main_loop                           960      960 9.600000e+02   3.520608e+05   366.831 (   852      0)   366.589 (   117      0)
prim_run                                 960      960 1.286400e+05   3.520597e+05   366.830 (   856      0)   366.588 (   117      0)
tl-sc prim_run_subcycle_c                960      960 1.286400e+05   3.519977e+05   366.767 (   856      0)   366.561 (   117      0)
tl-sc dp3d-from-ps                       960      960 1.286400e+05   3.194156e+01     0.055 (   796      0)     0.027 (   291      0)
tl-sc prim_step-loop                     960      960 1.286400e+05   3.317254e+05   346.592 (   653      0)   343.892 (   827      0)
tl-s prim_step                           960      960 3.859200e+05   3.317240e+05   346.591 (   653      0)   343.890 (   827      0)
tl-s deep_copy+derived_dp                960      960 3.859200e+05   5.824396e+02     1.064 (   806      0)     0.298 (   291      0)
tl-s prim_advance_exp-loop               960      960 3.859200e+05   7.538805e+04   101.611 (   117      0)    56.690 (   856      0)
tl-ae prim_advance_exp                   960      960 3.859200e+05   7.538622e+04   101.610 (   117      0)    56.688 (   856      0)
tl-ae U3-5stage_timestep                 960      960 3.859200e+05   3.764581e+04    69.155 (   124      0)    20.702 (    52      0)
caar compute                             960      960 1.929600e+06   1.124552e+04    13.409 (   706      0)    10.528 (   339      0)
caar_bexchV                              960      960 1.929600e+06   2.597035e+04    57.818 (   124      0)     8.830 (    52      0)
tl-ae advance_hypervis_dp                960      960 3.859200e+05   3.773652e+04    51.932 (   446      0)    29.499 (   156      0)
hvf-bhwk                                 960      960 1.157760e+06   2.180906e+04    33.629 (   444      0)    16.741 (   208      0)
hvf-bexch                                960      960 2.315520e+06   2.324831e+04    37.755 (   446      0)    13.221 (   136      0)
tl-s prim_advec_tracers_remap            960      960 3.859200e+05   2.557485e+05   288.800 (   856      0)   242.916 (   244      0)
tl-at prim_advec_tracers_remap_RK2       960      960 3.859200e+05   2.557463e+05   288.798 (   856      0)   242.914 (   244      0)
tl-at precompute_divdp                   960      960 3.859200e+05   4.275295e+02     0.793 (   860      0)     0.222 (   394      0)
tl-at esf-0                              960      960 3.859200e+05   6.807409e+04    81.759 (   111      0)    63.815 (   127      0)
tl-at esf-1                              960      960 3.859200e+05   5.311805e+04    62.757 (   491      0)    48.021 (   126      0)
tl-at esf-2                              960      960 3.859200e+05   1.281732e+05   148.051 (   852      0)   113.795 (   244      0)
tl-at qdp_time_avg                       960      960 3.859200e+05   5.938834e+03     9.117 (   796      0)     4.311 (   294      0)
tl-sc vertical_remap                     960      960 1.286400e+05   1.770170e+04    20.078 (   827      0)    17.544 (   653      0)
Remap Thickness Functor                  960      960 1.286400e+05   1.476031e+02     0.201 (   705      0)     0.127 (   337      0)
Remap Scale States Functor               960      960 1.286400e+05   1.036959e+02     0.197 (   705      0)     0.047 (   291      0)
Remap Compute Grids Functor              960      960 1.286400e+05   9.637078e+02     1.666 (   705      0)     0.652 (    92      0)
Remap Compute Remap Functor              960      960 1.286400e+05   1.636272e+04    18.212 (   827      0)    16.454 (   715      0)
Remap Rescale States Functor             960      960 1.286400e+05   1.143904e+02     0.186 (   802      0)     0.110 (   544      0)
tl-sc Q-from-qdp                         960      960 1.286400e+05   2.537123e+03     3.217 (   804      0)     2.476 (   625      0)
t_prf                                      0        0 0.000000e+00   0.000000e+00     0.000 (     0      0)     0.000 (     0      0)

