LAST_GIT_COMMIT_SHA:STRING=4790f40f2fb6acbc051ce4c988681a628c18e83d

***** GLOBAL STATISTICS (  4320 MPI TASKS) *****

$Id: gptl.c,v 1.157 2011-03-28 20:55:18 rosinski Exp $
'count' is cumulative. All other stats are max/min
name                               processes  threads        count      walltotal   wallmax (proc   thrd  )   wallmin (proc   thrd  )
Total                                   4320     4320 4.320000e+03   1.627392e+06   376.765 (     2      0)   376.654 (  2718      0)
prim_init1                              4320     4320 4.320000e+03   5.727707e+03     1.384 (  3643      0)     1.254 (  4162      0)
repro_sum_int                           4320     4320 1.944000e+05   9.622186e+02     0.732 (    20      0)     0.066 (   201      0)
prim_init2                              4320     4320 4.320000e+03   3.673631e+03     1.237 (  4162      0)     0.630 (  3457      0)
prim_printstate                         4320     4320 4.320000e+03   5.257484e+02     0.139 (  1484      0)     0.108 (  2916      0)
interp_movie_output                     4320     4320 8.640000e+03   3.243558e+01     0.017 (  3084      0)     0.000 (  1936      0)
prim_main_loop                          4320     4320 4.320000e+03   1.595722e+06   369.410 (   938      0)   369.343 (  3072      0)
prim_run                                4320     4320 2.592000e+06   1.595709e+06   369.408 (   952      0)   369.340 (  3072      0)
tl-sc prim_run_subcycle_c               4320     4320 2.592000e+06   1.595588e+06   369.384 (   706      0)   369.311 (  4063      0)
tl-sc dp3d-from-ps                      4320     4320 2.592000e+06   1.938830e+02     0.088 (  2756      0)     0.030 (  2801      0)
tl-sc prim_step-loop                    4320     4320 2.592000e+06   1.503254e+06   349.164 (  3507      0)   346.514 (  2534      0)
tl-s prim_step                          4320     4320 7.776000e+06   1.503226e+06   349.159 (  3507      0)   346.505 (  2534      0)
tl-s deep_copy+derived_dp               4320     4320 7.776000e+06   3.111809e+03     1.050 (  3147      0)     0.330 (  1080      0)
tl-s prim_advance_exp-loop              4320     4320 7.776000e+06   2.683377e+05    93.119 (  2329      0)    42.492 (   972      0)
tl-ae prim_advance_exp                  4320     4320 7.776000e+06   2.683110e+05    93.113 (  2329      0)    42.486 (   972      0)
tl-ae U3-5stage_timestep                4320     4320 7.776000e+06   1.381802e+05    57.125 (  2329      0)    19.749 (  2890      0)
caar compute                            4320     4320 3.888000e+07   4.857753e+04    13.099 (  2450      0)     9.973 (  1080      0)
caar_bexchV                             4320     4320 3.888000e+07   8.776967e+04    45.173 (  2329      0)     7.411 (  2890      0)
tl-ae advance_hypervis_dp               4320     4320 7.776000e+06   1.300872e+05    46.168 (  1568      0)    20.857 (   968      0)
hvf-bhwk                                4320     4320 2.332800e+07   7.794225e+04    31.350 (  1101      0)    13.202 (  1312      0)
hvf-bexch                               4320     4320 4.665600e+07   7.333446e+04    33.126 (  1568      0)     7.116 (   968      0)
tl-s prim_advec_tracers_remap           4320     4320 7.776000e+06   1.231694e+06   304.784 (   973      0)   253.940 (  2329      0)
tl-at prim_advec_tracers_remap_RK2      4320     4320 7.776000e+06   1.231650e+06   304.770 (   973      0)   253.931 (  2329      0)
tl-at precompute_divdp                  4320     4320 7.776000e+06   2.041635e+03     0.638 (   965      0)     0.278 (   799      0)
tl-at esf-0                             4320     4320 7.776000e+06   3.304351e+05    84.235 (  2221      0)    69.407 (  3823      0)
tl-at esf-1                             4320     4320 7.776000e+06   2.502950e+05    63.099 (   257      0)    54.801 (  1069      0)
tl-at esf-2                             4320     4320 7.776000e+06   6.175183e+05   157.039 (   981      0)   118.965 (  2329      0)
tl-at qdp_time_avg                      4320     4320 7.776000e+06   3.111320e+04     8.952 (  3007      0)     4.349 (  1080      0)
tl-sc vertical_remap                    4320     4320 2.592000e+06   7.986940e+04    20.140 (  2534      0)    17.487 (  3578      0)
Remap Thickness Functor                 4320     4320 2.592000e+06   8.196631e+02     0.242 (  3311      0)     0.136 (  2708      0)
Remap Scale States Functor              4320     4320 2.592000e+06   4.986064e+02     0.181 (  4254      0)     0.049 (  1080      0)
Remap Compute Grids Functor             4320     4320 2.592000e+06   4.615912e+03     1.724 (  2814      0)     0.657 (  1080      0)
Remap Compute Remap Functor             4320     4320 2.592000e+06   7.316277e+04    18.110 (  3797      0)    16.213 (  3123      0)
Remap Rescale States Functor            4320     4320 2.592000e+06   5.532405e+02     0.187 (   661      0)     0.111 (   104      0)
tl-sc Q-from-qdp                        4320     4320 2.592000e+06   1.223795e+04     3.281 (  2892      0)     2.464 (  1067      0)
t_prf                                      0        0 0.000000e+00   0.000000e+00     0.000 (     0      0)     0.000 (     0      0)

