LAST_GIT_COMMIT_SHA:STRING=4790f40f2fb6acbc051ce4c988681a628c18e83d

***** GLOBAL STATISTICS (  1080 MPI TASKS) *****

$Id: gptl.c,v 1.157 2011-03-28 20:55:18 rosinski Exp $
'count' is cumulative. All other stats are max/min
name                               processes  threads        count      walltotal   wallmax (proc   thrd  )   wallmin (proc   thrd  )
Total                                   1080     1080 1.080000e+03   3.962489e+05   366.999 (     1      0)   366.779 (   860      0)
prim_init1                              1080     1080 1.080000e+03   7.680541e+02     0.718 (     3      0)     0.704 (   400      0)
repro_sum_int                           1080     1080 4.860000e+04   5.042457e+01     0.095 (   160      0)     0.025 (   832      0)
prim_init2                              1080     1080 1.080000e+03   5.076565e+02     0.518 (   405      0)     0.446 (    49      0)
prim_printstate                         1080     1080 1.080000e+03   7.763156e+01     0.077 (   930      0)     0.071 (     2      0)
interp_movie_output                     1080     1080 2.160000e+03   7.828484e-01     0.001 (   603      0)     0.000 (   836      0)
prim_main_loop                          1080     1080 1.080000e+03   3.898123e+05   361.035 (     1      0)   360.819 (   860      0)
prim_run                                1080     1080 1.620000e+05   3.898111e+05   361.034 (     1      0)   360.818 (   860      0)
tl-sc prim_run_subcycle_c               1080     1080 1.620000e+05   3.897475e+05   360.965 (     0      0)   360.792 (   881      0)
tl-sc dp3d-from-ps                      1080     1080 1.620000e+05   3.624296e+01     0.052 (    21      0)     0.027 (    68      0)
tl-sc prim_step-loop                    1080     1080 1.620000e+05   3.670848e+05   340.760 (   200      0)   338.538 (   816      0)
tl-s prim_step                          1080     1080 4.860000e+05   3.670831e+05   340.758 (   200      0)   338.536 (   816      0)
tl-s deep_copy+derived_dp               1080     1080 4.860000e+05   6.639601e+02     0.997 (    17      0)     0.326 (   643      0)
tl-s prim_advance_exp-loop              1080     1080 4.860000e+05   8.070896e+04   101.160 (   571      0)    54.245 (   962      0)
tl-ae prim_advance_exp                  1080     1080 4.860000e+05   8.070662e+04   101.158 (   571      0)    54.243 (   962      0)
tl-ae U3-5stage_timestep                1080     1080 4.860000e+05   4.050308e+04    62.011 (   139      0)    22.247 (   148      0)
caar compute                            1080     1080 2.430000e+06   1.258882e+04    13.293 (   995      0)    10.684 (   555      0)
caar_bexchV                             1080     1080 2.430000e+06   2.743564e+04    50.110 (   139      0)    10.110 (   962      0)
tl-ae advance_hypervis_dp               1080     1080 4.860000e+05   4.019864e+04    47.295 (   682      0)    30.933 (   954      0)
hvf-bhwk                                1080     1080 1.458000e+06   2.324436e+04    31.444 (   571      0)    17.085 (   956      0)
hvf-bexch                               1080     1080 2.916000e+06   2.396471e+04    33.531 (   682      0)    14.193 (   957      0)
tl-s prim_advec_tracers_remap           1080     1080 4.860000e+05   2.857040e+05   285.340 (   962      0)   237.990 (   571      0)
tl-at prim_advec_tracers_remap_RK2      1080     1080 4.860000e+05   2.857012e+05   285.338 (   962      0)   237.987 (   571      0)
tl-at precompute_divdp                  1080     1080 4.860000e+05   4.798660e+02     0.619 (   949      0)     0.282 (   787      0)
tl-at esf-0                             1080     1080 4.860000e+05   7.602196e+04    79.953 (   965      0)    64.814 (   564      0)
tl-at esf-1                             1080     1080 4.860000e+05   5.928409e+04    61.161 (   962      0)    50.064 (   634      0)
tl-at esf-2                             1080     1080 4.860000e+05   1.431150e+05   147.137 (     2      0)   111.657 (   679      0)
tl-at qdp_time_avg                      1080     1080 4.860000e+05   6.782096e+03     8.852 (    11      0)     4.358 (   327      0)
tl-sc vertical_remap                    1080     1080 1.620000e+05   1.977597e+04    19.682 (   816      0)    17.468 (   200      0)
Remap Thickness Functor                 1080     1080 1.620000e+05   1.670101e+02     0.199 (    16      0)     0.127 (   328      0)
Remap Scale States Functor              1080     1080 1.620000e+05   1.179996e+02     0.191 (   392      0)     0.048 (   327      0)
Remap Compute Grids Functor             1080     1080 1.620000e+05   1.094781e+03     1.662 (   392      0)     0.654 (   901      0)
Remap Compute Remap Functor             1080     1080 1.620000e+05   1.825744e+04    17.809 (   816      0)    16.334 (   802      0)
Remap Rescale States Functor            1080     1080 1.620000e+05   1.283097e+02     0.173 (   404      0)     0.109 (   572      0)
tl-sc Q-from-qdp                        1080     1080 1.620000e+05   2.848481e+03     3.107 (   384      0)     2.453 (    67      0)
t_prf                                      0        0 0.000000e+00   0.000000e+00     0.000 (     0      0)     0.000 (     0      0)

