LAST_GIT_COMMIT_SHA:STRING=adf77c97ed8425a245449f2582d2441f4b72da1e

***** GLOBAL STATISTICS (  3840 MPI TASKS) *****

$Id: gptl.c,v 1.157 2011-03-28 20:55:18 rosinski Exp $
'count' is cumulative. All other stats are max/min
name                           processes  threads        count      walltotal   wallmax (proc   thrd  )   wallmin (proc   thrd  )
"Total"                             3840     3840 3.840000e+03   1.351434e+06   351.969 (  1808      0)   351.910 (  1076      0)
"prim_init1"                        3840     3840 3.840000e+03   2.709611e+03     0.744 (  2467      0)     0.663 (  2089      0)
"PartitioningTime"                  3840     3840 3.840000e+03   8.540112e+00     0.003 (   433      0)     0.001 (  2271      0)
"repro_sum_int"                     3840     3840 1.728000e+05   6.315796e+02     0.565 (  1793      0)     0.025 (  1702      0)
"prim_init2"                        3840     3840 3.840000e+03   1.132659e+03     0.565 (  2634      0)     0.162 (  3236      0)
"prim_printstate"                   3840     3840 3.840000e+03   1.152439e+02     0.036 (  2010      0)     0.027 (  1843      0)
"interp_movie_output"               3840     3840 7.680000e+03   1.812567e+01     0.011 (   950      0)     0.000 (  1806      0)
"prim_main_loop"                    3840     3840 3.840000e+03   1.336458e+06   348.053 (  2210      0)   348.017 (  1157      0)
"prim_run"                          3840     3840 4.097280e+06   1.336447e+06   348.051 (  2224      0)   348.013 (  1157      0)
"ApplyCAMForcing"                   3840     3840 4.097280e+06   1.962207e+04     5.871 (  3366      0)     3.814 (  1377      0)
"prim_step_rX"                      3840     3840 1.229184e+07   1.231978e+06   323.505 (  1377      0)   319.116 (  3115      0)
"prim_step_dyn"                     3840     3840 1.229184e+07   2.132871e+05    77.930 (  3680      0)    38.346 (  2890      0)
"prim_advance_exp"                  3840     3840 1.229184e+07   2.132250e+05    77.911 (  3680      0)    38.334 (  2890      0)
"U3-5stage_timestep"                3840     3840 1.229184e+07   1.187295e+05    53.882 (  1377      0)    18.406 (   469      0)
"compute_and_apply_rhs"             3840     3840 6.145920e+07   1.178334e+05    53.646 (  1377      0)    18.159 (   469      0)
"caar_bexchV"                       3840     3840 6.145920e+07   7.469030e+04    42.160 (  1377      0)     7.107 (   469      0)
"advance_hypervis_dp"               3840     3840 1.229184e+07   9.443452e+04    33.164 (  3785      0)    18.450 (   431      0)
"biwkdp3d_bexchV"                   3840     3840 3.687552e+07   2.357345e+04    12.816 (  3785      0)     2.861 (  2842      0)
"ahdp_bexchV2"                      3840     3840 3.687552e+07   2.424513e+04    11.829 (  3114      0)     2.925 (  2875      0)
"prim_step_advec"                   3840     3840 1.229184e+07   1.015546e+06   280.582 (  2890      0)   243.541 (  3680      0)
"PAT_remap"                         3840     3840 1.229184e+07   1.015513e+06   280.574 (  2890      0)   243.533 (  3680      0)
"prim_advec_tracers_remap_rk2"      3840     3840 1.229184e+07   1.015465e+06   280.563 (  2890      0)   243.520 (  3680      0)
"precomput_divdp"                   3840     3840 1.229184e+07   1.991375e+03     0.768 (  2687      0)     0.269 (  1052      0)
"euler_step_0"                      3840     3840 1.229184e+07   2.844853e+05    84.981 (  2890      0)    60.766 (  1695      0)
"bihmix_qminmax"                    3840     3840 3.687552e+07   4.788574e+05   136.840 (  2890      0)   109.209 (  3655      0)
"eus_neighbor_minmax1"              3840     3840 1.229184e+07   7.983055e+04    29.418 (   458      0)    11.781 (   907      0)
"nmm_bexchV"                        3840     3840 1.229184e+07   5.053477e+04    21.961 (   456      0)     5.830 (  1210      0)
"eus_2d_advec"                      3840     3840 3.687552e+07   5.114875e+05   154.815 (  2872      0)   118.557 (  3810      0)
"eus_bexchV"                        3840     3840 3.687552e+07   1.881172e+05    69.288 (  2872      0)    36.428 (   361      0)
"euler_step_1"                      3840     3840 1.229184e+07   1.983052e+05    58.504 (  2872      0)    48.063 (  3687      0)
"euler_step_2"                      3840     3840 1.229184e+07   5.080302e+05   141.390 (  2872      0)   122.038 (  3810      0)
"nmm_bexchS_start"                  3840     3840 1.229184e+07   7.554096e+02     0.322 (   456      0)     0.098 (  3060      0)
"biwksc_bexchV"                     3840     3840 1.229184e+07   7.797494e+04    26.045 (  2159      0)    13.856 (  1063      0)
"nmm_bexchS_fini"                   3840     3840 1.229184e+07   1.108562e+04     3.964 (  2880      0)     1.832 (  3137      0)
"qdp_tavg"                          3840     3840 1.229184e+07   2.243833e+04     7.556 (  1816      0)     4.096 (  2159      0)
"vertical_remap"                    3840     3840 4.097280e+06   5.996563e+04    16.676 (  3107      0)    15.047 (  1825      0)
"vertical_remap1_1"                 3840     3840 4.097280e+07   3.242305e+03     0.900 (  3107      0)     0.825 (  3385      0)
"remap_Q_ppm"                       3840     3840 1.229184e+08   5.893059e+04    16.361 (  3107      0)    14.796 (  1825      0)
"vertical_remap1_2"                 3840     3840 4.097280e+07   4.408042e+03     1.216 (  3105      0)     1.124 (  3064      0)
"vertical_remap1_3"                 3840     3840 4.097280e+07   5.142074e+04    14.292 (  3107      0)    12.878 (  1825      0)
"prim_run_subcyle_diags"            3840     3840 4.097280e+06   2.096065e+04     6.593 (  1962      0)     4.145 (  2086      0)
"t_prf"                                0        0 0.000000e+00   0.000000e+00     0.000 (     0      0)     0.000 (     0      0)

