LAST_GIT_COMMIT_SHA:STRING=adf77c97ed8425a245449f2582d2441f4b72da1e

***** GLOBAL STATISTICS (  3072 MPI TASKS) *****

$Id: gptl.c,v 1.157 2011-03-28 20:55:18 rosinski Exp $
'count' is cumulative. All other stats are max/min
name                           processes  threads        count      walltotal   wallmax (proc   thrd  )   wallmin (proc   thrd  )
"Total"                             3072     3072 3.072000e+03   1.345995e+06   438.169 (   885      0)   438.134 (   603      0)
"prim_init1"                        3072     3072 3.072000e+03   1.447551e+03     0.491 (  2104      0)     0.444 (  1504      0)
"PartitioningTime"                  3072     3072 3.072000e+03   6.134156e+00     0.004 (  1406      0)     0.001 (   864      0)
"repro_sum_int"                     3072     3072 1.382400e+05   3.080198e+02     0.270 (   877      0)     0.023 (   647      0)
"prim_init2"                        3072     3072 3.072000e+03   6.091450e+02     0.351 (   868      0)     0.124 (   635      0)
"prim_printstate"                   3072     3072 3.072000e+03   9.973156e+01     0.039 (   150      0)     0.030 (  1252      0)
"interp_movie_output"               3072     3072 6.144000e+03   1.051495e+01     0.010 (  1613      0)     0.000 (   878      0)
"prim_main_loop"                    3072     3072 3.072000e+03   1.339746e+06   436.123 (  1784      0)   436.103 (   827      0)
"prim_run"                          3072     3072 5.243904e+06   1.339734e+06   436.120 (  1792      0)   436.098 (   803      0)
"ApplyCAMForcing"                   3072     3072 5.243904e+06   2.050738e+04     7.527 (  1593      0)     5.661 (   603      0)
"prim_step_rX"                      3072     3072 1.573171e+07   1.232113e+06   403.414 (  1755      0)   399.563 (  2634      0)
"prim_step_dyn"                     3072     3072 1.573171e+07   1.894887e+05    82.116 (   603      0)    44.802 (  1592      0)
"prim_advance_exp"                  3072     3072 1.573171e+07   1.894255e+05    82.098 (   603      0)    44.783 (  1592      0)
"U3-5stage_timestep"                3072     3072 1.573171e+07   1.119827e+05    57.038 (   603      0)    23.403 (  1592      0)
"compute_and_apply_rhs"             3072     3072 7.865856e+07   1.112396e+05    56.782 (   603      0)    23.151 (  1592      0)
"caar_bexchV"                       3072     3072 7.865856e+07   6.809409e+04    42.194 (   200      0)     9.326 (  1592      0)
"advance_hypervis_dp"               3072     3072 1.573171e+07   7.737838e+04    29.491 (  3046      0)    21.204 (  1978      0)
"biwkdp3d_bexchV"                   3072     3072 4.719514e+07   1.557235e+04     8.931 (    61      0)     2.880 (  1968      0)
"ahdp_bexchV2"                      3072     3072 4.719514e+07   1.517550e+04     8.315 (  3065      0)     3.013 (  1614      0)
"prim_step_advec"                   3072     3072 1.573171e+07   1.039536e+06   354.001 (  1592      0)   319.968 (   784      0)
"PAT_remap"                         3072     3072 1.573171e+07   1.039497e+06   353.990 (  1592      0)   319.955 (   784      0)
"prim_advec_tracers_remap_rk2"      3072     3072 1.573171e+07   1.039441e+06   353.974 (  1592      0)   319.937 (   784      0)
"precomput_divdp"                   3072     3072 1.573171e+07   2.020256e+03     1.014 (  3061      0)     0.380 (  2052      0)
"euler_step_0"                      3072     3072 1.573171e+07   2.969444e+05   108.219 (   456      0)    80.790 (  2982      0)
"bihmix_qminmax"                    3072     3072 4.719514e+07   4.934871e+05   172.079 (  1608      0)   140.930 (  1073      0)
"eus_neighbor_minmax1"              3072     3072 1.573171e+07   8.550902e+04    34.096 (   456      0)    14.759 (  2465      0)
"nmm_bexchV"                        3072     3072 1.573171e+07   5.496573e+04    24.113 (  1052      0)     6.539 (  2465      0)
"eus_2d_advec"                      3072     3072 4.719514e+07   5.215028e+05   188.631 (  1593      0)   153.518 (  2530      0)
"eus_bexchV"                        3072     3072 4.719514e+07   2.044776e+05    88.479 (  1614      0)    52.400 (  2562      0)
"euler_step_1"                      3072     3072 1.573171e+07   2.021246e+05    72.378 (  1593      0)    60.245 (   200      0)
"euler_step_2"                      3072     3072 1.573171e+07   5.164676e+05   179.536 (   638      0)   157.851 (   794      0)
"nmm_bexchS_start"                  3072     3072 1.573171e+07   1.019028e+03     0.489 (  2856      0)     0.203 (  2790      0)
"biwksc_bexchV"                     3072     3072 1.573171e+07   8.679155e+04    33.556 (   725      0)    19.942 (   774      0)
"nmm_bexchS_fini"                   3072     3072 1.573171e+07   1.011427e+04     4.462 (  1592      0)     2.330 (   441      0)
"qdp_tavg"                          3072     3072 1.573171e+07   2.162130e+04     9.325 (  1409      0)     5.170 (  2549      0)
"vertical_remap"                    3072     3072 5.243904e+06   6.092591e+04    20.894 (  2618      0)    19.263 (  2205      0)
"vertical_remap1_1"                 3072     3072 4.195123e+07   3.335826e+03     1.142 (  2630      0)     1.064 (   438      0)
"remap_Q_ppm"                       3072     3072 1.258537e+08   5.987492e+04    20.521 (  2618      0)    18.943 (  2205      0)
"vertical_remap1_2"                 3072     3072 4.195123e+07   4.485447e+03     1.523 (  2618      0)     1.436 (  2206      0)
"vertical_remap1_3"                 3072     3072 4.195123e+07   5.219513e+04    17.911 (  2618      0)    16.478 (  2205      0)
"prim_run_subcyle_diags"            3072     3072 5.243904e+06   2.238148e+04     8.526 (    53      0)     5.887 (   411      0)
"t_prf"                                0        0 0.000000e+00   0.000000e+00     0.000 (     0      0)     0.000 (     0      0)

