LAST_GIT_COMMIT_SHA:STRING=4790f40f2fb6acbc051ce4c988681a628c18e83d

***** GLOBAL STATISTICS (   192 MPI TASKS) *****

$Id: gptl.c,v 1.157 2011-03-28 20:55:18 rosinski Exp $
'count' is cumulative. All other stats are max/min
name                               processes  threads        count      walltotal   wallmax (proc   thrd  )   wallmin (proc   thrd  )
Total                                    192      192 1.920000e+02   7.540850e+04   392.807 (     6      0)   392.669 (    88      0)
prim_init1                               192      192 1.920000e+02   4.513136e+01     0.237 (   170      0)     0.232 (   113      0)
repro_sum_int                            192      192 8.640000e+03   3.404328e+00     0.023 (     6      0)     0.016 (    37      0)
prim_init2                               192      192 1.920000e+02   1.212922e+02     0.651 (   155      0)     0.624 (   106      0)
prim_printstate                          192      192 1.920000e+02   1.354044e+01     0.073 (     0      0)     0.070 (    12      0)
interp_movie_output                      192      192 3.840000e+02   3.274488e-02     0.000 (    72      0)     0.000 (    63      0)
prim_main_loop                           192      192 1.920000e+02   7.497775e+04   390.564 (     6      0)   390.424 (    88      0)
prim_run                                 192      192 2.054400e+04   7.497759e+04   390.563 (     6      0)   390.423 (    88      0)
tl-sc prim_run_subcycle_c                192      192 2.054400e+04   7.495617e+04   390.451 (     6      0)   390.339 (    88      0)
tl-sc dp3d-from-ps                       192      192 2.054400e+04   8.830263e+00     0.063 (   188      0)     0.031 (    85      0)
tl-sc prim_step-loop                     192      192 2.054400e+04   7.025408e+04   366.999 (   107      0)   364.427 (    10      0)
tl-s prim_step                           192      192 6.163200e+04   7.025382e+04   366.998 (   107      0)   364.424 (    10      0)
tl-s deep_copy+derived_dp                192      192 6.163200e+04   1.659952e+02     1.259 (   190      0)     0.387 (    84      0)
tl-s prim_advance_exp-loop               192      192 6.163200e+04   1.467014e+04    93.346 (    89      0)    64.738 (     6      0)
tl-ae prim_advance_exp                   192      192 6.163200e+04   1.466980e+04    93.344 (    89      0)    64.736 (     6      0)
tl-ae U3-5stage_timestep                 192      192 6.163200e+04   7.203982e+03    55.905 (    89      0)    27.251 (   183      0)
caar compute                             192      192 3.081600e+05   2.631041e+03    16.084 (    10      0)    12.412 (    84      0)
caar_bexchV                              192      192 3.081600e+05   4.466519e+03    42.100 (    89      0)    12.109 (     6      0)
tl-ae advance_hypervis_dp                192      192 6.163200e+04   7.465101e+03    44.277 (   189      0)    36.121 (    94      0)
hvf-bhwk                                 192      192 1.848960e+05   4.386429e+03    29.731 (    98      0)    19.952 (    15      0)
hvf-bexch                                192      192 3.697920e+05   3.994702e+03    27.293 (   130      0)    15.641 (     4      0)
tl-s prim_advec_tracers_remap            192      192 6.163200e+04   5.541669e+04   299.845 (     6      0)   271.602 (    88      0)
tl-at prim_advec_tracers_remap_RK2       192      192 6.163200e+04   5.541628e+04   299.843 (     6      0)   271.600 (    88      0)
tl-at precompute_divdp                   192      192 6.163200e+04   1.060950e+02     0.812 (    22      0)     0.278 (    93      0)
tl-at esf-0                              192      192 6.163200e+04   1.518625e+04    82.652 (   186      0)    75.086 (   119      0)
tl-at esf-1                              192      192 6.163200e+04   1.179921e+04    65.381 (   143      0)    57.781 (    89      0)
tl-at esf-2                              192      192 6.163200e+04   2.666740e+04   146.034 (     9      0)   128.739 (   103      0)
tl-at qdp_time_avg                       192      192 6.163200e+04   1.654667e+03    10.705 (   171      0)     5.150 (   146      0)
tl-sc vertical_remap                     192      192 2.054400e+04   4.058205e+03    22.336 (    10      0)    20.297 (   145      0)
Remap Thickness Functor                  192      192 2.054400e+04   3.626866e+01     0.240 (    10      0)     0.145 (    84      0)
Remap Scale States Functor               192      192 2.054400e+04   2.911870e+01     0.240 (   188      0)     0.055 (    84      0)
Remap Compute Grids Functor              192      192 2.054400e+04   2.328023e+02     1.973 (   123      0)     0.743 (    84      0)
Remap Compute Remap Functor              192      192 2.054400e+04   3.729197e+03    20.172 (    16      0)    19.024 (    62      0)
Remap Rescale States Functor             192      192 2.054400e+04   2.808689e+01     0.216 (     6      0)     0.125 (   102      0)
tl-sc Q-from-qdp                         192      192 2.054400e+04   6.347276e+02     3.815 (     0      0)     2.809 (    89      0)
t_prf                                      0        0 0.000000e+00   0.000000e+00     0.000 (     0      0)     0.000 (     0      0)

