LAST_GIT_COMMIT_SHA:STRING=adf77c97ed8425a245449f2582d2441f4b72da1e

***** GLOBAL STATISTICS (   576 MPI TASKS) *****

$Id: gptl.c,v 1.157 2011-03-28 20:55:18 rosinski Exp $
'count' is cumulative. All other stats are max/min
name                           processes  threads        count      walltotal   wallmax (proc   thrd  )   wallmin (proc   thrd  )
"Total"                              576      576 5.760000e+02   2.187740e+05   379.894 (   439      0)   379.724 (   207      0)
"prim_init1"                         576      576 5.760000e+02   5.026275e+02     0.876 (   466      0)     0.868 (   551      0)
"PartitioningTime"                   576      576 5.760000e+02   3.221041e+00     0.006 (   173      0)     0.005 (   315      0)
"repro_sum_int"                      576      576 2.592000e+04   1.414099e+01     0.039 (   340      0)     0.017 (   247      0)
"prim_init2"                         576      576 5.760000e+02   1.643388e+02     0.300 (   340      0)     0.279 (   257      0)
"prim_printstate"                    576      576 5.760000e+02   2.989871e+01     0.056 (     0      0)     0.052 (   354      0)
"interp_movie_output"                576      576 1.152000e+03   4.204254e-01     0.001 (   542      0)     0.000 (   230      0)
"prim_main_loop"                     576      576 5.760000e+02   2.150887e+05   373.497 (   439      0)   373.328 (   207      0)
"prim_run"                           576      576 4.608000e+04   2.150830e+05   373.487 (   447      0)   373.318 (   207      0)
"ApplyCAMForcing"                    576      576 4.608000e+04   4.119630e+03     7.877 (   435      0)     5.975 (   136      0)
"prim_step_rX"                       576      576 1.382400e+05   1.965460e+05   343.471 (   120      0)   339.900 (   439      0)
"prim_step_dyn"                      576      576 1.382400e+05   3.851299e+04    77.667 (   554      0)    59.058 (   439      0)
"prim_advance_exp"                   576      576 1.382400e+05   3.851183e+04    77.665 (   554      0)    59.057 (   439      0)
"U3-5stage_timestep"                 576      576 1.382400e+05   1.858847e+04    45.904 (   554      0)    23.850 (    30      0)
"compute_and_apply_rhs"              576      576 6.912000e+05   1.826134e+04    45.320 (   554      0)    23.382 (    30      0)
"caar_bexchV"                        576      576 6.912000e+05   8.543016e+03    27.915 (   554      0)     6.294 (   447      0)
"advance_hypervis_dp"                576      576 1.382400e+05   1.992151e+04    39.520 (   482      0)    30.653 (   258      0)
"biwkdp3d_bexchV"                    576      576 4.147200e+05   4.162351e+03    11.509 (   161      0)     3.686 (   439      0)
"ahdp_bexchV2"                       576      576 4.147200e+05   4.472613e+03    11.291 (   484      0)     3.992 (   447      0)
"prim_step_advec"                    576      576 1.382400e+05   1.574135e+05   279.864 (   439      0)   263.724 (    74      0)
"PAT_remap"                          576      576 1.382400e+05   1.574129e+05   279.863 (   439      0)   263.723 (    74      0)
"prim_advec_tracers_remap_rk2"       576      576 1.382400e+05   1.574121e+05   279.862 (   439      0)   263.721 (    74      0)
"precomput_divdp"                    576      576 1.382400e+05   3.279992e+02     0.715 (   528      0)     0.284 (   524      0)
"euler_step_0"                       576      576 1.382400e+05   4.276121e+04    78.258 (    58      0)    69.212 (   573      0)
"bihmix_qminmax"                     576      576 4.147200e+05   7.527388e+04   141.712 (   523      0)   119.394 (   331      0)
"eus_neighbor_minmax1"               576      576 1.382400e+05   1.129576e+04    26.056 (   216      0)    15.164 (    42      0)
"nmm_bexchV"                         576      576 1.382400e+05   5.618200e+03    16.208 (   523      0)     6.616 (    42      0)
"eus_2d_advec"                       576      576 4.147200e+05   7.704127e+04   148.811 (   331      0)   120.566 (   523      0)
"eus_bexchV"                         576      576 4.147200e+05   1.895143e+04    47.067 (   333      0)    24.926 (   523      0)
"euler_step_1"                       576      576 1.382400e+05   3.038880e+04    56.893 (   330      0)    48.774 (    71      0)
"euler_step_2"                       576      576 1.382400e+05   7.917377e+04   145.952 (   293      0)   128.495 (    74      0)
"nmm_bexchS_start"                   576      576 1.382400e+05   1.117613e+01     0.036 (     0      0)     0.008 (   371      0)
"biwksc_bexchV"                      576      576 1.382400e+05   6.315563e+03    14.986 (   523      0)     9.172 (   490      0)
"nmm_bexchS_fini"                    576      576 1.382400e+05   3.985603e+03     7.925 (   435      0)     4.598 (   139      0)
"qdp_tavg"                           576      576 1.382400e+05   4.755242e+03     9.586 (   375      0)     5.093 (   135      0)
"vertical_remap"                     576      576 4.608000e+04   9.978823e+03    18.024 (   435      0)    16.893 (   270      0)
"vertical_remap1_1"                  576      576 6.912000e+06   5.377274e+02     0.969 (   449      0)     0.915 (    93      0)
"remap_Q_ppm"                        576      576 2.073600e+07   9.824828e+03    17.733 (   435      0)    16.635 (   222      0)
"vertical_remap1_2"                  576      576 6.912000e+06   7.381329e+02     1.333 (   449      0)     1.262 (   115      0)
"vertical_remap1_3"                  576      576 6.912000e+06   8.569613e+03    15.476 (   435      0)    14.481 (   222      0)
"prim_run_subcyle_diags"             576      576 4.608000e+04   3.652518e+03     7.911 (   255      0)     5.040 (   121      0)
"t_prf"                                0        0 0.000000e+00   0.000000e+00     0.000 (     0      0)     0.000 (     0      0)

