LAST_GIT_COMMIT_SHA:STRING=adf77c97ed8425a245449f2582d2441f4b72da1e

***** GLOBAL STATISTICS (  4320 MPI TASKS) *****

$Id: gptl.c,v 1.157 2011-03-28 20:55:18 rosinski Exp $
'count' is cumulative. All other stats are max/min
name                           processes  threads        count      walltotal   wallmax (proc   thrd  )   wallmin (proc   thrd  )
"Total"                             4320     4320 4.320000e+03   1.745995e+06   404.213 (   748      0)   404.117 (  4114      0)
"prim_init1"                        4320     4320 4.320000e+03   4.913192e+03     1.189 (  2552      0)     1.078 (  1069      0)
"PartitioningTime"                  4320     4320 4.320000e+03   2.161473e+01     0.006 (   101      0)     0.003 (  3742      0)
"repro_sum_int"                     4320     4320 1.944000e+05   9.264032e+02     0.748 (  3719      0)     0.040 (  3283      0)
"prim_init2"                        4320     4320 4.320000e+03   1.725885e+03     0.753 (  2275      0)     0.230 (   307      0)
"prim_printstate"                   4320     4320 4.320000e+03   2.402735e+02     0.073 (  1411      0)     0.050 (  1980      0)
"interp_movie_output"               4320     4320 8.640000e+03   2.144161e+01     0.016 (  2600      0)     0.000 (  3710      0)
"prim_main_loop"                    4320     4320 4.320000e+03   1.715833e+06   397.220 (   495      0)   397.144 (  4114      0)
"prim_run"                          4320     4320 2.592000e+06   1.715813e+06   397.215 (   496      0)   397.139 (  4114      0)
"ApplyCAMForcing"                   4320     4320 2.592000e+06   2.806676e+04     7.395 (   556      0)     4.636 (   452      0)
"prim_step_rX"                      4320     4320 7.776000e+06   1.580143e+06   368.952 (   452      0)   363.719 (  3297      0)
"prim_step_dyn"                     4320     4320 7.776000e+06   3.037407e+05    95.786 (   308      0)    56.237 (   498      0)
"prim_advance_exp"                  4320     4320 7.776000e+06   3.036893e+05    95.773 (   308      0)    56.228 (   498      0)
"U3-5stage_timestep"                4320     4320 7.776000e+06   1.565020e+05    62.331 (   740      0)    26.103 (   609      0)
"compute_and_apply_rhs"             4320     4320 3.888000e+07   1.545084e+05    61.910 (   740      0)    25.512 (   609      0)
"caar_bexchV"                       4320     4320 3.888000e+07   9.233733e+04    47.717 (   452      0)    10.486 (  3297      0)
"advance_hypervis_dp"               4320     4320 7.776000e+06   1.471263e+05    43.313 (  4124      0)    26.040 (   480      0)
"biwkdp3d_bexchV"                   4320     4320 2.332800e+07   3.909930e+04    15.963 (  3975      0)     4.670 (   494      0)
"ahdp_bexchV2"                      4320     4320 2.332800e+07   4.102267e+04    16.384 (   397      0)     4.564 (   480      0)
"prim_step_advec"                   4320     4320 7.776000e+06   1.272123e+06   307.820 (   498      0)   271.930 (   308      0)
"PAT_remap"                         4320     4320 7.776000e+06   1.272097e+06   307.814 (   498      0)   271.924 (   308      0)
"prim_advec_tracers_remap_rk2"      4320     4320 7.776000e+06   1.272060e+06   307.805 (   498      0)   271.916 (   308      0)
"precomput_divdp"                   4320     4320 7.776000e+06   2.531523e+03     0.796 (   544      0)     0.317 (  1822      0)
"euler_step_0"                      4320     4320 7.776000e+06   3.494882e+05    89.444 (   587      0)    67.927 (   740      0)
"bihmix_qminmax"                    4320     4320 2.332800e+07   5.948433e+05   149.612 (   482      0)   124.010 (    92      0)
"eus_neighbor_minmax1"              4320     4320 7.776000e+06   9.676020e+04    30.220 (  1870      0)    16.184 (   512      0)
"nmm_bexchV"                        4320     4320 7.776000e+06   5.560305e+04    22.526 (  4225      0)     7.393 (   512      0)
"eus_2d_advec"                      4320     4320 2.332800e+07   6.424229e+05   164.562 (   588      0)   128.323 (  1460      0)
"eus_bexchV"                        4320     4320 2.332800e+07   1.997015e+05    59.781 (   512      0)    28.686 (  3476      0)
"euler_step_1"                      4320     4320 7.776000e+06   2.466437e+05    62.963 (   825      0)    51.880 (    84      0)
"euler_step_2"                      4320     4320 7.776000e+06   6.414930e+05   157.285 (  3828      0)   134.189 (  4052      0)
"nmm_bexchS_start"                  4320     4320 7.776000e+06   5.392851e+02     0.207 (   312      0)     0.067 (   348      0)
"biwksc_bexchV"                     4320     4320 7.776000e+06   7.956129e+04    25.918 (   332      0)    11.214 (  1388      0)
"nmm_bexchS_fini"                   4320     4320 7.776000e+06   1.831472e+04     5.630 (    99      0)     2.790 (   645      0)
"qdp_tavg"                          4320     4320 7.776000e+06   3.173478e+04     9.265 (   562      0)     4.719 (  1080      0)
"vertical_remap"                    4320     4320 2.592000e+06   7.537102e+04    18.722 (  2468      0)    16.869 (  2022      0)
"vertical_remap1_1"                 4320     4320 5.184000e+07   4.072157e+03     1.010 (  3305      0)     0.924 (  1846      0)
"remap_Q_ppm"                       4320     4320 1.555200e+08   7.411714e+04    18.313 (  3289      0)    16.596 (  2022      0)
"vertical_remap1_2"                 4320     4320 5.184000e+07   5.567853e+03     1.372 (  3289      0)     1.264 (  4147      0)
"vertical_remap1_3"                 4320     4320 5.184000e+07   6.465032e+04    16.034 (  2468      0)    14.441 (  2022      0)
"prim_run_subcyle_diags"            4320     4320 2.592000e+06   2.695066e+04     7.905 (   658      0)     4.620 (   308      0)
"t_prf"                                0        0 0.000000e+00   0.000000e+00     0.000 (     0      0)     0.000 (     0      0)

