LAST_GIT_COMMIT_SHA:STRING=adf77c97ed8425a245449f2582d2441f4b72da1e

***** GLOBAL STATISTICS (   360 MPI TASKS) *****

$Id: gptl.c,v 1.157 2011-03-28 20:55:18 rosinski Exp $
'count' is cumulative. All other stats are max/min
name                           processes  threads        count      walltotal   wallmax (proc   thrd  )   wallmin (proc   thrd  )
"Total"                              360      360 3.600000e+02   1.384712e+05   384.781 (    81      0)   384.502 (   190      0)
"prim_init1"                         360      360 3.600000e+02   3.291325e+02     0.919 (    33      0)     0.911 (   310      0)
"PartitioningTime"                   360      360 3.600000e+02   1.797358e+00     0.006 (     0      0)     0.003 (   260      0)
"repro_sum_int"                      360      360 1.620000e+04   2.309904e+01     0.185 (   117      0)     0.016 (   146      0)
"prim_init2"                         360      360 3.600000e+02   1.629355e+02     0.574 (    12      0)     0.406 (   338      0)
"prim_printstate"                    360      360 3.600000e+02   2.846499e+01     0.083 (     0      0)     0.079 (   223      0)
"interp_movie_output"                360      360 7.200000e+02   9.494829e-02     0.001 (   322      0)     0.000 (   135      0)
"prim_main_loop"                     360      360 3.600000e+02   1.359927e+05   377.897 (    81      0)   377.618 (   190      0)
"prim_run"                           360      360 1.800000e+04   1.359926e+05   377.896 (    81      0)   377.617 (   190      0)
"ApplyCAMForcing"                    360      360 1.800000e+04   2.535256e+03     7.863 (    89      0)     5.580 (   290      0)
"prim_step_rX"                       360      360 5.400000e+04   1.244013e+05   348.261 (   195      0)   343.434 (    81      0)
"prim_step_dyn"                      360      360 5.400000e+04   2.601686e+04    86.720 (   190      0)    59.342 (    81      0)
"prim_advance_exp"                   360      360 5.400000e+04   2.601637e+04    86.718 (   190      0)    59.341 (    81      0)
"U3-5stage_timestep"                 360      360 5.400000e+04   1.272972e+04    48.944 (   130      0)    26.520 (    81      0)
"compute_and_apply_rhs"              360      360 2.700000e+05   1.253915e+04    48.523 (   130      0)    25.541 (    81      0)
"caar_bexchV"                        360      360 2.700000e+05   6.626579e+03    31.923 (   166      0)     6.245 (    81      0)
"advance_hypervis_dp"                360      360 5.400000e+04   1.328591e+04    45.800 (   202      0)    31.348 (   341      0)
"biwkdp3d_bexchV"                    360      360 1.620000e+05   3.147243e+03    15.593 (   252      0)     3.588 (    83      0)
"ahdp_bexchV2"                       360      360 1.620000e+05   3.215384e+03    16.255 (   259      0)     3.852 (    66      0)
"prim_step_advec"                    360      360 5.400000e+04   9.799985e+04   284.476 (   341      0)   259.247 (   190      0)
"PAT_remap"                          360      360 5.400000e+04   9.799965e+04   284.476 (   341      0)   259.247 (   190      0)
"prim_advec_tracers_remap_rk2"       360      360 5.400000e+04   9.799932e+04   284.475 (   341      0)   259.246 (   190      0)
"precomput_divdp"                    360      360 5.400000e+04   2.028227e+02     0.715 (   356      0)     0.276 (   196      0)
"euler_step_0"                       360      360 5.400000e+04   2.663120e+04    79.196 (   236      0)    66.363 (   223      0)
"bihmix_qminmax"                     360      360 1.620000e+05   4.681575e+04   142.434 (   340      0)   116.692 (   214      0)
"eus_neighbor_minmax1"               360      360 5.400000e+04   6.985448e+03    27.423 (   308      0)    14.365 (   292      0)
"nmm_bexchV"                         360      360 5.400000e+04   3.482099e+03    19.870 (   308      0)     6.326 (    37      0)
"eus_2d_advec"                       360      360 1.620000e+05   4.808624e+04   146.925 (    41      0)   118.885 (   130      0)
"eus_bexchV"                         360      360 1.620000e+05   1.208544e+04    49.351 (   289      0)    22.871 (    18      0)
"euler_step_1"                       360      360 5.400000e+04   1.901154e+04    58.723 (   234      0)    47.351 (   224      0)
"euler_step_2"                       360      360 5.400000e+04   4.926283e+04   147.528 (   341      0)   127.075 (   130      0)
"nmm_bexchS_start"                   360      360 5.400000e+04   4.620096e+00     0.023 (   240      0)     0.005 (    80      0)
"biwksc_bexchV"                      360      360 5.400000e+04   3.794069e+03    14.859 (   348      0)     7.969 (   214      0)
"nmm_bexchS_fini"                    360      360 5.400000e+04   2.433232e+03     8.757 (   335      0)     4.790 (   195      0)
"qdp_tavg"                           360      360 5.400000e+04   2.888787e+03     9.889 (   358      0)     4.405 (   289      0)
"vertical_remap"                     360      360 1.800000e+04   6.255478e+03    18.499 (   188      0)    16.873 (   292      0)
"vertical_remap1_1"                  360      360 4.320000e+06   3.342779e+02     0.968 (   188      0)     0.914 (   247      0)
"remap_Q_ppm"                        360      360 1.296000e+07   6.157764e+03    18.139 (   188      0)    16.615 (   292      0)
"vertical_remap1_2"                  360      360 4.320000e+06   4.630113e+02     1.337 (   188      0)     1.264 (   253      0)
"vertical_remap1_3"                  360      360 4.320000e+06   5.373834e+03    15.886 (   188      0)    14.470 (   292      0)
"prim_run_subcyle_diags"             360      360 1.800000e+04   2.315092e+03     8.549 (   280      0)     4.954 (   189      0)
"t_prf"                                0        0 0.000000e+00   0.000000e+00     0.000 (     0      0)     0.000 (     0      0)

