LAST_GIT_COMMIT_SHA:STRING=adf77c97ed8425a245449f2582d2441f4b72da1e

***** GLOBAL STATISTICS ( 43200 MPI TASKS) *****

$Id: gptl.c,v 1.157 2011-03-28 20:55:18 rosinski Exp $
'count' is cumulative. All other stats are max/min
name                           processes  threads        count      walltotal   wallmax (proc   thrd  )   wallmin (proc   thrd  )
"Total"                            43200    43200 4.320000e+04   1.841091e+07   426.421 (  7944      0)   426.016 ( 22788      0)
"prim_init1"                       43200    43200 4.320000e+04   2.068664e+05     5.057 ( 26319      0)     4.133 ( 20988      0)
"PartitioningTime"                 43200    43200 4.320000e+04   6.913353e+02     0.078 ( 29849      0)     0.003 ( 28488      0)
"repro_sum_int"                    43200    43200 1.944000e+06   3.783357e+04     5.518 ( 27011      0)     0.166 ( 16442      0)
"prim_init2"                       43200    43200 4.320000e+04   8.163245e+04     5.262 ( 31938      0)     1.202 ( 31253      0)
"prim_printstate"                  43200    43200 4.320000e+04   7.297698e+03     0.214 ( 40113      0)     0.136 ( 22195      0)
"interp_movie_output"              43200    43200 8.640000e+04   1.392419e+03     0.103 ( 25923      0)     0.000 ( 27819      0)
"prim_main_loop"                   43200    43200 4.320000e+04   1.757002e+07   406.786 (  7944      0)   406.592 ( 25942      0)
"prim_run"                         43200    43200 2.592000e+08   1.756868e+07   406.780 (  7944      0)   406.553 ( 25937      0)
"ApplyCAMForcing"                  43200    43200 2.592000e+08   1.101201e+05     4.795 (  4255      0)     2.073 ( 16606      0)
"prim_step_rX"                     43200    43200 7.776000e+08   1.647988e+07   384.438 ( 21217      0)   378.009 (  7230      0)
"prim_step_dyn"                    43200    43200 7.776000e+08   4.640269e+06   133.419 ( 21722      0)    81.374 (  6821      0)
"prim_advance_exp"                 43200    43200 7.776000e+08   4.637385e+06   133.313 ( 21722      0)    81.313 (  6821      0)
"U3-5stage_timestep"               43200    43200 7.776000e+08   2.357778e+06    81.791 ( 21722      0)    35.740 ( 27458      0)
"compute_and_apply_rhs"            43200    43200 3.888000e+09   2.346443e+06    81.530 ( 21722      0)    35.469 ( 27458      0)
"caar_bexchV"                      43200    43200 3.888000e+09   1.809920e+06    68.788 ( 21722      0)    22.917 ( 27458      0)
"advance_hypervis_dp"              43200    43200 7.776000e+08   2.277267e+06    67.607 ( 17519      0)    42.086 (  6726      0)
"biwkdp3d_bexchV"                  43200    43200 2.332800e+09   8.347469e+05    28.272 ( 17512      0)    13.455 ( 35941      0)
"ahdp_bexchV2"                     43200    43200 2.332800e+09   8.514318e+05    28.458 ( 17509      0)    14.109 (  6726      0)
"prim_step_advec"                  43200    43200 7.776000e+08   1.181117e+07   296.868 (  6842      0)   249.263 ( 21701      0)
"PAT_remap"                        43200    43200 7.776000e+08   1.180986e+07   296.841 (  6842      0)   249.231 ( 21701      0)
"prim_advec_tracers_remap_rk2"     43200    43200 7.776000e+08   1.180814e+07   296.804 (  6842      0)   249.191 ( 21701      0)
"precomput_divdp"                  43200    43200 7.776000e+08   2.333984e+04     0.875 ( 27721      0)     0.367 ( 17253      0)
"euler_step_0"                     43200    43200 7.776000e+08   3.351541e+06    91.956 ( 35639      0)    64.026 ( 17297      0)
"bihmix_qminmax"                   43200    43200 2.332800e+09   5.525643e+06   146.667 (  6839      0)   102.215 ( 16865      0)
"eus_neighbor_minmax1"             43200    43200 7.776000e+08   1.060473e+06    33.908 ( 23639      0)    13.471 ( 16985      0)
"nmm_bexchV"                       43200    43200 7.776000e+08   8.028722e+05    26.732 ( 23639      0)     7.579 ( 16985      0)
"eus_2d_advec"                     43200    43200 2.332800e+09   6.054890e+06   170.297 ( 36254      0)   118.350 ( 10967      0)
"eus_bexchV"                       43200    43200 2.332800e+09   2.702545e+06    95.538 ( 35961      0)    42.624 (  8616      0)
"euler_step_1"                     43200    43200 7.776000e+08   2.065490e+06    52.926 ( 30831      0)    39.936 ( 21722      0)
"euler_step_2"                     43200    43200 7.776000e+08   6.174019e+06   156.400 ( 35961      0)   130.536 (  8316      0)
"nmm_bexchS_start"                 43200    43200 7.776000e+08   3.657793e+04     2.117 ( 35960      0)     0.371 ( 18521      0)
"biwksc_bexchV"                    43200    43200 7.776000e+08   1.534376e+06    44.879 ( 22954      0)    20.351 ( 16865      0)
"nmm_bexchS_fini"                  43200    43200 7.776000e+08   2.291358e+04     0.789 ( 39912      0)     0.433 (  2225      0)
"qdp_tavg"                         43200    43200 7.776000e+08   1.874784e+05     4.663 (  8656      0)     4.182 ( 29986      0)
"vertical_remap"                   43200    43200 2.592000e+08   7.451289e+05    18.464 ( 40584      0)    16.650 ( 29205      0)
"vertical_remap1_1"                43200    43200 5.184000e+08   4.576356e+04     1.146 ( 40584      0)     0.953 (  8309      0)
"remap_Q_ppm"                      43200    43200 1.555200e+09   7.288526e+05    18.050 ( 40584      0)    16.282 ( 33132      0)
"vertical_remap1_2"                43200    43200 5.184000e+08   5.575962e+04     1.372 ( 40584      0)     1.262 (    23      0)
"vertical_remap1_3"                43200    43200 5.184000e+08   6.313139e+05    15.638 ( 40584      0)    14.076 ( 29205      0)
"prim_run_subcyle_diags"           43200    43200 2.592000e+08   1.983323e+05     6.020 ( 30408      0)     2.733 ( 21904      0)
"t_prf"                                0        0 0.000000e+00   0.000000e+00     0.000 (     0      0)     0.000 (     0      0)

