LAST_GIT_COMMIT_SHA:STRING=adf77c97ed8425a245449f2582d2441f4b72da1e

***** GLOBAL STATISTICS ( 14400 MPI TASKS) *****

$Id: gptl.c,v 1.157 2011-03-28 20:55:18 rosinski Exp $
'count' is cumulative. All other stats are max/min
name                           processes  threads        count      walltotal   wallmax (proc   thrd  )   wallmin (proc   thrd  )
"Total"                            14400    14400 1.440000e+04   5.885769e+06   409.174 (   352      0)   408.601 ( 14351      0)
"prim_init1"                       14400    14400 1.440000e+04   3.673689e+04     3.108 (   390      0)     2.221 (  4848      0)
"PartitioningTime"                 14400    14400 1.440000e+04   7.879712e+01     0.010 (  1026      0)     0.002 (  3233      0)
"repro_sum_int"                    14400    14400 6.480000e+05   8.279065e+03     2.632 (  5679      0)     0.082 (  9202      0)
"prim_init2"                       14400    14400 1.440000e+04   1.631317e+04     2.545 (  5708      0)     0.615 ( 13608      0)
"prim_printstate"                  14400    14400 1.440000e+04   1.751965e+03     0.205 ( 10631      0)     0.080 (  9990      0)
"interp_movie_output"              14400    14400 2.880000e+04   2.605345e+02     0.053 ( 12630      0)     0.000 (  1278      0)
"prim_main_loop"                   14400    14400 1.440000e+04   5.736351e+06   398.401 (  5756      0)   398.308 (  6232      0)
"prim_run"                         14400    14400 2.880000e+07   5.736178e+06   398.397 (  5756      0)   398.295 (  6227      0)
"ApplyCAMForcing"                  14400    14400 2.880000e+07   7.854866e+04     7.427 ( 13976      0)     3.637 (  8363      0)
"prim_step_rX"                     14400    14400 8.640000e+07   5.299563e+06   372.074 (  8600      0)   365.999 (  6580      0)
"prim_step_dyn"                    14400    14400 8.640000e+07   1.077501e+06   100.252 ( 10552      0)    55.598 (  4289      0)
"prim_advance_exp"                 14400    14400 8.640000e+07   1.077024e+06   100.218 ( 10552      0)    55.568 (  4289      0)
"U3-5stage_timestep"               14400    14400 8.640000e+07   5.833807e+05    66.973 (  8363      0)    24.630 (  6592      0)
"compute_and_apply_rhs"            14400    14400 4.320000e+08   5.803819e+05    66.764 (  8363      0)    24.417 (  6592      0)
"caar_bexchV"                      14400    14400 4.320000e+08   4.038072e+05    54.381 (  8363      0)    12.097 (  6592      0)
"advance_hypervis_dp"              14400    14400 8.640000e+07   4.933108e+05    46.184 (   662      0)    26.214 (  7468      0)
"biwkdp3d_bexchV"                  14400    14400 2.592000e+08   1.470131e+05    18.019 (   381      0)     6.154 (  7475      0)
"ahdp_bexchV2"                     14400    14400 2.592000e+08   1.501236e+05    19.161 (   533      0)     6.288 (  7467      0)
"prim_step_advec"                  14400    14400 8.640000e+07   4.210613e+06   310.618 (  4289      0)   270.024 ( 13048      0)
"PAT_remap"                        14400    14400 8.640000e+07   4.210414e+06   310.604 (  4289      0)   270.012 ( 13048      0)
"prim_advec_tracers_remap_rk2"     14400    14400 8.640000e+07   4.210140e+06   310.586 (  4289      0)   269.995 ( 13048      0)
"precomput_divdp"                  14400    14400 8.640000e+07   8.235715e+03     0.894 (  8399      0)     0.345 (  8176      0)
"euler_step_0"                     14400    14400 8.640000e+07   1.163996e+06    94.587 (  4297      0)    67.032 ( 11115      0)
"bihmix_qminmax"                   14400    14400 2.592000e+08   1.962750e+06   151.659 (  6665      0)   115.693 (   670      0)
"eus_neighbor_minmax1"             14400    14400 8.640000e+07   3.308147e+05    31.891 (  4297      0)    13.438 (   730      0)
"nmm_bexchV"                       14400    14400 8.640000e+07   2.232890e+05    24.254 (  6697      0)     6.885 (   730      0)
"eus_2d_advec"                     14400    14400 2.592000e+08   2.158794e+06   175.948 (  4282      0)   132.194 (  2872      0)
"eus_bexchV"                       14400    14400 2.592000e+08   8.346096e+05    84.195 (  7930      0)    41.228 ( 11849      0)
"euler_step_1"                     14400    14400 8.640000e+07   8.193797e+05    64.071 (  4286      0)    51.275 (   525      0)
"euler_step_2"                     14400    14400 8.640000e+07   2.140823e+06   159.868 (  8460      0)   134.759 (  2872      0)
"nmm_bexchS_start"                 14400    14400 8.640000e+07   4.956429e+03     0.528 ( 13872      0)     0.169 (   766      0)
"biwksc_bexchV"                    14400    14400 8.640000e+07   3.871238e+05    36.487 (  1962      0)    16.746 (  6394      0)
"nmm_bexchS_fini"                  14400    14400 8.640000e+07   3.008074e+04     2.820 (  5268      0)     1.405 (  3034      0)
"qdp_tavg"                         14400    14400 8.640000e+07   7.652506e+04     6.956 ( 13982      0)     4.303 (  8399      0)
"vertical_remap"                   14400    14400 2.880000e+07   2.505240e+05    18.473 (  2763      0)    16.713 (  5099      0)
"vertical_remap1_1"                14400    14400 1.728000e+08   1.422983e+04     1.055 ( 14295      0)     0.933 (  1290      0)
"remap_Q_ppm"                      14400    14400 5.184000e+08   2.458610e+05    18.079 (  2763      0)    16.401 (  5099      0)
"vertical_remap1_2"                14400    14400 1.728000e+08   1.849803e+04     1.357 (  6997      0)     1.257 (  4372      0)
"vertical_remap1_3"                14400    14400 1.728000e+08   2.140048e+05    15.790 (  2763      0)    14.227 (  5099      0)
"prim_run_subcyle_diags"           14400    14400 2.880000e+07   9.280417e+04     8.148 (     4      0)     3.947 ( 10552      0)
"t_prf"                                0        0 0.000000e+00   0.000000e+00     0.000 (     0      0)     0.000 (     0      0)

