LAST_GIT_COMMIT_SHA:STRING=4790f40f2fb6acbc051ce4c988681a628c18e83d

***** GLOBAL STATISTICS (  9600 MPI TASKS) *****

$Id: gptl.c,v 1.157 2011-03-28 20:55:18 rosinski Exp $
'count' is cumulative. All other stats are max/min
name                               processes  threads        count      walltotal   wallmax (proc   thrd  )   wallmin (proc   thrd  )
Total                                   9600     9600 9.600000e+03   3.240093e+06   337.641 (    23      0)   337.426 (  2042      0)
prim_init1                              9600     9600 9.600000e+03   1.870468e+04     2.150 (  6148      0)     1.792 (   951      0)
repro_sum_int                           9600     9600 4.320000e+05   3.971741e+03     1.414 (     8      0)     0.101 (  5164      0)
prim_init2                              9600     9600 9.600000e+03   1.546749e+04     2.626 (     8      0)     0.867 (  8192      0)
prim_printstate                         9600     9600 9.600000e+03   1.603720e+03     0.198 (  2768      0)     0.142 (  3322      0)
interp_movie_output                     9600     9600 1.920000e+04   1.685339e+02     0.044 (  6324      0)     0.000 (  5416      0)
prim_main_loop                          9600     9600 9.600000e+03   3.169141e+06   330.170 (  6851      0)   330.052 (  1645      0)
prim_run                                9600     9600 2.560320e+07   3.169010e+06   330.157 (  6361      0)   330.041 (  2206      0)
tl-sc prim_run_subcycle_c               9600     9600 2.560320e+07   3.168630e+06   330.106 (  9274      0)   329.995 (  3044      0)
tl-sc dp3d-from-ps                      9600     9600 2.560320e+07   4.520348e+02     0.089 (  4141      0)     0.036 (  8518      0)
tl-sc prim_step-loop                    9600     9600 2.560320e+07   2.988290e+06   312.025 (  7590      0)   310.217 (   502      0)
tl-s prim_step                          9600     9600 7.680960e+07   2.988144e+06   312.014 (  7590      0)   310.194 (   502      0)
tl-s deep_copy+derived_dp               9600     9600 7.680960e+07   4.891068e+03     0.790 (  2973      0)     0.320 (  5754      0)
tl-s prim_advance_exp-loop              9600     9600 7.680960e+07   6.407774e+05    84.846 (  9231      0)    51.992 (  4940      0)
tl-ae prim_advance_exp                  9600     9600 7.680960e+07   6.406234e+05    84.830 (  9231      0)    51.978 (  4940      0)
tl-ae U3-5stage_timestep                9600     9600 7.680960e+07   3.289506e+05    54.848 (  9232      0)    22.565 (  4940      0)
caar compute                            9600     9600 3.840480e+08   8.803124e+04     9.963 (  2952      0)     8.592 (  1223      0)
caar_bexchV                             9600     9600 3.840480e+08   2.378637e+05    45.097 (  9232      0)    13.463 (  4940      0)
tl-ae advance_hypervis_dp               9600     9600 7.680960e+07   3.114453e+05    42.232 (   805      0)    27.176 (  6837      0)
hvf-bhwk                                9600     9600 2.304288e+08   1.869287e+05    26.242 (   602      0)    16.436 (  1264      0)
hvf-bexch                               9600     9600 4.608576e+08   2.046567e+05    30.976 (   805      0)    16.064 (  5690      0)
tl-s prim_advec_tracers_remap           9600     9600 7.680960e+07   2.342028e+06   259.056 (  4940      0)   225.896 (  9231      0)
tl-at prim_advec_tracers_remap_RK2      9600     9600 7.680960e+07   2.341789e+06   259.040 (  4940      0)   225.875 (  9231      0)
tl-at precompute_divdp                  9600     9600 7.680960e+07   4.130918e+03     0.689 (  1723      0)     0.285 (  9370      0)
tl-at esf-0                             9600     9600 7.680960e+07   6.809338e+05    80.452 (  6847      0)    61.029 (   562      0)
tl-at esf-1                             9600     9600 7.680960e+07   4.847404e+05    54.042 (  1572      0)    46.268 (  8266      0)
tl-at esf-2                             9600     9600 7.680960e+07   1.129596e+06   133.739 (  9331      0)   105.599 (  1337      0)
tl-at qdp_time_avg                      9600     9600 7.680960e+07   4.109948e+04     5.250 (  1995      0)     3.770 (  8570      0)
tl-sc vertical_remap                    9600     9600 2.560320e+07   1.579721e+05    17.450 (   502      0)    15.748 (  7590      0)
Remap Thickness Functor                 9600     9600 2.560320e+07   1.907362e+03     0.280 (  4207      0)     0.133 (   570      0)
Remap Scale States Functor              9600     9600 2.560320e+07   7.488375e+02     0.139 (  7023      0)     0.046 (  8568      0)
Remap Compute Grids Functor             9600     9600 2.560320e+07   7.455379e+03     1.049 (  3703      0)     0.603 (  8518      0)
Remap Compute Remap Functor             9600     9600 2.560320e+07   1.455091e+05    16.074 (  3842      0)    14.709 (  7590      0)
Remap Rescale States Functor            9600     9600 2.560320e+07   1.017800e+03     0.130 (  6998      0)     0.100 (  6573      0)
tl-sc Q-from-qdp                        9600     9600 2.560320e+07   2.173334e+04     2.510 (  2964      0)     2.173 (  1336      0)
t_prf                                      0        0 0.000000e+00   0.000000e+00     0.000 (     0      0)     0.000 (     0      0)

