LAST_GIT_COMMIT_SHA:STRING=adf77c97ed8425a245449f2582d2441f4b72da1e

***** GLOBAL STATISTICS (   288 MPI TASKS) *****

$Id: gptl.c,v 1.157 2011-03-28 20:55:18 rosinski Exp $
'count' is cumulative. All other stats are max/min
name                           processes  threads        count      walltotal   wallmax (proc   thrd  )   wallmin (proc   thrd  )
"Total"                              288      288 2.880000e+02   1.097878e+05   381.271 (    39      0)   381.116 (    56      0)
"prim_init1"                         288      288 2.880000e+02   3.066272e+02     1.067 (    10      0)     1.061 (   108      0)
"PartitioningTime"                   288      288 2.880000e+02   1.486826e+00     0.006 (   239      0)     0.003 (   141      0)
"repro_sum_int"                      288      288 1.296000e+04   1.109604e+01     0.103 (   165      0)     0.022 (   260      0)
"prim_init2"                         288      288 2.880000e+02   1.673288e+02     0.645 (   165      0)     0.567 (   199      0)
"prim_printstate"                    288      288 2.880000e+02   3.317044e+01     0.119 (     0      0)     0.114 (   239      0)
"interp_movie_output"                288      288 5.760000e+02   1.674880e+00     0.011 (   274      0)     0.000 (   227      0)
"prim_main_loop"                     288      288 2.880000e+02   1.076423e+05   373.822 (    39      0)   373.656 (    56      0)
"prim_run"                           288      288 1.152000e+04   1.076383e+05   373.815 (    39      0)   373.640 (    56      0)
"ApplyCAMForcing"                    288      288 1.152000e+04   2.134183e+03     7.926 (    77      0)     6.512 (   116      0)
"prim_step_rX"                       288      288 3.456000e+04   9.825631e+04   343.014 (    56      0)   340.202 (   214      0)
"prim_step_dyn"                      288      288 3.456000e+04   1.856967e+04    72.924 (   104      0)    59.214 (   273      0)
"prim_advance_exp"                   288      288 3.456000e+04   1.856934e+04    72.923 (   104      0)    59.213 (   273      0)
"U3-5stage_timestep"                 288      288 3.456000e+04   8.932546e+03    40.834 (    56      0)    26.583 (    95      0)
"compute_and_apply_rhs"              288      288 1.728000e+05   8.733613e+03    40.194 (    56      0)    25.862 (   279      0)
"caar_bexchV"                        288      288 1.728000e+05   3.472619e+03    21.484 (    56      0)     6.305 (    14      0)
"advance_hypervis_dp"                288      288 3.456000e+04   9.636277e+03    36.640 (   210      0)    31.090 (   277      0)
"biwkdp3d_bexchV"                    288      288 1.036800e+05   1.673340e+03     9.856 (   101      0)     3.781 (    34      0)
"ahdp_bexchV2"                       288      288 1.036800e+05   1.824871e+03     9.421 (    76      0)     3.959 (    34      0)
"prim_step_advec"                    288      288 3.456000e+04   7.935787e+04   280.555 (   273      0)   267.742 (   104      0)
"PAT_remap"                          288      288 3.456000e+04   7.935772e+04   280.555 (   273      0)   267.741 (   104      0)
"prim_advec_tracers_remap_rk2"       288      288 3.456000e+04   7.935750e+04   280.554 (   273      0)   267.740 (   104      0)
"precomput_divdp"                    288      288 3.456000e+04   1.742354e+02     0.720 (   214      0)     0.387 (   188      0)
"euler_step_0"                       288      288 3.456000e+04   2.162544e+04    77.491 (   115      0)    72.516 (    19      0)
"bihmix_qminmax"                     288      288 1.036800e+05   3.825074e+04   138.518 (    55      0)   122.517 (   119      0)
"eus_neighbor_minmax1"               288      288 3.456000e+04   5.621495e+03    24.314 (   236      0)    14.837 (   119      0)
"nmm_bexchV"                         288      288 3.456000e+04   2.574068e+03    12.958 (   236      0)     6.699 (   119      0)
"eus_2d_advec"                       288      288 1.036800e+05   3.839771e+04   145.333 (   166      0)   121.591 (    56      0)
"eus_bexchV"                         288      288 1.036800e+05   9.132902e+03    43.538 (    72      0)    26.392 (    56      0)
"euler_step_1"                       288      288 3.456000e+04   1.528217e+04    55.226 (   110      0)    50.876 (    55      0)
"euler_step_2"                       288      288 3.456000e+04   3.974322e+04   143.462 (    38      0)   131.919 (   104      0)
"nmm_bexchS_start"                   288      288 3.456000e+04   3.087882e+00     0.018 (   184      0)     0.004 (   172      0)
"biwksc_bexchV"                      288      288 3.456000e+04   3.019761e+03    12.471 (    95      0)     8.873 (   172      0)
"nmm_bexchS_fini"                    288      288 3.456000e+04   2.037508e+03     8.590 (    55      0)     5.600 (   117      0)
"qdp_tavg"                           288      288 3.456000e+04   2.530992e+03     9.856 (     2      0)     5.400 (   116      0)
"vertical_remap"                     288      288 1.152000e+04   4.988587e+03    17.686 (   248      0)    16.927 (   130      0)
"vertical_remap1_1"                  288      288 3.456000e+06   2.661896e+02     0.931 (    96      0)     0.915 (    16      0)
"remap_Q_ppm"                        288      288 1.036800e+07   4.912085e+03    17.377 (   248      0)    16.670 (   130      0)
"vertical_remap1_2"                  288      288 3.456000e+06   3.692352e+02     1.291 (    27      0)     1.265 (   130      0)
"vertical_remap1_3"                  288      288 3.456000e+06   4.287044e+03    15.205 (   248      0)    14.525 (   130      0)
"prim_run_subcyle_diags"             288      288 1.152000e+04   1.826745e+03     7.907 (   115      0)     5.220 (    56      0)
"t_prf"                                0        0 0.000000e+00   0.000000e+00     0.000 (     0      0)     0.000 (     0      0)

