LAST_GIT_COMMIT_SHA:STRING=adf77c97ed8425a245449f2582d2441f4b72da1e
11115625

***** GLOBAL STATISTICS ( 11520 MPI TASKS) *****

$Id: gptl.c,v 1.157 2011-03-28 20:55:18 rosinski Exp $
'count' is cumulative. All other stats are max/min
name                           processes  threads        count      walltotal   wallmax (proc   thrd  )   wallmin (proc   thrd  )
"Total"                            11520    11520 1.152000e+04   2.740058e+06   238.079 (  4188      0)   237.657 (  8007      0)
"prim_init1"                       11520    11520 1.152000e+04   7.007857e+04     6.162 (  3842      0)     5.710 (   256      0)
"PartitioningTime"                 11520    11520 1.152000e+04   1.573702e+02     0.023 (  9969      0)     0.010 ( 11163      0)
"repro_sum_int"                    11520    11520 5.184000e+05   7.344654e+03     2.702 (   256      0)     0.117 (  7568      0)
"prim_init2"                       11520    23040 2.304000e+04   1.818088e+04     2.840 ( 10705      0)     0.278 (   398      1)
"prim_printstate"                  11520    23040 2.304000e+04   3.013935e+03     0.144 (  4212      0)     0.123 (  2883      1)
"interp_movie_output"              11520    11520 2.304000e+04   1.043526e+02     0.021 ( 10531      0)     0.001 (  9818      0)
"prim_main_loop"                   11520    11520 1.152000e+04   1.927432e+06   167.545 (  4188      0)   167.117 (  9387      0)
"prim_run"                         11520    23040 3.456000e+06   3.854758e+06   167.539 (  4188      1)   167.113 (  9387      0)
"ApplyCAMForcing"                  11520    23040 3.456000e+06   3.329573e+04     2.072 (  4099      0)     1.095 (  5319      0)
"prim_step_rX"                     11520    23040 1.036800e+07   3.510354e+06   154.059 (  5319      0)   151.221 (  8628      1)
"prim_step_dyn"                    11520    23040 1.036800e+07   1.165120e+06    65.669 (  6790      0)    21.610 (  4188      1)
"prim_advance_exp"                 11520    23040 1.036800e+07   1.164963e+06    65.663 (  6790      0)    21.603 (  4188      1)
"U3-5stage_timestep"               11520    23040 1.036800e+07   5.648544e+05    49.696 (  5323      0)    10.494 (  4188      1)
"compute_and_apply_rhs"            11520    23040 5.184000e+07   5.612736e+05    49.537 (  5323      1)    10.331 (  4188      1)
"caar_bexchV"                      11520    23040 5.184000e+07   3.658949e+05    41.506 (  5323      1)     1.658 (  4188      1)
"advance_hypervis_dp"              11520    23040 1.036800e+07   5.998432e+05    42.309 (  5526      0)    11.077 (  4189      1)
"biwkdp3d_bexchV"                  11520    23040 3.110400e+07   2.042878e+05    21.422 (  4804      1)     0.940 (  4189      1)
"ahdp_bexchV2"                     11520    23040 3.110400e+07   2.035087e+05    21.365 (  4243      1)     1.134 (  4190      1)
"prim_step_advec"                  11520    23040 1.036800e+07   2.340501e+06   131.296 (  4188      1)    87.834 (  6790      1)
"PAT_remap"                        11520    23040 1.036800e+07   2.340408e+06   131.292 (  4188      1)    87.831 (  6790      1)
"prim_advec_tracers_remap_rk2"     11520    23040 1.036800e+07   2.340282e+06   131.287 (  4188      0)    87.825 (  6790      1)
"precomput_divdp"                  11520    23040 1.036800e+07   3.211183e+03     0.183 (  9767      1)     0.126 (  4135      0)
"euler_step_0"                     11520    23040 1.036800e+07   5.768278e+05    41.793 (  4360      0)    18.953 (  5509      1)
"bihmix_qminmax"                   11520    23040 3.110400e+07   1.057692e+06    80.776 (  4188      1)    39.296 (   888      0)
"eus_neighbor_minmax1"             11520    23040 1.036800e+07   1.217076e+05    17.650 (  4801      0)     2.678 (   462      1)
"nmm_bexchV"                       11520    23040 1.036800e+07   7.974406e+04    16.071 (  4799      0)     1.010 (  4559      1)
"eus_2d_advec"                     11520    23040 3.110400e+07   1.245179e+06    68.896 (  4349      0)    45.387 (   815      1)
"eus_bexchV"                       11520    23040 3.110400e+07   3.373588e+05    33.213 (  4349      0)     7.433 (    79      1)
"euler_step_1"                     11520    23040 1.036800e+07   4.640101e+05    33.103 (  4377      1)    15.496 (  5525      1)
"euler_step_2"                     11520    23040 1.036800e+07   1.262992e+06    82.894 (  4188      1)    46.611 (   860      0)
"nmm_bexchS_start"                 11520    23040 1.036800e+07   9.036693e+02     0.610 (  4800      1)     0.005 (  5776      1)
"biwksc_bexchV"                    11520    23040 1.036800e+07   1.237843e+05    23.678 (  4188      1)     2.314 (  5831      1)
"nmm_bexchS_fini"                  11520    23040 1.036800e+07   1.801562e+04    16.847 (  4188      1)     0.013 (  4188      0)
"qdp_tavg"                         11520    23040 1.036800e+07   3.272431e+04     2.573 (  4925      0)     0.901 (  5319      0)
"vertical_remap"                   11520    23040 3.456000e+06   2.869670e+05    13.526 (  8628      0)    11.368 (   886      0)
"vertical_remap1_1"                11520    23040 5.184000e+07   1.275166e+04     0.613 (  9479      0)     0.472 (   808      1)
"remap_Q_ppm"                      11520    23040 1.555200e+08   2.818594e+05    13.286 (  8628      0)    11.158 (   886      0)
"vertical_remap1_2"                11520    23040 5.184000e+07   1.789854e+04     0.858 (  9479      0)     0.678 (   829      1)
"vertical_remap1_3"                11520    23040 5.184000e+07   2.532954e+05    11.925 (  8628      0)    10.025 (   886      1)
"prim_run_subcyle_diags"           11520    23040 3.456000e+06   1.802834e+04     1.295 (  6915      1)     0.442 (  1448      1)
"t_prf"                                0        0 0.000000e+00   0.000000e+00     0.000 (     0      0)     0.000 (     0      0)

