LAST_GIT_COMMIT_SHA:STRING=adf77c97ed8425a245449f2582d2441f4b72da1e
11103108

***** GLOBAL STATISTICS (  6400 MPI TASKS) *****

$Id: gptl.c,v 1.157 2011-03-28 20:55:18 rosinski Exp $
'count' is cumulative. All other stats are max/min
name                           processes  threads        count      walltotal   wallmax (proc   thrd  )   wallmin (proc   thrd  )
"Total"                             6400     6400 6.400000e+03   1.522759e+06   238.186 (  1255      0)   237.683 (  3382      0)
"prim_init1"                        6400     6400 6.400000e+03   3.852025e+04     6.103 (  1335      0)     5.559 (   782      0)
"PartitioningTime"                  6400     6400 6.400000e+03   8.534398e+01     0.021 (  5531      0)     0.010 (   176      0)
"repro_sum_int"                     6400     6400 2.880000e+05   1.736250e+03     0.920 (  1952      0)     0.079 (  4928      0)
"prim_init2"                        6400    12800 1.280000e+04   5.588507e+03     1.054 (   829      1)     0.252 (  5062      1)
"prim_printstate"                   6400    12800 1.280000e+04   1.402367e+03     0.116 (  4266      1)     0.106 (  6130      1)
"interp_movie_output"               6400     6400 1.280000e+04   2.663675e+01     0.011 (  1766      0)     0.000 (   730      0)
"prim_main_loop"                    6400     6400 6.400000e+03   1.083041e+06   169.475 (  1245      0)   168.970 (  3382      0)
"prim_run"                          6400    12800 1.075200e+06   2.166042e+06   169.473 (  1234      0)   168.967 (  3382      0)
"ApplyCAMForcing"                   6400    12800 1.075200e+06   2.024166e+04     2.405 (  1289      1)     1.209 (  1619      0)
"prim_step_rX"                      6400    12800 3.225600e+06   1.967881e+06   154.766 (  1600      0)   152.589 (  1229      0)
"prim_step_dyn"                     6400    12800 3.225600e+06   5.829180e+05    56.450 (  3832      0)    29.958 (  1223      1)
"prim_advance_exp"                  6400    12800 3.225600e+06   5.828663e+05    56.446 (  3832      0)    29.955 (  1223      1)
"U3-5stage_timestep"                6400    12800 3.225600e+06   2.930935e+05    37.775 (  1611      0)    13.001 (   792      1)
"compute_and_apply_rhs"             6400    12800 1.612800e+07   2.912673e+05    37.652 (  1611      0)    12.831 (   792      1)
"caar_bexchV"                       6400    12800 1.612800e+07   1.788246e+05    29.930 (  1611      0)     3.056 (   792      1)
"advance_hypervis_dp"               6400    12800 3.225600e+06   2.896840e+05    33.640 (  1698      1)    13.551 (   562      0)
"biwkdp3d_bexchV"                   6400    12800 9.676800e+06   9.164220e+04    15.490 (   243      1)     1.938 (   576      0)
"ahdp_bexchV2"                      6400    12800 9.676800e+06   9.000610e+04    15.390 (   226      1)     1.996 (  1324      0)
"prim_step_advec"                   6400    12800 3.225600e+06   1.382029e+06   122.618 (  1223      1)    97.626 (  3832      1)
"PAT_remap"                         6400    12800 3.225600e+06   1.381999e+06   122.616 (  1223      1)    97.623 (  3832      0)
"prim_advec_tracers_remap_rk2"      6400    12800 3.225600e+06   1.381958e+06   122.612 (  1223      1)    97.620 (  3832      0)
"precomput_divdp"                   6400    12800 3.225600e+06   1.917993e+03     0.230 (  1125      0)     0.128 (  1028      0)
"euler_step_0"                      6400    12800 3.225600e+06   3.509952e+05    34.145 (   640      0)    22.003 (  5523      1)
"bihmix_qminmax"                    6400    12800 9.676800e+06   6.228769e+05    57.393 (  1440      0)    43.652 (  4339      0)
"eus_neighbor_minmax1"              6400    12800 3.225600e+06   7.323442e+04    11.109 (  2109      0)     3.232 (  2620      1)
"nmm_bexchV"                        6400    12800 3.225600e+06   4.151841e+04     9.142 (  2109      0)     1.341 (  2512      1)
"eus_2d_advec"                      6400    12800 9.676800e+06   7.341655e+05    66.535 (  5847      0)    50.619 (  1799      1)
"eus_bexchV"                        6400    12800 9.676800e+06   1.957273e+05    24.128 (  5828      0)     8.948 (   395      1)
"euler_step_1"                      6400    12800 3.225600e+06   2.687162e+05    27.272 (  4935      1)    18.369 (   270      1)
"euler_step_2"                      6400    12800 3.225600e+06   7.376471e+05    64.984 (  1441      0)    52.301 (  1653      0)
"nmm_bexchS_start"                  6400    12800 3.225600e+06   5.319647e+02     0.616 (   777      1)     0.003 (   851      1)
"biwksc_bexchV"                     6400    12800 3.225600e+06   6.942137e+04    11.654 (  2615      0)     2.921 (   355      1)
"nmm_bexchS_fini"                   6400    12800 3.225600e+06   1.397350e+04     2.911 (  1427      0)     0.551 (  2496      0)
"qdp_tavg"                          6400    12800 3.225600e+06   2.250728e+04     3.678 (  1998      0)     0.992 (  1619      1)
"vertical_remap"                    6400    12800 1.075200e+06   1.622215e+05    14.432 (  5347      0)    11.887 (   689      1)
"vertical_remap1_1"                 6400    12800 2.903040e+07   7.121714e+03     0.637 (  5347      0)     0.500 (  2407      0)
"remap_Q_ppm"                       6400    12800 8.709120e+07   1.593209e+05    14.200 (  5347      0)    11.665 (   689      1)
"vertical_remap1_2"                 6400    12800 2.903040e+07   1.003326e+04     0.908 (  5347      0)     0.716 (   696      1)
"vertical_remap1_3"                 6400    12800 2.903040e+07   1.433448e+05    12.751 (  5347      0)    10.511 (   689      1)
"prim_run_subcyle_diags"            6400    12800 1.075200e+06   1.163641e+04     1.621 (  1318      0)     0.541 (  5347      0)
"t_prf"                                0        0 0.000000e+00   0.000000e+00     0.000 (     0      0)     0.000 (     0      0)

