LAST_GIT_COMMIT_SHA:STRING=adf77c97ed8425a245449f2582d2441f4b72da1e
11115642

***** GLOBAL STATISTICS (115200 MPI TASKS) *****

$Id: gptl.c,v 1.157 2011-03-28 20:55:18 rosinski Exp $
'count' is cumulative. All other stats are max/min
name                           processes  threads        count      walltotal   wallmax (proc   thrd  )   wallmin (proc   thrd  )
"Total"                           115200   115200 1.152000e+05   3.486042e+07   302.989 ( 22435      0)   302.227 ( 86448      0)
"prim_init1"                      115200   115200 1.152000e+05   1.380024e+06    12.457 ( 68731      0)    11.164 (109120      0)
"PartitioningTime"                115200   115200 1.152000e+05   1.583921e+03     0.024 ( 65577      0)     0.010 ( 91895      0)
"repro_sum_int"                   115200   115200 5.184000e+06   3.984117e+05     9.340 ( 45457      0)     0.698 (114804      0)
"prim_init2"                      115200   230400 2.304000e+05   9.510031e+05     9.842 (106368      1)     1.505 ( 28141      1)
"prim_printstate"                 115200   230400 2.304000e+05   1.178491e+05     0.664 (113210      1)     0.455 ( 18327      0)
"interp_movie_output"             115200   115200 2.304000e+05   7.846582e+03     0.171 ( 89357      0)     0.028 (  2086      0)
"prim_main_loop"                  115200   115200 1.152000e+05   2.515270e+07   218.485 ( 27648      0)   218.127 ( 57611      0)
"prim_run"                        115200   230400 3.456000e+08   5.029506e+07   218.422 ( 27648      1)   218.086 ( 57610      0)
"ApplyCAMForcing"                 115200   230400 3.456000e+08   2.842058e+05     1.820 ( 69184      0)     0.788 ( 34560      1)
"prim_step_rX"                    115200   230400 1.036800e+09   4.606338e+07   202.540 (105870      0)   196.770 ( 29696      1)
"prim_step_dyn"                   115200   230400 1.036800e+09   1.727913e+07    85.112 ( 37032      1)    60.325 ( 24256      0)
"prim_advance_exp"                115200   230400 1.036800e+09   1.726937e+07    85.066 ( 37032      1)    60.280 ( 24256      0)
"U3-5stage_timestep"              115200   230400 1.036800e+09   8.516008e+06    49.480 ( 48407      1)    27.244 (  3212      0)
"compute_and_apply_rhs"           115200   230400 5.184000e+09   8.443431e+06    49.196 ( 48407      1)    26.925 (  3212      0)
"caar_bexchV"                     115200   230400 5.184000e+09   6.546891e+06    43.411 ( 48407      1)    14.963 ( 24256      0)
"advance_hypervis_dp"             115200   230400 1.036800e+09   8.736635e+06    46.540 (  9050      0)    30.082 ( 65379      1)
"biwkdp3d_bexchV"                 115200   230400 3.110400e+09   3.388430e+06    20.884 (  9161      1)     9.290 ( 65379      0)
"ahdp_bexchV2"                    115200   230400 3.110400e+09   3.408399e+06    21.005 (  9159      1)     9.356 ( 65408      0)
"prim_step_advec"                 115200   230400 1.036800e+09   2.873528e+07   138.966 ( 24256      0)   114.352 ( 37032      1)
"PAT_remap"                       115200   230400 1.036800e+09   2.872737e+07   138.931 ( 24256      0)   114.317 ( 37032      1)
"prim_advec_tracers_remap_rk2"    115200   230400 1.036800e+09   2.871683e+07   138.885 ( 24256      0)   114.265 ( 37032      1)
"precomput_divdp"                 115200   230400 1.036800e+09   3.174244e+04     0.210 (  3648      0)     0.096 (  3517      1)
"euler_step_0"                    115200   230400 1.036800e+09   7.269317e+06    37.800 ( 24099      0)    26.799 ( 14871      1)
"bihmix_qminmax"                  115200   230400 3.110400e+09   1.298001e+07    67.232 ( 24284      0)    51.366 (  3402      1)
"eus_neighbor_minmax1"            115200   230400 1.036800e+09   1.832523e+06    11.854 ( 24099      1)     5.481 (  3679      0)
"nmm_bexchV"                      115200   230400 1.036800e+09   1.529061e+06    10.833 ( 24099      1)     3.823 (  3679      0)
"eus_2d_advec"                    115200   230400 3.110400e+09   1.538459e+07    79.659 ( 20278      0)    60.475 (  8942      1)
"eus_bexchV"                      115200   230400 3.110400e+09   7.410843e+06    55.452 ( 20278      1)    14.181 ( 60480      0)
"euler_step_1"                    115200   230400 1.036800e+09   5.673817e+06    28.193 (  3645      0)    22.354 (  3822      1)
"euler_step_2"                    115200   230400 1.036800e+09   1.551034e+07    74.959 ( 24523      1)    61.862 ( 41646      1)
"nmm_bexchS_start"                115200   230400 1.036800e+09   5.380694e+05     5.465 ( 61568      1)     0.215 (  4525      0)
"biwksc_bexchV"                   115200   230400 1.036800e+09   2.871581e+06    23.016 ( 24520      1)     6.546 ( 80054      0)
"nmm_bexchS_fini"                 115200   230400 1.036800e+09   8.467341e+05     9.925 (  1377      1)     0.118 (  9026      0)
"qdp_tavg"                        115200   230400 1.036800e+09   1.934206e+05     1.302 ( 53696      0)     0.512 ( 23742      1)
"vertical_remap"                  115200   230400 3.456000e+08   2.669748e+06    16.974 ( 22336      0)     7.551 ( 54761      1)
"vertical_remap1_1"               115200   230400 5.184000e+08   1.335766e+05     0.849 ( 10112      0)     0.348 ( 62929      1)
"remap_Q_ppm"                     115200   230400 1.555200e+09   2.610258e+06    16.624 ( 22336      0)     7.356 ( 24409      1)
"vertical_remap1_2"               115200   230400 5.184000e+08   1.680819e+05     1.098 ( 29696      0)     0.473 ( 16430      1)
"vertical_remap1_3"               115200   230400 5.184000e+08   2.332749e+06    14.944 ( 22336      0)     6.536 ( 24409      1)
"prim_run_subcyle_diags"          115200   230400 3.456000e+08   9.639659e+04     0.749 (  6784      0)     0.230 ( 40838      1)
"t_prf"                                0        0 0.000000e+00   0.000000e+00     0.000 (     0      0)     0.000 (     0      0)

