LAST_GIT_COMMIT_SHA:STRING=adf77c97ed8425a245449f2582d2441f4b72da1e
11103109

***** GLOBAL STATISTICS (  7680 MPI TASKS) *****

$Id: gptl.c,v 1.157 2011-03-28 20:55:18 rosinski Exp $
'count' is cumulative. All other stats are max/min
name                           processes  threads        count      walltotal   wallmax (proc   thrd  )   wallmin (proc   thrd  )
"Total"                             7680     7680 7.680000e+03   1.837824e+06   239.600 (    69      0)   239.017 (  6481      0)
"prim_init1"                        7680     7680 7.680000e+03   4.582737e+04     6.073 (    69      0)     5.487 (  6208      0)
"PartitioningTime"                  7680     7680 7.680000e+03   1.014081e+02     0.026 (  6430      0)     0.010 (  1166      0)
"repro_sum_int"                     7680     7680 3.456000e+05   2.812108e+03     1.217 (   702      0)     0.102 (  6017      0)
"prim_init2"                        7680    15360 1.536000e+04   8.090920e+03     1.382 (  6208      0)     0.266 (  6033      0)
"prim_printstate"                   7680    15360 1.536000e+04   1.989159e+03     0.138 (  5379      1)     0.124 (   694      0)
"interp_movie_output"               7680     7680 1.536000e+04   4.961502e+01     0.017 (  6141      0)     0.002 (  5407      0)
"prim_main_loop"                    7680     7680 7.680000e+03   1.307602e+06   170.539 (    82      0)   169.984 (  6481      0)
"prim_run"                          7680    15360 1.536000e+06   2.615133e+06   170.532 (    99      1)   169.981 (  6481      0)
"ApplyCAMForcing"                   7680    15360 1.536000e+06   2.243711e+04     2.721 (   115      0)     1.114 (  3352      1)
"prim_step_rX"                      7680    15360 4.608000e+06   2.378510e+06   156.149 (   153      0)   152.864 (  5504      1)
"prim_step_dyn"                     7680    15360 4.608000e+06   7.660719e+05    62.029 (  3190      1)    25.868 (    73      0)
"prim_advance_exp"                  7680    15360 4.608000e+06   7.660055e+05    62.025 (  3190      1)    25.864 (    73      0)
"U3-5stage_timestep"                7680    15360 4.608000e+06   3.755799e+05    46.153 (   175      1)    12.680 (   425      0)
"compute_and_apply_rhs"             7680    15360 2.304000e+07   3.734934e+05    46.025 (   175      1)    12.525 (   425      0)
"caar_bexchV"                       7680    15360 2.304000e+07   2.429748e+05    37.723 (   175      1)     2.178 (    73      0)
"advance_hypervis_dp"               7680    15360 4.608000e+06   3.903154e+05    39.338 (  4260      0)    12.663 (   674      1)
"biwkdp3d_bexchV"                   7680    15360 1.382400e+07   1.319541e+05    20.192 (  3166      1)     1.076 (    77      0)
"ahdp_bexchV2"                      7680    15360 1.382400e+07   1.311641e+05    19.936 (  3521      1)     1.313 (    70      0)
"prim_step_advec"                   7680    15360 4.608000e+06   1.609343e+06   127.085 (    73      0)    93.168 (  3190      1)
"PAT_remap"                         7680    15360 4.608000e+06   1.609303e+06   127.082 (    73      0)    93.165 (  3190      1)
"prim_advec_tracers_remap_rk2"      7680    15360 4.608000e+06   1.609249e+06   127.079 (    73      0)    93.161 (  3190      1)
"precomput_divdp"                   7680    15360 4.608000e+06   2.186142e+03     0.237 (  3301      0)     0.124 (   269      1)
"euler_step_0"                      7680    15360 4.608000e+06   4.030282e+05    37.304 (  3456      0)    19.963 (   968      1)
"bihmix_qminmax"                    7680    15360 1.382400e+07   7.208651e+05    58.809 (  3302      0)    41.416 (  1557      1)
"eus_neighbor_minmax1"              7680    15360 4.608000e+06   8.407600e+04    14.451 (  3438      1)     2.946 (  1446      0)
"nmm_bexchV"                        7680    15360 4.608000e+06   5.343991e+04    13.024 (  3438      1)     1.162 (   313      0)
"eus_2d_advec"                      7680    15360 1.382400e+07   8.623525e+05    68.825 (  3440      0)    47.274 (  3192      1)
"eus_bexchV"                        7680    15360 1.382400e+07   2.394456e+05    30.472 (  4344      1)     8.176 (  1600      0)
"euler_step_1"                      7680    15360 4.608000e+06   3.200738e+05    32.886 (  4344      1)    17.138 (  3168      1)
"euler_step_2"                      7680    15360 4.608000e+06   8.605696e+05    68.349 (  3443      0)    50.045 (   175      1)
"nmm_bexchS_start"                  7680    15360 4.608000e+06   3.252886e+03     1.227 (    94      1)     0.014 (  5084      0)
"biwksc_bexchV"                     7680    15360 4.608000e+06   8.396880e+04    18.034 (  4302      1)     2.807 (  1179      0)
"nmm_bexchS_fini"                   7680    15360 4.608000e+06   8.785499e+03     3.411 (   101      1)     0.015 (  1088      0)
"qdp_tavg"                          7680    15360 4.608000e+06   2.315830e+04     3.721 (   102      0)     0.889 (    55      1)
"vertical_remap"                    7680    15360 1.536000e+06   1.942553e+05    14.786 (  6021      1)    11.644 (  1920      1)
"vertical_remap1_1"                 7680    15360 3.456000e+07   8.350676e+03     0.662 (  6021      1)     0.482 (  1922      1)
"remap_Q_ppm"                       7680    15360 1.036800e+08   1.908762e+05    14.546 (  6021      1)    11.424 (  1920      1)
"vertical_remap1_2"                 7680    15360 3.456000e+07   1.189870e+04     0.949 (  6021      1)     0.689 (  1922      1)
"vertical_remap1_3"                 7680    15360 3.456000e+07   1.719863e+05    13.036 (  6021      1)    10.319 (  1920      1)
"prim_run_subcyle_diags"            7680    15360 1.536000e+06   9.502624e+03     1.338 (    73      0)     0.392 (  3622      1)
"t_prf"                                0        0 0.000000e+00   0.000000e+00     0.000 (     0      0)     0.000 (     0      0)

