LAST_GIT_COMMIT_SHA:STRING=4790f40f2fb6acbc051ce4c988681a628c18e83d
11103109

***** GLOBAL STATISTICS (  7680 MPI TASKS) *****

$Id: gptl.c,v 1.157 2011-03-28 20:55:18 rosinski Exp $
'count' is cumulative. All other stats are max/min
name                               processes  threads        count      walltotal   wallmax (proc   thrd  )   wallmin (proc   thrd  )
Total                                   7680     7680 7.680000e+03   1.435038e+06   186.995 (   728      0)   186.718 (  6972      0)
prim_init1                              7680     7680 7.680000e+03   4.913371e+04     6.465 (  4206      0)     5.922 (   997      0)
repro_sum_int                           7680     7680 3.456000e+05   2.494613e+03     1.223 (   955      0)     0.065 (  4220      0)
prim_init2                              7680     7680 7.680000e+03   1.005712e+04     2.217 (   955      0)     1.045 (  2533      0)
prim_printstate                         7680     7680 7.680000e+03   1.274973e+03     0.173 (  3417      0)     0.161 (  2787      0)
interp_movie_output                     7680     7680 1.536000e+04   1.807669e+01     0.010 (  5765      0)     0.000 (  7570      0)
prim_main_loop                          7680     7680 7.680000e+03   8.964057e+05   116.862 (   728      0)   116.584 (  6970      0)
prim_run                                7680     7680 7.680000e+05   8.963879e+05   116.860 (   728      0)   116.582 (  6970      0)
tl-sc prim_run_subcycle_c               7680     7680 7.680000e+05   8.959549e+05   116.797 (   728      0)   116.532 (  6999      0)
tl-sc dp3d-from-ps                      7680     7680 7.680000e+05   1.521217e+02     0.034 (   629      0)     0.017 (  5423      0)
tl-sc prim_step-loop                    7680     7680 7.680000e+05   7.982800e+05   104.804 (   719      0)   102.305 (  1664      0)
tl-s prim_step                          7680     7680 2.304000e+06   7.982625e+05   104.801 (   719      0)   102.302 (  1664      0)
tl-s deep_copy+derived_dp               7680     7680 2.304000e+06   1.093176e+03     0.236 (   629      0)     0.107 (  5704      0)
tl-s prim_advance_exp-loop              7680     7680 2.304000e+06   2.287178e+05    36.951 (  1535      0)    18.815 (   615      0)
tl-ae prim_advance_exp                  7680     7680 2.304000e+06   2.286883e+05    36.947 (  1535      0)    18.811 (   615      0)
tl-ae U3-5stage_timestep                7680     7680 2.304000e+06   1.156189e+05    23.605 (   520      0)     9.749 (   615      0)
caar compute                            7680     7680 1.152000e+07   4.007829e+04     6.418 (  5440      0)     4.347 (  1552      0)
caar_bexchV                             7680     7680 1.152000e+07   7.383854e+04    18.630 (   520      0)     3.574 (   615      0)
tl-ae advance_hypervis_dp               7680     7680 2.304000e+06   1.130211e+05    22.887 (  1518      0)     8.869 (   609      0)
hvf-bhwk                                7680     7680 6.912000e+06   6.409106e+04    13.562 (  1518      0)     5.414 (  5709      0)
hvf-bexch                               7680     7680 1.382400e+07   7.799037e+04    18.509 (  1518      0)     3.621 (   613      0)
tl-s prim_advec_tracers_remap           7680     7680 2.304000e+06   5.683834e+05    84.834 (   617      0)    66.884 (  1579      0)
tl-at prim_advec_tracers_remap_RK2      7680     7680 2.304000e+06   5.683585e+05    84.831 (   617      0)    66.881 (  1579      0)
tl-at precompute_divdp                  7680     7680 2.304000e+06   9.338830e+02     0.244 (   731      0)     0.086 (  7537      0)
tl-at esf-0                             7680     7680 2.304000e+06   1.561306e+05    26.840 (   617      0)    17.096 (  4541      0)
tl-at esf-1                             7680     7680 2.304000e+06   1.219267e+05    19.903 (  5580      0)    13.645 (   681      0)
tl-at esf-2                             7680     7680 2.304000e+06   2.739181e+05    41.007 (  5717      0)    32.406 (  1524      0)
tl-at qdp_time_avg                      7680     7680 2.304000e+06   1.531652e+04     2.801 (  1750      0)     1.482 (  5658      0)
tl-sc vertical_remap                    7680     7680 7.680000e+05   8.694473e+04    12.952 (  1664      0)    10.454 (  7422      0)
Remap Thickness Functor                 7680     7680 7.680000e+05   5.276505e+02     0.085 (  5445      0)     0.056 (  5699      0)
Remap Scale States Functor              7680     7680 7.680000e+05   2.606553e+02     0.052 (   748      0)     0.025 (  5706      0)
Remap Compute Grids Functor             7680     7680 7.680000e+05   3.129659e+03     0.489 (  4610      0)     0.339 (  5710      0)
Remap Compute Remap Functor             7680     7680 7.680000e+05   8.254491e+04    12.383 (  1664      0)     9.934 (  7404      0)
Remap Rescale States Functor            7680     7680 7.680000e+05   2.920405e+02     0.103 (   590      0)     0.035 (  5504      0)
tl-sc Q-from-qdp                        7680     7680 7.680000e+05   1.055249e+04     1.586 (   576      0)     1.329 (   539      0)
t_prf                                      0        0 0.000000e+00   0.000000e+00     0.000 (     0      0)     0.000 (     0      0)

