LAST_GIT_COMMIT_SHA:STRING=adf77c97ed8425a245449f2582d2441f4b72da1e
11115641

***** GLOBAL STATISTICS ( 69120 MPI TASKS) *****

$Id: gptl.c,v 1.157 2011-03-28 20:55:18 rosinski Exp $
'count' is cumulative. All other stats are max/min
name                           processes  threads        count      walltotal   wallmax (proc   thrd  )   wallmin (proc   thrd  )
"Total"                            69120    69120 6.912000e+04   1.829503e+07   264.829 (  8852      0)   264.508 ( 31020      0)
"prim_init1"                       69120    69120 6.912000e+04   6.330395e+05     9.425 (   676      0)     8.519 ( 56512      0)
"PartitioningTime"                 69120    69120 6.912000e+04   9.483328e+02     0.019 ( 11712      0)     0.010 ( 42349      0)
"repro_sum_int"                    69120    69120 3.110400e+06   1.372296e+05     6.648 ( 56228      0)     0.422 ( 59139      0)
"prim_init2"                       69120   138240 1.382400e+05   3.452492e+05     7.138 ( 32768      1)     0.993 ( 22255      1)
"prim_printstate"                  69120   138240 1.382400e+05   4.704974e+04     0.467 ( 50600      1)     0.268 ( 58691      0)
"interp_movie_output"              69120    69120 1.382400e+05   3.607537e+03     0.176 ( 21081      0)     0.011 (    57      0)
"prim_main_loop"                   69120    69120 6.912000e+04   1.289978e+07   186.713 (  7360      0)   186.474 ( 21108      0)
"prim_run"                         69120   138240 1.244160e+08   2.579393e+07   186.696 (  6691      1)   186.377 ( 29086      1)
"ApplyCAMForcing"                  69120   138240 1.244160e+08   1.745011e+05     1.788 ( 32192      0)     0.848 ( 46784      1)
"prim_step_rX"                     69120   138240 3.732480e+08   2.346670e+07   172.389 ( 49714      0)   167.078 ( 11776      1)
"prim_step_dyn"                    69120   138240 3.732480e+08   8.126230e+06    69.793 ( 33192      1)    45.193 (  3968      0)
"prim_advance_exp"                 69120   138240 3.732480e+08   8.122346e+06    69.762 ( 33192      1)    45.164 (  3968      0)
"U3-5stage_timestep"               69120   138240 3.732480e+08   4.011532e+06    41.057 ( 56363      1)    20.082 ( 60352      0)
"compute_and_apply_rhs"            69120   138240 1.866240e+09   3.977958e+06    40.841 ( 56363      1)    19.785 ( 60352      0)
"caar_bexchV"                      69120   138240 1.866240e+09   2.829136e+06    34.258 ( 56363      1)     8.348 ( 60352      0)
"advance_hypervis_dp"              69120   138240 3.732480e+08   4.103780e+06    38.120 ( 43951      0)    23.179 (  4008      1)
"biwkdp3d_bexchV"                  69120   138240 1.119744e+09   1.464533e+06    17.004 ( 43471      1)     5.725 (  3840      0)
"ahdp_bexchV2"                     69120   138240 1.119744e+09   1.475284e+06    17.209 ( 43472      1)     6.250 (  4032      0)
"prim_step_advec"                  69120   138240 3.732480e+08   1.531294e+07   123.686 (  3840      0)   100.189 ( 43943      1)
"PAT_remap"                        69120   138240 3.732480e+08   1.531000e+07   123.663 (  3840      0)   100.166 ( 43943      1)
"prim_advec_tracers_remap_rk2"     69120   138240 3.732480e+08   1.530607e+07   123.633 (  3840      0)   100.133 ( 43943      1)
"precomput_divdp"                  69120   138240 3.732480e+08   1.839974e+04     0.195 (  2112      0)     0.102 ( 41275      1)
"euler_step_0"                     69120   138240 3.732480e+08   3.766544e+06    32.278 (  3843      0)    23.306 ( 48392      1)
"bihmix_qminmax"                   69120   138240 1.119744e+09   6.941681e+06    61.670 ( 41491      0)    45.169 ( 43462      1)
"eus_neighbor_minmax1"             69120   138240 3.732480e+08   8.583109e+05    10.044 ( 43169      1)     4.313 ( 48921      0)
"nmm_bexchV"                       69120   138240 3.732480e+08   6.728252e+05     8.914 ( 43169      1)     2.749 (  3979      0)
"eus_2d_advec"                     69120   138240 1.119744e+09   8.173947e+06    70.618 (  3984      0)    52.699 ( 33192      1)
"eus_bexchV"                       69120   138240 1.119744e+09   3.240577e+06    40.390 (  3769      1)    10.374 ( 67392      0)
"euler_step_1"                     69120   138240 3.732480e+08   3.023948e+06    24.835 ( 24671      0)    19.489 ( 33190      1)
"euler_step_2"                     69120   138240 3.732480e+08   8.358714e+06    70.270 ( 41495      0)    53.862 ( 33192      1)
"nmm_bexchS_start"                 69120   138240 3.732480e+08   2.049065e+05     3.377 ( 19968      1)     0.115 ( 41768      0)
"biwksc_bexchV"                    69120   138240 3.732480e+08   1.268687e+06    18.036 ( 17788      1)     4.476 (  3424      0)
"nmm_bexchS_fini"                  69120   138240 3.732480e+08   3.152096e+05    16.834 ( 41491      1)     0.070 ( 43671      0)
"qdp_tavg"                         69120   138240 3.732480e+08   1.235791e+05     1.180 (  8960      0)     0.615 ( 21615      1)
"vertical_remap"                   69120   138240 1.244160e+08   1.647608e+06    15.733 ( 11776      0)     9.042 ( 43427      1)
"vertical_remap1_1"                69120   138240 3.110400e+08   7.821304e+04     0.745 ( 43224      0)     0.409 ( 25728      1)
"remap_Q_ppm"                      69120   138240 9.331200e+08   1.615490e+06    15.456 ( 11776      0)     8.859 ( 43427      1)
"vertical_remap1_2"                69120   138240 3.110400e+08   1.032900e+05     0.988 ( 43224      0)     0.553 ( 49294      1)
"vertical_remap1_3"                69120   138240 3.110400e+08   1.447333e+06    13.934 ( 11776      0)     7.928 ( 43427      1)
"prim_run_subcyle_diags"           69120   138240 1.244160e+08   6.036058e+04     0.698 (  9001      0)     0.273 ( 43447      1)
"t_prf"                                0        0 0.000000e+00   0.000000e+00     0.000 (     0      0)     0.000 (     0      0)

