LAST_GIT_COMMIT_SHA:STRING=4790f40f2fb6acbc051ce4c988681a628c18e83d
11115623

***** GLOBAL STATISTICS (  4608 MPI TASKS) *****

$Id: gptl.c,v 1.157 2011-03-28 20:55:18 rosinski Exp $
'count' is cumulative. All other stats are max/min
name                               processes  threads        count      walltotal   wallmax (proc   thrd  )   wallmin (proc   thrd  )
Total                                   4608     4608 4.608000e+03   8.851465e+05   192.233 (  4423      0)   191.941 (  3388      0)
prim_init1                              4608     4608 4.608000e+03   2.865500e+04     6.294 (   458      0)     5.775 (  4363      0)
repro_sum_int                           4608     4608 2.073600e+05   9.101640e+02     0.756 (  4363      0)     0.053 (  4224      0)
prim_init2                              4608     4608 4.608000e+03   7.640969e+03     2.219 (  4409      0)     1.516 (  3546      0)
prim_printstate                         4608     4608 4.608000e+03   8.717281e+02     0.193 (  3599      0)     0.186 (  2810      0)
interp_movie_output                     4608     4608 9.216000e+03   1.244117e+01     0.008 (  1330      0)     0.000 (   941      0)
prim_main_loop                          4608     4608 4.608000e+03   5.589949e+05   121.455 (  4423      0)   121.161 (  3388      0)
prim_run                                4608     4608 2.764800e+05   5.589848e+05   121.453 (  4423      0)   121.158 (  3388      0)
tl-sc prim_run_subcycle_c               4608     4608 2.764800e+05   5.584159e+05   121.323 (  4422      0)   121.076 (  3387      0)
tl-sc dp3d-from-ps                      4608     4608 2.764800e+05   9.066956e+01     0.030 (  3906      0)     0.016 (   771      0)
tl-sc prim_step-loop                    4608     4608 2.764800e+05   5.008344e+05   109.436 (  3971      0)   107.232 (  4356      0)
tl-s prim_step                          4608     4608 8.294400e+05   5.008277e+05   109.434 (  3971      0)   107.231 (  4356      0)
tl-s deep_copy+derived_dp               4608     4608 8.294400e+05   7.363803e+02     0.291 (   626      0)     0.109 (  3302      0)
tl-s prim_advance_exp-loop              4608     4608 8.294400e+05   1.293681e+05    38.001 (  3312      0)    17.679 (   601      0)
tl-ae prim_advance_exp                  4608     4608 8.294400e+05   1.293550e+05    37.998 (  3312      0)    17.677 (   601      0)
tl-ae U3-5stage_timestep                4608     4608 8.294400e+05   6.778432e+04    24.561 (  3312      0)     9.042 (   601      0)
caar compute                            4608     4608 4.147200e+06   2.395721e+04     6.395 (  4439      0)     4.286 (  4544      0)
caar_bexchV                             4608     4608 4.147200e+06   4.287826e+04    19.949 (  1937      0)     2.835 (  4423      0)
tl-ae advance_hypervis_dp               4608     4608 8.294400e+05   6.155300e+04    21.152 (  1824      0)     8.436 (   608      0)
hvf-bhwk                                4608     4608 2.488320e+06   3.532643e+04    12.455 (  1913      0)     5.157 (   680      0)
hvf-bexch                               4608     4608 4.976640e+06   4.082537e+04    16.878 (  1833      0)     3.301 (   606      0)
tl-s prim_advec_tracers_remap           4608     4608 8.294400e+05   3.706951e+05    90.675 (   638      0)    70.388 (  3312      0)
tl-at prim_advec_tracers_remap_RK2      4608     4608 8.294400e+05   3.706857e+05    90.673 (   638      0)    70.386 (  3312      0)
tl-at precompute_divdp                  4608     4608 8.294400e+05   6.284688e+02     0.268 (  3023      0)     0.082 (  3534      0)
tl-at esf-0                             4608     4608 8.294400e+05   1.092853e+05    29.896 (   638      0)    19.052 (  3550      0)
tl-at esf-1                             4608     4608 8.294400e+05   7.693993e+04    23.114 (   330      0)    13.939 (  3276      0)
tl-at esf-2                             4608     4608 8.294400e+05   1.732615e+05    44.286 (   329      0)    32.422 (  4584      0)
tl-at qdp_time_avg                      4608     4608 8.294400e+05   1.051955e+04     3.697 (   619      0)     1.534 (  3301      0)
tl-sc vertical_remap                    4608     4608 2.764800e+05   5.110950e+04    12.679 (  4356      0)    10.473 (  1402      0)
Remap Thickness Functor                 4608     4608 2.764800e+05   3.207034e+02     0.095 (  1340      0)     0.054 (  3271      0)
Remap Scale States Functor              4608     4608 2.764800e+05   1.823256e+02     0.066 (   608      0)     0.025 (  1942      0)
Remap Compute Grids Functor             4608     4608 2.764800e+05   1.895920e+03     0.552 (  4451      0)     0.333 (  1943      0)
Remap Compute Remap Functor             4608     4608 2.764800e+05   4.834931e+04    12.093 (  4356      0)     9.960 (  1402      0)
Remap Rescale States Functor            4608     4608 2.764800e+05   1.798669e+02     0.099 (   603      0)     0.035 (  3844      0)
tl-sc Q-from-qdp                        4608     4608 2.764800e+05   6.371545e+03     1.625 (  2176      0)     1.322 (  1695      0)
t_prf                                      0        0 0.000000e+00   0.000000e+00     0.000 (     0      0)     0.000 (     0      0)

