LAST_GIT_COMMIT_SHA:STRING=adf77c97ed8425a245449f2582d2441f4b72da1e
11103114

***** GLOBAL STATISTICS (172800 MPI TASKS) *****

$Id: gptl.c,v 1.157 2011-03-28 20:55:18 rosinski Exp $
'count' is cumulative. All other stats are max/min
name                           processes  threads        count      walltotal   wallmax (proc   thrd  )   wallmin (proc   thrd  )
"Total"                           172800   172800 1.728000e+05   5.378843e+07   311.798 (     0      0)   310.901 ( 47548      0)
"prim_init1"                      172800   172800 1.728000e+05   3.140970e+06    19.043 (  1428      0)    17.160 (153588      0)
"PartitioningTime"                172800   172800 1.728000e+05   2.977159e+03     0.315 ( 69568      0)     0.010 ( 88591      0)
"repro_sum_int"                   172800   172800 7.776000e+06   1.288689e+06    21.410 ( 49444      0)     1.311 ( 36870      0)
"prim_init2"                      172800   345600 3.456000e+05   2.982224e+06    22.241 ( 58237      1)     2.567 ( 59773      1)
"prim_printstate"                 172800   345600 3.456000e+05   2.414498e+05     0.827 (   823      1)     0.591 (150531      1)
"interp_movie_output"             172800   172800 3.456000e+05   2.159667e+04     0.288 (104326      0)     0.069 (100611      0)
"prim_main_loop"                  172800   172800 1.728000e+05   3.590070e+07   207.902 (100610      0)   207.571 (144858      0)
"prim_run"                        172800   345600 7.776000e+08   7.177344e+07   207.833 ( 11526      1)   207.490 (139712      0)
"ApplyCAMForcing"                 172800   345600 7.776000e+08   4.996884e+05     1.760 (  5700      1)     1.266 (103589      0)
"prim_step_rX"                    172800   345600 2.332800e+09   6.660687e+07   193.826 (103331      0)   190.308 (155144      1)
"prim_step_dyn"                   172800   345600 2.332800e+09   2.638543e+07    90.560 ( 40251      0)    56.760 ( 51082      1)
"prim_advance_exp"                172800   345600 2.332800e+09   2.636153e+07    90.491 ( 40251      0)    56.693 ( 51082      1)
"U3-5stage_timestep"              172800   345600 2.332800e+09   1.357905e+07    54.960 ( 51491      0)    26.349 ( 51191      1)
"compute_and_apply_rhs"           172800   345600 1.166400e+10   1.340215e+07    54.402 ( 51491      1)    25.854 ( 51191      0)
"caar_bexchV"                     172800   345600 1.166400e+10   1.017068e+07    45.431 ( 51491      0)    16.224 ( 51191      0)
"advance_hypervis_dp"             172800   345600 2.332800e+09   1.274124e+07    47.442 ( 40279      1)    28.388 ( 51478      0)
"biwkdp3d_bexchV"                 172800   345600 6.998400e+09   4.843638e+06    21.523 ( 63237      0)     9.545 ( 51477      0)
"ahdp_bexchV2"                    172800   345600 6.998400e+09   4.805539e+06    21.048 ( 40023      1)     9.576 ( 51475      0)
"prim_step_advec"                 172800   345600 2.332800e+09   4.012698e+07   135.953 ( 51191      1)   102.249 ( 40251      1)
"PAT_remap"                       172800   345600 2.332800e+09   4.010775e+07   135.899 ( 51191      1)   102.195 ( 40251      0)
"prim_advec_tracers_remap_rk2"    172800   345600 2.332800e+09   4.008215e+07   135.824 ( 51191      1)   102.123 ( 40251      1)
"precomput_divdp"                 172800   345600 2.332800e+09   5.302725e+04     0.223 ( 84193      0)     0.140 ( 65783      0)
"euler_step_0"                    172800   345600 2.332800e+09   1.040752e+07    37.712 ( 39871      1)    25.227 ( 51523      0)
"bihmix_qminmax"                  172800   345600 6.998400e+09   1.807470e+07    69.399 ( 51191      0)    45.268 ( 37572      1)
"eus_neighbor_minmax1"            172800   345600 2.332800e+09   2.815363e+06    13.099 ( 50770      1)     6.100 (  5114      0)
"nmm_bexchV"                      172800   345600 2.332800e+09   2.233478e+06    11.300 ( 50770      1)     4.399 ( 51524      0)
"eus_2d_advec"                    172800   345600 6.998400e+09   2.125308e+07    79.060 ( 51194      1)    52.857 ( 40251      0)
"eus_bexchV"                      172800   345600 6.998400e+09   8.929555e+06    44.414 ( 51194      0)    15.870 ( 70760      1)
"euler_step_1"                    172800   345600 2.332800e+09   7.677065e+06    26.414 ( 93779      1)    19.205 ( 40251      0)
"euler_step_2"                    172800   345600 2.332800e+09   2.145983e+07    75.443 ( 51185      1)    53.754 ( 37595      0)
"nmm_bexchS_start"                172800   345600 2.332800e+09   1.265734e+05     1.313 ( 84174      0)     0.060 ( 53553      1)
"biwksc_bexchV"                   172800   345600 2.332800e+09   4.149621e+06    21.029 ( 27529      1)     6.758 ( 70767      0)
"nmm_bexchS_fini"                 172800   345600 2.332800e+09   9.112582e+04     8.651 ( 51191      0)     0.170 (171194      0)
"qdp_tavg"                        172800   345600 2.332800e+09   3.939854e+05     1.591 (  5734      0)     0.900 ( 96294      1)
"vertical_remap"                  172800   345600 7.776000e+08   4.235476e+06    14.748 (155144      0)    11.371 ( 51195      0)
"vertical_remap1_1"               172800   345600 7.776000e+08   2.431484e+05     0.861 ( 41985      1)     0.546 ( 82780      1)
"remap_Q_ppm"                     172800   345600 2.332800e+09   4.114505e+06    14.351 (155144      0)    11.035 ( 28708      1)
"vertical_remap1_2"               172800   345600 7.776000e+08   2.552071e+05     0.936 ( 48916      0)     0.672 ( 28697      1)
"vertical_remap1_3"               172800   345600 7.776000e+08   3.666705e+06    12.881 ( 12955      1)     9.843 ( 27555      1)
"prim_run_subcyle_diags"          172800   345600 7.776000e+08   2.127212e+05     0.795 ( 96920      0)     0.357 ( 15227      1)
"t_prf"                                0        0 0.000000e+00   0.000000e+00     0.000 (     0      0)     0.000 (     0      0)

