LAST_GIT_COMMIT_SHA:STRING=4790f40f2fb6acbc051ce4c988681a628c18e83d
11115620

***** GLOBAL STATISTICS (  2304 MPI TASKS) *****

$Id: gptl.c,v 1.157 2011-03-28 20:55:18 rosinski Exp $
'count' is cumulative. All other stats are max/min
name                               processes  threads        count      walltotal   wallmax (proc   thrd  )   wallmin (proc   thrd  )
Total                                   2304     2304 2.304000e+03   5.366443e+05   233.389 (   250      0)   232.430 (  2220      0)
prim_init1                              2304     2304 2.304000e+03   1.368281e+04     6.000 (  1596      0)     5.482 (  1669      0)
repro_sum_int                           2304     2304 1.036800e+05   4.693565e+02     0.813 (  1721      0)     0.054 (  1344      0)
prim_init2                              2304     2304 2.304000e+03   6.848679e+03     3.601 (  1669      0)     2.809 (  1487      0)
prim_printstate                         2304     2304 2.304000e+03   7.103964e+02     0.316 (     0      0)     0.307 (  1443      0)
interp_movie_output                     2304     2304 4.608000e+03   9.860938e-01     0.001 (  1794      0)     0.000 (   814      0)
prim_main_loop                          2304     2304 2.304000e+03   3.669294e+05   159.728 (   250      0)   158.768 (  2220      0)
prim_run                                2304     2304 6.912000e+04   3.669274e+05   159.727 (   250      0)   158.768 (  2220      0)
tl-sc prim_run_subcycle_c               2304     2304 6.912000e+04   3.662702e+05   159.401 (   250      0)   158.598 (  2220      0)
tl-sc dp3d-from-ps                      2304     2304 6.912000e+04   4.389388e+01     0.045 (   247      0)     0.016 (  1516      0)
tl-sc prim_step-loop                    2304     2304 6.912000e+04   3.374251e+05   147.508 (   282      0)   144.590 (   639      0)
tl-s prim_step                          2304     2304 2.073600e+05   3.374232e+05   147.507 (   282      0)   144.589 (   639      0)
tl-s deep_copy+derived_dp               2304     2304 2.073600e+05   4.767363e+02     0.470 (   363      0)     0.116 (   387      0)
tl-s prim_advance_exp-loop              2304     2304 2.073600e+05   9.123167e+04    58.565 (   566      0)    17.597 (   220      0)
tl-ae prim_advance_exp                  2304     2304 2.073600e+05   9.122899e+04    58.564 (   566      0)    17.596 (   220      0)
tl-ae U3-5stage_timestep                2304     2304 2.073600e+05   4.892736e+04    46.395 (  1135      0)     8.809 (   236      0)
caar compute                            2304     2304 1.036800e+06   1.188455e+04     6.878 (  1076      0)     4.266 (  1798      0)
caar_bexchV                             2304     2304 1.036800e+06   3.661189e+04    41.808 (  1135      0)     2.647 (   236      0)
tl-ae advance_hypervis_dp               2304     2304 2.073600e+05   4.229721e+04    38.497 (  1858      0)     8.184 (   926      0)
hvf-bhwk                                2304     2304 6.220800e+05   2.342800e+04    23.660 (  1856      0)     4.906 (   932      0)
hvf-bexch                               2304     2304 1.244160e+06   3.212247e+04    34.351 (  1858      0)     3.141 (   227      0)
tl-s prim_advec_tracers_remap           2304     2304 2.073600e+05   2.457073e+05   128.840 (   220      0)    86.961 (   566      0)
tl-at prim_advec_tracers_remap_RK2      2304     2304 2.073600e+05   2.457048e+05   128.839 (   220      0)    86.960 (   566      0)
tl-at precompute_divdp                  2304     2304 2.073600e+05   4.128116e+02     0.401 (   341      0)     0.080 (  1353      0)
tl-at esf-0                             2304     2304 2.073600e+05   8.078326e+04    47.646 (  1473      0)    21.844 (   635      0)
tl-at esf-1                             2304     2304 2.073600e+05   4.788888e+04    36.406 (   622      0)    14.171 (   302      0)
tl-at esf-2                             2304     2304 2.073600e+05   1.095121e+05    63.409 (  1644      0)    35.177 (  1804      0)
tl-at qdp_time_avg                      2304     2304 2.073600e+05   7.092897e+03     6.201 (   356      0)     1.533 (    78      0)
tl-sc vertical_remap                    2304     2304 6.912000e+04   2.553941e+04    12.867 (   639      0)    10.449 (   282      0)
Remap Thickness Functor                 2304     2304 6.912000e+04   1.573280e+02     0.108 (   382      0)     0.053 (  1713      0)
Remap Scale States Functor              2304     2304 6.912000e+04   1.216873e+02     0.119 (  1979      0)     0.024 (   822      0)
Remap Compute Grids Functor             2304     2304 6.912000e+04   1.038651e+03     0.706 (  1083      0)     0.338 (  2182      0)
Remap Compute Remap Functor             2304     2304 6.912000e+04   2.404664e+04    12.267 (   639      0)     9.896 (  1960      0)
Remap Rescale States Functor            2304     2304 6.912000e+04   9.176030e+01     0.115 (  2080      0)     0.034 (   359      0)
tl-sc Q-from-qdp                        2304     2304 6.912000e+04   3.259080e+03     2.100 (   216      0)     1.315 (   310      0)
t_prf                                      0        0 0.000000e+00   0.000000e+00     0.000 (     0      0)     0.000 (     0      0)

