LAST_GIT_COMMIT_SHA:STRING=adf77c97ed8425a245449f2582d2441f4b72da1e
11115624

***** GLOBAL STATISTICS (  6912 MPI TASKS) *****

$Id: gptl.c,v 1.157 2011-03-28 20:55:18 rosinski Exp $
'count' is cumulative. All other stats are max/min
name                           processes  threads        count      walltotal   wallmax (proc   thrd  )   wallmin (proc   thrd  )
"Total"                             6912     6912 6.912000e+03   1.608847e+06   232.973 (    36      0)   232.537 (  5765      0)
"prim_init1"                        6912     6912 6.912000e+03   4.272205e+04     6.280 (  3487      0)     5.705 (  3072      0)
"PartitioningTime"                  6912     6912 6.912000e+03   1.005637e+02     0.046 (   315      0)     0.010 (  4927      0)
"repro_sum_int"                     6912     6912 3.110400e+05   2.089763e+03     1.043 (  3072      0)     0.094 (  2867      0)
"prim_init2"                        6912    13824 1.382400e+04   5.988064e+03     1.175 (  3072      1)     0.232 (  5370      0)
"prim_printstate"                   6912    13824 1.382400e+04   1.493121e+03     0.114 (  2706      1)     0.104 (  2594      1)
"interp_movie_output"               6912     6912 1.382400e+04   2.068996e+01     0.008 (  6740      0)     0.000 (  4510      0)
"prim_main_loop"                    6912     6912 6.912000e+03   1.131369e+06   163.873 (    31      0)   163.471 (  1915      0)
"prim_run"                          6912    13824 1.244160e+06   2.262696e+06   163.869 (    36      0)   163.467 (  1915      1)
"ApplyCAMForcing"                   6912    13824 1.244160e+06   2.199211e+04     2.377 (  1085      0)     1.163 (  1654      0)
"prim_step_rX"                      6912    13824 3.732480e+06   2.049739e+06   149.790 (  5316      1)   147.208 (   320      1)
"prim_step_dyn"                     6912    13824 3.732480e+06   5.902251e+05    57.626 (  3116      0)    28.506 (  1064      0)
"prim_advance_exp"                  6912    13824 3.732480e+06   5.901633e+05    57.622 (  3116      0)    28.501 (  1064      0)
"U3-5stage_timestep"                6912    13824 3.732480e+06   2.962368e+05    35.096 (  3120      0)    13.438 (   324      1)
"compute_and_apply_rhs"             6912    13824 1.866240e+07   2.942325e+05    34.951 (  3120      0)    13.259 (   324      1)
"caar_bexchV"                       6912    13824 1.866240e+07   1.725575e+05    26.979 (  3118      1)     3.031 (   324      1)
"advance_hypervis_dp"               6912    13824 3.732480e+06   2.938244e+05    31.782 (  1672      0)    13.452 (    58      0)
"biwkdp3d_bexchV"                   6912    13824 1.119744e+07   8.881297e+04    14.141 (  2084      1)     1.831 (    64      0)
"ahdp_bexchV2"                      6912    13824 1.119744e+07   8.797545e+04    13.806 (  2946      1)     1.814 (    64      0)
"prim_step_advec"                   6912    13824 3.732480e+06   1.456350e+06   119.004 (  1064      0)    91.624 (  3116      1)
"PAT_remap"                         6912    13824 3.732480e+06   1.456316e+06   119.001 (  1064      0)    91.622 (  3116      1)
"prim_advec_tracers_remap_rk2"      6912    13824 3.732480e+06   1.456268e+06   118.998 (  1064      0)    91.618 (  3116      1)
"precomput_divdp"                   6912    13824 3.732480e+06   2.078633e+03     0.226 (  4573      0)     0.127 (  6653      0)
"euler_step_0"                      6912    13824 3.732480e+06   3.677088e+05    33.313 (  1485      1)    21.901 (  1635      0)
"bihmix_qminmax"                    6912    13824 1.119744e+07   6.550365e+05    55.515 (   121      0)    41.805 (  3116      1)
"eus_neighbor_minmax1"              6912    13824 3.732480e+06   7.392421e+04    10.796 (  1604      0)     3.217 (  1700      0)
"nmm_bexchV"                        6912    13824 3.732480e+06   4.139071e+04     8.589 (  1600      1)     1.320 (  1668      1)
"eus_2d_advec"                      6912    13824 1.119744e+07   7.747181e+05    62.918 (  1578      1)    48.278 (  3116      0)
"eus_bexchV"                        6912    13824 1.119744e+07   1.960392e+05    22.731 (  1601      0)     8.892 (  5449      1)
"euler_step_1"                      6912    13824 3.732480e+06   2.841716e+05    26.129 (   784      1)    16.983 (  3121      0)
"euler_step_2"                      6912    13824 3.732480e+06   7.782404e+05    63.114 (  1580      1)    49.583 (  3116      0)
"nmm_bexchS_start"                  6912    13824 3.732480e+06   5.042445e+02     0.393 (  3904      1)     0.003 (  1957      1)
"biwksc_bexchV"                     6912    13824 3.732480e+06   6.950792e+04    10.265 (   778      0)     2.611 (  1778      1)
"nmm_bexchS_fini"                   6912    13824 3.732480e+06   1.391553e+04     2.350 (  1043      0)     0.507 (  2944      0)
"qdp_tavg"                          6912    13824 3.732480e+06   2.386875e+04     2.991 (  1042      0)     0.982 (  3092      1)
"vertical_remap"                    6912    13824 1.244160e+06   1.738652e+05    13.654 (  4217      1)    11.614 (  5331      0)
"vertical_remap1_1"                 6912    13824 3.110400e+07   7.658271e+03     0.611 (  4217      0)     0.487 (  4157      1)
"remap_Q_ppm"                       6912    13824 9.331200e+07   1.707459e+05    13.401 (  4217      1)    11.402 (  5331      0)
"vertical_remap1_2"                 6912    13824 3.110400e+07   1.077752e+04     0.856 (  4220      0)     0.698 (  4157      1)
"vertical_remap1_3"                 6912    13824 3.110400e+07   1.535845e+05    12.042 (  4217      1)    10.275 (  5331      0)
"prim_run_subcyle_diags"            6912    13824 1.244160e+06   1.280673e+04     1.619 (  1037      0)     0.665 (  2048      1)
"t_prf"                                0        0 0.000000e+00   0.000000e+00     0.000 (     0      0)     0.000 (     0      0)

