LAST_GIT_COMMIT_SHA:STRING=adf77c97ed8425a245449f2582d2441f4b72da1e
11103110

***** GLOBAL STATISTICS ( 23040 MPI TASKS) *****

$Id: gptl.c,v 1.157 2011-03-28 20:55:18 rosinski Exp $
'count' is cumulative. All other stats are max/min
name                           processes  threads        count      walltotal   wallmax (proc   thrd  )   wallmin (proc   thrd  )
"Total"                            23040    23040 2.304000e+04   5.323567e+06   231.189 ( 12294      0)   230.931 (  4090      0)
"prim_init1"                       23040    23040 2.304000e+04   1.695133e+05     7.515 ( 10370      0)     6.876 ( 15296      0)
"PartitioningTime"                 23040    23040 2.304000e+04   3.118336e+02     0.019 (  2176      0)     0.010 (  5153      0)
"repro_sum_int"                    23040    23040 1.036800e+06   1.963477e+04     2.068 ( 19165      0)     0.250 (  5835      0)
"prim_init2"                       23040    46080 4.608000e+04   5.097188e+04     2.268 ( 17088      0)     0.552 ( 10030      0)
"prim_printstate"                  23040    46080 4.608000e+04   7.193575e+03     0.186 ( 22956      0)     0.132 ( 10995      1)
"interp_movie_output"              23040    23040 4.608000e+04   4.378244e+02     0.047 (   145      0)     0.002 (  2767      0)
"prim_main_loop"                   23040    23040 2.304000e+04   3.690731e+06   160.274 ( 15552      0)   160.092 (  3752      0)
"prim_run"                         23040    46080 1.382400e+07   7.380931e+06   160.267 ( 15558      0)   160.080 (  3752      0)
"ApplyCAMForcing"                  23040    46080 1.382400e+07   6.465203e+04     1.695 ( 12449      0)     1.106 ( 11200      1)
"prim_step_rX"                     23040    46080 4.147200e+07   6.660153e+06   145.872 (  5791      0)   142.943 ( 21739      1)
"prim_step_dyn"                    23040    46080 4.147200e+07   1.992702e+06    54.835 (   663      1)    31.653 ( 12465      0)
"prim_advance_exp"                 23040    46080 4.147200e+07   1.992125e+06    54.821 (   663      1)    31.642 ( 12465      0)
"U3-5stage_timestep"               23040    46080 4.147200e+07   9.908319e+05    33.253 (  2404      1)    15.571 ( 11723      0)
"compute_and_apply_rhs"            23040    46080 2.073600e+08   9.824983e+05    33.083 (  2404      1)    15.393 ( 11723      0)
"caar_bexchV"                      23040    46080 2.073600e+08   5.803164e+05    25.558 (  2404      1)     4.657 ( 17856      0)
"advance_hypervis_dp"              23040    46080 4.147200e+07   1.000330e+06    28.260 ( 11165      0)    15.082 ( 12444      1)
"biwkdp3d_bexchV"                  23040    46080 1.244160e+08   3.024562e+05    12.292 (  2474      1)     2.363 ( 12441      0)
"ahdp_bexchV2"                     23040    46080 1.244160e+08   3.033704e+05    12.400 (  2471      1)     2.444 ( 12416      0)
"prim_step_advec"                  23040    46080 4.147200e+07   4.658220e+06   112.027 ( 12465      0)    90.175 (   663      1)
"PAT_remap"                        23040    46080 4.147200e+07   4.657861e+06   112.020 ( 12465      0)    90.167 (   663      1)
"prim_advec_tracers_remap_rk2"     23040    46080 4.147200e+07   4.657381e+06   112.011 ( 12465      0)    90.156 (   663      1)
"precomput_divdp"                  23040    46080 4.147200e+07   6.527907e+03     0.197 ( 17856      0)     0.120 ( 20997      1)
"euler_step_0"                     23040    46080 4.147200e+07   1.136204e+06    29.830 ( 12465      0)    20.768 ( 11085      1)
"bihmix_qminmax"                   23040    46080 1.244160e+08   2.094501e+06    53.628 ( 12442      0)    40.483 (   664      1)
"eus_neighbor_minmax1"             23040    46080 4.147200e+07   2.169285e+05     7.884 ( 14343      1)     3.236 ( 11085      0)
"nmm_bexchV"                       23040    46080 4.147200e+07   1.422159e+05     6.391 ( 14346      1)     1.558 ( 11078      0)
"eus_2d_advec"                     23040    46080 1.244160e+08   2.492751e+06    63.528 ( 12556      0)    47.518 (   663      1)
"eus_bexchV"                       23040    46080 1.244160e+08   6.815140e+05    27.211 ( 12556      1)     7.663 ( 11456      0)
"euler_step_1"                     23040    46080 4.147200e+07   9.279920e+05    23.266 ( 21733      0)    17.009 (   663      1)
"euler_step_2"                     23040    46080 4.147200e+07   2.527202e+06    60.450 ( 17859      0)    50.175 (   663      1)
"nmm_bexchS_start"                 23040    46080 4.147200e+07   2.552499e+04     1.651 ( 13312      1)     0.038 ( 10394      0)
"biwksc_bexchV"                    23040    46080 4.147200e+07   2.658384e+05    11.788 (  2501      1)     3.220 ( 20992      0)
"nmm_bexchS_fini"                  23040    46080 4.147200e+07   3.917988e+04     2.213 ( 21696      1)     0.023 ( 19816      0)
"qdp_tavg"                         23040    46080 4.147200e+07   5.749612e+04     1.624 ( 10314      0)     0.846 (  2384      1)
"vertical_remap"                   23040    46080 1.382400e+07   5.702594e+05    14.904 ( 21739      0)    10.813 (  8339      1)
"vertical_remap1_1"                23040    46080 1.036800e+08   2.537311e+04     0.701 ( 12401      1)     0.468 ( 19040      1)
"remap_Q_ppm"                      23040    46080 3.110400e+08   5.600625e+05    14.658 ( 21739      0)    10.614 (  8339      1)
"vertical_remap1_2"                23040    46080 1.036800e+08   3.540537e+04     0.969 ( 21739      0)     0.652 (  8333      1)
"vertical_remap1_3"                23040    46080 1.036800e+08   5.034422e+05    13.106 ( 21739      0)     9.554 (  8351      1)
"prim_run_subcyle_diags"           23040    46080 1.382400e+07   2.376638e+04     0.749 ( 10335      0)     0.335 ( 20921      0)
"t_prf"                                0        0 0.000000e+00   0.000000e+00     0.000 (     0      0)     0.000 (     0      0)

