LAST_GIT_COMMIT_SHA:STRING=4790f40f2fb6acbc051ce4c988681a628c18e83d
11103110

***** GLOBAL STATISTICS ( 23040 MPI TASKS) *****

$Id: gptl.c,v 1.157 2011-03-28 20:55:18 rosinski Exp $
'count' is cumulative. All other stats are max/min
name                               processes  threads        count      walltotal   wallmax (proc   thrd  )   wallmin (proc   thrd  )
Total                                  23040    23040 2.304000e+04   4.460561e+06   193.704 ( 15551      0)   193.516 (  9235      0)
prim_init1                             23040    23040 2.304000e+04   1.921345e+05     8.428 (  2102      0)     7.880 ( 11375      0)
repro_sum_int                          23040    23040 1.036800e+06   1.663156e+04     2.217 (  4785      0)     0.126 (  1013      0)
prim_init2                             23040    23040 2.304000e+04   4.122946e+04     3.122 (  4470      0)     1.065 (  1739      0)
prim_printstate                        23040    23040 2.304000e+04   4.434156e+03     0.224 (  8159      0)     0.162 ( 12061      0)
interp_movie_output                    23040    23040 4.608000e+04   1.923781e+02     0.020 (  3720      0)     0.000 ( 14487      0)
prim_main_loop                         23040    23040 2.304000e+04   2.764367e+06   120.070 ( 15552      0)   119.891 (  9339      0)
prim_run                               23040    23040 6.912000e+06   2.764194e+06   120.061 ( 15552      0)   119.884 (  9329      0)
tl-sc prim_run_subcycle_c              23040    23040 6.912000e+06   2.763407e+06   120.033 ( 15441      0)   119.847 (  9333      0)
tl-sc dp3d-from-ps                     23040    23040 6.912000e+06   7.673133e+02     0.050 ( 11454      0)     0.027 ( 20356      0)
tl-sc prim_step-loop                   23040    23040 6.912000e+06   2.463931e+06   107.725 ( 22590      0)   105.659 (  1216      0)
tl-s prim_step                         23040    23040 2.073600e+07   2.463786e+06   107.718 ( 22590      0)   105.652 (  1216      0)
tl-s deep_copy+derived_dp              23040    23040 2.073600e+07   3.444195e+03     0.182 (  2868      0)     0.120 ( 15291      0)
tl-s prim_advance_exp-loop             23040    23040 2.073600e+07   7.578639e+05    39.328 ( 16232      0)    25.197 ( 17863      0)
tl-ae prim_advance_exp                 23040    23040 2.073600e+07   7.575643e+05    39.316 ( 16232      0)    25.179 ( 17863      0)
tl-ae U3-5stage_timestep               23040    23040 2.073600e+07   3.792108e+05    22.581 (  2404      0)    12.225 ( 15488      0)
caar compute                           23040    23040 1.036800e+08   1.282294e+05     6.919 ( 15552      0)     4.711 ( 19783      0)
caar_bexchV                            23040    23040 1.036800e+08   2.440288e+05    17.292 (  2404      0)     5.447 ( 15488      0)
tl-ae advance_hypervis_dp              23040    23040 2.073600e+07   3.779468e+05    21.255 (  7856      0)    12.407 ( 17871      0)
hvf-bhwk                               23040    23040 6.220800e+07   2.131512e+05    12.913 (  2445      0)     7.237 (  2511      0)
hvf-bexch                              23040    23040 1.244160e+08   2.600735e+05    16.365 (  7858      0)     6.597 ( 17875      0)
tl-s prim_advec_tracers_remap          23040    23040 2.073600e+07   1.701839e+06    81.007 ( 17863      0)    67.706 ( 16232      0)
tl-at prim_advec_tracers_remap_RK2     23040    23040 2.073600e+07   1.701618e+06    80.996 ( 17863      0)    67.697 ( 16232      0)
tl-at precompute_divdp                 23040    23040 2.073600e+07   3.501463e+03     0.219 ( 12288      0)     0.114 ( 16526      0)
tl-at esf-0                            23040    23040 2.073600e+07   4.594253e+05    24.388 ( 17863      0)    17.046 ( 15256      0)
tl-at esf-1                            23040    23040 2.073600e+07   3.638194e+05    17.559 ( 17871      0)    13.444 ( 15255      0)
tl-at esf-2                            23040    23040 2.073600e+07   8.307924e+05    38.960 (  2512      0)    33.757 ( 16232      0)
tl-at qdp_time_avg                     23040    23040 2.073600e+07   4.292311e+04     2.161 (  7296      0)     1.465 ( 15281      0)
tl-sc vertical_remap                   23040    23040 6.912000e+06   2.673806e+05    12.898 ( 15169      0)    10.889 ( 22590      0)
Remap Thickness Functor                23040    23040 6.912000e+06   2.429068e+03     0.156 (  2856      0)     0.075 ( 11074      0)
Remap Scale States Functor             23040    23040 6.912000e+06   1.239319e+03     0.111 (  3338      0)     0.033 ( 19360      0)
Remap Compute Grids Functor            23040    23040 6.912000e+06   1.024982e+04     0.508 ( 19186      0)     0.373 ( 11036      0)
Remap Compute Remap Functor            23040    23040 6.912000e+06   2.493202e+05    12.048 ( 15169      0)    10.223 ( 12613      0)
Remap Rescale States Functor           23040    23040 6.912000e+06   1.040455e+03     0.087 ( 22272      0)     0.042 ( 20212      0)
tl-sc Q-from-qdp                       23040    23040 6.912000e+06   3.112879e+04     1.537 (  1216      0)     1.329 ( 11069      0)
t_prf                                      0        0 0.000000e+00   0.000000e+00     0.000 (     0      0)     0.000 (     0      0)

