LAST_GIT_COMMIT_SHA:STRING=adf77c97ed8425a245449f2582d2441f4b72da1e
11094971

***** GLOBAL STATISTICS ( 86400 MPI TASKS) *****

$Id: gptl.c,v 1.157 2011-03-28 20:55:18 rosinski Exp $
'count' is cumulative. All other stats are max/min
name                           processes  threads        count      walltotal   wallmax (proc   thrd  )   wallmin (proc   thrd  )
"Total"                            86400    86400 8.640000e+04   3.384108e+07   392.786 (  8234      0)   391.085 ( 32722      0)
"prim_init1"                       86400    86400 8.640000e+04   1.880368e+06    22.975 (    13      0)    20.918 ( 75613      0)
"PartitioningTime"                 86400    86400 8.640000e+04   1.988624e+04     0.417 ( 39161      0)     0.002 ( 18158      0)
"repro_sum_int"                    86400    86400 3.888000e+06   2.796732e+05     7.647 (     7      0)     1.409 ( 37888      0)
"prim_init2"                       86400    86400 8.640000e+04   5.054715e+05    10.402 (    10      0)     4.127 ( 28542      0)
"prim_printstate"                  86400    86400 8.640000e+04   9.102625e+04     1.253 ( 55727      0)     0.896 ( 25850      0)
"interp_movie_output"              86400    86400 1.728000e+05   8.995544e+03     0.200 ( 56850      0)     0.077 ( 49749      0)
"prim_main_loop"                   86400    86400 8.640000e+04   1.424239e+07   164.917 ( 66512      0)   164.746 ( 26523      0)
"prim_run"                         86400    86400 3.888000e+08   1.423210e+07   164.819 ( 66526      0)   164.634 ( 41658      0)
"ApplyCAMForcing"                  86400    86400 3.888000e+08   7.054401e+04     0.970 (  7711      0)     0.745 ( 53033      0)
"prim_step_rX"                     86400    86400 1.166400e+09   1.289667e+07   149.769 ( 26583      0)   146.460 ( 76326      0)
"prim_step_dyn"                    86400    86400 1.166400e+09   6.062044e+06    78.806 ( 54322      0)    58.940 (  9990      0)
"prim_advance_exp"                 86400    86400 1.166400e+09   6.045663e+06    78.637 ( 54322      0)    58.707 (  9990      0)
"U3-5stage_timestep"               86400    86400 1.166400e+09   3.137902e+06    45.059 (  3400      0)    29.349 ( 83972      0)
"compute_and_apply_rhs"            86400    86400 5.832000e+09   3.088580e+06    44.522 (  3400      0)    28.765 ( 83972      0)
"caar_bexchV"                      86400    86400 5.832000e+09   2.258693e+06    35.494 (  3400      0)    17.552 ( 83972      0)
"advance_hypervis_dp"              86400    86400 1.166400e+09   2.894039e+06    40.457 ( 20009      0)    27.153 (  9992      0)
"biwkdp3d_bexchV"                  86400    86400 3.499200e+09   1.140053e+06    18.346 ( 19665      0)     9.359 ( 10880      0)
"ahdp_bexchV2"                     86400    86400 3.499200e+09   1.131806e+06    18.531 ( 19705      0)     9.639 ( 10882      0)
"prim_step_advec"                  86400    86400 1.166400e+09   6.803559e+06    89.817 (  9990      0)    70.263 ( 54322      0)
"PAT_remap"                        86400    86400 1.166400e+09   6.797121e+06    89.744 (  9990      0)    70.190 ( 54322      0)
"prim_advec_tracers_remap_rk2"     86400    86400 1.166400e+09   6.782533e+06    89.490 (  9990      0)    70.002 ( 14941      0)
"precomput_divdp"                  86400    86400 1.166400e+09   1.581147e+04     0.240 ( 16687      0)     0.169 ( 26077      0)
"euler_step_0"                     86400    86400 1.166400e+09   1.990959e+06    28.857 ( 19342      0)    18.857 ( 14759      0)
"bihmix_qminmax"                   86400    86400 3.499200e+09   3.043876e+06    42.945 (  9088      0)    29.661 ( 19047      0)
"eus_neighbor_minmax1"             86400    86400 1.166400e+09   7.302976e+05    13.472 ( 19342      0)     6.111 ( 61437      0)
"nmm_bexchV"                       86400    86400 1.166400e+09   5.784711e+05    11.618 ( 19342      0)     4.332 ( 51266      0)
"eus_2d_advec"                     86400    86400 3.499200e+09   3.537945e+06    51.740 (  9992      0)    35.212 ( 32154      0)
"eus_bexchV"                       86400    86400 3.499200e+09   2.141620e+06    34.732 (  9090      0)    18.572 ( 34208      0)
"euler_step_1"                     86400    86400 1.166400e+09   1.182703e+06    17.042 ( 82179      0)    11.912 ( 14938      0)
"euler_step_2"                     86400    86400 1.166400e+09   3.476275e+06    46.425 (  9090      0)    35.229 ( 16776      0)
"nmm_bexchS_start"                 86400    86400 1.166400e+09   8.811436e+04     1.502 ( 10112      0)     0.546 (  6866      0)
"biwksc_bexchV"                    86400    86400 1.166400e+09   9.635510e+05    15.988 ( 10826      0)     7.518 ( 14951      0)
"nmm_bexchS_fini"                  86400    86400 1.166400e+09   2.377393e+04     0.538 ( 54378      0)     0.185 ( 80492      0)
"qdp_tavg"                         86400    86400 1.166400e+09   8.668626e+04     1.197 ( 21854      0)     0.951 (  1592      0)
"vertical_remap"                   86400    86400 3.888000e+08   1.174432e+06    16.140 ( 76326      0)    13.246 ( 26711      0)
"vertical_remap1_1"                86400    86400 3.888000e+08   9.810279e+04     1.287 ( 31632      0)     1.014 ( 33801      0)
"remap_Q_ppm"                      86400    86400 1.166400e+09   1.120081e+06    15.565 ( 76326      0)    12.802 ( 42690      0)
"vertical_remap1_2"                86400    86400 3.888000e+08   7.541927e+04     1.132 ( 76326      0)     0.849 ( 32079      0)
"vertical_remap1_3"                86400    86400 3.888000e+08   9.707680e+05    13.434 ( 76326      0)    11.145 ( 60562      0)
"prim_run_subcyle_diags"           86400    86400 3.888000e+08   3.456706e+04     0.685 (  3056      0)     0.259 ( 85459      0)
"t_prf"                                0        0 0.000000e+00   0.000000e+00     0.000 (     0      0)     0.000 (     0      0)

