LAST_GIT_COMMIT_SHA:STRING=adf77c97ed8425a245449f2582d2441f4b72da1e
10980471

***** GLOBAL STATISTICS ( 86400 MPI TASKS) *****

$Id: gptl.c,v 1.157 2011-03-28 20:55:18 rosinski Exp $
'count' is cumulative. All other stats are max/min
name                           processes  threads        count      walltotal   wallmax (proc   thrd  )   wallmin (proc   thrd  )
"Total"                            86400    86400 8.640000e+04   2.125888e+07   246.745 ( 39488      0)   245.538 ( 79864      0)
"prim_init1"                       86400    86400 8.640000e+04   1.281283e+06    15.868 (    25      0)    14.084 ( 45880      0)
"PartitioningTime"                 86400    86400 8.640000e+04   9.132638e+03     0.415 ( 13881      0)     0.004 ( 35900      0)
"repro_sum_int"                    86400    86400 3.888000e+06   3.278379e+05    17.625 (    25      0)     1.104 ( 16567      0)
"prim_init2"                       86400    86400 8.640000e+04   4.801221e+05    19.863 (    26      0)     2.998 ( 72237      0)
"prim_printstate"                  86400    86400 8.640000e+04   6.863059e+04     1.057 (   288      0)     0.647 (  5409      0)
"interp_movie_output"              86400    86400 1.728000e+05   5.905648e+03     0.233 ( 49456      0)     0.038 ( 12250      0)
"prim_main_loop"                   86400    86400 8.640000e+04   1.661580e+07   192.406 ( 29120      0)   192.129 (  5944      0)
"prim_run"                         86400    86400 3.888000e+08   1.660894e+07   192.325 ( 33090      0)   192.056 ( 54208      0)
"ApplyCAMForcing"                  86400    86400 3.888000e+08   1.012757e+05     1.407 (  3072      0)     1.087 ( 40692      0)
"prim_step_rX"                     86400    86400 1.166400e+09   1.526963e+07   177.273 ( 51560      0)   175.589 (  5920      0)
"prim_step_dyn"                    86400    86400 1.166400e+09   6.155628e+06    83.986 ( 25035      0)    57.456 ( 22940      0)
"prim_advance_exp"                 86400    86400 1.166400e+09   6.141431e+06    83.801 ( 25035      0)    57.251 ( 22940      0)
"U3-5stage_timestep"               86400    86400 1.166400e+09   3.231149e+06    50.182 ( 25035      0)    28.695 ( 57088      0)
"compute_and_apply_rhs"            86400    86400 5.832000e+09   3.184949e+06    49.689 ( 25035      0)    28.135 ( 57088      0)
"caar_bexchV"                      86400    86400 5.832000e+09   2.364977e+06    40.620 ( 25035      0)    17.570 ( 82368      0)
"advance_hypervis_dp"              86400    86400 1.166400e+09   2.896383e+06    40.643 ( 82602      0)    27.587 ( 22944      0)
"biwkdp3d_bexchV"                  86400    86400 3.499200e+09   1.105005e+06    18.891 ( 75092      0)     9.319 ( 22944      0)
"ahdp_bexchV2"                     86400    86400 3.499200e+09   1.099618e+06    18.741 ( 75050      0)     9.562 ( 22940      0)
"prim_step_advec"                  86400    86400 1.166400e+09   9.083083e+06   118.723 ( 22940      0)    92.396 ( 25035      0)
"PAT_remap"                        86400    86400 1.166400e+09   9.076601e+06   118.649 ( 22940      0)    92.321 ( 25035      0)
"prim_advec_tracers_remap_rk2"     86400    86400 1.166400e+09   9.064234e+06   118.502 ( 22940      0)    92.217 ( 25035      0)
"precomput_divdp"                  86400    86400 1.166400e+09   1.544613e+04     0.220 ( 37577      0)     0.162 ( 47437      0)
"euler_step_0"                     86400    86400 1.166400e+09   2.420940e+06    34.903 ( 22940      0)    22.870 ( 22219      0)
"bihmix_qminmax"                   86400    86400 3.499200e+09   4.035641e+06    58.636 ( 22944      0)    39.285 ( 11788      0)
"eus_neighbor_minmax1"             86400    86400 1.166400e+09   7.517429e+05    13.788 ( 75121      0)     6.038 ( 68945      0)
"nmm_bexchV"                       86400    86400 1.166400e+09   6.095745e+05    12.047 ( 75121      0)     4.472 ( 68945      0)
"eus_2d_advec"                     86400    86400 3.499200e+09   4.822215e+06    69.563 ( 22945      0)    46.949 (  2336      0)
"eus_bexchV"                       86400    86400 3.499200e+09   2.473337e+06    42.849 ( 22945      0)    18.505 (  1696      0)
"euler_step_1"                     86400    86400 1.166400e+09   1.635051e+06    22.506 ( 75135      0)    16.696 ( 11759      0)
"euler_step_2"                     86400    86400 1.166400e+09   4.874922e+06    62.971 ( 22945      0)    48.876 ( 25035      0)
"nmm_bexchS_start"                 86400    86400 1.166400e+09   8.508659e+04     1.476 ( 11392      0)     0.582 ( 22573      0)
"biwksc_bexchV"                    86400    86400 1.166400e+09   1.162611e+06    20.683 ( 36181      0)     7.316 ( 53805      0)
"nmm_bexchS_fini"                  86400    86400 1.166400e+09   2.234135e+04     0.564 ( 20442      0)     0.200 ( 43149      0)
"qdp_tavg"                         86400    86400 1.166400e+09   8.685497e+04     1.257 ( 11295      0)     0.930 ( 12738      0)
"vertical_remap"                   86400    86400 3.888000e+08   1.153222e+06    14.129 ( 43470      0)    12.950 ( 51560      0)
"vertical_remap1_1"                86400    86400 3.888000e+08   8.238384e+04     1.105 ( 51904      0)     0.714 ( 51562      0)
"remap_Q_ppm"                      86400    86400 1.166400e+09   1.111170e+06    13.570 ( 41372      0)    12.653 ( 51560      0)
"vertical_remap1_2"                86400    86400 3.888000e+08   7.546092e+04     0.932 ( 60769      0)     0.852 ( 67605      0)
"vertical_remap1_3"                86400    86400 3.888000e+08   9.708238e+05    11.975 ( 41372      0)    11.151 ( 33272      0)
"prim_run_subcyle_diags"           86400    86400 3.888000e+08   3.529710e+04     0.611 ( 29920      0)     0.349 ( 11270      0)
"t_prf"                                0        0 0.000000e+00   0.000000e+00     0.000 (     0      0)     0.000 (     0      0)

