
***** GLOBAL STATISTICS (   768 MPI TASKS) *****

$Id: gptl.c,v 1.157 2011-03-28 20:55:18 rosinski Exp $
'count' is cumulative. All other stats are max/min
name                           processes  threads        count      walltotal   wallmax (proc   thrd  )   wallmin (proc   thrd  )
"Total"                              768      768 7.680000e+02   3.484434e+04    45.376 (   320      0)    45.366 (   529      0)
"prim_init1"                         768      768 7.680000e+02   1.850166e+02     0.243 (   131      0)     0.238 (   557      0)
"PartitioningTime"                   768      768 7.680000e+02   2.166386e+00     0.005 (   441      0)     0.002 (   750      0)
"repro_sum_int"                      768      768 3.456000e+04   5.636718e+01     0.210 (   578      0)     0.028 (   128      0)
"prim_init2"                         768      768 7.680000e+02   8.412158e+01     0.250 (   676      0)     0.066 (   128      0)
"prim_printstate"                    768      768 7.680000e+02   2.974384e+01     0.046 (     0      0)     0.038 (   151      0)
"interp_movie_output"                768      768 1.536000e+03   3.611457e-01     0.001 (    32      0)     0.000 (   596      0)
"prim_main_loop"                     768      768 7.680000e+02   3.420969e+04    44.550 (   320      0)    44.540 (    80      0)
"prim_run"                           768      768 3.686400e+05   3.420766e+04    44.547 (   320      0)    44.538 (   616      0)
"ApplyCAMForcing"                    768      768 3.686400e+05   2.457938e+02     0.372 (   464      0)     0.274 (   278      0)
"prim_step_rX"                       768      768 1.105920e+06   3.103406e+04    40.531 (   347      0)    40.030 (   128      0)
"prim_step_dyn"                      768      768 1.105920e+06   9.835131e+03    16.238 (   164      0)     9.760 (   384      0)
"prim_advance_exp"                   768      768 1.105920e+06   9.825829e+03    16.226 (   164      0)     9.746 (   384      0)
"U3-5stage_timestep"                 768      768 1.105920e+06   5.434282e+03    10.124 (    59      0)     4.639 (   320      0)
"compute_and_apply_rhs"              768      768 5.529600e+06   5.372656e+03    10.047 (    59      0)     4.543 (   320      0)
"caar_bexchV"                        768      768 5.529600e+06   3.718358e+03     7.986 (    59      0)     1.972 (   320      0)
"advance_hypervis_dp"                768      768 1.105920e+06   4.376094e+03     7.383 (    88      0)     4.819 (   323      0)
"biwkdp3d_bexchV"                    768      768 3.317760e+06   1.309208e+03     2.958 (    91      0)     1.066 (   320      0)
"ahdp_bexchV2"                       768      768 3.317760e+06   1.267650e+03     2.760 (    87      0)     1.213 (   323      0)
"prim_step_advec"                    768      768 1.105920e+06   2.114799e+04    30.423 (   382      0)    24.188 (   164      0)
"PAT_remap"                          768      768 1.105920e+06   2.114182e+04    30.415 (   382      0)    24.180 (   164      0)
"prim_advec_tracers_remap_rk2"       768      768 1.105920e+06   2.113256e+04    30.403 (   382      0)    24.168 (   164      0)
"precomput_divdp"                    768      768 1.105920e+06   3.291442e+01     0.049 (   384      0)     0.040 (    85      0)
"euler_step_0"                       768      768 1.105920e+06   5.239548e+03     8.383 (   382      0)     5.601 (    59      0)
"bihmix_qminmax"                     768      768 3.317760e+06   9.505361e+03    15.095 (   384      0)    10.932 (   166      0)
"eus_neighbor_minmax1"               768      768 1.105920e+06   1.178558e+03     2.532 (   365      0)     1.038 (   387      0)
"nmm_bexchV"                         768      768 1.105920e+06   8.600439e+02     2.118 (   343      0)     0.618 (   700      0)
"eus_2d_advec"                       768      768 3.317760e+06   1.127412e+04    18.107 (   390      0)    12.631 (   164      0)
"eus_bexchV"                         768      768 3.317760e+06   3.821950e+03     8.443 (   390      0)     2.651 (   704      0)
"euler_step_1"                       768      768 1.105920e+06   4.068762e+03     5.989 (   419      0)     4.800 (    92      0)
"euler_step_2"                       768      768 1.105920e+06   1.153859e+04    16.713 (   326      0)    13.252 (   164      0)
"nmm_bexchS_start"                   768      768 1.105920e+06   6.648254e+01     0.132 (     0      0)     0.052 (   707      0)
"biwksc_bexchV"                      768      768 1.105920e+06   1.849116e+03     4.099 (   382      0)     1.324 (   241      0)
"nmm_bexchS_fini"                    768      768 1.105920e+06   4.566130e+01     0.082 (    21      0)     0.053 (   355      0)
"qdp_tavg"                           768      768 1.105920e+06   2.193664e+02     0.345 (   486      0)     0.245 (   317      0)
"vertical_remap"                     768      768 3.686400e+05   2.773086e+03     3.974 (   128      0)     3.530 (   561      0)
"vertical_remap1_1"                  768      768 7.372800e+05   1.228870e+02     0.171 (   640      0)     0.151 (   304      0)
"remap_Q_ppm"                        768      768 2.211840e+06   2.728872e+03     3.912 (   128      0)     3.476 (   561      0)
"vertical_remap1_2"                  768      768 7.372800e+05   1.705739e+02     0.245 (   640      0)     0.217 (   304      0)
"vertical_remap1_3"                  768      768 7.372800e+05   2.452605e+03     3.537 (   128      0)     3.124 (   561      0)
"prim_run_subcyle_diags"             768      768 3.686400e+05   1.018533e+02     0.176 (   462      0)     0.105 (   367      0)
"t_prf"                                0        0 0.000000e+00   0.000000e+00     0.000 (     0      0)     0.000 (     0      0)

