
***** GLOBAL STATISTICS (   256 MPI TASKS) *****

$Id: gptl.c,v 1.157 2011-03-28 20:55:18 rosinski Exp $
'count' is cumulative. All other stats are max/min
name                               processes  threads        count      walltotal   wallmax (proc   thrd  )   wallmin (proc   thrd  )
Total                                    256      256 2.560000e+02   7.465866e+03    29.167 (   128      0)    29.161 (     2      0)
prim_init1                               256      256 2.560000e+02   4.711867e+01     0.185 (   131      0)     0.182 (    94      0)
repro_sum_int                            256      256 1.152000e+04   8.452157e+00     0.074 (    35      0)     0.008 (   188      0)
prim_init2                               256      256 2.560000e+02   5.028300e+01     0.229 (    19      0)     0.172 (   188      0)
prim_printstate                          256      256 2.560000e+02   7.656356e+00     0.034 (     0      0)     0.030 (    41      0)
interp_movie_output                      256      256 5.120000e+02   1.262865e-01     0.001 (   173      0)     0.000 (    64      0)
prim_main_loop                           256      256 2.560000e+02   7.286306e+03    28.465 (    64      0)    28.460 (   145      0)
prim_run                                 256      256 4.096000e+04   7.285937e+03    28.463 (    64      0)    28.459 (    11      0)
tl-sc prim_run_subcycle_c                256      256 4.096000e+04   7.283792e+03    28.457 (    64      0)    28.448 (   156      0)
tl-sc dp3d-from-ps                       256      256 4.096000e+04   1.403539e+00     0.006 (    64      0)     0.004 (   140      0)
tl-sc prim_step-loop                     256      256 4.096000e+04   6.462797e+03    25.301 (    66      0)    25.006 (   194      0)
tl-s prim_step                           256      256 1.228800e+05   6.462172e+03    25.299 (    66      0)    25.003 (   194      0)
tl-s deep_copy+derived_dp                256      256 1.228800e+05   8.577234e+00     0.036 (    64      0)     0.031 (    54      0)
tl-s prim_advance_exp-loop               256      256 1.228800e+05   1.760283e+03     7.981 (    33      0)     5.695 (    64      0)
tl-ae prim_advance_exp                   256      256 1.228800e+05   1.759345e+03     7.977 (    33      0)     5.691 (    64      0)
tl-ae U3-5stage_timestep                 256      256 1.228800e+05   1.009307e+03     5.076 (    33      0)     2.866 (    64      0)
caar compute                             256      256 6.144000e+05   3.430835e+02     1.581 (    64      0)     1.262 (    32      0)
caar_bexchV                              256      256 6.144000e+05   6.426391e+02     3.710 (    33      0)     1.181 (    64      0)
tl-ae advance_hypervis_dp                256      256 1.228800e+05   7.482190e+02     3.162 (    97      0)     2.793 (    65      0)
hvf-bhwk                                 256      256 3.686400e+05   4.364661e+02     1.986 (    97      0)     1.595 (    44      0)
hvf-bexch                                256      256 7.372800e+05   4.351193e+02     1.965 (    97      0)     1.379 (    64      0)
tl-s prim_advec_tracers_remap            256      256 1.228800e+05   4.691329e+03    19.333 (    64      0)    17.212 (    33      0)
tl-at prim_advec_tracers_remap_RK2       256      256 1.228800e+05   4.690371e+03    19.328 (    64      0)    17.208 (    33      0)
tl-at precompute_divdp                   256      256 1.228800e+05   8.541952e+00     0.039 (    64      0)     0.030 (   254      0)
tl-at esf-0                              256      256 1.228800e+05   1.320958e+03     6.136 (    72      0)     4.101 (   219      0)
tl-at esf-1                              256      256 1.228800e+05   9.729223e+02     4.475 (   164      0)     3.304 (   150      0)
tl-at esf-2                              256      256 1.228800e+05   2.275342e+03     9.863 (   150      0)     8.048 (    56      0)
tl-at qdp_time_avg                       256      256 1.228800e+05   1.077860e+02     0.451 (   249      0)     0.362 (    63      0)
tl-sc vertical_remap                     256      256 4.096000e+04   7.358021e+02     3.090 (   194      0)     2.818 (    56      0)
Remap Thickness Functor                  256      256 4.096000e+04   4.911896e+00     0.021 (   194      0)     0.018 (    61      0)
Remap Scale States Functor               256      256 4.096000e+04   2.245260e+00     0.010 (   153      0)     0.008 (    54      0)
Remap Compute Grids Functor              256      256 4.096000e+04   2.666961e+01     0.112 (   194      0)     0.099 (    61      0)
Remap Compute Remap Functor              256      256 4.096000e+04   6.958234e+02     2.925 (   194      0)     2.666 (    56      0)
Remap Rescale States Functor             256      256 4.096000e+04   2.909311e+00     0.013 (    64      0)     0.011 (   217      0)
tl-sc Q-from-qdp                         256      256 4.096000e+04   8.289648e+01     0.366 (    64      0)     0.321 (   109      0)
t_prf                                      0        0 0.000000e+00   0.000000e+00     0.000 (     0      0)     0.000 (     0      0)

