
***** GLOBAL STATISTICS (   384 MPI TASKS) *****

$Id: gptl.c,v 1.157 2011-03-28 20:55:18 rosinski Exp $
'count' is cumulative. All other stats are max/min
name                           processes  threads        count      walltotal   wallmax (proc   thrd  )   wallmin (proc   thrd  )
"Total"                              384      384 3.840000e+02   1.906921e+04    49.663 (   192      0)    49.657 (   279      0)
"prim_init1"                         384      384 3.840000e+02   4.566618e+01     0.121 (     0      0)     0.118 (   312      0)
"PartitioningTime"                   384      384 3.840000e+02   5.714397e-01     0.002 (   127      0)     0.001 (   135      0)
"repro_sum_int"                      384      384 1.728000e+04   1.301473e+01     0.106 (   313      0)     0.010 (     0      0)
"prim_init2"                         384      384 3.840000e+02   2.181210e+01     0.129 (   317      0)     0.037 (    14      0)
"prim_printstate"                    384      384 3.840000e+02   6.714871e+00     0.022 (     0      0)     0.017 (    26      0)
"interp_movie_output"                384      384 7.680000e+02   1.390195e-01     0.001 (   208      0)     0.000 (    40      0)
"prim_main_loop"                     384      384 3.840000e+02   1.890911e+04    49.245 (   192      0)    49.241 (    27      0)
"prim_run"                           384      384 3.840000e+05   1.890736e+04    49.240 (   192      0)    49.236 (    25      0)
"ApplyCAMForcing"                    384      384 3.840000e+05   1.261748e+02     0.365 (   148      0)     0.287 (   180      0)
"prim_step_rX"                       384      384 1.152000e+06   1.723888e+04    44.999 (   224      0)    44.418 (   320      0)
"prim_step_dyn"                      384      384 1.152000e+06   5.427424e+03    17.912 (    31      0)    10.697 (   128      0)
"prim_advance_exp"                   384      384 1.152000e+06   5.418567e+03    17.889 (    31      0)    10.671 (   128      0)
"U3-5stage_timestep"                 384      384 1.152000e+06   3.311720e+03    12.490 (   224      0)     5.274 (   192      0)
"compute_and_apply_rhs"              384      384 5.760000e+06   3.265842e+03    12.375 (   224      0)     5.156 (   192      0)
"caar_bexchV"                        384      384 5.760000e+06   2.398706e+03    10.239 (   224      0)     2.585 (   192      0)
"advance_hypervis_dp"                384      384 1.152000e+06   2.092917e+03     7.892 (    21      0)     4.980 (   143      0)
"biwkdp3d_bexchV"                    384      384 3.456000e+06   6.125177e+02     3.269 (    21      0)     1.178 (   128      0)
"ahdp_bexchV2"                       384      384 3.456000e+06   5.761905e+02     2.299 (    21      0)     1.255 (   145      0)
"prim_step_advec"                    384      384 1.152000e+06   1.177965e+04    33.714 (   124      0)    26.961 (    31      0)
"PAT_remap"                          384      384 1.152000e+06   1.177350e+04    33.698 (   124      0)    26.946 (    31      0)
"prim_advec_tracers_remap_rk2"       384      384 1.152000e+06   1.176455e+04    33.675 (   124      0)    26.922 (    31      0)
"precomput_divdp"                    384      384 1.152000e+06   1.824859e+01     0.053 (   192      0)     0.045 (    94      0)
"euler_step_0"                       384      384 1.152000e+06   3.010367e+03     9.627 (   305      0)     6.074 (    34      0)
"bihmix_qminmax"                     384      384 3.456000e+06   5.291101e+03    16.953 (   128      0)    11.847 (   279      0)
"eus_neighbor_minmax1"               384      384 1.152000e+06   7.468236e+02     3.329 (    86      0)     1.209 (   222      0)
"nmm_bexchV"                         384      384 1.152000e+06   5.822882e+02     2.879 (    86      0)     0.794 (   222      0)
"eus_2d_advec"                       384      384 3.456000e+06   6.250787e+03    19.901 (   130      0)    13.624 (    31      0)
"eus_bexchV"                         384      384 3.456000e+06   2.472242e+03    10.320 (   130      0)     3.471 (   266      0)
"euler_step_1"                       384      384 1.152000e+06   2.250774e+03     6.796 (   290      0)     4.705 (    32      0)
"euler_step_2"                       384      384 1.152000e+06   6.344339e+03    18.180 (   130      0)    14.494 (   285      0)
"nmm_bexchS_start"                   384      384 1.152000e+06   7.017614e+01     0.257 (   128      0)     0.120 (   287      0)
"biwksc_bexchV"                      384      384 1.152000e+06   1.132960e+03     4.795 (   127      0)     1.726 (   279      0)
"nmm_bexchS_fini"                    384      384 1.152000e+06   2.215302e+01     0.067 (   128      0)     0.052 (   174      0)
"qdp_tavg"                           384      384 1.152000e+06   1.088367e+02     0.352 (   195      0)     0.240 (   125      0)
"vertical_remap"                     384      384 3.840000e+05   1.463278e+03     4.237 (   320      0)     3.709 (   224      0)
"vertical_remap1_1"                  384      384 3.840000e+05   6.781392e+01     0.193 (    65      0)     0.165 (    67      0)
"remap_Q_ppm"                        384      384 1.152000e+06   1.439036e+03     4.170 (   320      0)     3.648 (   224      0)
"vertical_remap1_2"                  384      384 3.840000e+05   8.974213e+01     0.256 (    64      0)     0.226 (   183      0)
"vertical_remap1_3"                  384      384 3.840000e+05   1.290958e+03     3.764 (   320      0)     3.271 (   225      0)
"prim_run_subcyle_diags"             384      384 3.840000e+05   4.399413e+01     0.146 (   255      0)     0.092 (   181      0)
"t_prf"                                0        0 0.000000e+00   0.000000e+00     0.000 (     0      0)     0.000 (     0      0)

