
***** GLOBAL STATISTICS (    64 MPI TASKS) *****

$Id: gptl.c,v 1.157 2011-03-28 20:55:18 rosinski Exp $
'count' is cumulative. All other stats are max/min
name                               processes  threads        count      walltotal   wallmax (proc   thrd  )   wallmin (proc   thrd  )
Total                                     64       64 6.400000e+01   1.630673e+03    25.487 (     0      0)    25.479 (    13      0)
prim_init1                                64       64 6.400000e+01   1.236569e+01     0.193 (    59      0)     0.193 (    30      0)
repro_sum_int                             64       64 2.880000e+03   7.796953e-01     0.023 (     4      0)     0.005 (    26      0)
prim_init2                                64       64 6.400000e+01   2.635684e+01     0.428 (    35      0)     0.404 (    26      0)
prim_printstate                           64       64 6.400000e+01   3.188389e+00     0.053 (     0      0)     0.050 (    12      0)
interp_movie_output                       64       64 1.280000e+02   5.356812e-02     0.001 (    14      0)     0.001 (    43      0)
prim_main_loop                            64       64 6.400000e+01   1.572900e+03    24.584 (     0      0)    24.576 (    49      0)
prim_run                                  64       64 2.560000e+03   1.572662e+03    24.580 (     0      0)    24.572 (    49      0)
tl-sc prim_run_subcycle_c                 64       64 2.560000e+03   1.571487e+03    24.563 (     0      0)    24.552 (    17      0)
tl-sc dp3d-from-ps                        64       64 2.560000e+03   2.447064e-01     0.004 (    48      0)     0.003 (    53      0)
tl-sc prim_step-loop                      64       64 2.560000e+03   1.365923e+03    21.392 (    38      0)    21.218 (     0      0)
tl-s prim_step                            64       64 7.680000e+03   1.365877e+03    21.392 (    38      0)    21.218 (     0      0)
tl-s deep_copy+derived_dp                 64       64 7.680000e+03   2.216483e+00     0.037 (    56      0)     0.032 (    25      0)
tl-s prim_advance_exp-loop                64       64 7.680000e+03   2.898673e+02     4.877 (    22      0)     4.039 (     0      0)
tl-ae prim_advance_exp                    64       64 7.680000e+03   2.897631e+02     4.875 (    22      0)     4.038 (     0      0)
tl-ae U3-5stage_timestep                  64       64 7.680000e+03   1.605043e+02     2.863 (    22      0)     2.018 (     0      0)
caar compute                              64       64 3.840000e+04   8.218137e+01     1.340 (     0      0)     1.246 (    38      0)
caar_bexchV                               64       64 3.840000e+04   7.450962e+01     1.507 (    22      0)     0.617 (     0      0)
tl-ae advance_hypervis_dp                 64       64 7.680000e+03   1.291169e+02     2.265 (    54      0)     2.001 (    14      0)
hvf-bhwk                                  64       64 2.304000e+04   7.885412e+01     1.476 (    54      0)     1.207 (    10      0)
hvf-bexch                                 64       64 4.608000e+04   5.383000e+01     1.091 (    54      0)     0.734 (     0      0)
tl-s prim_advec_tracers_remap             64       64 7.680000e+03   1.073627e+03    17.143 (     0      0)    16.386 (    22      0)
tl-at prim_advec_tracers_remap_RK2        64       64 7.680000e+03   1.073563e+03    17.142 (     0      0)    16.385 (    22      0)
tl-at precompute_divdp                    64       64 7.680000e+03   1.969943e+00     0.033 (     0      0)     0.029 (     1      0)
tl-at esf-0                               64       64 7.680000e+03   2.955733e+02     4.800 (     0      0)     4.543 (     3      0)
tl-at esf-1                               64       64 7.680000e+03   2.240743e+02     3.608 (     1      0)     3.390 (    30      0)
tl-at esf-2                               64       64 7.680000e+03   5.189357e+02     8.361 (     3      0)     7.884 (    22      0)
tl-at qdp_time_avg                        64       64 7.680000e+03   3.263825e+01     0.531 (    24      0)     0.479 (    27      0)
tl-sc vertical_remap                      64       64 2.560000e+03   1.841618e+02     2.988 (     0      0)     2.829 (    38      0)
Remap Thickness Functor                   64       64 2.560000e+03   1.261043e+00     0.021 (     6      0)     0.018 (     0      0)
Remap Scale States Functor                64       64 2.560000e+03   6.086001e-01     0.010 (    54      0)     0.008 (    35      0)
Remap Compute Grids Functor               64       64 2.560000e+03   7.279742e+00     0.120 (    17      0)     0.102 (    36      0)
Remap Compute Remap Functor               64       64 2.560000e+03   1.735829e+02     2.834 (     0      0)     2.673 (    62      0)
Remap Rescale States Functor              64       64 2.560000e+03   6.569126e-01     0.011 (     0      0)     0.010 (    14      0)
tl-sc Q-from-qdp                          64       64 2.560000e+03   2.109345e+01     0.351 (     0      0)     0.327 (    14      0)
t_prf                                      0        0 0.000000e+00   0.000000e+00     0.000 (     0      0)     0.000 (     0      0)

