
***** GLOBAL STATISTICS (   128 MPI TASKS) *****

$Id: gptl.c,v 1.157 2011-03-28 20:55:18 rosinski Exp $
'count' is cumulative. All other stats are max/min
name                               processes  threads        count      walltotal   wallmax (proc   thrd  )   wallmin (proc   thrd  )
Total                                    128      128 1.280000e+02   3.340322e+03    26.102 (    18      0)    26.095 (    49      0)
prim_init1                               128      128 1.280000e+02   2.292372e+01     0.183 (     0      0)     0.179 (    82      0)
repro_sum_int                            128      128 5.760000e+03   2.387513e+00     0.043 (    40      0)     0.007 (    97      0)
prim_init2                               128      128 1.280000e+02   3.234526e+01     0.265 (    52      0)     0.243 (    71      0)
prim_printstate                          128      128 1.280000e+02   4.651584e+00     0.040 (     0      0)     0.036 (   126      0)
interp_movie_output                      128      128 2.560000e+02   5.269098e-02     0.001 (    39      0)     0.000 (    11      0)
prim_main_loop                           128      128 1.280000e+02   3.247659e+03    25.378 (    18      0)    25.371 (    39      0)
prim_run                                 128      128 1.024000e+04   3.247549e+03    25.377 (    18      0)    25.370 (    54      0)
tl-sc prim_run_subcycle_c                128      128 1.024000e+04   3.246237e+03    25.370 (    18      0)    25.359 (    22      0)
tl-sc dp3d-from-ps                       128      128 1.024000e+04   5.140390e-01     0.005 (     0      0)     0.004 (    19      0)
tl-sc prim_step-loop                     128      128 1.024000e+04   2.835720e+03    22.199 (   123      0)    21.999 (    64      0)
tl-s prim_step                           128      128 3.072000e+04   2.835549e+03    22.198 (   123      0)    21.998 (    64      0)
tl-s deep_copy+derived_dp                128      128 3.072000e+04   4.335354e+00     0.036 (    99      0)     0.031 (    59      0)
tl-s prim_advance_exp-loop               128      128 3.072000e+04   7.124896e+02     6.177 (    22      0)     4.744 (    64      0)
tl-ae prim_advance_exp                   128      128 3.072000e+04   7.121887e+02     6.175 (    22      0)     4.741 (    64      0)
tl-ae U3-5stage_timestep                 128      128 3.072000e+04   3.971617e+02     3.781 (    22      0)     2.343 (    64      0)
caar compute                             128      128 1.536000e+05   1.676151e+02     1.462 (     0      0)     1.237 (    46      0)
caar_bexchV                              128      128 1.536000e+05   2.203665e+02     2.442 (    49      0)     0.818 (    64      0)
tl-ae advance_hypervis_dp                128      128 3.072000e+04   3.145068e+02     2.809 (    28      0)     2.347 (   113      0)
hvf-bhwk                                 128      128 9.216000e+04   1.892850e+02     1.807 (    28      0)     1.371 (    55      0)
hvf-bexch                                128      128 1.843200e+05   1.610209e+02     1.639 (    31      0)     1.001 (    64      0)
tl-s prim_advec_tracers_remap            128      128 3.072000e+04   2.118107e+03    17.215 (    64      0)    15.929 (    22      0)
tl-at prim_advec_tracers_remap_RK2       128      128 3.072000e+04   2.117854e+03    17.213 (    64      0)    15.927 (    22      0)
tl-at precompute_divdp                   128      128 3.072000e+04   3.933047e+00     0.034 (     0      0)     0.029 (    27      0)
tl-at esf-0                              128      128 3.072000e+04   5.691734e+02     4.763 (     0      0)     4.227 (    46      0)
tl-at esf-1                              128      128 3.072000e+04   4.494955e+02     3.692 (    64      0)     3.336 (    52      0)
tl-at esf-2                              128      128 3.072000e+04   1.033939e+03     8.580 (   124      0)     7.760 (    22      0)
tl-at qdp_time_avg                       128      128 3.072000e+04   5.994257e+01     0.503 (   125      0)     0.396 (    63      0)
tl-sc vertical_remap                     128      128 1.024000e+04   3.681183e+02     3.005 (    64      0)     2.832 (    10      0)
Remap Thickness Functor                  128      128 1.024000e+04   2.491652e+00     0.021 (   105      0)     0.017 (    63      0)
Remap Scale States Functor               128      128 1.024000e+04   1.104160e+00     0.010 (   126      0)     0.007 (    68      0)
Remap Compute Grids Functor              128      128 1.024000e+04   1.393162e+01     0.115 (    85      0)     0.098 (    63      0)
Remap Compute Remap Functor              128      128 1.024000e+04   3.478549e+02     2.851 (    64      0)     2.677 (   123      0)
Remap Rescale States Functor             128      128 1.024000e+04   1.325776e+00     0.012 (    64      0)     0.010 (    99      0)
tl-sc Q-from-qdp                         128      128 1.024000e+04   4.165300e+01     0.358 (     0      0)     0.323 (    99      0)
t_prf                                      0        0 0.000000e+00   0.000000e+00     0.000 (     0      0)     0.000 (     0      0)

