
***** GLOBAL STATISTICS (   256 MPI TASKS) *****

$Id: gptl.c,v 1.157 2011-03-28 20:55:18 rosinski Exp $
'count' is cumulative. All other stats are max/min
name                           processes  threads        count      walltotal   wallmax (proc   thrd  )   wallmin (proc   thrd  )
"Total"                              256      256 2.560000e+02   9.680978e+03    37.822 (   128      0)    37.812 (   159      0)
"prim_init1"                         256      256 2.560000e+02   4.817256e+01     0.409 (     0      0)     0.186 (     3      0)
"PartitioningTime"                   256      256 2.560000e+02   5.225620e-01     0.002 (   229      0)     0.002 (   174      0)
"repro_sum_int"                      256      256 1.152000e+04   4.206413e+01     0.188 (    12      0)     0.013 (     0      0)
"prim_init2"                         256      256 2.560000e+02   5.219868e+01     0.230 (    56      0)     0.100 (     0      0)
"prim_printstate"                    256      256 2.560000e+02   5.582205e+00     0.071 (     0      0)     0.021 (   141      0)
"interp_movie_output"                256      256 5.120000e+02   1.720719e-01     0.001 (   121      0)     0.000 (   205      0)
"prim_main_loop"                     256      256 2.560000e+02   9.478708e+03    37.032 (   128      0)    37.021 (   159      0)
"prim_run"                           256      256 4.096000e+04   9.478375e+03    37.030 (   128      0)    37.020 (    34      0)
"ApplyCAMForcing"                    256      256 4.096000e+04   8.675671e+01     0.367 (    53      0)     0.288 (    54      0)
"prim_step_rX"                       256      256 1.228800e+05   8.434934e+03    33.039 (    55      0)    32.655 (   192      0)
"prim_step_dyn"                      256      256 1.228800e+05   2.182421e+03    10.380 (    30      0)     6.640 (    64      0)
"prim_advance_exp"                   256      256 1.228800e+05   2.180699e+03    10.374 (    30      0)     6.631 (    64      0)
"U3-5stage_timestep"                 256      256 1.228800e+05   1.251787e+03     6.728 (    30      0)     3.121 (    64      0)
"compute_and_apply_rhs"              256      256 6.144000e+05   1.237614e+03     6.679 (    30      0)     3.059 (    64      0)
"caar_bexchV"                        256      256 6.144000e+05   7.118335e+02     4.738 (    30      0)     0.683 (    64      0)
"advance_hypervis_dp"                256      256 1.228800e+05   9.266372e+02     4.065 (   179      0)     3.499 (    63      0)
"biwkdp3d_bexchV"                    256      256 3.686400e+05   1.647302e+02     0.959 (   171      0)     0.403 (    64      0)
"ahdp_bexchV2"                       256      256 3.686400e+05   1.598768e+02     0.899 (   182      0)     0.427 (   128      0)
"prim_step_advec"                    256      256 1.228800e+05   6.238068e+03    25.980 (    64      0)    22.548 (    30      0)
"PAT_remap"                          256      256 1.228800e+05   6.237354e+03    25.977 (    64      0)    22.545 (    30      0)
"prim_advec_tracers_remap_rk2"       256      256 1.228800e+05   6.236267e+03    25.973 (    64      0)    22.541 (    30      0)
"precomput_divdp"                    256      256 1.228800e+05   1.056669e+01     0.046 (   128      0)     0.040 (   217      0)
"euler_step_0"                       256      256 1.228800e+05   1.571399e+03     7.157 (    49      0)     5.053 (   220      0)
"bihmix_qminmax"                     256      256 3.686400e+05   2.823041e+03    12.690 (    64      0)    10.072 (   254      0)
"eus_neighbor_minmax1"               256      256 1.228800e+05   3.220824e+02     2.035 (   214      0)     0.781 (    62      0)
"nmm_bexchV"                         256      256 1.228800e+05   2.058649e+02     1.600 (   214      0)     0.360 (    62      0)
"eus_2d_advec"                       256      256 3.686400e+05   3.315986e+03    15.011 (    77      0)    11.628 (   159      0)
"eus_bexchV"                         256      256 3.686400e+05   8.191862e+02     5.298 (    73      0)     1.775 (   192      0)
"euler_step_1"                       256      256 1.228800e+05   1.218375e+03     5.225 (    52      0)     4.309 (   159      0)
"euler_step_2"                       256      256 1.228800e+05   3.356988e+03    13.974 (    77      0)    12.280 (    30      0)
"nmm_bexchS_start"                   256      256 1.228800e+05   6.584378e+00     0.040 (   195      0)     0.016 (   123      0)
"biwksc_bexchV"                      256      256 1.228800e+05   3.413902e+02     2.165 (    63      0)     0.858 (    37      0)
"nmm_bexchS_fini"                    256      256 1.228800e+05   2.078382e+01     0.106 (    53      0)     0.068 (   119      0)
"qdp_tavg"                           256      256 1.228800e+05   7.501263e+01     0.347 (   122      0)     0.242 (    63      0)
"vertical_remap"                     256      256 4.096000e+04   9.045487e+02     3.831 (   128      0)     3.478 (   187      0)
"vertical_remap1_1"                  256      256 2.457600e+05   3.877158e+01     0.163 (   192      0)     0.146 (   148      0)
"remap_Q_ppm"                        256      256 7.372800e+05   8.907278e+02     3.771 (   128      0)     3.428 (   181      0)
"vertical_remap1_2"                  256      256 2.457600e+05   5.622328e+01     0.237 (   128      0)     0.216 (   187      0)
"vertical_remap1_3"                  256      256 2.457600e+05   8.010763e+02     3.395 (   192      0)     3.080 (   181      0)
"prim_run_subcyle_diags"             256      256 4.096000e+04   3.793175e+01     0.190 (   133      0)     0.115 (   249      0)
"t_prf"                                0        0 0.000000e+00   0.000000e+00     0.000 (     0      0)     0.000 (     0      0)

