LAST_GIT_COMMIT_SHA:STRING=4790f40f2fb6acbc051ce4c988681a628c18e83d

***** GLOBAL STATISTICS ( 86400 MPI TASKS) *****

$Id: gptl.c,v 1.157 2011-03-28 20:55:18 rosinski Exp $
'count' is cumulative. All other stats are max/min
name                               processes  threads        count      walltotal   wallmax (proc   thrd  )   wallmin (proc   thrd  )
Total                                  86400    86400 8.640000e+04   2.446854e+07   283.443 ( 28949      0)   282.957 ( 63253      0)
prim_init1                             86400    86400 8.640000e+04   7.768959e+05     9.331 ( 11456      0)     8.656 ( 54956      0)
repro_sum_int                          86400    86400 8.899200e+06   4.911007e+05    14.649 (    10      0)     2.500 ( 80963      0)
prim_init2                             86400    86400 8.640000e+04   6.156489e+05    15.056 ( 28263      0)     3.549 ( 39517      0)
prim_printstate                        86400    86400 1.728000e+05   5.046360e+04     0.795 ( 21802      0)     0.447 ( 25907      0)
interp_movie_output                    86400    86400 1.728000e+05   2.127622e+03     0.110 ( 16536      0)     0.004 ( 39237      0)
prim_main_loop                         86400    86400 8.640000e+04   2.093861e+07   242.490 ( 33174      0)   242.138 ( 62229      0)
prim_run                               86400    86400 3.888000e+08   2.093405e+07   242.452 ( 33189      0)   242.032 ( 63186      0)
tl-sc prim_run_subcycle_c              86400    86400 3.888000e+08   2.090494e+07   242.154 ( 34179      0)   241.708 ( 63168      0)
tl-sc dp3d-from-ps                     86400    86400 3.888000e+08   1.257112e+04     0.248 ( 21248      0)     0.104 ( 82883      0)
tl-sc prim_step-loop                   86400    86400 3.888000e+08   1.967757e+07   228.950 ( 17031      0)   224.875 ( 35206      0)
tl-s prim_step                         86400    86400 1.166400e+09   1.967073e+07   228.875 ( 17031      0)   224.790 ( 35206      0)
tl-s deep_copy+derived_dp              86400    86400 1.166400e+09   3.295848e+04     0.460 ( 35200      0)     0.355 ( 85197      0)
tl-s prim_advance_exp-loop             86400    86400 1.166400e+09   8.630090e+06   115.975 (  3466      0)    84.322 ( 77120      0)
tl-ae prim_advance_exp                 86400    86400 1.166400e+09   8.620336e+06   115.881 (  3466      0)    84.195 ( 77120      0)
tl-ae U3-5stage_timestep               86400    86400 1.166400e+09   4.291421e+06    65.550 ( 25525      0)    38.911 ( 75712      0)
caar compute                           86400    86400 5.832000e+09   6.600917e+05     9.179 ( 35200      0)     7.117 ( 23544      0)
caar_bexchV                            86400    86400 5.832000e+09   3.531752e+06    57.036 ( 25525      0)    28.940 (     0      0)
tl-ae advance_hypervis_dp              86400    86400 1.166400e+09   4.313572e+06    59.182 (   418      0)    42.385 ( 49119      0)
hvf-bhwk                               86400    86400 3.499200e+09   2.245567e+06    31.809 (  2727      0)    22.198 ( 49123      0)
hvf-bexch                              86400    86400 6.998400e+09   3.558113e+06    50.774 (   418      0)    33.905 ( 49119      0)
tl-s prim_advec_tracers_remap          86400    86400 1.166400e+09   1.098649e+07   142.169 ( 77120      0)   111.637 (  3466      0)
tl-at prim_advec_tracers_remap_RK2     86400    86400 1.166400e+09   1.097650e+07   142.031 ( 77120      0)   111.523 (  3466      0)
tl-at precompute_divdp                 86400    86400 1.166400e+09   4.424392e+04     0.808 ( 14656      0)     0.416 (  4723      0)
tl-at esf-0                            86400    86400 1.166400e+09   2.957999e+06    42.883 (     0      0)    28.754 (   862      0)
tl-at esf-1                            86400    86400 1.166400e+09   2.048536e+06    27.919 ( 49109      0)    19.380 (   288      0)
tl-at esf-2                            86400    86400 1.166400e+09   5.726382e+06    78.843 (    10      0)    55.622 (  3400      0)
tl-at qdp_time_avg                     86400    86400 1.166400e+09   1.522570e+05     2.039 ( 35200      0)     1.613 ( 84174      0)
tl-sc vertical_remap                   86400    86400 3.888000e+08   1.080625e+06    15.362 ( 35206      0)    11.420 ( 17031      0)
Remap Thickness Functor                86400    86400 3.888000e+08   2.617816e+04     0.517 ( 48389      0)     0.208 (  5379      0)
Remap Scale States Functor             86400    86400 3.888000e+08   1.437472e+04     0.353 (  5906      0)     0.112 (  1219      0)
Remap Compute Grids Functor            86400    86400 3.888000e+08   4.555646e+04     0.699 ( 60608      0)     0.452 ( 71487      0)
Remap Compute Remap Functor            86400    86400 3.888000e+08   9.226807e+05    13.423 ( 35206      0)     9.873 ( 25545      0)
Remap Rescale States Functor           86400    86400 3.888000e+08   1.439965e+04     0.310 (  8064      0)     0.142 (  3978      0)
tl-sc Q-from-qdp                       86400    86400 3.888000e+08   1.245467e+05     1.638 (     0      0)     1.423 ( 67301      0)
t_prf                                      0        0 0.000000e+00   0.000000e+00     0.000 (     0      0)     0.000 (     0      0)

