LAST_GIT_COMMIT_SHA:STRING=adf77c97ed8425a245449f2582d2441f4b72da1e
10950818

***** GLOBAL STATISTICS ( 86400 MPI TASKS) *****

$Id: gptl.c,v 1.157 2011-03-28 20:55:18 rosinski Exp $
'count' is cumulative. All other stats are max/min
name                           processes  threads        count      walltotal   wallmax (proc   thrd  )   wallmin (proc   thrd  )
"Total"                            86400    86400 8.640000e+04   2.543813e+07   294.673 (   192      0)   294.240 ( 40168      0)
"prim_init1"                       86400    86400 8.640000e+04   4.995580e+05     6.113 (   203      0)     5.443 ( 85984      0)
"PartitioningTime"                 86400    86400 8.640000e+04   5.709667e+02     0.052 ( 19790      0)     0.002 ( 84272      0)
"repro_sum_int"                    86400    86400 3.888000e+06   2.719885e+05    11.616 (    35      0)     0.481 ( 58984      0)
"prim_init2"                       86400    86400 8.640000e+04   3.134046e+05    12.043 (     4      0)     1.006 ( 67348      0)
"prim_printstate"                  86400    86400 8.640000e+04   2.845289e+04     0.404 ( 12306      0)     0.269 ( 67374      0)
"interp_movie_output"              86400    86400 1.728000e+05   3.945079e+03     0.153 (  3616      0)     0.009 ( 78003      0)
"prim_main_loop"                   86400    86400 8.640000e+04   2.231349e+07   258.324 ( 69372      0)   258.135 (   955      0)
"prim_run"                         86400    86400 3.888000e+08   2.230920e+07   258.297 ( 76260      0)   258.090 (   954      0)
"ApplyCAMForcing"                  86400    86400 3.888000e+08   1.291429e+05     1.696 ( 24960      0)     1.319 ( 78761      0)
"prim_step_rX"                     86400    86400 1.166400e+09   2.088387e+07   242.271 ( 69330      0)   239.889 ( 24961      0)
"prim_step_dyn"                    86400    86400 1.166400e+09   8.136359e+06   113.060 ( 39882      0)    76.628 ( 24320      0)
"prim_advance_exp"                 86400    86400 1.166400e+09   8.127608e+06   112.962 ( 39882      0)    76.514 ( 24320      0)
"U3-5stage_timestep"               86400    86400 1.166400e+09   4.292727e+06    68.938 (   544      0)    34.561 ( 57088      0)
"compute_and_apply_rhs"            86400    86400 5.832000e+09   4.241384e+06    68.389 (   544      0)    33.937 ( 57088      0)
"caar_bexchV"                      86400    86400 5.832000e+09   3.322145e+06    58.025 (   544      0)    22.325 ( 57088      0)
"advance_hypervis_dp"              86400    86400 1.166400e+09   3.820518e+06    55.428 ( 39996      0)    38.013 ( 51549      0)
"biwkdp3d_bexchV"                  86400    86400 3.499200e+09   1.466863e+06    24.142 ( 39997      0)    13.667 ( 71803      0)
"ahdp_bexchV2"                     86400    86400 3.499200e+09   1.460483e+06    23.694 ( 39995      0)    13.215 ( 44881      0)
"prim_step_advec"                  86400    86400 1.166400e+09   1.271467e+07   163.782 ( 77099      0)   128.418 ( 39882      0)
"PAT_remap"                        86400    86400 1.166400e+09   1.270803e+07   163.707 ( 77099      0)   128.341 ( 39882      0)
"prim_advec_tracers_remap_rk2"     86400    86400 1.166400e+09   1.269885e+07   163.599 ( 77099      0)   128.238 ( 39882      0)
"precomput_divdp"                  86400    86400 1.166400e+09   1.764619e+04     0.289 ( 26436      0)     0.191 ( 26668      0)
"euler_step_0"                     86400    86400 1.166400e+09   3.233474e+06    44.716 ( 67622      0)    31.689 ( 35082      0)
"bihmix_qminmax"                   86400    86400 3.499200e+09   5.550384e+06    77.786 ( 71744      0)    56.679 ( 14453      0)
"eus_neighbor_minmax1"             86400    86400 1.166400e+09   8.719828e+05    14.919 (   678      0)     7.611 ( 83794      0)
"nmm_bexchV"                       86400    86400 1.166400e+09   7.139192e+05    13.092 (   678      0)     5.838 ( 16087      0)
"eus_2d_advec"                     86400    86400 3.499200e+09   6.913592e+06    96.920 ( 34946      0)    66.600 ( 31733      0)
"eus_bexchV"                       86400    86400 3.499200e+09   2.811455e+06    48.819 ( 34946      0)    21.562 ( 60319      0)
"euler_step_1"                     86400    86400 1.166400e+09   2.361673e+06    31.611 ( 63104      0)    23.149 ( 42101      0)
"euler_step_2"                     86400    86400 1.166400e+09   6.944795e+06    90.696 (  5122      0)    67.804 ( 60087      0)
"nmm_bexchS_start"                 86400    86400 1.166400e+09   7.572860e+04     1.476 ( 63872      0)     0.586 ( 42271      0)
"biwksc_bexchV"                    86400    86400 1.166400e+09   1.245063e+06    24.432 ( 29055      0)     9.123 ( 36831      0)
"nmm_bexchS_fini"                  86400    86400 1.166400e+09   2.461507e+04     0.545 ( 80298      0)     0.243 ( 43714      0)
"qdp_tavg"                         86400    86400 1.166400e+09   1.073068e+05     1.574 (  9923      0)     1.031 ( 14973      0)
"vertical_remap"                   86400    86400 3.888000e+08   1.201359e+06    15.644 ( 24982      0)    13.484 ( 38610      0)
"vertical_remap1_1"                86400    86400 3.888000e+08   6.226442e+04     0.883 ( 78761      0)     0.644 ( 62659      0)
"remap_Q_ppm"                      86400    86400 1.166400e+09   1.172971e+06    15.290 ( 24982      0)    13.159 (  9639      0)
"vertical_remap1_2"                86400    86400 3.888000e+08   7.699373e+04     1.089 ( 78761      0)     0.866 ( 41332      0)
"vertical_remap1_3"                86400    86400 3.888000e+08   1.045606e+06    13.746 ( 25001      0)    11.681 (  9639      0)
"prim_run_subcyle_diags"           86400    86400 3.888000e+08   4.994120e+04     0.725 ( 75418      0)     0.508 ( 28580      0)
"t_prf"                                0        0 0.000000e+00   0.000000e+00     0.000 (     0      0)     0.000 (     0      0)

10950818
