LAST_GIT_COMMIT_SHA:STRING=adf77c97ed8425a245449f2582d2441f4b72da1e
10950106

***** GLOBAL STATISTICS (  1536 MPI TASKS) *****

$Id: gptl.c,v 1.157 2011-03-28 20:55:18 rosinski Exp $
'count' is cumulative. All other stats are max/min
name                           processes  threads        count      walltotal   wallmax (proc   thrd  )   wallmin (proc   thrd  )
"Total"                             1536     1536 1.536000e+03   7.638732e+04    49.734 (  1220      0)    49.728 (  1525      0)
"prim_init1"                        1536     1536 1.536000e+03   2.501969e+02     0.168 (     0      0)     0.161 (  1362      0)
"PartitioningTime"                  1536     1536 1.536000e+03   2.625722e+00     0.003 (  1210      0)     0.001 (    79      0)
"repro_sum_int"                     1536     1536 6.912000e+04   9.510984e+01     0.179 (    52      0)     0.024 (   234      0)
"prim_init2"                        1536     1536 1.536000e+03   1.299900e+02     0.207 (    16      0)     0.048 (   419      0)
"prim_printstate"                   1536     1536 1.536000e+03   4.353276e+01     0.036 (     0      0)     0.028 (   566      0)
"interp_movie_output"               1536     1536 3.072000e+03   1.322074e+00     0.001 (   152      0)     0.000 (    63      0)
"prim_main_loop"                    1536     1536 1.536000e+03   7.527304e+04    49.009 (  1344      0)    49.003 (  1525      0)
"prim_run"                          1536     1536 1.474560e+06   7.526582e+04    49.004 (  1343      0)    48.999 (  1481      0)
"ApplyCAMForcing"                   1536     1536 1.474560e+06   4.681998e+02     0.334 (  1088      0)     0.274 (   188      0)
"prim_step_rX"                      1536     1536 4.423680e+06   6.990370e+04    45.618 (   799      0)    45.255 (   320      0)
"prim_step_dyn"                     1536     1536 4.423680e+06   2.427851e+04    19.903 (  1308      0)    12.411 (   512      0)
"prim_advance_exp"                  1536     1536 4.423680e+06   2.424564e+04    19.882 (  1308      0)    12.388 (   512      0)
"U3-5stage_timestep"                1536     1536 4.423680e+06   1.390552e+04    13.350 (   608      0)     6.018 (   640      0)
"compute_and_apply_rhs"             1536     1536 2.211840e+07   1.371847e+04    13.229 (   608      0)     5.889 (   640      0)
"caar_bexchV"                       1536     1536 2.211840e+07   1.024144e+04    11.053 (   608      0)     3.350 (   832      0)
"advance_hypervis_dp"               1536     1536 4.423680e+06   1.028606e+04     9.091 (  1514      0)     5.756 (   711      0)
"biwkdp3d_bexchV"                   1536     1536 1.327104e+07   3.486267e+03     3.998 (  1302      0)     1.746 (  1446      0)
"ahdp_bexchV2"                      1536     1536 1.327104e+07   3.420577e+03     3.757 (  1514      0)     1.728 (  1453      0)
"prim_step_advec"                   1536     1536 4.423680e+06   4.550008e+04    32.766 (   512      0)    25.559 (  1308      0)
"PAT_remap"                         1536     1536 4.423680e+06   4.547551e+04    32.749 (   512      0)    25.543 (  1308      0)
"prim_advec_tracers_remap_rk2"      1536     1536 4.423680e+06   4.544093e+04    32.724 (   512      0)    25.521 (  1308      0)
"precomput_divdp"                   1536     1536 4.423680e+06   6.832723e+01     0.049 (   448      0)     0.042 (  1301      0)
"euler_step_0"                      1536     1536 4.423680e+06   1.145837e+04     9.067 (   828      0)     5.995 (   610      0)
"bihmix_qminmax"                    1536     1536 1.327104e+07   2.044844e+04    16.501 (   576      0)    11.636 (   878      0)
"eus_neighbor_minmax1"              1536     1536 4.423680e+06   2.869023e+03     2.969 (  1429      0)     1.252 (   615      0)
"nmm_bexchV"                        1536     1536 4.423680e+06   2.259131e+03     2.564 (  1429      0)     0.882 (   603      0)
"eus_2d_advec"                      1536     1536 1.327104e+07   2.409663e+04    19.294 (   642      0)    13.150 (   608      0)
"eus_bexchV"                        1536     1536 1.327104e+07   9.767506e+03    10.241 (   642      0)     4.077 (   223      0)
"euler_step_1"                      1536     1536 4.423680e+06   8.594626e+03     6.285 (   776      0)     4.566 (   671      0)
"euler_step_2"                      1536     1536 4.423680e+06   2.477812e+04    17.939 (   834      0)    13.889 (   926      0)
"nmm_bexchS_start"                  1536     1536 4.423680e+06   2.820338e+02     0.288 (   704      0)     0.124 (  1314      0)
"biwksc_bexchV"                     1536     1536 4.423680e+06   4.573675e+03     5.095 (   277      0)     1.804 (   878      0)
"nmm_bexchS_fini"                   1536     1536 4.423680e+06   9.425182e+01     0.105 (   958      0)     0.052 (  1448      0)
"qdp_tavg"                          1536     1536 4.423680e+06   4.129856e+02     0.337 (  1155      0)     0.222 (   189      0)
"vertical_remap"                    1536     1536 1.474560e+06   4.554942e+03     3.176 (   320      0)     2.874 (  1021      0)
"vertical_remap1_1"                 1536     1536 1.474560e+06   2.180884e+02     0.152 (  1153      0)     0.135 (   643      0)
"remap_Q_ppm"                       1536     1536 4.423680e+06   4.461442e+03     3.112 (   320      0)     2.813 (  1021      0)
"vertical_remap1_2"                 1536     1536 1.474560e+06   2.903071e+02     0.198 (   256      0)     0.184 (  1204      0)
"vertical_remap1_3"                 1536     1536 1.474560e+06   3.990868e+03     2.806 (   192      0)     2.499 (  1188      0)
"prim_run_subcyle_diags"            1536     1536 1.474560e+06   1.908526e+02     0.148 (   832      0)     0.108 (   548      0)
"t_prf"                                0        0 0.000000e+00   0.000000e+00     0.000 (     0      0)     0.000 (     0      0)

10950106
