LAST_GIT_COMMIT_SHA:STRING=adf77c97ed8425a245449f2582d2441f4b72da1e
10950710

***** GLOBAL STATISTICS (  1536 MPI TASKS) *****

$Id: gptl.c,v 1.157 2011-03-28 20:55:18 rosinski Exp $
'count' is cumulative. All other stats are max/min
name                           processes  threads        count      walltotal   wallmax (proc   thrd  )   wallmin (proc   thrd  )
"Total"                             1536     1536 1.536000e+03   2.684729e+05   174.845 (   931      0)   174.759 (   256      0)
"prim_init1"                        1536     1536 1.536000e+03   9.884992e+02     0.660 (     0      0)     0.611 (   643      0)
"PartitioningTime"                  1536     1536 1.536000e+03   1.532202e+00     0.003 (   457      0)     0.001 (  1183      0)
"repro_sum_int"                     1536     1536 6.912000e+04   1.108325e+02     0.138 (   374      0)     0.031 (  1323      0)
"prim_init2"                        1536     3072 3.072000e+03   3.781553e+02     0.188 (   374      0)     0.085 (  1341      0)
"prim_printstate"                   1536     3072 3.072000e+03   1.542549e+02     0.056 (     0      0)     0.049 (   423      1)
"interp_movie_output"               1536     1536 3.072000e+03   1.571355e+00     0.002 (   219      0)     0.000 (     1      0)
"prim_main_loop"                    1536     1536 1.536000e+03   2.613910e+05   170.236 (   931      0)   170.148 (   256      0)
"prim_run"                          1536     3072 9.830400e+05   5.227719e+05   170.232 (   931      0)   170.144 (   256      0)
"ApplyCAMForcing"                   1536     3072 9.830400e+05   5.446210e+03     2.147 (   492      0)     1.380 (  1088      1)
"prim_step_rX"                      1536     3072 2.949120e+06   4.705947e+05   154.355 (  1156      0)   152.449 (   128      1)
"prim_step_dyn"                     1536     3072 2.949120e+06   1.233492e+05    54.341 (  1184      0)    29.977 (   965      0)
"prim_advance_exp"                  1536     3072 2.949120e+06   1.233010e+05    54.327 (  1184      0)    29.961 (   965      0)
"U3-5stage_timestep"                1536     3072 2.949120e+06   6.450413e+04    32.803 (  1184      0)    14.905 (   965      0)
"compute_and_apply_rhs"             1536     3072 1.474560e+07   6.380461e+04    32.579 (  1184      0)    14.649 (   965      0)
"caar_bexchV"                       1536     3072 1.474560e+07   3.161595e+04    22.953 (  1184      1)     3.107 (   965      0)
"advance_hypervis_dp"               1536     3072 2.949120e+06   5.871473e+04    26.735 (  1130      1)    14.508 (  1005      0)
"biwkdp3d_bexchV"                   1536     3072 8.847360e+06   1.395325e+04    12.243 (  1434      0)     1.617 (   960      0)
"ahdp_bexchV2"                      1536     3072 8.847360e+06   1.369213e+04    11.735 (   751      0)     1.801 (   960      0)
"prim_step_advec"                   1536     3072 2.949120e+06   3.464435e+05   122.670 (   965      0)    99.747 (  1184      1)
"PAT_remap"                         1536     3072 2.949120e+06   3.464153e+05   122.661 (   965      0)    99.738 (  1184      1)
"prim_advec_tracers_remap_rk2"      1536     3072 2.949120e+06   3.463771e+05   122.648 (   965      0)    99.727 (  1184      1)
"precomput_divdp"                   1536     3072 2.949120e+06   5.301286e+02     0.210 (   956      0)     0.148 (   123      0)
"euler_step_0"                      1536     3072 2.949120e+06   8.557525e+04    33.235 (  1003      0)    22.934 (  1181      1)
"bihmix_qminmax"                    1536     3072 8.847360e+06   1.564946e+05    58.669 (  1476      0)    44.267 (  1184      0)
"eus_neighbor_minmax1"              1536     3072 2.949120e+06   1.643014e+04     9.373 (  1368      0)     3.289 (  1282      0)
"nmm_bexchV"                        1536     3072 2.949120e+06   8.877770e+03     7.246 (  1355      0)     1.335 (  1101      1)
"eus_2d_advec"                      1536     3072 8.847360e+06   1.835511e+05    68.731 (  1473      0)    53.510 (  1185      1)
"eus_bexchV"                        1536     3072 8.847360e+06   4.270371e+04    25.149 (  1469      0)     9.458 (   149      0)
"euler_step_1"                      1536     3072 2.949120e+06   6.800641e+04    24.770 (   512      0)    18.850 (  1162      1)
"euler_step_2"                      1536     3072 2.949120e+06   1.867513e+05    66.448 (   193      0)    54.368 (  1184      1)
"nmm_bexchS_start"                  1536     3072 2.949120e+06   1.747113e+02     0.714 (   768      1)     0.011 (  1102      1)
"biwksc_bexchV"                     1536     3072 2.949120e+06   1.668936e+04    10.203 (   789      1)     3.413 (  1184      1)
"nmm_bexchS_fini"                   1536     3072 2.949120e+06   2.653267e+03     1.309 (   779      0)     0.504 (  1216      0)
"qdp_tavg"                          1536     3072 2.949120e+06   5.358881e+03     2.389 (  1275      0)     1.087 (  1155      1)
"vertical_remap"                    1536     3072 9.830400e+05   4.279255e+04    14.543 (   952      0)    13.180 (  1160      0)
"vertical_remap1_1"                 1536     3072 7.864320e+06   1.917524e+03     0.664 (  1363      1)     0.570 (  1408      0)
"remap_Q_ppm"                       1536     3072 2.359296e+07   4.203356e+04    14.321 (   952      0)    12.945 (  1163      1)
"vertical_remap1_2"                 1536     3072 7.864320e+06   2.668966e+03     0.926 (   180      0)     0.793 (  1159      1)
"vertical_remap1_3"                 1536     3072 7.864320e+06   3.775550e+04    12.907 (   952      0)    11.647 (  1163      1)
"prim_run_subcyle_diags"            1536     3072 9.830400e+05   2.883409e+03     1.224 (   961      0)     0.748 (  1197      1)
"t_prf"                                0        0 0.000000e+00   0.000000e+00     0.000 (     0      0)     0.000 (     0      0)

10950710
