LAST_GIT_COMMIT_SHA:STRING=adf77c97ed8425a245449f2582d2441f4b72da1e
10950809

***** GLOBAL STATISTICS (  1728 MPI TASKS) *****

$Id: gptl.c,v 1.157 2011-03-28 20:55:18 rosinski Exp $
'count' is cumulative. All other stats are max/min
name                           processes  threads        count      walltotal   wallmax (proc   thrd  )   wallmin (proc   thrd  )
"Total"                             1728     1728 1.728000e+03   4.708807e+05   272.591 (  1542      0)   272.412 (   122      0)
"prim_init1"                        1728     1728 1.728000e+03   3.156873e+03     1.850 (   175      0)     1.725 (   478      0)
"PartitioningTime"                  1728     1728 1.728000e+03   4.985335e+00     0.006 (   396      0)     0.002 (   623      0)
"repro_sum_int"                     1728     1728 7.776000e+04   1.893955e+02     0.219 (  1438      0)     0.043 (  1713      0)
"prim_init2"                        1728     3456 3.456000e+03   8.045793e+02     0.343 (  1438      0)     0.166 (  1722      1)
"prim_printstate"                   1728     3456 3.456000e+03   2.713920e+02     0.083 (     0      0)     0.077 (  1335      0)
"interp_movie_output"               1728     1728 3.456000e+03   5.134980e+03     3.171 (   422      0)     1.143 (    49      0)
"prim_main_loop"                    1728     1728 1.728000e+03   3.470059e+05   203.089 (     1      0)   200.114 (   998      0)
"prim_run"                          1728     3456 3.110400e+05   6.899475e+05   201.315 (     3      0)   199.174 (   998      0)
"ApplyCAMForcing"                   1728     3456 3.110400e+05   1.431628e+04     5.140 (  1661      1)     3.530 (   960      1)
"prim_step_rX"                      1728     3456 9.331200e+05   6.008896e+05   177.042 (    62      0)   171.774 (  1566      1)
"prim_step_dyn"                     1728     3456 9.331200e+05   1.992405e+05    70.575 (   736      0)    41.245 (  1542      1)
"prim_advance_exp"                  1728     3456 9.331200e+05   1.992250e+05    70.571 (   736      0)    41.240 (  1542      1)
"U3-5stage_timestep"                1728     3456 9.331200e+05   1.147127e+05    45.061 (   220      0)    24.259 (  1542      1)
"compute_and_apply_rhs"             1728     3456 4.665600e+06   1.072755e+05    42.961 (   220      0)    21.593 (  1542      1)
"caar_bexchV"                       1728     3456 4.665600e+06   4.527203e+04    25.671 (   220      0)     2.034 (  1542      1)
"advance_hypervis_dp"               1728     3456 9.331200e+05   8.448591e+04    37.329 (  1240      1)    16.852 (  1585      1)
"biwkdp3d_bexchV"                   1728     3456 2.799360e+06   2.030353e+04    16.133 (   722      1)     1.270 (   874      0)
"ahdp_bexchV2"                      1728     3456 2.799360e+06   1.955822e+04    16.169 (  1253      1)     1.242 (  1588      0)
"prim_step_advec"                   1728     3456 9.331200e+05   4.008902e+05   130.806 (  1636      1)   103.842 (   736      0)
"PAT_remap"                         1728     3456 9.331200e+05   4.008815e+05   130.803 (  1636      1)   103.839 (   736      0)
"prim_advec_tracers_remap_rk2"      1728     3456 9.331200e+05   4.008695e+05   130.800 (  1636      1)   103.836 (   736      0)
"precomput_divdp"                   1728     3456 9.331200e+05   5.274154e+02     0.303 (  1388      0)     0.126 (  1388      1)
"euler_step_0"                      1728     3456 9.331200e+05   1.240764e+05    41.542 (  1646      0)    29.817 (  1200      0)
"bihmix_qminmax"                    1728     3456 2.799360e+06   1.791779e+05    59.962 (  1607      1)    46.010 (   710      1)
"eus_neighbor_minmax1"              1728     3456 9.331200e+05   2.854363e+04    12.090 (   737      0)     5.610 (   963      0)
"nmm_bexchV"                        1728     3456 9.331200e+05   1.387154e+04     8.890 (   737      1)     2.178 (   963      0)
"eus_2d_advec"                      1728     3456 2.799360e+06   2.083208e+05    69.838 (   389      1)    52.227 (   713      0)
"eus_bexchV"                        1728     3456 2.799360e+06   4.991313e+04    22.902 (   487      0)     8.324 (  1716      0)
"euler_step_1"                      1728     3456 9.331200e+05   7.046897e+04    25.565 (   380      1)    17.324 (   737      1)
"euler_step_2"                      1728     3456 9.331200e+05   2.001089e+05    67.249 (   379      1)    51.171 (  1374      1)
"nmm_bexchS_start"                  1728     3456 9.331200e+05   1.110468e+02     0.338 (  1642      1)     0.004 (  1170      1)
"biwksc_bexchV"                     1728     3456 9.331200e+05   1.727376e+04    10.103 (   602      0)     2.717 (   635      1)
"nmm_bexchS_fini"                   1728     3456 9.331200e+05   3.363931e+03     2.494 (  1616      0)     0.287 (   137      0)
"qdp_tavg"                          1728     3456 9.331200e+05   5.637212e+03     3.145 (  1623      1)     0.929 (   241      1)
"vertical_remap"                    1728     3456 3.110400e+05   5.561967e+04    16.981 (   768      0)    15.312 (   224      0)
"vertical_remap1_1"                 1728     3456 7.776000e+06   1.082994e+04     3.391 (   301      1)     2.941 (  1408      0)
"remap_Q_ppm"                       1728     3456 2.332800e+07   4.830295e+04    14.846 (   896      0)    13.375 (  1617      0)
"vertical_remap1_2"                 1728     3456 7.776000e+06   2.671714e+03     0.839 (   882      1)     0.723 (  1186      1)
"vertical_remap1_3"                 1728     3456 7.776000e+06   3.801868e+04    11.727 (   896      0)    10.610 (  1617      0)
"prim_run_subcyle_diags"            1728     3456 3.110400e+05   3.176206e+03     1.796 (  1539      1)     0.656 (   768      1)
"t_prf"                                0        0 0.000000e+00   0.000000e+00     0.000 (     0      0)     0.000 (     0      0)

10950809
