LAST_GIT_COMMIT_SHA:STRING=4790f40f2fb6acbc051ce4c988681a628c18e83d

***** GLOBAL STATISTICS (   256 MPI TASKS) *****

$Id: gptl.c,v 1.157 2011-03-28 20:55:18 rosinski Exp $
'count' is cumulative. All other stats are max/min
name                               processes  threads        count      walltotal   wallmax (proc   thrd  )   wallmin (proc   thrd  )
Total                                    256      256 2.560000e+02   7.162456e+03    27.982 (    64      0)    27.977 (    17      0)
prim_init1                               256      256 2.560000e+02   5.164910e+01     0.204 (     0      0)     0.201 (    84      0)
repro_sum_int                            256      256 1.152000e+04   6.267792e+00     0.045 (    53      0)     0.014 (   140      0)
prim_init2                               256      256 2.560000e+02   5.357038e+01     0.229 (    62      0)     0.197 (   208      0)
prim_printstate                          256      256 2.560000e+02   8.885270e+00     0.040 (     0      0)     0.034 (    67      0)
interp_movie_output                      256      256 5.120000e+02   7.929325e-02     0.000 (   100      0)     0.000 (   224      0)
prim_main_loop                           256      256 2.560000e+02   6.965448e+03    27.212 (    64      0)    27.207 (   160      0)
prim_run                                 256      256 4.096000e+04   6.965033e+03    27.210 (    64      0)    27.206 (   144      0)
tl-sc prim_run_subcycle_c                256      256 4.096000e+04   6.962662e+03    27.201 (    64      0)    27.195 (     9      0)
tl-sc dp3d-from-ps                       256      256 4.096000e+04   1.874324e+00     0.009 (    64      0)     0.007 (   250      0)
tl-sc prim_step-loop                     256      256 4.096000e+04   6.281262e+03    24.621 (    61      0)    24.412 (   116      0)
tl-s prim_step                           256      256 1.228800e+05   6.280428e+03    24.618 (    54      0)    24.408 (   116      0)
tl-s deep_copy+derived_dp                256      256 1.228800e+05   9.779346e+00     0.046 (   108      0)     0.031 (    49      0)
tl-s prim_advance_exp-loop               256      256 1.228800e+05   1.908193e+03     8.683 (    36      0)     6.319 (    65      0)
tl-ae prim_advance_exp                   256      256 1.228800e+05   1.907219e+03     8.680 (    36      0)     6.315 (    65      0)
tl-ae U3-5stage_timestep                 256      256 1.228800e+05   1.021085e+03     5.353 (    30      0)     2.844 (   128      0)
caar compute                             256      256 6.144000e+05   3.062126e+02     1.363 (    64      0)     1.044 (   221      0)
caar_bexchV                              256      256 6.144000e+05   6.906114e+02     4.173 (    30      0)     1.414 (   128      0)
tl-ae advance_hypervis_dp                256      256 1.228800e+05   8.839354e+02     4.078 (     8      0)     3.035 (    44      0)
hvf-bhwk                                 256      256 3.686400e+05   5.004206e+02     2.456 (    11      0)     1.692 (    51      0)
hvf-bexch                                256      256 7.372800e+05   5.875016e+02     2.999 (     8      0)     1.794 (   192      0)
tl-s prim_advec_tracers_remap            256      256 1.228800e+05   4.359637e+03    18.157 (    65      0)    15.770 (    36      0)
tl-at prim_advec_tracers_remap_RK2       256      256 1.228800e+05   4.358435e+03    18.152 (    65      0)    15.765 (    36      0)
tl-at precompute_divdp                   256      256 1.228800e+05   1.049902e+01     0.053 (   214      0)     0.032 (   246      0)
tl-at esf-0                              256      256 1.228800e+05   1.183441e+03     5.635 (   128      0)     3.743 (    22      0)
tl-at esf-1                              256      256 1.228800e+05   9.088857e+02     4.249 (   180      0)     3.125 (   150      0)
tl-at esf-2                              256      256 1.228800e+05   2.151515e+03     9.555 (   219      0)     7.701 (   156      0)
tl-at qdp_time_avg                       256      256 1.228800e+05   9.793372e+01     0.435 (    92      0)     0.309 (    63      0)
tl-sc vertical_remap                     256      256 4.096000e+04   6.043513e+02     2.484 (   116      0)     2.280 (    58      0)
Remap Thickness Functor                  256      256 4.096000e+04   5.257608e+00     0.024 (    97      0)     0.018 (    58      0)
Remap Scale States Functor               256      256 4.096000e+04   2.716015e+00     0.014 (   116      0)     0.008 (    60      0)
Remap Compute Grids Functor              256      256 4.096000e+04   2.291269e+01     0.100 (   104      0)     0.079 (    61      0)
Remap Compute Remap Functor              256      256 4.096000e+04   5.652923e+02     2.319 (   121      0)     2.139 (    54      0)
Remap Rescale States Functor             256      256 4.096000e+04   3.172377e+00     0.015 (    64      0)     0.011 (   250      0)
tl-sc Q-from-qdp                         256      256 4.096000e+04   7.405039e+01     0.331 (    64      0)     0.285 (   250      0)
t_prf                                      0        0 0.000000e+00   0.000000e+00     0.000 (     0      0)     0.000 (     0      0)

