LAST_GIT_COMMIT_SHA:STRING=adf77c97ed8425a245449f2582d2441f4b72da1e
10950721

***** GLOBAL STATISTICS ( 24576 MPI TASKS) *****

$Id: gptl.c,v 1.157 2011-03-28 20:55:18 rosinski Exp $
'count' is cumulative. All other stats are max/min
name                           processes  threads        count      walltotal   wallmax (proc   thrd  )   wallmin (proc   thrd  )
"Total"                            24576    24576 2.457600e+04   7.241350e+06   294.703 (   190      0)   294.612 ( 15754      0)
"prim_init1"                       24576    24576 2.457600e+04   6.670110e+04     2.803 (   152      0)     2.620 (  2430      0)
"PartitioningTime"                 24576    24576 2.457600e+04   2.576019e+02     0.047 ( 12265      0)     0.001 (  7554      0)
"repro_sum_int"                    24576    24576 1.105920e+06   2.949739e+04     4.128 (    53      0)     0.235 ( 23915      0)
"prim_init2"                       24576    24576 2.457600e+04   3.505681e+04     4.326 (     5      0)     0.480 ( 23097      0)
"prim_printstate"                  24576    24576 2.457600e+04   4.045512e+03     0.190 (  5502      0)     0.135 (  7887      0)
"interp_movie_output"              24576    24576 4.915200e+04   3.356013e+02     0.026 ( 13513      0)     0.000 (    61      0)
"prim_main_loop"                   24576    24576 2.457600e+04   6.964230e+06   283.393 (  3390      0)   283.352 ( 17077      0)
"prim_run"                         24576    24576 1.258291e+08   6.963507e+06   283.368 (  3369      0)   283.315 ( 13339      0)
"ApplyCAMForcing"                  24576    24576 1.258291e+08   4.117341e+04     1.861 (  3456      0)     1.467 ( 23582      0)
"prim_step_rX"                     24576    24576 3.774874e+08   6.505514e+06   265.221 (   329      0)   263.156 (  6080      0)
"prim_step_dyn"                    24576    24576 3.774874e+08   2.475524e+06   123.666 ( 14557      0)    80.669 ( 14164      0)
"prim_advance_exp"                 24576    24576 3.774874e+08   2.472709e+06   123.557 ( 14557      0)    80.555 ( 14164      0)
"U3-5stage_timestep"               24576    24576 3.774874e+08   1.339384e+06    81.452 (  2082      0)    37.432 ( 23872      0)
"compute_and_apply_rhs"            24576    24576 1.887437e+09   1.323540e+06    80.811 (  2082      0)    36.765 ( 23872      0)
"caar_bexchV"                      24576    24576 1.887437e+09   1.026801e+06    69.108 (  2082      0)    23.181 (  6080      0)
"advance_hypervis_dp"              24576    24576 3.774874e+08   1.128631e+06    60.332 (  2179      0)    38.075 ( 22536      0)
"biwkdp3d_bexchV"                  24576    24576 1.132462e+09   4.206973e+05    27.868 ( 14379      0)    13.082 ( 23889      0)
"ahdp_bexchV2"                     24576    24576 1.132462e+09   4.188330e+05    26.967 ( 14459      0)    13.189 (  6126      0)
"prim_step_advec"                  24576    24576 3.774874e+08   4.019519e+06   183.363 ( 12886      0)   140.815 ( 14557      0)
"PAT_remap"                        24576    24576 3.774874e+08   4.017322e+06   183.273 ( 12886      0)   140.727 ( 14557      0)
"prim_advec_tracers_remap_rk2"     24576    24576 3.774874e+08   4.014313e+06   183.156 ( 12886      0)   140.600 ( 14557      0)
"precomput_divdp"                  24576    24576 3.774874e+08   5.813590e+03     0.275 (   192      0)     0.220 ( 16354      0)
"euler_step_0"                     24576    24576 3.774874e+08   1.038738e+06    51.344 (  1806      0)    34.181 ( 14626      0)
"bihmix_qminmax"                   24576    24576 1.132462e+09   1.804015e+06    90.200 ( 13824      0)    63.832 ( 14555      0)
"eus_neighbor_minmax1"             24576    24576 3.774874e+08   2.765966e+05    17.359 ( 14419      0)     7.911 ( 14551      0)
"nmm_bexchV"                       24576    24576 3.774874e+08   2.254668e+05    15.297 ( 14419      0)     5.842 ( 14626      0)
"eus_2d_advec"                     24576    24576 1.132462e+09   2.133602e+06   109.347 ( 12887      0)    71.929 ( 14557      0)
"eus_bexchV"                       24576    24576 1.132462e+09   9.101233e+05    59.362 ( 18434      0)    23.399 ( 14557      0)
"euler_step_1"                     24576    24576 3.774874e+08   7.588667e+05    35.386 (  3072      0)    25.681 ( 21109      0)
"euler_step_2"                     24576    24576 3.774874e+08   2.164695e+06   102.408 (  6210      0)    75.896 ( 15581      0)
"nmm_bexchS_start"                 24576    24576 3.774874e+08   2.428773e+04     1.647 (  5120      0)     0.647 (  2954      0)
"biwksc_bexchV"                    24576    24576 3.774874e+08   4.141198e+05    28.970 (  3839      0)    10.381 (  3206      0)
"nmm_bexchS_fini"                  24576    24576 3.774874e+08   7.771634e+03     0.609 (   234      0)     0.274 ( 13038      0)
"qdp_tavg"                         24576    24576 3.774874e+08   3.513125e+04     1.782 ( 17027      0)     1.168 ( 14999      0)
"vertical_remap"                   24576    24576 1.258291e+08   3.874432e+05    17.092 ( 12224      0)    15.365 ( 12930      0)
"vertical_remap1_1"                24576    24576 1.258291e+08   1.898540e+04     0.832 ( 12673      0)     0.732 (  2991      0)
"remap_Q_ppm"                      24576    24576 3.774874e+08   3.791724e+05    16.757 ( 12224      0)    15.034 ( 19566      0)
"vertical_remap1_2"                24576    24576 1.258291e+08   2.490071e+04     1.064 ( 22077      0)     0.985 (  9186      0)
"vertical_remap1_3"                24576    24576 1.258291e+08   3.386921e+05    15.114 ( 12224      0)    13.373 ( 21073      0)
"prim_run_subcyle_diags"           24576    24576 1.258291e+08   1.632125e+04     0.809 ( 18624      0)     0.579 ( 21493      0)
"t_prf"                                0        0 0.000000e+00   0.000000e+00     0.000 (     0      0)     0.000 (     0      0)

10950721
