LAST_GIT_COMMIT_SHA:STRING=4790f40f2fb6acbc051ce4c988681a628c18e83d

***** GLOBAL STATISTICS (   384 MPI TASKS) *****

$Id: gptl.c,v 1.157 2011-03-28 20:55:18 rosinski Exp $
'count' is cumulative. All other stats are max/min
name                               processes  threads        count      walltotal   wallmax (proc   thrd  )   wallmin (proc   thrd  )
Total                                    384      384 3.840000e+02   7.769607e+04   202.572 (   156      0)   201.721 (    12      0)
prim_init1                               384      384 3.840000e+02   6.446114e+02     1.695 (   304      0)     1.592 (     0      0)
repro_sum_int                            384      384 1.728000e+04   2.518495e+01     0.176 (     0      0)     0.025 (   256      0)
prim_init2                               384      384 3.840000e+02   1.620819e+03     4.384 (     0      0)     4.134 (   306      0)
prim_printstate                          384      384 3.840000e+02   1.586437e+02     0.420 (     0      0)     0.412 (   304      0)
interp_movie_output                      384      384 7.680000e+02   1.006627e-01     0.001 (   258      0)     0.000 (    20      0)
prim_main_loop                           384      384 3.840000e+02   6.833715e+04   178.200 (   156      0)   177.348 (    12      0)
prim_run                                 384      384 7.680000e+03   6.833688e+04   178.199 (   156      0)   177.347 (    12      0)
tl-sc prim_run_subcycle_c                384      384 7.680000e+03   6.815277e+04   177.700 (    69      0)   177.150 (   203      0)
tl-sc dp3d-from-ps                       384      384 7.680000e+03   8.850459e+00     0.044 (    82      0)     0.017 (   238      0)
tl-sc prim_step-loop                     384      384 7.680000e+03   6.339308e+04   165.841 (    52      0)   164.106 (   325      0)
tl-s prim_step                           384      384 2.304000e+04   6.339284e+04   165.841 (    52      0)   164.105 (   325      0)
tl-s deep_copy+derived_dp                384      384 2.304000e+04   1.150466e+02     0.511 (    96      0)     0.138 (    63      0)
tl-s prim_advance_exp-loop               384      384 2.304000e+04   1.096468e+04    42.536 (   270      0)    18.441 (    68      0)
tl-ae prim_advance_exp                   384      384 2.304000e+04   1.096427e+04    42.536 (   270      0)    18.440 (    68      0)
tl-ae U3-5stage_timestep                 384      384 2.304000e+04   6.926969e+03    31.542 (   267      0)     9.146 (    64      0)
caar compute                             384      384 1.152000e+05   2.067361e+03     6.402 (   111      0)     4.520 (   224      0)
caar_bexchV                              384      384 1.152000e+05   4.787148e+03    26.468 (   267      0)     3.413 (    64      0)
tl-ae advance_hypervis_dp                384      384 2.304000e+04   4.036757e+03    22.641 (   283      0)     8.704 (   162      0)
hvf-bhwk                                 384      384 6.912000e+04   2.422811e+03    14.900 (    29      0)     5.185 (    58      0)
hvf-bexch                                384      384 1.382400e+05   2.174326e+03    18.430 (   283      0)     3.511 (    68      0)
tl-s prim_advec_tracers_remap            384      384 2.304000e+04   5.231204e+04   146.431 (   116      0)   121.860 (   270      0)
tl-at prim_advec_tracers_remap_RK2       384      384 2.304000e+04   5.231170e+04   146.430 (   116      0)   121.859 (   270      0)
tl-at precompute_divdp                   384      384 2.304000e+04   9.523864e+01     0.439 (   196      0)     0.101 (    36      0)
tl-at esf-0                              384      384 2.304000e+04   1.730708e+04    49.956 (   100      0)    41.828 (    34      0)
tl-at esf-1                              384      384 2.304000e+04   1.034405e+04    31.401 (    98      0)    24.479 (   237      0)
tl-at esf-2                              384      384 2.304000e+04   2.298936e+04    68.357 (   144      0)    47.034 (   267      0)
tl-at qdp_time_avg                       384      384 2.304000e+04   1.573736e+03     6.631 (    95      0)     1.735 (   192      0)
tl-sc vertical_remap                     384      384 7.680000e+03   4.143197e+03    11.399 (   325      0)    10.306 (    52      0)
Remap Thickness Functor                  384      384 7.680000e+03   2.983421e+01     0.113 (   114      0)     0.055 (   298      0)
Remap Scale States Functor               384      384 7.680000e+03   2.838568e+01     0.135 (   121      0)     0.029 (   340      0)
Remap Compute Grids Functor              384      384 7.680000e+03   1.930314e+02     0.747 (   121      0)     0.359 (    61      0)
Remap Compute Remap Functor              384      384 7.680000e+03   3.848648e+03    10.519 (    14      0)     9.761 (    52      0)
Remap Rescale States Functor             384      384 7.680000e+03   1.943074e+01     0.150 (   359      0)     0.036 (    27      0)
tl-sc Q-from-qdp                         384      384 7.680000e+03   6.072771e+02     2.091 (   344      0)     1.329 (   238      0)
t_prf                                      0        0 0.000000e+00   0.000000e+00     0.000 (     0      0)     0.000 (     0      0)

