LAST_GIT_COMMIT_SHA:STRING=4790f40f2fb6acbc051ce4c988681a628c18e83d

***** GLOBAL STATISTICS (   768 MPI TASKS) *****

$Id: gptl.c,v 1.157 2011-03-28 20:55:18 rosinski Exp $
'count' is cumulative. All other stats are max/min
name                               processes  threads        count      walltotal   wallmax (proc   thrd  )   wallmin (proc   thrd  )
Total                                    768      768 7.680000e+02   1.032590e+05   134.486 (    96      0)   134.428 (   403      0)
prim_init1                               768      768 7.680000e+02   5.861659e+02     0.776 (     0      0)     0.736 (   608      0)
repro_sum_int                            768      768 3.456000e+04   4.258584e+01     0.100 (   272      0)     0.019 (   384      0)
prim_init2                               768      768 7.680000e+02   5.505677e+02     0.773 (     7      0)     0.677 (   422      0)
prim_printstate                          768      768 7.680000e+02   6.287374e+01     0.088 (     0      0)     0.081 (   281      0)
interp_movie_output                      768      768 1.536000e+03   3.228006e-01     0.001 (   409      0)     0.000 (   512      0)
prim_main_loop                           768      768 7.680000e+02   9.921090e+04   129.215 (    96      0)   129.156 (   403      0)
prim_run                                 768      768 1.228800e+05   9.920951e+04   129.213 (    96      0)   129.154 (   397      0)
tl-sc prim_run_subcycle_c                768      768 1.228800e+05   9.918634e+04   129.178 (   103      0)   129.124 (   397      0)
tl-sc dp3d-from-ps                       768      768 1.228800e+05   1.592947e+01     0.025 (    64      0)     0.020 (   378      0)
tl-sc prim_step-loop                     768      768 1.228800e+05   8.867004e+04   115.805 (   159      0)   114.797 (   381      0)
tl-s prim_step                           768      768 3.686400e+05   8.866729e+04   115.802 (   159      0)   114.794 (   381      0)
tl-s deep_copy+derived_dp                768      768 3.686400e+05   1.267865e+02     0.217 (    94      0)     0.124 (   438      0)
tl-s prim_advance_exp-loop               768      768 3.686400e+05   2.512719e+04    41.121 (   444      0)    22.204 (    96      0)
tl-ae prim_advance_exp                   768      768 3.686400e+05   2.512394e+04    41.117 (   444      0)    22.200 (    96      0)
tl-ae U3-5stage_timestep                 768      768 3.686400e+05   1.345582e+04    24.103 (   579      0)    11.313 (    96      0)
caar compute                             768      768 1.843200e+06   4.569809e+03     7.475 (    64      0)     4.957 (   433      0)
caar_bexchV                              768      768 1.843200e+06   8.683166e+03    18.474 (   579      0)     3.983 (    64      0)
tl-ae advance_hypervis_dp                768      768 3.686400e+05   1.166058e+04    23.110 (   397      0)    10.743 (   124      0)
hvf-bhwk                                 768      768 1.105920e+06   6.807567e+03    12.922 (   388      0)     6.549 (    99      0)
hvf-bexch                                768      768 2.211840e+06   7.515596e+03    18.100 (   397      0)     4.541 (    95      0)
tl-s prim_advec_tracers_remap            768      768 3.686400e+05   6.340343e+04    93.182 (    96      0)    74.310 (   444      0)
tl-at prim_advec_tracers_remap_RK2       768      768 3.686400e+05   6.339938e+04    93.177 (    96      0)    74.304 (   444      0)
tl-at precompute_divdp                   768      768 3.686400e+05   1.181051e+02     0.244 (    64      0)     0.107 (   695      0)
tl-at esf-0                              768      768 3.686400e+05   1.716296e+04    27.836 (    86      0)    18.260 (   432      0)
tl-at esf-1                              768      768 3.686400e+05   1.351200e+04    19.664 (   301      0)    15.608 (   419      0)
tl-at esf-2                              768      768 3.686400e+05   3.093848e+04    46.459 (   188      0)    36.292 (   381      0)
tl-at qdp_time_avg                       768      768 3.686400e+05   1.646328e+03     2.676 (    99      0)     1.631 (   438      0)
tl-sc vertical_remap                     768      768 1.228800e+05   9.326105e+03    12.812 (   381      0)    11.812 (   669      0)
Remap Thickness Functor                  768      768 1.228800e+05   5.985080e+01     0.093 (   111      0)     0.065 (   437      0)
Remap Scale States Functor               768      768 1.228800e+05   2.950816e+01     0.048 (   266      0)     0.030 (   716      0)
Remap Compute Grids Functor              768      768 1.228800e+05   3.435621e+02     0.532 (   117      0)     0.377 (   565      0)
Remap Compute Remap Functor              768      768 1.228800e+05   8.839961e+03    12.133 (   381      0)    11.218 (   669      0)
Remap Rescale States Functor             768      768 1.228800e+05   3.404505e+01     0.049 (   307      0)     0.042 (   141      0)
tl-sc Q-from-qdp                         768      768 1.228800e+05   1.170376e+03     1.719 (   306      0)     1.499 (   379      0)
t_prf                                      0        0 0.000000e+00   0.000000e+00     0.000 (     0      0)     0.000 (     0      0)

