LAST_GIT_COMMIT_SHA:STRING=adf77c97ed8425a245449f2582d2441f4b72da1e
10950781

***** GLOBAL STATISTICS (  1600 MPI TASKS) *****

$Id: gptl.c,v 1.157 2011-03-28 20:55:18 rosinski Exp $
'count' is cumulative. All other stats are max/min
name                           processes  threads        count      walltotal   wallmax (proc   thrd  )   wallmin (proc   thrd  )
"Total"                             1600     1600 1.600000e+03   2.366589e+05   147.954 (   423      0)   147.869 (   854      0)
"prim_init1"                        1600     1600 1.600000e+03   1.291704e+03     0.843 (   192      0)     0.769 (   849      0)
"PartitioningTime"                  1600     1600 1.600000e+03   2.292446e+00     0.004 (  1469      0)     0.001 (   226      0)
"repro_sum_int"                     1600     1600 7.200000e+04   1.091460e+02     0.126 (   118      0)     0.033 (  1161      0)
"prim_init2"                        1600     3200 3.200000e+03   4.165607e+02     0.189 (   118      1)     0.096 (  1161      0)
"prim_printstate"                   1600     3200 3.200000e+03   1.662771e+02     0.058 (     0      0)     0.051 (  1042      0)
"interp_movie_output"               1600     1600 3.200000e+03   1.453534e+00     0.001 (   108      0)     0.000 (     4      0)
"prim_main_loop"                    1600     1600 1.600000e+03   2.217996e+05   138.666 (   423      0)   138.582 (   854      0)
"prim_run"                          1600     3200 5.344000e+05   4.435922e+05   138.664 (   422      0)   138.580 (   854      1)
"ApplyCAMForcing"                   1600     3200 5.344000e+05   4.441571e+03     1.906 (   401      0)     1.053 (   320      1)
"prim_step_rX"                      1600     3200 1.603200e+06   4.005669e+05   126.092 (  1238      0)   124.057 (   386      0)
"prim_step_dyn"                     1600     3200 1.603200e+06   1.135483e+05    45.828 (  1217      1)    23.721 (   422      1)
"prim_advance_exp"                  1600     3200 1.603200e+06   1.135223e+05    45.821 (  1217      1)    23.712 (   422      1)
"U3-5stage_timestep"                1600     3200 1.603200e+06   5.804996e+04    31.203 (  1227      1)    11.628 (   208      0)
"compute_and_apply_rhs"             1600     3200 8.016000e+06   5.755814e+04    31.069 (  1227      1)    11.454 (   208      0)
"caar_bexchV"                       1600     3200 8.016000e+06   3.219346e+04    23.910 (  1227      0)     2.507 (   398      0)
"advance_hypervis_dp"               1600     3200 1.603200e+06   5.542830e+04    26.476 (  1185      0)    11.395 (   421      0)
"biwkdp3d_bexchV"                   1600     3200 4.809600e+06   1.562424e+04    11.182 (  1217      0)     1.142 (   422      1)
"ahdp_bexchV2"                      1600     3200 4.809600e+06   1.529566e+04    10.390 (  1199      0)     1.286 (   420      1)
"prim_step_advec"                   1600     3200 1.603200e+06   2.863885e+05   100.235 (   422      1)    79.876 (  1217      0)
"PAT_remap"                         1600     3200 1.603200e+06   2.863736e+05   100.231 (   422      1)    79.871 (  1217      0)
"prim_advec_tracers_remap_rk2"      1600     3200 1.603200e+06   2.863534e+05   100.224 (   422      1)    79.865 (  1217      0)
"precomput_divdp"                   1600     3200 1.603200e+06   4.220206e+02     0.163 (   512      0)     0.116 (  1512      1)
"euler_step_0"                      1600     3200 1.603200e+06   7.107516e+04    27.604 (    62      0)    18.404 (   581      1)
"bihmix_qminmax"                    1600     3200 4.809600e+06   1.290469e+05    48.075 (   423      1)    35.852 (  1210      0)
"eus_neighbor_minmax1"              1600     3200 1.603200e+06   1.414642e+04     8.723 (    24      1)     2.737 (   318      0)
"nmm_bexchV"                        1600     3200 1.603200e+06   7.918705e+03     7.256 (    24      1)     1.069 (   233      0)
"eus_2d_advec"                      1600     3200 4.809600e+06   1.522845e+05    54.796 (   318      0)    40.937 (  1217      0)
"eus_bexchV"                        1600     3200 4.809600e+06   3.751139e+04    20.764 (  1249      0)     7.254 (   575      1)
"euler_step_1"                      1600     3200 1.603200e+06   5.634885e+04    21.269 (  1142      0)    15.044 (  1217      1)
"euler_step_2"                      1600     3200 1.603200e+06   1.540573e+05    53.190 (    14      1)    43.145 (  1227      0)
"nmm_bexchS_start"                  1600     3200 1.603200e+06   1.211684e+02     0.591 (   256      1)     0.006 (  1211      1)
"biwksc_bexchV"                     1600     3200 1.603200e+06   1.381531e+04     9.230 (  1248      0)     2.574 (   179      1)
"nmm_bexchS_fini"                   1600     3200 1.603200e+06   2.328562e+03     1.469 (   417      0)     0.292 (   256      0)
"qdp_tavg"                          1600     3200 1.603200e+06   4.367880e+03     2.073 (  1176      1)     0.834 (   383      0)
"vertical_remap"                    1600     3200 5.344000e+05   3.529567e+04    12.070 (   512      0)    10.496 (  1239      1)
"vertical_remap1_1"                 1600     3200 6.412800e+06   1.563784e+03     0.537 (   571      1)     0.448 (  1216      0)
"remap_Q_ppm"                       1600     3200 1.923840e+07   3.466606e+04    11.856 (   512      0)    10.302 (  1239      0)
"vertical_remap1_2"                 1600     3200 6.412800e+06   2.190142e+03     0.753 (   571      0)     0.628 (  1274      0)
"vertical_remap1_3"                 1600     3200 6.412800e+06   3.116958e+04    10.671 (   512      0)     9.259 (  1239      0)
"prim_run_subcyle_diags"            1600     3200 5.344000e+05   2.430833e+03     1.301 (   422      1)     0.581 (  1152      1)
"t_prf"                                0        0 0.000000e+00   0.000000e+00     0.000 (     0      0)     0.000 (     0      0)

10950781
