LAST_GIT_COMMIT_SHA:STRING=4790f40f2fb6acbc051ce4c988681a628c18e83d

***** GLOBAL STATISTICS (   320 MPI TASKS) *****

$Id: gptl.c,v 1.157 2011-03-28 20:55:18 rosinski Exp $
'count' is cumulative. All other stats are max/min
name                               processes  threads        count      walltotal   wallmax (proc   thrd  )   wallmin (proc   thrd  )
Total                                    320      320 3.200000e+02   7.452397e+04   233.080 (   105      0)   232.033 (   170      0)
prim_init1                               320      320 3.200000e+02   5.377057e+02     1.700 (    64      0)     1.622 (   133      0)
repro_sum_int                            320      320 1.440000e+04   2.065538e+01     0.132 (   145      0)     0.026 (   195      0)
prim_init2                               320      320 3.200000e+02   1.609736e+03     5.102 (   181      0)     4.981 (   119      0)
prim_printstate                          320      320 3.200000e+02   1.515673e+02     0.479 (     0      0)     0.473 (   178      0)
interp_movie_output                      320      320 6.400000e+02   9.436774e-02     0.001 (    37      0)     0.000 (   250      0)
prim_main_loop                           320      320 3.200000e+02   6.571912e+04   205.565 (   105      0)   204.518 (   170      0)
prim_run                                 320      320 5.440000e+03   6.571888e+04   205.564 (   105      0)   204.517 (   170      0)
tl-sc prim_run_subcycle_c                320      320 5.440000e+03   6.551796e+04   204.954 (   105      0)   204.333 (   170      0)
tl-sc dp3d-from-ps                       320      320 5.440000e+03   9.696380e+00     0.046 (   228      0)     0.019 (   100      0)
tl-sc prim_step-loop                     320      320 5.440000e+03   6.133068e+04   192.279 (    43      0)   190.879 (   187      0)
tl-s prim_step                           320      320 1.632000e+04   6.133047e+04   192.278 (    43      0)   190.878 (   187      0)
tl-s deep_copy+derived_dp                320      320 1.632000e+04   1.219960e+02     0.582 (   208      0)     0.167 (    36      0)
tl-s prim_advance_exp-loop               320      320 1.632000e+04   8.091170e+03    38.299 (   187      0)    17.454 (    97      0)
tl-ae prim_advance_exp                   320      320 1.632000e+04   8.090906e+03    38.298 (   187      0)    17.453 (    97      0)
tl-ae U3-5stage_timestep                 320      320 1.632000e+04   4.937310e+03    26.535 (   172      0)     8.713 (    97      0)
caar compute                             320      320 8.160000e+04   1.831886e+03     7.232 (   192      0)     4.744 (   148      0)
caar_bexchV                              320      320 8.160000e+04   3.045463e+03    21.069 (   172      0)     2.874 (    97      0)
tl-ae advance_hypervis_dp                320      320 1.632000e+04   3.153184e+03    13.093 (     0      0)     8.287 (   308      0)
hvf-bhwk                                 320      320 4.896000e+04   1.871814e+03     9.258 (    16      0)     4.866 (   269      0)
hvf-bexch                                320      320 9.792000e+04   1.597660e+03     8.596 (    16      0)     3.228 (    88      0)
tl-s prim_advec_tracers_remap            320      320 1.632000e+04   5.311648e+04   174.302 (    97      0)   152.248 (   187      0)
tl-at prim_advec_tracers_remap_RK2       320      320 1.632000e+04   5.311622e+04   174.301 (    97      0)   152.247 (   187      0)
tl-at precompute_divdp                   320      320 1.632000e+04   9.239586e+01     0.472 (   249      0)     0.121 (    11      0)
tl-at esf-0                              320      320 1.632000e+04   1.734033e+04    57.697 (    60      0)    51.016 (    20      0)
tl-at esf-1                              320      320 1.632000e+04   1.073273e+04    35.920 (    47      0)    31.886 (   313      0)
tl-at esf-2                              320      320 1.632000e+04   2.307833e+04    79.020 (    97      0)    60.868 (   172      0)
tl-at qdp_time_avg                       320      320 1.632000e+04   1.870578e+03     7.578 (   197      0)     2.531 (   156      0)
tl-sc vertical_remap                     320      320 5.440000e+03   3.582620e+03    11.961 (   187      0)    10.736 (    60      0)
Remap Thickness Functor                  320      320 5.440000e+03   2.816690e+01     0.114 (   194      0)     0.055 (   249      0)
Remap Scale States Functor               320      320 5.440000e+03   2.954351e+01     0.140 (   194      0)     0.030 (   250      0)
Remap Compute Grids Functor              320      320 5.440000e+03   1.734901e+02     0.770 (   207      0)     0.352 (   250      0)
Remap Compute Remap Functor              320      320 5.440000e+03   3.305081e+03    11.018 (   131      0)    10.021 (   209      0)
Remap Rescale States Functor             320      320 5.440000e+03   2.172964e+01     0.178 (   249      0)     0.036 (    27      0)
tl-sc Q-from-qdp                         320      320 5.440000e+03   5.946431e+02     2.418 (   253      0)     1.370 (    20      0)
t_prf                                      0        0 0.000000e+00   0.000000e+00     0.000 (     0      0)     0.000 (     0      0)

