LAST_GIT_COMMIT_SHA:STRING=adf77c97ed8425a245449f2582d2441f4b72da1e
10950093

***** GLOBAL STATISTICS (   384 MPI TASKS) *****

$Id: gptl.c,v 1.157 2011-03-28 20:55:18 rosinski Exp $
'count' is cumulative. All other stats are max/min
name                           processes  threads        count      walltotal   wallmax (proc   thrd  )   wallmin (proc   thrd  )
"Total"                              384      384 3.840000e+02   1.870420e+04    48.711 (     0      0)    48.706 (    96      0)
"prim_init1"                         384      384 3.840000e+02   4.919451e+01     0.134 (     0      0)     0.127 (   271      0)
"PartitioningTime"                   384      384 3.840000e+02   4.829893e-01     0.002 (    77      0)     0.001 (   182      0)
"repro_sum_int"                      384      384 1.728000e+04   8.877852e+00     0.029 (   330      0)     0.016 (   143      0)
"prim_init2"                         384      384 3.840000e+02   1.644114e+01     0.051 (    32      0)     0.036 (   210      0)
"prim_printstate"                    384      384 3.840000e+02   7.302241e+00     0.027 (     0      0)     0.019 (    72      0)
"interp_movie_output"                384      384 7.680000e+02   2.464752e-01     0.001 (   223      0)     0.000 (    22      0)
"prim_main_loop"                     384      384 3.840000e+02   1.857242e+04    48.368 (     0      0)    48.363 (    96      0)
"prim_run"                           384      384 3.840000e+05   1.857057e+04    48.363 (    16      0)    48.359 (    96      0)
"ApplyCAMForcing"                    384      384 3.840000e+05   1.219417e+02     0.349 (   192      0)     0.286 (    30      0)
"prim_step_rX"                       384      384 1.152000e+06   1.716850e+04    44.817 (   273      0)    44.506 (    64      0)
"prim_step_dyn"                      384      384 1.152000e+06   5.382845e+03    18.400 (    96      0)    10.796 (   169      0)
"prim_advance_exp"                   384      384 1.152000e+06   5.374516e+03    18.378 (    96      0)    10.773 (   169      0)
"U3-5stage_timestep"                 384      384 1.152000e+06   3.231022e+03    13.058 (    32      0)     5.514 (     0      0)
"compute_and_apply_rhs"              384      384 5.760000e+06   3.182749e+03    12.930 (    32      0)     5.387 (     0      0)
"caar_bexchV"                        384      384 5.760000e+06   2.279979e+03    10.642 (    32      0)     2.844 (     0      0)
"advance_hypervis_dp"                384      384 1.152000e+06   2.129638e+03     6.957 (   319      0)     4.933 (   174      0)
"biwkdp3d_bexchV"                    384      384 3.456000e+06   6.497692e+02     2.458 (   105      0)     1.290 (   171      0)
"ahdp_bexchV2"                       384      384 3.456000e+06   6.079477e+02     2.280 (   106      0)     1.264 (   177      0)
"prim_step_advec"                    384      384 1.152000e+06   1.175350e+04    33.754 (   169      0)    26.241 (    96      0)
"PAT_remap"                          384      384 1.152000e+06   1.174709e+04    33.737 (   169      0)    26.224 (    96      0)
"prim_advec_tracers_remap_rk2"       384      384 1.152000e+06   1.173818e+04    33.713 (   169      0)    26.202 (    96      0)
"precomput_divdp"                    384      384 1.152000e+06   1.768702e+01     0.051 (    64      0)     0.043 (   255      0)
"euler_step_0"                       384      384 1.152000e+06   2.935050e+03     9.427 (     5      0)     6.037 (   200      0)
"bihmix_qminmax"                     384      384 3.456000e+06   5.292192e+03    16.999 (   128      0)    12.084 (    96      0)
"eus_neighbor_minmax1"               384      384 1.152000e+06   7.126600e+02     3.052 (    58      0)     1.228 (   199      0)
"nmm_bexchV"                         384      384 1.152000e+06   5.485697e+02     2.615 (    58      0)     0.796 (   199      0)
"eus_2d_advec"                       384      384 3.456000e+06   6.214948e+03    19.769 (   168      0)    13.463 (   330      0)
"eus_bexchV"                         384      384 3.456000e+06   2.479531e+03    10.372 (   168      0)     3.163 (   287      0)
"euler_step_1"                       384      384 1.152000e+06   2.235037e+03     6.410 (   200      0)     4.639 (   351      0)
"euler_step_2"                       384      384 1.152000e+06   6.410209e+03    18.327 (   168      0)    14.934 (    96      0)
"nmm_bexchS_start"                   384      384 1.152000e+06   7.322954e+01     0.262 (    16      0)     0.128 (   290      0)
"biwksc_bexchV"                      384      384 1.152000e+06   1.187523e+03     5.061 (   170      0)     1.855 (   309      0)
"nmm_bexchS_fini"                    384      384 1.152000e+06   2.500176e+01     0.089 (     4      0)     0.055 (    18      0)
"qdp_tavg"                           384      384 1.152000e+06   1.076168e+02     0.340 (   162      0)     0.237 (   215      0)
"vertical_remap"                     384      384 3.840000e+05   1.191589e+03     3.273 (   320      0)     3.010 (   273      0)
"vertical_remap1_1"                  384      384 3.840000e+05   5.708473e+01     0.157 (   256      0)     0.143 (   345      0)
"remap_Q_ppm"                        384      384 1.152000e+06   1.167316e+03     3.204 (   320      0)     2.947 (   273      0)
"vertical_remap1_2"                  384      384 3.840000e+05   7.564446e+01     0.205 (   320      0)     0.192 (    11      0)
"vertical_remap1_3"                  384      384 3.840000e+05   1.044340e+03     2.879 (    64      0)     2.620 (   273      0)
"prim_run_subcyle_diags"             384      384 3.840000e+05   5.003283e+01     0.151 (    64      0)     0.113 (   202      0)
"t_prf"                                0        0 0.000000e+00   0.000000e+00     0.000 (     0      0)     0.000 (     0      0)

10950093
