LAST_GIT_COMMIT_SHA:STRING=4790f40f2fb6acbc051ce4c988681a628c18e83d

***** GLOBAL STATISTICS (   384 MPI TASKS) *****

$Id: gptl.c,v 1.157 2011-03-28 20:55:18 rosinski Exp $
'count' is cumulative. All other stats are max/min
name                               processes  threads        count      walltotal   wallmax (proc   thrd  )   wallmin (proc   thrd  )
Total                                    384      384 3.840000e+02   1.746991e+04    45.496 (   156      0)    45.493 (     0      0)
prim_init1                               384      384 3.840000e+02   5.880807e+01     0.155 (    41      0)     0.152 (   314      0)
repro_sum_int                            384      384 1.728000e+04   9.089912e+00     0.055 (    31      0)     0.013 (   186      0)
prim_init2                               384      384 3.840000e+02   4.400393e+01     0.148 (    17      0)     0.103 (   135      0)
prim_printstate                          384      384 3.840000e+02   9.202464e+00     0.029 (     0      0)     0.024 (   158      0)
interp_movie_output                      384      384 7.680000e+02   1.206882e-01     0.001 (   321      0)     0.000 (   112      0)
prim_main_loop                           384      384 3.840000e+02   1.730078e+04    45.055 (   138      0)    45.054 (    97      0)
prim_run                                 384      384 3.840000e+05   1.729767e+04    45.047 (   244      0)    45.045 (    16      0)
tl-sc prim_run_subcycle_c                384      384 3.840000e+05   1.729135e+04    45.032 (   195      0)    45.027 (    95      0)
tl-sc dp3d-from-ps                       384      384 3.840000e+05   8.860329e+00     0.024 (   344      0)     0.021 (   217      0)
tl-sc prim_step-loop                     384      384 3.840000e+05   1.618091e+04    42.206 (   332      0)    41.995 (   125      0)
tl-s prim_step                           384      384 1.152000e+06   1.617419e+04    42.189 (   332      0)    41.978 (   125      0)
tl-s deep_copy+derived_dp                384      384 1.152000e+06   3.333556e+01     0.097 (   192      0)     0.083 (   229      0)
tl-s prim_advance_exp-loop               384      384 1.152000e+06   6.030380e+03    18.611 (   288      0)    13.347 (   218      0)
tl-ae prim_advance_exp                   384      384 1.152000e+06   6.022827e+03    18.592 (   288      0)    13.326 (   218      0)
tl-ae U3-5stage_timestep                 384      384 1.152000e+06   3.274579e+03    11.178 (    32      0)     6.468 (   229      0)
caar compute                             384      384 5.760000e+06   6.470833e+02     1.901 (     0      0)     1.588 (   331      0)
caar_bexchV                              384      384 5.760000e+06   2.533028e+03     9.308 (    32      0)     4.459 (   192      0)
tl-ae advance_hypervis_dp                384      384 1.152000e+06   2.733490e+03     8.240 (   298      0)     6.633 (   231      0)
hvf-bhwk                                 384      384 3.456000e+06   1.469749e+03     4.461 (   104      0)     3.532 (   229      0)
hvf-bexch                                384      384 6.912000e+06   1.997390e+03     6.326 (   298      0)     4.674 (    17      0)
tl-s prim_advec_tracers_remap            384      384 1.152000e+06   1.009188e+04    28.654 (   218      0)    23.362 (   309      0)
tl-at prim_advec_tracers_remap_RK2       384      384 1.152000e+06   1.008249e+04    28.630 (   218      0)    23.339 (   309      0)
tl-at precompute_divdp                   384      384 1.152000e+06   4.024603e+01     0.128 (     0      0)     0.095 (    92      0)
tl-at esf-0                              384      384 1.152000e+06   2.786002e+03     9.389 (   218      0)     5.680 (   331      0)
tl-at esf-1                              384      384 1.152000e+06   2.000210e+03     6.159 (   226      0)     4.244 (    95      0)
tl-at esf-2                              384      384 1.152000e+06   5.058513e+03    14.472 (    30      0)    11.818 (   309      0)
tl-at qdp_time_avg                       384      384 1.152000e+06   1.522430e+02     0.429 (   320      0)     0.361 (   169      0)
tl-sc vertical_remap                     384      384 3.840000e+05   9.690522e+02     2.665 (   125      0)     2.457 (   332      0)
Remap Thickness Functor                  384      384 3.840000e+05   1.848967e+01     0.054 (   193      0)     0.044 (   371      0)
Remap Scale States Functor               384      384 3.840000e+05   1.058489e+01     0.030 (    17      0)     0.025 (   227      0)
Remap Compute Grids Functor              384      384 3.840000e+05   4.048700e+01     0.118 (   320      0)     0.101 (   277      0)
Remap Compute Remap Functor              384      384 3.840000e+05   8.623148e+02     2.376 (   125      0)     2.191 (   332      0)
Remap Rescale States Functor             384      384 3.840000e+05   1.363016e+01     0.039 (   365      0)     0.033 (   244      0)
tl-sc Q-from-qdp                         384      384 3.840000e+05   1.230092e+02     0.349 (     0      0)     0.317 (   180      0)
t_prf                                      0        0 0.000000e+00   0.000000e+00     0.000 (     0      0)     0.000 (     0      0)

