LAST_GIT_COMMIT_SHA:STRING=4790f40f2fb6acbc051ce4c988681a628c18e83d

***** GLOBAL STATISTICS (   960 MPI TASKS) *****

$Id: gptl.c,v 1.157 2011-03-28 20:55:18 rosinski Exp $
'count' is cumulative. All other stats are max/min
name                               processes  threads        count      walltotal   wallmax (proc   thrd  )   wallmin (proc   thrd  )
Total                                    960      960 9.600000e+02   1.056881e+05   110.135 (     0      0)   110.057 (   841      0)
prim_init1                               960      960 9.600000e+02   9.078585e+02     0.956 (   576      0)     0.908 (    30      0)
repro_sum_int                            960      960 4.320000e+04   6.476692e+01     0.126 (    30      0)     0.022 (   954      0)
prim_init2                               960      960 9.600000e+02   8.304672e+02     0.923 (    16      0)     0.822 (   353      0)
prim_printstate                          960      960 9.600000e+02   9.883326e+01     0.109 (     0      0)     0.102 (   583      0)
interp_movie_output                      960      960 1.920000e+03   3.388860e-01     0.001 (   959      0)     0.000 (   737      0)
prim_main_loop                           960      960 9.600000e+02   9.594369e+04    99.986 (     0      0)    99.907 (   844      0)
prim_run                                 960      960 9.600000e+04   9.594246e+04    99.984 (     0      0)    99.905 (   845      0)
tl-sc prim_run_subcycle_c                960      960 9.600000e+04   9.590599e+04    99.941 (   572      0)    99.864 (   844      0)
tl-sc dp3d-from-ps                       960      960 9.600000e+04   1.532782e+01     0.018 (   448      0)     0.015 (   584      0)
tl-sc prim_step-loop                     960      960 9.600000e+04   8.570345e+04    89.664 (   595      0)    88.399 (   472      0)
tl-s prim_step                           960      960 2.880000e+05   8.570133e+04    89.662 (   595      0)    88.397 (   472      0)
tl-s deep_copy+derived_dp                960      960 2.880000e+05   1.189436e+02     0.178 (   249      0)     0.096 (   584      0)
tl-s prim_advance_exp-loop               960      960 2.880000e+05   2.409078e+04    30.901 (   636      0)    16.419 (    28      0)
tl-ae prim_advance_exp                   960      960 2.880000e+05   2.408798e+04    30.899 (   636      0)    16.416 (    28      0)
tl-ae U3-5stage_timestep                 960      960 2.880000e+05   1.275562e+04    20.312 (   611      0)     8.309 (    28      0)
caar compute                             960      960 1.440000e+06   4.383095e+03     5.409 (     0      0)     3.862 (   357      0)
caar_bexchV                              960      960 1.440000e+06   8.182112e+03    15.799 (   611      0)     2.816 (    28      0)
tl-ae advance_hypervis_dp                960      960 2.880000e+05   1.132618e+04    18.456 (   686      0)     7.857 (    44      0)
hvf-bhwk                                 960      960 8.640000e+05   6.564687e+03    11.152 (   662      0)     4.791 (    35      0)
hvf-bexch                                960      960 1.728000e+06   7.376575e+03    14.749 (   686      0)     3.279 (    34      0)
tl-s prim_advec_tracers_remap            960      960 2.880000e+05   6.148356e+04    73.010 (    28      0)    58.018 (   636      0)
tl-at prim_advec_tracers_remap_RK2       960      960 2.880000e+05   6.148048e+04    73.006 (    28      0)    58.016 (   636      0)
tl-at precompute_divdp                   960      960 2.880000e+05   1.098881e+02     0.164 (   142      0)     0.077 (   654      0)
tl-at esf-0                              960      960 2.880000e+05   1.679567e+04    21.972 (    59      0)    14.523 (   845      0)
tl-at esf-1                              960      960 2.880000e+05   1.308882e+04    15.503 (   147      0)    12.088 (   592      0)
tl-at esf-2                              960      960 2.880000e+05   2.984674e+04    35.834 (   568      0)    28.219 (   319      0)
tl-at qdp_time_avg                       960      960 2.880000e+05   1.622898e+03     2.210 (    24      0)     1.290 (   584      0)
tl-sc vertical_remap                     960      960 9.600000e+04   9.019640e+03    10.224 (   472      0)     9.043 (   595      0)
Remap Thickness Functor                  960      960 9.600000e+04   5.690189e+01     0.070 (    58      0)     0.050 (   583      0)
Remap Scale States Functor               960      960 9.600000e+04   2.919962e+01     0.056 (    18      0)     0.022 (   584      0)
Remap Compute Grids Functor              960      960 9.600000e+04   3.349144e+02     0.446 (     8      0)     0.297 (   285      0)
Remap Compute Remap Functor              960      960 9.600000e+04   8.545554e+03     9.686 (   472      0)     8.616 (   595      0)
Remap Rescale States Functor             960      960 9.600000e+04   3.255739e+01     0.043 (   777      0)     0.032 (   326      0)
tl-sc Q-from-qdp                         960      960 9.600000e+04   1.164481e+03     1.332 (   511      0)     1.186 (   582      0)
t_prf                                      0        0 0.000000e+00   0.000000e+00     0.000 (     0      0)     0.000 (     0      0)

