LAST_GIT_COMMIT_SHA:STRING=adf77c97ed8425a245449f2582d2441f4b72da1e
10950694

***** GLOBAL STATISTICS (  2048 MPI TASKS) *****

$Id: gptl.c,v 1.157 2011-03-28 20:55:18 rosinski Exp $
'count' is cumulative. All other stats are max/min
name                           processes  threads        count      walltotal   wallmax (proc   thrd  )   wallmin (proc   thrd  )
"Total"                             2048     2048 2.048000e+03   1.483901e+05    72.465 (   576      0)    72.448 (   878      0)
"prim_init1"                        2048     2048 2.048000e+03   5.526254e+02     0.278 (   704      0)     0.263 (   437      0)
"PartitioningTime"                  2048     2048 2.048000e+03   3.954827e+00     0.003 (   387      0)     0.001 (   704      0)
"repro_sum_int"                     2048     2048 9.216000e+04   2.030143e+02     0.253 (   589      0)     0.035 (  1756      0)
"prim_init2"                        2048     4096 4.096000e+03   5.618158e+02     0.290 (   589      1)     0.075 (  1766      1)
"prim_printstate"                   2048     4096 4.096000e+03   1.929723e+02     0.053 (     0      0)     0.046 (   358      0)
"interp_movie_output"               2048     2048 4.096000e+03   2.101802e+00     0.002 (  1139      0)     0.000 (    61      0)
"prim_main_loop"                    2048     2048 2.048000e+03   1.451559e+05    70.884 (   576      0)    70.869 (   877      0)
"prim_run"                          2048     4096 2.187264e+06   2.902946e+05    70.879 (  1785      1)    70.865 (   878      0)
"ApplyCAMForcing"                   2048     4096 2.187264e+06   1.718542e+03     0.575 (   192      0)     0.286 (  1703      1)
"prim_step_rX"                      2048     4096 6.561792e+06   2.643568e+05    64.967 (   678      0)    63.673 (   896      1)
"prim_step_dyn"                     2048     4096 6.561792e+06   8.499355e+04    26.043 (   750      1)    16.164 (  1792      0)
"prim_advance_exp"                  2048     4096 6.561792e+06   8.493137e+04    26.026 (   750      1)    16.148 (  1792      0)
"U3-5stage_timestep"                2048     4096 6.561792e+06   4.502292e+04    15.645 (   666      1)     7.521 (   626      0)
"compute_and_apply_rhs"             2048     4096 3.280896e+07   4.461729e+04    15.552 (   666      1)     7.416 (   626      0)
"caar_bexchV"                       2048     4096 3.280896e+07   3.277060e+04    13.540 (   666      1)     3.357 (   512      0)
"advance_hypervis_dp"               2048     4096 6.561792e+06   3.980198e+04    13.370 (   750      0)     8.015 (  1794      1)
"biwkdp3d_bexchV"                   2048     4096 1.968538e+07   1.379580e+04     6.535 (   751      1)     1.910 (  1792      0)
"ahdp_bexchV2"                      2048     4096 1.968538e+07   1.378225e+04     6.092 (   747      1)     2.040 (  1664      0)
"prim_step_advec"                   2048     4096 6.561792e+06   1.790495e+05    48.249 (  1792      0)    38.376 (   750      1)
"PAT_remap"                         2048     4096 6.561792e+06   1.789996e+05    48.236 (  1792      0)    38.364 (   750      1)
"prim_advec_tracers_remap_rk2"      2048     4096 6.561792e+06   1.789318e+05    48.220 (  1792      0)    38.346 (   750      1)
"precomput_divdp"                   2048     4096 6.561792e+06   2.066402e+02     0.075 (  1408      0)     0.035 (   163      1)
"euler_step_0"                      2048     4096 6.561792e+06   4.347366e+04    12.579 (   476      0)     8.644 (   536      1)
"bihmix_qminmax"                    2048     4096 1.968538e+07   8.119465e+04    23.547 (  1536      0)    17.497 (   758      1)
"eus_neighbor_minmax1"              2048     4096 6.561792e+06   1.022134e+04     3.874 (  1976      1)     1.573 (   679      0)
"nmm_bexchV"                        2048     4096 6.561792e+06   8.298108e+03     3.503 (  1798      1)     0.966 (   664      0)
"eus_2d_advec"                      2048     4096 1.968538e+07   9.554729e+04    28.295 (  1538      0)    20.118 (   750      1)
"eus_bexchV"                        2048     4096 1.968538e+07   4.528033e+04    19.639 (  1538      1)     4.624 (   618      0)
"euler_step_1"                      2048     4096 6.561792e+06   3.476265e+04     9.601 (   600      0)     7.651 (   751      0)
"euler_step_2"                      2048     4096 6.561792e+06   9.900609e+04    26.886 (  1794      1)    21.406 (   750      1)
"nmm_bexchS_start"                  2048     4096 6.561792e+06   3.391056e+03     1.836 (   896      1)     0.076 (   125      0)
"biwksc_bexchV"                     2048     4096 6.561792e+06   1.869402e+04     8.117 (  1536      1)     1.988 (   620      0)
"nmm_bexchS_fini"                   2048     4096 6.561792e+06   5.295238e+03     2.950 (   896      1)     0.044 (  1666      0)
"qdp_tavg"                          2048     4096 6.561792e+06   1.237750e+03     0.447 (  1216      0)     0.183 (  1767      1)
"vertical_remap"                    2048     4096 2.187264e+06   1.653521e+04     5.616 (   896      0)     2.670 (   714      1)
"vertical_remap1_1"                 2048     4096 3.280896e+06   7.496541e+02     0.256 (   638      0)     0.119 (  1768      1)
"remap_Q_ppm"                       2048     4096 9.842688e+06   1.623809e+04     5.518 (   896      0)     2.616 (   714      1)
"vertical_remap1_2"                 2048     4096 3.280896e+06   1.047587e+03     0.357 (   896      0)     0.166 (  1448      1)
"vertical_remap1_3"                 2048     4096 3.280896e+06   1.455667e+04     4.952 (   896      0)     2.338 (   678      1)
"prim_run_subcyle_diags"            2048     4096 2.187264e+06   6.089452e+02     0.277 (  1031      0)     0.084 (  1408      1)
"t_prf"                                0        0 0.000000e+00   0.000000e+00     0.000 (     0      0)     0.000 (     0      0)

10950694
