LAST_GIT_COMMIT_SHA:STRING=4790f40f2fb6acbc051ce4c988681a628c18e83d

***** GLOBAL STATISTICS (  3456 MPI TASKS) *****

$Id: gptl.c,v 1.157 2011-03-28 20:55:18 rosinski Exp $
'count' is cumulative. All other stats are max/min
name                               processes  threads        count      walltotal   wallmax (proc   thrd  )   wallmin (proc   thrd  )
Total                                   3456     3456 3.456000e+03   4.913177e+05   142.204 (   187      0)   142.132 (  2402      0)
prim_init1                              3456     3456 3.456000e+03   6.740303e+03     1.971 (     0      0)     1.851 (  1217      0)
repro_sum_int                           3456     3456 1.555200e+05   5.299304e+02     0.492 (  1238      0)     0.033 (  3053      0)
prim_init2                              3456     3456 3.456000e+03   2.617554e+03     1.100 (  2688      0)     0.638 (  3019      0)
prim_printstate                         3456     3456 3.456000e+03   3.609544e+02     0.109 (     0      0)     0.103 (  2898      0)
interp_movie_output                     3456     3456 6.912000e+03   3.954111e+00     0.005 (  3228      0)     0.000 (  1296      0)
prim_main_loop                          3456     3456 3.456000e+03   4.280562e+05   123.896 (   187      0)   123.823 (  2402      0)
prim_run                                3456     3456 6.220800e+05   4.280465e+05   123.893 (   187      0)   123.821 (  2402      0)
tl-sc prim_run_subcycle_c               3456     3456 6.220800e+05   4.279502e+05   123.866 (  2059      0)   123.789 (  2385      0)
tl-sc dp3d-from-ps                      3456     3456 6.220800e+05   7.834442e+01     0.032 (   320      0)     0.018 (   452      0)
tl-sc prim_step-loop                    3456     3456 6.220800e+05   3.847228e+05   112.138 (   124      0)   109.466 (  1216      0)
tl-s prim_step                          3456     3456 1.866240e+06   3.847099e+05   112.135 (   124      0)   109.462 (  1216      0)
tl-s deep_copy+derived_dp               3456     3456 1.866240e+06   4.795436e+02     0.177 (   134      0)     0.113 (  2487      0)
tl-s prim_advance_exp-loop              3456     3456 1.866240e+06   1.139285e+05    43.279 (  1244      0)    19.458 (   185      0)
tl-ae prim_advance_exp                  3456     3456 1.866240e+06   1.139066e+05    43.271 (  1244      0)    19.452 (   185      0)
tl-ae U3-5stage_timestep                3456     3456 1.866240e+06   5.761506e+04    26.838 (   290      0)     9.467 (   185      0)
caar compute                            3456     3456 9.331200e+06   1.802145e+04     6.180 (  1792      0)     4.511 (  2480      0)
caar_bexchV                             3456     3456 9.331200e+06   3.873809e+04    21.657 (  2035      0)     3.455 (   185      0)
tl-ae advance_hypervis_dp               3456     3456 1.866240e+06   5.625406e+04    25.119 (  1862      0)     9.629 (  2068      0)
hvf-bhwk                                3456     3456 5.598720e+06   3.171046e+04    15.212 (  1844      0)     5.683 (  2076      0)
hvf-bexch                               3456     3456 1.119744e+07   3.982476e+04    20.244 (  1837      0)     4.478 (   185      0)
tl-s prim_advec_tracers_remap           3456     3456 1.866240e+06   2.702482e+05    92.103 (   185      0)    67.859 (  1244      0)
tl-at prim_advec_tracers_remap_RK2      3456     3456 1.866240e+06   2.702284e+05    92.097 (   185      0)    67.852 (  1244      0)
tl-at precompute_divdp                  3456     3456 1.866240e+06   4.422681e+02     0.199 (   174      0)     0.099 (  2126      0)
tl-at esf-0                             3456     3456 1.866240e+06   6.876940e+04    27.030 (   334      0)    16.493 (  2611      0)
tl-at esf-1                             3456     3456 1.866240e+06   5.493725e+04    21.010 (  2057      0)    13.436 (  2596      0)
tl-at esf-2                             3456     3456 1.866240e+06   1.396619e+05    48.463 (   194      0)    32.697 (  1840      0)
tl-at qdp_time_avg                      3456     3456 1.866240e+06   6.316709e+03     2.185 (  1505      0)     1.438 (   193      0)
tl-sc vertical_remap                    3456     3456 6.220800e+05   3.848267e+04    12.938 (  1216      0)    10.342 (  3353      0)
Remap Thickness Functor                 3456     3456 6.220800e+05   2.430652e+02     0.082 (  1491      0)     0.059 (  2060      0)
Remap Scale States Functor              3456     3456 6.220800e+05   1.228651e+02     0.048 (  1674      0)     0.027 (   195      0)
Remap Compute Grids Functor             3456     3456 6.220800e+05   1.389228e+03     0.458 (  2177      0)     0.353 (  1624      0)
Remap Compute Remap Functor             3456     3456 6.220800e+05   3.648374e+04    12.345 (  1216      0)     9.825 (  3353      0)
Remap Rescale States Functor            3456     3456 6.220800e+05   1.396300e+02     0.045 (   768      0)     0.038 (   107      0)
tl-sc Q-from-qdp                        3456     3456 6.220800e+05   4.647969e+03     1.457 (     0      0)     1.330 (  2678      0)
t_prf                                      0        0 0.000000e+00   0.000000e+00     0.000 (     0      0)     0.000 (     0      0)

