LAST_GIT_COMMIT_SHA:STRING=4790f40f2fb6acbc051ce4c988681a628c18e83d

***** GLOBAL STATISTICS (   640 MPI TASKS) *****

$Id: gptl.c,v 1.157 2011-03-28 20:55:18 rosinski Exp $
'count' is cumulative. All other stats are max/min
name                               processes  threads        count      walltotal   wallmax (proc   thrd  )   wallmin (proc   thrd  )
Total                                    640      640 6.400000e+02   7.311676e+04   114.306 (   380      0)   114.174 (   531      0)
prim_init1                               640      640 6.400000e+02   5.429055e+02     0.856 (   300      0)     0.810 (   431      0)
repro_sum_int                            640      640 2.880000e+04   3.697286e+01     0.147 (    23      0)     0.024 (   306      0)
prim_init2                               640      640 6.400000e+02   7.656027e+02     1.279 (   340      0)     1.166 (   511      0)
prim_printstate                          640      640 6.400000e+02   8.797337e+01     0.143 (     0      0)     0.137 (   201      0)
interp_movie_output                      640      640 1.280000e+03   2.597561e-01     0.001 (   411      0)     0.000 (   380      0)
prim_main_loop                           640      640 6.400000e+02   6.638942e+04   103.795 (   380      0)   103.663 (   531      0)
prim_run                                 640      640 4.288000e+04   6.638876e+04   103.794 (   380      0)   103.662 (   531      0)
tl-sc prim_run_subcycle_c                640      640 4.288000e+04   6.634475e+04   103.710 (   381      0)   103.608 (   175      0)
tl-sc dp3d-from-ps                       640      640 4.288000e+04   9.743179e+00     0.018 (   475      0)     0.014 (   528      0)
tl-sc prim_step-loop                     640      640 4.288000e+04   5.937493e+04    93.069 (   552      0)    91.999 (   500      0)
tl-s prim_step                           640      640 1.286400e+05   5.937394e+04    93.068 (   552      0)    91.998 (   500      0)
tl-s deep_copy+derived_dp                640      640 1.286400e+05   8.429087e+01     0.248 (   360      0)     0.099 (   551      0)
tl-s prim_advance_exp-loop               640      640 1.286400e+05   1.560284e+04    33.526 (   535      0)    16.339 (   340      0)
tl-ae prim_advance_exp                   640      640 1.286400e+05   1.560154e+04    33.524 (   535      0)    16.337 (   340      0)
tl-ae U3-5stage_timestep                 640      640 1.286400e+05   8.419039e+03    19.851 (   296      0)     8.347 (   340      0)
caar compute                             640      640 6.432000e+05   2.956177e+03     5.367 (   320      0)     3.884 (   560      0)
caar_bexchV                              640      640 6.432000e+05   5.344591e+03    15.509 (   296      0)     2.874 (   340      0)
tl-ae advance_hypervis_dp                640      640 1.286400e+05   7.179716e+03    16.516 (   249      0)     7.780 (   343      0)
hvf-bhwk                                 640      640 3.859200e+05   4.176442e+03    10.173 (   115      0)     4.746 (   342      0)
hvf-bexch                                640      640 7.718400e+05   4.577292e+03    12.713 (   531      0)     3.269 (   343      0)
tl-s prim_advec_tracers_remap            640      640 1.286400e+05   4.368297e+04    76.480 (   340      0)    58.729 (   535      0)
tl-at prim_advec_tracers_remap_RK2       640      640 1.286400e+05   4.368146e+04    76.478 (   340      0)    58.727 (   535      0)
tl-at precompute_divdp                   640      640 1.286400e+05   7.933593e+01     0.193 (   609      0)     0.078 (   201      0)
tl-at esf-0                              640      640 1.286400e+05   1.241822e+04    22.615 (   344      0)    14.545 (   559      0)
tl-at esf-1                              640      640 1.286400e+05   9.177740e+03    16.314 (   126      0)    11.429 (   562      0)
tl-at esf-2                              640      640 1.286400e+05   2.081797e+04    36.490 (   340      0)    28.607 (   173      0)
tl-at qdp_time_avg                       640      640 1.286400e+05   1.180313e+03     2.827 (   373      0)     1.349 (   551      0)
tl-sc vertical_remap                     640      640 4.288000e+04   6.191302e+03    10.442 (   500      0)     9.398 (   552      0)
Remap Thickness Functor                  640      640 4.288000e+04   3.689518e+01     0.068 (   483      0)     0.049 (   552      0)
Remap Scale States Functor               640      640 4.288000e+04   1.953786e+01     0.053 (   358      0)     0.022 (    38      0)
Remap Compute Grids Functor              640      640 4.288000e+04   2.239858e+02     0.422 (   502      0)     0.297 (    34      0)
Remap Compute Remap Functor              640      640 4.288000e+04   5.875868e+03     9.890 (   500      0)     8.964 (    79      0)
Remap Rescale States Functor             640      640 4.288000e+04   2.142462e+01     0.040 (   376      0)     0.031 (   565      0)
tl-sc Q-from-qdp                         640      640 4.288000e+04   7.673372e+02     1.328 (   487      0)     1.184 (   566      0)
t_prf                                      0        0 0.000000e+00   0.000000e+00     0.000 (     0      0)     0.000 (     0      0)

