LAST_GIT_COMMIT_SHA:STRING=adf77c97ed8425a245449f2582d2441f4b72da1e
10950713

***** GLOBAL STATISTICS (  3072 MPI TASKS) *****

$Id: gptl.c,v 1.157 2011-03-28 20:55:18 rosinski Exp $
'count' is cumulative. All other stats are max/min
name                           processes  threads        count      walltotal   wallmax (proc   thrd  )   wallmin (proc   thrd  )
"Total"                             3072     3072 3.072000e+03   5.731630e+05   186.594 (  1065      0)   186.559 (   363      0)
"prim_init1"                        3072     3072 3.072000e+03   2.086560e+03     0.702 (  2256      0)     0.647 (  1421      0)
"PartitioningTime"                  3072     3072 3.072000e+03   5.506515e+00     0.006 (   611      0)     0.001 (  2904      0)
"repro_sum_int"                     3072     3072 1.382400e+05   3.193704e+02     0.221 (  2395      0)     0.038 (  2986      0)
"prim_init2"                        3072     6144 6.144000e+03   1.040078e+03     0.283 (  2377      1)     0.101 (  2349      1)
"prim_printstate"                   3072     6144 6.144000e+03   3.353747e+02     0.061 (     0      0)     0.053 (   297      0)
"interp_movie_output"               3072     3072 6.144000e+03   9.085147e+00     0.010 (  1963      0)     0.001 (   306      0)
"prim_main_loop"                    3072     3072 3.072000e+03   5.585333e+05   181.834 (  2771      0)   181.792 (  2387      0)
"prim_run"                          3072     6144 3.932160e+06   1.116998e+06   181.823 (  1065      1)   181.784 (   232      0)
"ApplyCAMForcing"                   3072     6144 3.932160e+06   9.866702e+03     1.800 (  1984      0)     1.368 (  1664      1)
"prim_step_rX"                      3072     6144 1.179648e+07   1.012905e+06   166.086 (  2652      1)   163.985 (   704      1)
"prim_step_dyn"                     3072     6144 1.179648e+07   3.069348e+05    61.241 (  2652      1)    36.345 (  2771      0)
"prim_advance_exp"                  3072     6144 1.179648e+07   3.067714e+05    61.218 (  2652      1)    36.318 (  2771      0)
"U3-5stage_timestep"                3072     6144 1.179648e+07   1.600437e+05    39.702 (  2652      1)    18.062 (  1416      0)
"compute_and_apply_rhs"             3072     6144 5.898240e+07   1.583107e+05    39.432 (  2652      1)    17.736 (  1416      0)
"caar_bexchV"                       3072     6144 5.898240e+07   9.528555e+04    30.084 (  2652      1)     6.407 (  1416      0)
"advance_hypervis_dp"               3072     6144 1.179648e+07   1.464228e+05    33.137 (  1160      1)    17.755 (  2782      0)
"biwkdp3d_bexchV"                   3072     6144 3.538944e+07   4.263056e+04    15.642 (  1113      1)     3.352 (  2752      0)
"ahdp_bexchV2"                      3072     6144 3.538944e+07   4.198360e+04    15.434 (  1272      0)     3.505 (  2752      0)
"prim_step_advec"                   3072     6144 1.179648e+07   7.044223e+05   127.711 (  2771      0)   104.037 (   803      1)
"PAT_remap"                         3072     6144 1.179648e+07   7.043147e+05   127.692 (  2771      0)   104.020 (   803      0)
"prim_advec_tracers_remap_rk2"      3072     6144 1.179648e+07   7.041703e+05   127.668 (  2771      0)   103.997 (   803      1)
"precomput_divdp"                   3072     6144 1.179648e+07   1.025416e+03     0.200 (  2751      0)     0.151 (  1255      1)
"euler_step_0"                      3072     6144 1.179648e+07   1.705097e+05    36.293 (  1216      0)    23.750 (  1253      1)
"bihmix_qminmax"                    3072     6144 3.538944e+07   3.196011e+05    66.743 (  1065      1)    46.737 (  1571      0)
"eus_neighbor_minmax1"              3072     6144 1.179648e+07   3.496848e+04    13.929 (  1216      1)     4.004 (   763      1)
"nmm_bexchV"                        3072     6144 1.179648e+07   2.187219e+04    12.197 (  1216      1)     2.029 (   868      1)
"eus_2d_advec"                      3072     6144 3.538944e+07   3.728361e+05    72.429 (  1071      0)    53.373 (  3036      1)
"eus_bexchV"                        3072     6144 3.538944e+07   9.973892e+04    27.915 (  1071      0)    10.057 (  1037      0)
"euler_step_1"                      3072     6144 1.179648e+07   1.371655e+05    29.181 (  1200      0)    20.106 (   828      1)
"euler_step_2"                      3072     6144 1.179648e+07   3.858218e+05    72.972 (  1070      0)    56.964 (   476      0)
"nmm_bexchS_start"                  3072     6144 1.179648e+07   6.538221e+02     0.791 (   704      1)     0.023 (   780      1)
"biwksc_bexchV"                     3072     6144 1.179648e+07   4.459781e+04    14.446 (  2645      1)     4.485 (   739      0)
"nmm_bexchS_fini"                   3072     6144 1.179648e+07   3.610233e+03     9.283 (  1065      0)     0.125 (  2496      0)
"qdp_tavg"                          3072     6144 1.179648e+07   9.097801e+03     1.846 (   943      1)     1.064 (  2682      0)
"vertical_remap"                    3072     6144 3.932160e+06   8.697129e+04    14.893 (   896      0)    13.223 (  2652      1)
"vertical_remap1_1"                 3072     6144 1.572864e+07   3.884215e+03     0.687 (   641      0)     0.566 (  2382      0)
"remap_Q_ppm"                       3072     6144 4.718592e+07   8.542123e+04    14.634 (   896      0)    12.976 (  2652      0)
"vertical_remap1_2"                 3072     6144 1.572864e+07   5.387322e+03     0.945 (   956      1)     0.796 (  2383      1)
"vertical_remap1_3"                 3072     6144 1.572864e+07   7.678289e+04    13.199 (   896      0)    11.666 (  2652      0)
"prim_run_subcyle_diags"            3072     6144 3.932160e+06   5.238489e+03     0.975 (  2018      0)     0.661 (  1069      1)
"t_prf"                                0        0 0.000000e+00   0.000000e+00     0.000 (     0      0)     0.000 (     0      0)

10950713
