LAST_GIT_COMMIT_SHA:STRING=adf77c97ed8425a245449f2582d2441f4b72da1e
10950715

***** GLOBAL STATISTICS (  6144 MPI TASKS) *****

$Id: gptl.c,v 1.157 2011-03-28 20:55:18 rosinski Exp $
'count' is cumulative. All other stats are max/min
name                           processes  threads        count      walltotal   wallmax (proc   thrd  )   wallmin (proc   thrd  )
"Total"                             6144     6144 6.144000e+03   1.325512e+06   215.774 (  4499      0)   215.712 (  5583      0)
"prim_init1"                        6144     6144 6.144000e+03   4.229575e+03     0.711 (   786      0)     0.650 (   990      0)
"PartitioningTime"                  6144     6144 6.144000e+03   9.848592e+00     0.004 (  6063      0)     0.001 (  2444      0)
"repro_sum_int"                     6144     6144 2.764800e+05   1.072906e+03     0.359 (   117      0)     0.049 (  5289      0)
"prim_init2"                        6144    12288 1.228800e+04   2.903851e+03     0.422 (    86      0)     0.113 (  1548      1)
"prim_printstate"                   6144    12288 1.228800e+04   7.388199e+02     0.066 (     0      0)     0.057 (  3274      0)
"interp_movie_output"               6144     6144 1.228800e+04   1.674412e+01     0.007 (   900      0)     0.001 (  3567      0)
"prim_main_loop"                    6144     6144 6.144000e+03   1.295430e+06   210.879 (  4498      0)   210.819 (  2142      0)
"prim_run"                          6144    12288 1.572864e+07   2.590736e+06   210.871 (  4498      1)   210.809 (  5482      1)
"ApplyCAMForcing"                   6144    12288 1.572864e+07   1.910517e+04     1.830 (  1920      0)     1.269 (  4519      0)
"prim_step_rX"                      6144    12288 4.718592e+07   2.383577e+06   196.188 (  4510      0)   192.597 (  1920      1)
"prim_step_dyn"                     6144    12288 4.718592e+07   9.196102e+05    95.801 (  4363      1)    34.594 (  4498      0)
"prim_advance_exp"                  6144    12288 4.718592e+07   9.190550e+05    95.754 (  4363      1)    34.549 (  4498      0)
"U3-5stage_timestep"                6144    12288 4.718592e+07   4.511744e+05    70.266 (  4426      1)    16.083 (  4514      0)
"compute_and_apply_rhs"             6144    12288 2.359296e+08   4.470268e+05    69.958 (  4426      1)    15.718 (  4514      0)
"caar_bexchV"                       6144    12288 2.359296e+08   3.228868e+05    60.169 (  4426      0)     5.415 (  4514      0)
"advance_hypervis_dp"               6144    12288 4.718592e+07   4.668900e+05    61.262 (   554      1)    17.559 (  4535      0)
"biwkdp3d_bexchV"                   6144    12288 1.415578e+08   1.727585e+05    36.927 (   640      1)     3.611 (  4535      1)
"ahdp_bexchV2"                      6144    12288 1.415578e+08   1.718212e+05    36.899 (   724      0)     3.854 (  4494      1)
"prim_step_advec"                   6144    12288 4.718592e+07   1.460635e+06   160.552 (  4498      0)    98.984 (  4363      0)
"PAT_remap"                         6144    12288 4.718592e+07   1.460225e+06   160.520 (  4498      0)    98.951 (  4363      0)
"prim_advec_tracers_remap_rk2"      6144    12288 4.718592e+07   1.459673e+06   160.476 (  4498      0)    98.908 (  4363      0)
"precomput_divdp"                   6144    12288 4.718592e+07   2.027411e+03     0.191 (  4505      1)     0.153 (  4095      0)
"euler_step_0"                      6144    12288 4.718592e+07   3.710458e+05    57.645 (  4348      1)    23.371 (  4386      0)
"bihmix_qminmax"                    6144    12288 1.415578e+08   6.587370e+05    86.763 (  4514      1)    44.929 (  4362      1)
"eus_neighbor_minmax1"              6144    12288 4.718592e+07   9.146382e+04    28.714 (  4586      0)     4.118 (  4397      0)
"nmm_bexchV"                        6144    12288 4.718592e+07   6.977269e+04    26.737 (  4586      0)     2.196 (  4386      0)
"eus_2d_advec"                      6144    12288 1.415578e+08   7.759888e+05    91.546 (  4509      1)    50.380 (  4382      0)
"eus_bexchV"                        6144    12288 1.415578e+08   2.665903e+05    52.222 (  4509      0)     8.026 (  4514      0)
"euler_step_1"                      6144    12288 4.718592e+07   2.825517e+05    44.385 (  4289      1)    18.476 (  4575      0)
"euler_step_2"                      6144    12288 4.718592e+07   7.849761e+05    99.289 (  4497      0)    53.826 (  3875      0)
"nmm_bexchS_start"                  6144    12288 4.718592e+07   2.586201e+03     0.962 (  3896      0)     0.039 (  3754      1)
"biwksc_bexchV"                     6144    12288 4.718592e+07   1.061087e+05    30.552 (  4301      1)     3.839 (  4514      0)
"nmm_bexchS_fini"                   6144    12288 4.718592e+07   5.848085e+03    20.932 (  4498      1)     0.121 (  4498      0)
"qdp_tavg"                          6144    12288 4.718592e+07   1.711714e+04     1.939 (  1963      0)     1.033 (  4494      1)
"vertical_remap"                    6144    12288 1.572864e+07   1.735528e+05    15.441 (  2752      0)    12.330 (  4511      0)
"vertical_remap1_1"                 6144    12288 3.145728e+07   7.873374e+03     0.745 (  1934      0)     0.546 (  4505      1)
"remap_Q_ppm"                       6144    12288 9.437184e+07   1.703953e+05    15.173 (  2752      0)    12.118 (  4511      0)
"vertical_remap1_2"                 6144    12288 3.145728e+07   1.075806e+04     0.973 (  1934      1)     0.759 (  4505      0)
"vertical_remap1_3"                 6144    12288 3.145728e+07   1.530408e+05    13.676 (  5376      0)    10.885 (  4511      0)
"prim_run_subcyle_diags"            6144    12288 1.572864e+07   1.006275e+04     0.930 (  1939      1)     0.491 (  3712      0)
"t_prf"                                0        0 0.000000e+00   0.000000e+00     0.000 (     0      0)     0.000 (     0      0)

10950715
