LAST_GIT_COMMIT_SHA:STRING=4790f40f2fb6acbc051ce4c988681a628c18e83d

***** GLOBAL STATISTICS (   512 MPI TASKS) *****

$Id: gptl.c,v 1.157 2011-03-28 20:55:18 rosinski Exp $
'count' is cumulative. All other stats are max/min
name                               processes  threads        count      walltotal   wallmax (proc   thrd  )   wallmin (proc   thrd  )
Total                                    512      512 5.120000e+02   1.669713e+04    32.615 (   328      0)    32.610 (   180      0)
prim_init1                               512      512 5.120000e+02   9.862873e+01     0.194 (    16      0)     0.192 (   290      0)
repro_sum_int                            512      512 2.304000e+04   1.666947e+01     0.069 (    24      0)     0.021 (   192      0)
prim_init2                               512      512 5.120000e+02   9.521963e+01     0.229 (     9      0)     0.176 (   228      0)
prim_printstate                          512      512 5.120000e+02   2.300997e+01     0.051 (     0      0)     0.045 (   413      0)
interp_movie_output                      512      512 1.024000e+03   1.891150e-01     0.001 (   203      0)     0.000 (   458      0)
prim_main_loop                           512      512 5.120000e+02   1.630132e+04    31.841 (   336      0)    31.836 (   171      0)
prim_run                                 512      512 1.638400e+05   1.629982e+04    31.838 (   328      0)    31.833 (   176      0)
tl-sc prim_run_subcycle_c                512      512 1.638400e+05   1.629513e+04    31.830 (   379      0)    31.823 (   188      0)
tl-sc dp3d-from-ps                       512      512 1.638400e+05   5.398777e+00     0.012 (   384      0)     0.010 (   255      0)
tl-sc prim_step-loop                     512      512 1.638400e+05   1.489801e+04    29.185 (   293      0)    28.962 (   455      0)
tl-s prim_step                           512      512 4.915200e+05   1.489476e+04    29.179 (   293      0)    28.955 (   455      0)
tl-s deep_copy+derived_dp                512      512 4.915200e+05   2.401852e+01     0.054 (     0      0)     0.043 (   386      0)
tl-s prim_advance_exp-loop               512      512 4.915200e+05   5.079347e+03    11.857 (   188      0)     7.980 (   327      0)
tl-ae prim_advance_exp                   512      512 4.915200e+05   5.075727e+03    11.850 (   188      0)     7.973 (   327      0)
tl-ae U3-5stage_timestep                 512      512 4.915200e+05   2.776039e+03     7.039 (   142      0)     3.896 (   327      0)
caar compute                             512      512 2.457600e+06   7.866167e+02     1.773 (   448      0)     1.418 (   245      0)
caar_bexchV                              512      512 2.457600e+06   1.920704e+03     5.421 (   142      0)     2.123 (   384      0)
tl-ae advance_hypervis_dp                512      512 4.915200e+05   2.292163e+03     5.790 (   188      0)     3.901 (   259      0)
hvf-bhwk                                 512      512 1.474560e+06   1.300051e+03     3.308 (   187      0)     2.194 (   280      0)
hvf-bexch                                512      512 2.949120e+06   1.523647e+03     4.354 (   188      0)     2.341 (   256      0)
tl-s prim_advec_tracers_remap            512      512 4.915200e+05   9.781861e+03    21.091 (   327      0)    17.169 (   429      0)
tl-at prim_advec_tracers_remap_RK2       512      512 4.915200e+05   9.777332e+03    21.082 (   327      0)    17.160 (   429      0)
tl-at precompute_divdp                   512      512 4.915200e+05   2.941911e+01     0.080 (    64      0)     0.049 (   209      0)
tl-at esf-0                              512      512 4.915200e+05   2.660483e+03     6.811 (   327      0)     4.055 (   430      0)
tl-at esf-1                              512      512 4.915200e+05   1.963152e+03     4.837 (   494      0)     3.401 (   144      0)
tl-at esf-2                              512      512 4.915200e+05   4.917114e+03    10.902 (   359      0)     8.371 (   141      0)
tl-at qdp_time_avg                       512      512 4.915200e+05   1.844761e+02     0.411 (    18      0)     0.306 (   270      0)
tl-sc vertical_remap                     512      512 1.638400e+05   1.239181e+03     2.554 (   455      0)     2.333 (   304      0)
Remap Thickness Functor                  512      512 1.638400e+05   1.463472e+01     0.034 (     0      0)     0.026 (   135      0)
Remap Scale States Functor               512      512 1.638400e+05   7.209340e+00     0.017 (    98      0)     0.012 (   255      0)
Remap Compute Grids Functor              512      512 1.638400e+05   5.897101e+01     0.130 (     0      0)     0.106 (   304      0)
Remap Compute Remap Functor              512      512 1.638400e+05   1.134741e+03     2.339 (   455      0)     2.138 (   146      0)
Remap Rescale States Functor             512      512 1.638400e+05   8.827203e+00     0.019 (   384      0)     0.015 (   255      0)
tl-sc Q-from-qdp                         512      512 1.638400e+05   1.481898e+02     0.313 (   128      0)     0.287 (   280      0)
t_prf                                      0        0 0.000000e+00   0.000000e+00     0.000 (     0      0)     0.000 (     0      0)

