LAST_GIT_COMMIT_SHA:STRING=adf77c97ed8425a245449f2582d2441f4b72da1e
10950792

***** GLOBAL STATISTICS ( 12800 MPI TASKS) *****

$Id: gptl.c,v 1.157 2011-03-28 20:55:18 rosinski Exp $
'count' is cumulative. All other stats are max/min
name                           processes  threads        count      walltotal   wallmax (proc   thrd  )   wallmin (proc   thrd  )
"Total"                            12800    12800 1.280000e+04   2.643938e+06   206.642 ( 12665      0)   206.474 (  5508      0)
"prim_init1"                       12800    12800 1.280000e+04   5.633830e+04     4.520 (   222      0)     4.316 (  4744      0)
"PartitioningTime"                 12800    12800 1.280000e+04   7.036246e+02     0.143 (   879      0)     0.004 (  4096      0)
"repro_sum_int"                    12800    12800 5.760000e+05   1.208613e+04     2.030 (    40      0)     0.507 (  6057      0)
"prim_init2"                       12800    25600 2.560000e+04   3.704734e+04     2.568 (     0      0)     1.021 (  6030      0)
"prim_printstate"                  12800    25600 2.560000e+04   1.272758e+04     0.522 (     0      0)     0.487 (  9749      0)
"interp_movie_output"              12800    12800 2.560000e+04   4.039249e+02     0.039 (  5367      0)     0.017 (    25      0)
"prim_main_loop"                   12800    12800 1.280000e+04   2.436645e+06   190.406 ( 12792      0)   190.323 (  2052      0)
"prim_run"                         12800    25600 3.415040e+07   4.872635e+06   190.382 ( 12792      1)   190.297 (  5253      1)
"ApplyCAMForcing"                  12800    25600 3.415040e+07   2.747718e+04     1.625 (  5184      0)     0.682 ( 10624      1)
"prim_step_rX"                     12800    25600 1.024512e+08   4.492052e+06   177.615 ( 10470      0)   171.693 ( 10176      1)
"prim_step_dyn"                    12800    25600 1.024512e+08   1.716033e+06    83.527 (  8471      1)    36.118 (  8612      0)
"prim_advance_exp"                 12800    25600 1.024512e+08   1.715047e+06    83.484 (  8471      1)    36.083 (  8612      0)
"U3-5stage_timestep"               12800    25600 1.024512e+08   8.431584e+05    57.141 ( 10775      1)    17.059 ( 12665      0)
"compute_and_apply_rhs"            12800    25600 5.122560e+08   8.362051e+05    56.863 ( 10775      1)    16.766 ( 12665      0)
"caar_bexchV"                      12800    25600 5.122560e+08   6.501650e+05    51.756 ( 10775      1)     7.162 (  8613      0)
"advance_hypervis_dp"              12800    25600 1.024512e+08   8.702057e+05    50.607 ( 10993      0)    18.319 ( 12725      1)
"biwkdp3d_bexchV"                  12800    25600 3.073536e+08   3.387102e+05    29.432 ( 10941      1)     4.215 ( 12721      0)
"ahdp_bexchV2"                     12800    25600 3.073536e+08   3.407921e+05    29.652 ( 11205      1)     4.312 ( 12731      0)
"prim_step_advec"                  12800    25600 1.024512e+08   2.771150e+06   138.811 (  8612      0)    92.252 ( 10920      1)
"PAT_remap"                        12800    25600 1.024512e+08   2.770371e+06   138.782 (  8612      0)    92.217 ( 10920      1)
"prim_advec_tracers_remap_rk2"     12800    25600 1.024512e+08   2.769314e+06   138.746 (  8612      0)    92.168 ( 10920      1)
"precomput_divdp"                  12800    25600 1.024512e+08   3.153007e+03     0.188 ( 12736      0)     0.084 (  6856      1)
"euler_step_0"                     12800    25600 1.024512e+08   7.093527e+05    48.696 ( 10987      0)    20.875 ( 10920      1)
"bihmix_qminmax"                   12800    25600 3.073536e+08   1.252976e+06    75.526 ( 12721      1)    42.129 ( 11280      1)
"eus_neighbor_minmax1"             12800    25600 1.024512e+08   1.810309e+05    23.146 ( 10929      1)     3.633 (  9198      0)
"nmm_bexchV"                       12800    25600 1.024512e+08   1.515409e+05    22.354 ( 10929      1)     2.203 (  9198      0)
"eus_2d_advec"                     12800    25600 3.073536e+08   1.481803e+06    80.360 ( 12682      0)    47.576 ( 10920      1)
"eus_bexchV"                       12800    25600 3.073536e+08   7.140426e+05    59.354 ( 12682      1)    10.048 (  8512      0)
"euler_step_1"                     12800    25600 1.024512e+08   5.417402e+05    40.847 ( 10558      0)    17.481 ( 10903      0)
"euler_step_2"                     12800    25600 1.024512e+08   1.492080e+06    82.953 ( 12681      1)    50.657 ( 11287      0)
"nmm_bexchS_start"                 12800    25600 1.024512e+08   5.333808e+04     4.941 (   320      1)     0.178 (  8621      0)
"biwksc_bexchV"                    12800    25600 1.024512e+08   2.726477e+05    31.419 (  8819      1)     4.516 (  6582      0)
"nmm_bexchS_fini"                  12800    25600 1.024512e+08   7.886834e+04    20.736 ( 12677      1)     0.103 (  8637      0)
"qdp_tavg"                         12800    25600 1.024512e+08   1.922192e+04     1.148 (   832      0)     0.437 ( 12682      1)
"vertical_remap"                   12800    25600 3.415040e+07   2.461239e+05    14.802 ( 10176      0)     6.359 ( 10768      1)
"vertical_remap1_1"                12800    25600 5.122560e+07   1.288420e+04     0.729 ( 10176      0)     0.337 ( 10498      1)
"remap_Q_ppm"                      12800    25600 1.536768e+08   2.406420e+05    14.501 ( 10176      0)     6.202 ( 10768      1)
"vertical_remap1_2"                12800    25600 5.122560e+07   1.625004e+04     0.956 ( 10176      0)     0.415 (  8664      1)
"vertical_remap1_3"                12800    25600 5.122560e+07   2.137391e+05    12.942 (  4672      0)     5.494 ( 11158      1)
"prim_run_subcyle_diags"           12800    25600 3.415040e+07   8.593689e+03     0.649 (  3968      0)     0.204 ( 10768      1)
"t_prf"                                0        0 0.000000e+00   0.000000e+00     0.000 (     0      0)     0.000 (     0      0)

10950792
