LAST_GIT_COMMIT_SHA:STRING=4790f40f2fb6acbc051ce4c988681a628c18e83d

***** GLOBAL STATISTICS (   384 MPI TASKS) *****

$Id: gptl.c,v 1.157 2011-03-28 20:55:18 rosinski Exp $
'count' is cumulative. All other stats are max/min
name                               processes  threads        count      walltotal   wallmax (proc   thrd  )   wallmin (proc   thrd  )
Total                                    384      384 3.840000e+02   1.591285e+04    41.446 (   256      0)    41.435 (   344      0)
prim_init1                               384      384 3.840000e+02   1.110565e+02     0.304 (     0      0)     0.285 (   316      0)
repro_sum_int                            384      384 1.728000e+04   1.542635e+01     0.066 (    31      0)     0.019 (   248      0)
prim_init2                               384      384 3.840000e+02   1.594134e+02     0.439 (    76      0)     0.398 (   248      0)
prim_printstate                          384      384 3.840000e+02   2.580792e+01     0.071 (     0      0)     0.067 (    73      0)
interp_movie_output                      384      384 7.680000e+02   1.525400e-01     0.001 (   347      0)     0.000 (   314      0)
prim_main_loop                           384      384 3.840000e+02   1.525892e+04    39.742 (   256      0)    39.732 (   347      0)
prim_run                                 384      384 3.840000e+04   1.525847e+04    39.741 (   256      0)    39.731 (   344      0)
tl-sc prim_run_subcycle_c                384      384 3.840000e+04   1.525236e+04    39.725 (   257      0)    39.713 (   347      0)
tl-sc dp3d-from-ps                       384      384 3.840000e+04   3.171828e+00     0.009 (   128      0)     0.008 (   195      0)
tl-sc prim_step-loop                     384      384 3.840000e+04   1.358339e+04    35.491 (   229      0)    35.135 (     4      0)
tl-s prim_step                           384      384 1.152000e+05   1.358254e+04    35.489 (   229      0)    35.132 (     4      0)
tl-s deep_copy+derived_dp                384      384 1.152000e+05   2.132096e+01     0.062 (    99      0)     0.046 (   380      0)
tl-s prim_advance_exp-loop               384      384 1.152000e+05   3.368633e+03    10.130 (   352      0)     7.794 (    79      0)
tl-ae prim_advance_exp                   384      384 1.152000e+05   3.367574e+03    10.127 (   352      0)     7.791 (    79      0)
tl-ae U3-5stage_timestep                 384      384 1.152000e+05   1.828904e+03     6.011 (   352      0)     3.949 (    79      0)
caar compute                             384      384 5.760000e+05   7.783828e+02     2.300 (   256      0)     1.767 (   350      0)
caar_bexchV                              384      384 5.760000e+05   1.009369e+03     4.024 (   352      0)     1.576 (   256      0)
tl-ae advance_hypervis_dp                384      384 1.152000e+05   1.536337e+03     4.705 (   363      0)     3.752 (   297      0)
hvf-bhwk                                 384      384 3.456000e+05   9.150582e+02     2.772 (   364      0)     2.227 (   101      0)
hvf-bexch                                384      384 6.912000e+05   8.129041e+02     2.924 (   363      0)     1.782 (   297      0)
tl-s prim_advec_tracers_remap            384      384 1.152000e+05   1.018944e+04    27.444 (    79      0)    25.194 (   352      0)
tl-at prim_advec_tracers_remap_RK2       384      384 1.152000e+05   1.018820e+04    27.441 (    79      0)    25.191 (   352      0)
tl-at precompute_divdp                   384      384 1.152000e+05   2.216077e+01     0.066 (    64      0)     0.051 (   362      0)
tl-at esf-0                              384      384 1.152000e+05   2.839372e+03     8.317 (    89      0)     6.447 (   374      0)
tl-at esf-1                              384      384 1.152000e+05   2.165075e+03     6.041 (   311      0)     5.023 (   224      0)
tl-at esf-2                              384      384 1.152000e+05   4.890470e+03    13.392 (   287      0)    12.207 (   195      0)
tl-at qdp_time_avg                       384      384 1.152000e+05   2.645930e+02     0.732 (   256      0)     0.608 (   383      0)
tl-sc vertical_remap                     384      384 3.840000e+04   1.480609e+03     4.080 (     4      0)     3.748 (   229      0)
Remap Thickness Functor                  384      384 3.840000e+04   1.098178e+01     0.031 (   134      0)     0.026 (   255      0)
Remap Scale States Functor               384      384 3.840000e+04   5.514392e+00     0.017 (   160      0)     0.012 (   214      0)
Remap Compute Grids Functor              384      384 3.840000e+04   5.655391e+01     0.159 (   309      0)     0.134 (   255      0)
Remap Compute Remap Functor              384      384 3.840000e+04   1.393928e+03     3.854 (     4      0)     3.536 (   327      0)
Remap Rescale States Functor             384      384 3.840000e+04   6.073282e+00     0.018 (     0      0)     0.015 (    95      0)
tl-sc Q-from-qdp                         384      384 3.840000e+04   1.840737e+02     0.514 (   128      0)     0.471 (   352      0)
t_prf                                      0        0 0.000000e+00   0.000000e+00     0.000 (     0      0)     0.000 (     0      0)

