LAST_GIT_COMMIT_SHA:STRING=adf77c97ed8425a245449f2582d2441f4b72da1e
10950101

***** GLOBAL STATISTICS (   256 MPI TASKS) *****

$Id: gptl.c,v 1.157 2011-03-28 20:55:18 rosinski Exp $
'count' is cumulative. All other stats are max/min
name                           processes  threads        count      walltotal   wallmax (proc   thrd  )   wallmin (proc   thrd  )
"Total"                              256      256 2.560000e+02   8.809237e+03    34.416 (    64      0)    34.406 (     9      0)
"prim_init1"                         256      256 2.560000e+02   4.106656e+01     0.165 (     0      0)     0.159 (   193      0)
"PartitioningTime"                   256      256 2.560000e+02   3.898547e-01     0.002 (   127      0)     0.001 (    51      0)
"repro_sum_int"                      256      256 1.152000e+04   8.472862e+00     0.043 (   248      0)     0.017 (   139      0)
"prim_init2"                         256      512 5.120000e+02   3.363074e+01     0.074 (   119      1)     0.048 (   128      0)
"prim_printstate"                    256      512 5.120000e+02   1.174133e+01     0.029 (     0      0)     0.022 (    22      0)
"interp_movie_output"                256      256 5.120000e+02   1.658013e-01     0.001 (   161      0)     0.000 (    58      0)
"prim_main_loop"                     256      256 2.560000e+02   8.641493e+03    33.761 (    64      0)    33.751 (   151      0)
"prim_run"                           256      512 8.192000e+04   1.728207e+04    33.759 (    64      1)    33.749 (   151      0)
"ApplyCAMForcing"                    256      512 8.192000e+04   1.510012e+02     0.340 (    64      0)     0.264 (    54      1)
"prim_step_rX"                       256      512 2.457600e+05   1.566532e+04    30.771 (   220      1)    30.406 (    64      1)
"prim_step_dyn"                      256      512 2.457600e+05   4.087952e+03    10.252 (    36      0)     6.531 (    75      1)
"prim_advance_exp"                   256      512 2.457600e+05   4.084691e+03    10.246 (    36      0)     6.524 (    75      1)
"U3-5stage_timestep"                 256      512 2.457600e+05   2.302826e+03     6.730 (   235      0)     3.202 (    75      1)
"compute_and_apply_rhs"              256      512 1.228800e+06   2.272074e+03     6.680 (   235      0)     3.134 (    75      1)
"caar_bexchV"                        256      512 1.228800e+06   1.279352e+03     4.915 (   235      1)     0.942 (    64      0)
"advance_hypervis_dp"                256      512 2.457600e+05   1.775733e+03     3.973 (   142      0)     3.193 (    88      0)
"biwkdp3d_bexchV"                    256      512 7.372800e+05   4.033074e+02     1.108 (    21      0)     0.533 (    64      0)
"ahdp_bexchV2"                       256      512 7.372800e+05   3.888563e+02     1.097 (    20      0)     0.589 (    91      0)
"prim_step_advec"                    256      512 2.457600e+05   1.155239e+04    23.882 (    79      0)    20.394 (    36      1)
"PAT_remap"                          256      512 2.457600e+05   1.155014e+04    23.877 (    79      0)    20.389 (    36      1)
"prim_advec_tracers_remap_rk2"       256      512 2.457600e+05   1.154721e+04    23.872 (    79      0)    20.383 (    36      1)
"precomput_divdp"                    256      512 2.457600e+05   1.677547e+01     0.040 (    64      0)     0.029 (   246      1)
"euler_step_0"                       256      512 2.457600e+05   2.965682e+03     6.769 (    46      0)     4.574 (    22      1)
"bihmix_qminmax"                     256      512 7.372800e+05   5.270503e+03    12.048 (    79      1)     8.969 (    54      0)
"eus_neighbor_minmax1"               256      512 2.457600e+05   6.991906e+02     2.362 (   253      1)     0.737 (    54      0)
"nmm_bexchV"                         256      512 2.457600e+05   4.727029e+02     1.930 (   255      1)     0.348 (   182      0)
"eus_2d_advec"                       256      512 7.372800e+05   6.090886e+03    13.964 (    83      0)    10.189 (    27      1)
"eus_bexchV"                         256      512 7.372800e+05   1.920730e+03     5.955 (   221      0)     2.081 (    27      0)
"euler_step_1"                       256      512 2.457600e+05   2.214586e+03     5.094 (   181      1)     3.735 (   150      1)
"euler_step_2"                       256      512 2.457600e+05   6.202210e+03    12.928 (    76      1)    11.088 (    30      0)
"nmm_bexchS_start"                   256      512 2.457600e+05   1.252714e+01     0.102 (     0      1)     0.006 (   255      1)
"biwksc_bexchV"                      256      512 2.457600e+05   8.462519e+02     2.844 (   223      1)     0.903 (   132      0)
"nmm_bexchS_fini"                    256      512 2.457600e+05   4.857091e+01     0.137 (    78      0)     0.027 (     0      0)
"qdp_tavg"                           256      512 2.457600e+05   1.371559e+02     0.341 (   250      1)     0.203 (   220      0)
"vertical_remap"                     256      512 8.192000e+04   1.353935e+03     2.763 (    65      1)     2.512 (   220      0)
"vertical_remap1_1"                  256      512 2.457600e+05   6.058701e+01     0.131 (    65      0)     0.108 (   211      1)
"remap_Q_ppm"                        256      512 7.372800e+05   1.329526e+03     2.715 (    64      0)     2.466 (   220      0)
"vertical_remap1_2"                  256      512 2.457600e+05   8.377283e+01     0.179 (    85      0)     0.152 (   248      0)
"vertical_remap1_3"                  256      512 2.457600e+05   1.195140e+03     2.443 (    64      0)     2.213 (   220      0)
"prim_run_subcyle_diags"             256      512 8.192000e+04   7.902597e+01     0.174 (    80      0)     0.133 (   235      1)
"t_prf"                                0        0 0.000000e+00   0.000000e+00     0.000 (     0      0)     0.000 (     0      0)

10950101
