LAST_GIT_COMMIT_SHA:STRING=adf77c97ed8425a245449f2582d2441f4b72da1e
10950691

***** GLOBAL STATISTICS (  1024 MPI TASKS) *****

$Id: gptl.c,v 1.157 2011-03-28 20:55:18 rosinski Exp $
'count' is cumulative. All other stats are max/min
name                           processes  threads        count      walltotal   wallmax (proc   thrd  )   wallmin (proc   thrd  )
"Total"                             1024     1024 1.024000e+03   6.005475e+04    58.658 (   112      0)    58.636 (   345      0)
"prim_init1"                        1024     1024 1.024000e+03   3.326379e+02     0.340 (   689      0)     0.317 (   600      0)
"PartitioningTime"                  1024     1024 1.024000e+03   2.953962e+00     0.005 (   760      0)     0.001 (   960      0)
"repro_sum_int"                     1024     1024 4.608000e+04   7.564250e+01     0.142 (   370      0)     0.038 (   243      0)
"prim_init2"                        1024     2048 2.048000e+03   2.058756e+02     0.169 (     4      1)     0.065 (   873      0)
"prim_printstate"                   1024     2048 2.048000e+03   7.585155e+01     0.042 (     0      0)     0.036 (   547      1)
"interp_movie_output"               1024     1024 2.048000e+03   9.179606e-01     0.002 (   140      0)     0.000 (    50      0)
"prim_main_loop"                    1024     1024 1.024000e+03   5.851799e+04    57.156 (     2      0)    57.137 (   345      0)
"prim_run"                          1024     2048 5.468160e+05   1.170309e+05    57.153 (     2      0)    57.135 (   345      0)
"ApplyCAMForcing"                   1024     2048 5.468160e+05   1.006455e+03     0.544 (   768      0)     0.412 (   456      0)
"prim_step_rX"                      1024     2048 1.640448e+06   1.063140e+05    52.151 (   350      0)    51.613 (    64      1)
"prim_step_dyn"                     1024     2048 1.640448e+06   3.328289e+04    20.894 (   377      1)    12.127 (    79      0)
"prim_advance_exp"                  1024     2048 1.640448e+06   3.326134e+04    20.883 (   377      1)    12.116 (    79      0)
"U3-5stage_timestep"                1024     2048 1.640448e+06   1.740871e+04    12.036 (   729      0)     5.956 (    79      0)
"compute_and_apply_rhs"             1024     2048 8.202240e+06   1.721661e+04    11.943 (   729      0)     5.854 (    79      0)
"caar_bexchV"                       1024     2048 8.202240e+06   1.077778e+04     8.948 (   761      1)     2.408 (    79      0)
"advance_hypervis_dp"               1024     2048 1.640448e+06   1.581351e+04    10.690 (   365      1)     6.012 (    46      0)
"biwkdp3d_bexchV"                   1024     2048 4.921344e+06   4.748309e+03     4.358 (   365      0)     1.312 (    64      0)
"ahdp_bexchV2"                      1024     2048 4.921344e+06   4.650840e+03     4.331 (   360      0)     1.334 (    80      1)
"prim_step_advec"                   1024     2048 1.640448e+06   7.286615e+04    39.521 (    79      0)    31.149 (   377      1)
"PAT_remap"                         1024     2048 1.640448e+06   7.285173e+04    39.513 (    79      0)    31.142 (   377      1)
"prim_advec_tracers_remap_rk2"      1024     2048 1.640448e+06   7.283235e+04    39.504 (    79      0)    31.131 (   377      1)
"precomput_divdp"                   1024     2048 1.640448e+06   1.068902e+02     0.064 (     0      0)     0.047 (   502      1)
"euler_step_0"                      1024     2048 1.640448e+06   1.770236e+04    10.634 (    80      0)     7.507 (   660      1)
"bihmix_qminmax"                    1024     2048 4.921344e+06   3.317535e+04    19.286 (    79      1)    14.257 (   376      0)
"eus_neighbor_minmax1"              1024     2048 1.640448e+06   3.743627e+03     2.997 (    47      1)     1.260 (   574      0)
"nmm_bexchV"                        1024     2048 1.640448e+06   2.455124e+03     2.467 (   925      1)     0.715 (   574      0)
"eus_2d_advec"                      1024     2048 4.921344e+06   3.843112e+04    22.347 (    83      0)    16.064 (   377      1)
"eus_bexchV"                        1024     2048 4.921344e+06   1.086372e+04     8.657 (   610      0)     3.408 (   729      1)
"euler_step_1"                      1024     2048 1.640448e+06   1.411494e+04     7.797 (   747      0)     5.882 (   675      0)
"euler_step_2"                      1024     2048 1.640448e+06   3.992574e+04    21.278 (    29      0)    16.848 (   377      0)
"nmm_bexchS_start"                  1024     2048 1.640448e+06   8.787457e+01     0.196 (   512      1)     0.009 (   455      1)
"biwksc_bexchV"                     1024     2048 1.640448e+06   4.815141e+03     4.226 (   452      1)     1.464 (   420      0)
"nmm_bexchS_fini"                   1024     2048 1.640448e+06   3.245895e+02     0.257 (   512      1)     0.028 (   704      0)
"qdp_tavg"                          1024     2048 1.640448e+06   9.132692e+02     0.579 (   804      1)     0.334 (   456      0)
"vertical_remap"                    1024     2048 5.468160e+05   8.964628e+03     4.599 (    65      0)     4.158 (   346      1)
"vertical_remap1_1"                 1024     2048 1.640448e+06   4.013508e+02     0.212 (   101      0)     0.178 (   320      0)
"remap_Q_ppm"                       1024     2048 4.921344e+06   8.804185e+03     4.518 (    64      1)     4.087 (   346      1)
"vertical_remap1_2"                 1024     2048 1.640448e+06   5.552923e+02     0.291 (    89      1)     0.248 (   346      1)
"vertical_remap1_3"                 1024     2048 1.640448e+06   7.912850e+03     4.071 (    64      1)     3.681 (   350      0)
"prim_run_subcyle_diags"            1024     2048 5.468160e+05   5.256548e+02     0.289 (   824      0)     0.199 (   448      1)
"t_prf"                                0        0 0.000000e+00   0.000000e+00     0.000 (     0      0)     0.000 (     0      0)

10950691
