LAST_GIT_COMMIT_SHA:STRING=4790f40f2fb6acbc051ce4c988681a628c18e83d

***** GLOBAL STATISTICS (  3072 MPI TASKS) *****

$Id: gptl.c,v 1.157 2011-03-28 20:55:18 rosinski Exp $
'count' is cumulative. All other stats are max/min
name                               processes  threads        count      walltotal   wallmax (proc   thrd  )   wallmin (proc   thrd  )
Total                                   3072     3072 3.072000e+03   1.989698e+05    64.778 (  1792      0)    64.763 (   700      0)
prim_init1                              3072     3072 3.072000e+03   1.110549e+03     0.367 (   512      0)     0.352 (  1477      0)
repro_sum_int                           3072     3072 1.382400e+05   3.209805e+02     0.270 (    59      0)     0.029 (  1935      0)
prim_init2                              3072     3072 3.072000e+03   7.839533e+02     0.410 (    13      0)     0.183 (  1648      0)
prim_printstate                         3072     3072 3.072000e+03   1.636676e+02     0.058 (     0      0)     0.052 (   795      0)
interp_movie_output                     3072     3072 6.144000e+03   1.994352e+00     0.002 (   655      0)     0.000 (   562      0)
prim_main_loop                          3072     3072 3.072000e+03   1.918729e+05    62.467 (  1792      0)    62.455 (   682      0)
prim_run                                3072     3072 2.457600e+06   1.918529e+05    62.460 (  1944      0)    62.448 (  2432      0)
tl-sc prim_run_subcycle_c               3072     3072 2.457600e+06   1.918056e+05    62.446 (  1789      0)    62.431 (  2399      0)
tl-sc dp3d-from-ps                      3072     3072 2.457600e+06   6.941567e+01     0.027 (   640      0)     0.020 (   902      0)
tl-sc prim_step-loop                    3072     3072 2.457600e+06   1.777713e+05    58.058 (   792      0)    57.328 (   983      0)
tl-s prim_step                          3072     3072 7.372800e+06   1.777268e+05    58.044 (   792      0)    57.313 (   983      0)
tl-s deep_copy+derived_dp               3072     3072 7.372800e+06   2.889552e+02     0.110 (  1472      0)     0.087 (   612      0)
tl-s prim_advance_exp-loop              3072     3072 7.372800e+06   7.207321e+04    26.754 (   476      0)    18.239 (  2688      0)
tl-ae prim_advance_exp                  3072     3072 7.372800e+06   7.202188e+04    26.738 (   476      0)    18.219 (  2688      0)
tl-ae U3-5stage_timestep                3072     3072 7.372800e+06   3.644814e+04    15.888 (   617      0)     8.272 (  2560      0)
caar compute                            3072     3072 3.686400e+07   6.673006e+03     2.512 (  1472      0)     1.948 (  2664      0)
caar_bexchV                             3072     3072 3.686400e+07   2.892201e+04    13.615 (   617      0)     5.498 (  2560      0)
tl-ae advance_hypervis_dp               3072     3072 7.372800e+06   3.547121e+04    14.423 (   549      0)     8.934 (  2704      0)
hvf-bhwk                                3072     3072 2.211840e+07   1.886442e+04     8.198 (   572      0)     4.746 (  2704      0)
hvf-bexch                               3072     3072 4.423680e+07   2.864691e+04    12.212 (   549      0)     6.670 (  2701      0)
tl-s prim_advec_tracers_remap           3072     3072 7.372800e+06   1.052324e+05    39.138 (  2688      0)    31.073 (   476      0)
tl-at prim_advec_tracers_remap_RK2      3072     3072 7.372800e+06   1.051659e+05    39.113 (  2688      0)    31.052 (   476      0)
tl-at precompute_divdp                  3072     3072 7.372800e+06   3.177961e+02     0.138 (   640      0)     0.090 (  1019      0)
tl-at esf-0                             3072     3072 7.372800e+06   2.847984e+04    11.281 (  2688      0)     7.806 (  2756      0)
tl-at esf-1                             3072     3072 7.372800e+06   2.063907e+04     8.048 (  2688      0)     5.834 (   827      0)
tl-at esf-2                             3072     3072 7.372800e+06   5.355086e+04    20.966 (  2659      0)    15.431 (  2835      0)
tl-at qdp_time_avg                      3072     3072 7.372800e+06   1.860748e+03     0.690 (   192      0)     0.524 (   893      0)
tl-sc vertical_remap                    3072     3072 2.457600e+06   1.239780e+04     4.573 (   983      0)     3.844 (   792      0)
Remap Thickness Functor                 3072     3072 2.457600e+06   1.477574e+02     0.055 (     0      0)     0.042 (  1401      0)
Remap Scale States Functor              3072     3072 2.457600e+06   8.618735e+01     0.033 (  1524      0)     0.023 (  1621      0)
Remap Compute Grids Functor             3072     3072 2.457600e+06   4.675438e+02     0.172 (     1      0)     0.140 (  1457      0)
Remap Compute Remap Functor             3072     3072 2.457600e+06   1.141282e+04     4.234 (   983      0)     3.538 (   792      0)
Remap Rescale States Functor            3072     3072 2.457600e+06   1.033523e+02     0.040 (   256      0)     0.030 (   902      0)
tl-sc Q-from-qdp                        3072     3072 2.457600e+06   1.503159e+03     0.530 (  1472      0)     0.484 (  1541      0)
t_prf                                      0        0 0.000000e+00   0.000000e+00     0.000 (     0      0)     0.000 (     0      0)

