LAST_GIT_COMMIT_SHA:STRING=adf77c97ed8425a245449f2582d2441f4b72da1e
10950095

***** GLOBAL STATISTICS (   128 MPI TASKS) *****

$Id: gptl.c,v 1.157 2011-03-28 20:55:18 rosinski Exp $
'count' is cumulative. All other stats are max/min
name                           processes  threads        count      walltotal   wallmax (proc   thrd  )   wallmin (proc   thrd  )
"Total"                              128      128 1.280000e+02   4.185757e+03    32.704 (     0      0)    32.694 (    85      0)
"prim_init1"                         128      128 1.280000e+02   2.413074e+01     0.190 (    24      0)     0.187 (   125      0)
"PartitioningTime"                   128      128 1.280000e+02   1.873817e-01     0.002 (    16      0)     0.001 (   121      0)
"repro_sum_int"                      128      128 5.760000e+03   2.551758e+00     0.026 (   103      0)     0.014 (     1      0)
"prim_init2"                         128      256 2.560000e+02   1.632167e+01     0.067 (    79      0)     0.055 (     8      0)
"prim_printstate"                    128      256 2.560000e+02   5.479669e+00     0.026 (     0      0)     0.021 (   123      0)
"interp_movie_output"                128      128 2.560000e+02   6.880236e-02     0.001 (    87      0)     0.000 (    35      0)
"prim_main_loop"                     128      128 1.280000e+02   4.105041e+03    32.074 (    56      0)    32.063 (    85      0)
"prim_run"                           128      256 2.048000e+04   8.209727e+03    32.073 (    13      1)    32.062 (    86      1)
"ApplyCAMForcing"                    128      256 2.048000e+04   8.942042e+01     0.465 (    49      0)     0.297 (    99      0)
"prim_step_rX"                       128      256 6.144000e+04   7.370655e+03    28.912 (   104      1)    28.670 (     0      1)
"prim_step_dyn"                      128      256 6.144000e+04   1.652202e+03     8.226 (    86      0)     5.702 (    59      1)
"prim_advance_exp"                   128      256 6.144000e+04   1.651208e+03     8.222 (    86      0)     5.699 (    59      1)
"U3-5stage_timestep"                 128      256 6.144000e+04   9.300695e+02     5.314 (    86      0)     2.918 (    59      1)
"compute_and_apply_rhs"              128      256 3.072000e+05   9.165862e+02     5.265 (    86      0)     2.863 (    59      1)
"caar_bexchV"                        128      256 3.072000e+05   3.889627e+02     3.356 (    80      0)     0.674 (    59      0)
"advance_hypervis_dp"                128      256 6.144000e+04   7.194106e+02     2.905 (    87      1)     2.757 (    22      1)
"biwkdp3d_bexchV"                    128      256 1.843200e+05   1.001705e+02     0.468 (    87      0)     0.308 (     0      0)
"ahdp_bexchV2"                       128      256 1.843200e+05   1.012162e+02     0.464 (    85      1)     0.343 (     0      0)
"prim_step_advec"                    128      256 6.144000e+04   5.704745e+03    22.938 (    59      1)    20.623 (    85      0)
"PAT_remap"                          128      256 6.144000e+04   5.704127e+03    22.935 (    59      1)    20.620 (    85      0)
"prim_advec_tracers_remap_rk2"       128      256 6.144000e+04   5.703364e+03    22.933 (    59      1)    20.617 (    85      0)
"precomput_divdp"                    128      256 6.144000e+04   8.615405e+00     0.036 (     0      1)     0.032 (    48      0)
"euler_step_0"                       128      256 6.144000e+04   1.484249e+03     6.246 (    59      1)     5.062 (   127      0)
"bihmix_qminmax"                     128      256 1.843200e+05   2.622973e+03    10.755 (     8      0)     9.461 (    65      1)
"eus_neighbor_minmax1"               128      256 6.144000e+04   3.387798e+02     1.654 (    99      0)     1.010 (    73      0)
"nmm_bexchV"                         128      256 6.144000e+04   1.742146e+02     1.053 (    99      1)     0.442 (     2      0)
"eus_2d_advec"                       128      256 1.843200e+05   2.965152e+03    12.030 (    73      1)    10.564 (   127      0)
"eus_bexchV"                         128      256 1.843200e+05   7.782696e+02     3.648 (    73      0)     2.173 (    86      0)
"euler_step_1"                       128      256 6.144000e+04   1.094457e+03     4.447 (    19      0)     3.801 (   123      0)
"euler_step_2"                       128      256 6.144000e+04   3.015290e+03    12.034 (    22      0)    11.083 (    86      0)
"nmm_bexchS_start"                   128      256 6.144000e+04   3.793726e+00     0.061 (    42      1)     0.003 (    69      1)
"biwksc_bexchV"                      128      256 6.144000e+04   3.049039e+02     1.546 (    97      1)     0.986 (    89      0)
"nmm_bexchS_fini"                    128      256 6.144000e+04   4.334589e+01     0.257 (    25      1)     0.104 (   117      1)
"qdp_tavg"                           128      256 6.144000e+04   9.761433e+01     0.512 (    38      0)     0.231 (   111      1)
"vertical_remap"                     128      256 2.048000e+04   6.708956e+02     2.651 (    80      1)     2.596 (    11      1)
"vertical_remap1_1"                  128      256 1.228800e+05   2.992422e+01     0.125 (    52      1)     0.112 (     5      0)
"remap_Q_ppm"                        128      256 3.686400e+05   6.589694e+02     2.601 (    80      1)     2.551 (    11      1)
"vertical_remap1_2"                  128      256 1.228800e+05   4.141581e+01     0.169 (     1      0)     0.157 (    51      1)
"vertical_remap1_3"                  128      256 1.228800e+05   5.924312e+02     2.336 (    80      1)     2.295 (    10      1)
"prim_run_subcyle_diags"             128      256 2.048000e+04   5.469965e+01     0.319 (    56      1)     0.145 (    86      0)
"t_prf"                                0        0 0.000000e+00   0.000000e+00     0.000 (     0      0)     0.000 (     0      0)

10950095
