LAST_GIT_COMMIT_SHA:STRING=4790f40f2fb6acbc051ce4c988681a628c18e83d

***** GLOBAL STATISTICS (  1024 MPI TASKS) *****

$Id: gptl.c,v 1.157 2011-03-28 20:55:18 rosinski Exp $
'count' is cumulative. All other stats are max/min
name                               processes  threads        count      walltotal   wallmax (proc   thrd  )   wallmin (proc   thrd  )
Total                                   1024     1024 1.024000e+03   4.869683e+04    47.565 (     0      0)    47.548 (   875      0)
prim_init1                              1024     1024 1.024000e+03   2.877481e+02     0.286 (     0      0)     0.276 (   688      0)
repro_sum_int                           1024     1024 4.608000e+04   6.053985e+01     0.137 (   587      0)     0.025 (   269      0)
prim_init2                              1024     1024 1.024000e+03   2.729500e+02     0.340 (   981      0)     0.236 (   718      0)
prim_printstate                         1024     1024 1.024000e+03   5.820117e+01     0.061 (     0      0)     0.056 (   239      0)
interp_movie_output                     1024     1024 2.048000e+03   4.038863e-01     0.001 (    69      0)     0.000 (   195      0)
prim_main_loop                          1024     1024 1.024000e+03   4.702975e+04    45.936 (     0      0)    45.921 (   875      0)
prim_run                                1024     1024 2.734080e+05   4.702733e+04    45.934 (     0      0)    45.918 (   859      0)
tl-sc prim_run_subcycle_c               1024     1024 2.734080e+05   4.701687e+04    45.924 (   454      0)    45.906 (   875      0)
tl-sc dp3d-from-ps                      1024     1024 2.734080e+05   1.198775e+01     0.014 (   768      0)     0.011 (   901      0)
tl-sc prim_step-loop                    1024     1024 2.734080e+05   4.252011e+04    41.640 (   613      0)    41.326 (   831      0)
tl-s prim_step                          1024     1024 8.202240e+05   4.251494e+04    41.635 (   613      0)    41.321 (   831      0)
tl-s deep_copy+derived_dp               1024     1024 8.202240e+05   6.409599e+01     0.075 (   805      0)     0.054 (   458      0)
tl-s prim_advance_exp-loop              1024     1024 8.202240e+05   1.396872e+04    16.594 (   345      0)    10.488 (    42      0)
tl-ae prim_advance_exp                  1024     1024 8.202240e+05   1.396233e+04    16.589 (   345      0)    10.481 (    42      0)
tl-ae U3-5stage_timestep                1024     1024 8.202240e+05   7.316726e+03     9.987 (   601      0)     4.959 (    42      0)
caar compute                            1024     1024 4.101120e+06   1.996151e+03     2.244 (    64      0)     1.736 (   864      0)
caar_bexchV                             1024     1024 4.101120e+06   5.162560e+03     7.915 (   601      0)     2.689 (    42      0)
tl-ae advance_hypervis_dp               1024     1024 8.202240e+05   6.631207e+03     8.476 (   366      0)     5.316 (    43      0)
hvf-bhwk                                1024     1024 2.460672e+06   3.693197e+03     4.692 (   359      0)     2.997 (   612      0)
hvf-bexch                               1024     1024 4.921344e+06   4.695174e+03     6.673 (   366      0)     3.294 (    43      0)
tl-s prim_advec_tracers_remap           1024     1024 8.202240e+05   2.846423e+04    31.003 (    42      0)    24.805 (   345      0)
tl-at prim_advec_tracers_remap_RK2      1024     1024 8.202240e+05   2.845624e+04    30.995 (    42      0)    24.798 (   345      0)
tl-at precompute_divdp                  1024     1024 8.202240e+05   6.717459e+01     0.096 (    64      0)     0.052 (   525      0)
tl-at esf-0                             1024     1024 8.202240e+05   7.539372e+03     9.200 (    48      0)     6.371 (   874      0)
tl-at esf-1                             1024     1024 8.202240e+05   5.900503e+03     6.478 (    75      0)     4.895 (   345      0)
tl-at esf-2                             1024     1024 8.202240e+05   1.427462e+04    15.951 (   610      0)    12.228 (   346      0)
tl-at qdp_time_avg                      1024     1024 8.202240e+05   6.335368e+02     0.689 (   820      0)     0.507 (   456      0)
tl-sc vertical_remap                    1024     1024 2.734080e+05   3.986821e+03     4.090 (   831      0)     3.778 (   890      0)
Remap Thickness Functor                 1024     1024 2.734080e+05   3.334613e+01     0.036 (   704      0)     0.028 (   454      0)
Remap Scale States Functor              1024     1024 2.734080e+05   1.735575e+01     0.021 (    72      0)     0.014 (   613      0)
Remap Compute Grids Functor             1024     1024 2.734080e+05   1.489752e+02     0.158 (   822      0)     0.129 (   451      0)
Remap Compute Remap Functor             1024     1024 2.734080e+05   3.738706e+03     3.829 (   831      0)     3.551 (   890      0)
Remap Rescale States Functor            1024     1024 2.734080e+05   2.052293e+01     0.024 (   256      0)     0.018 (    44      0)
tl-sc Q-from-qdp                        1024     1024 2.734080e+05   4.906618e+02     0.535 (    64      0)     0.474 (   601      0)
t_prf                                      0        0 0.000000e+00   0.000000e+00     0.000 (     0      0)     0.000 (     0      0)

