LAST_GIT_COMMIT_SHA:STRING=adf77c97ed8425a245449f2582d2441f4b72da1e
10950812

***** GLOBAL STATISTICS (  3456 MPI TASKS) *****

$Id: gptl.c,v 1.157 2011-03-28 20:55:18 rosinski Exp $
'count' is cumulative. All other stats are max/min
name                           processes  threads        count      walltotal   wallmax (proc   thrd  )   wallmin (proc   thrd  )
"Total"                             3456     3456 3.456000e+03   6.053873e+05   175.288 (  3139      0)   175.052 (  2333      0)
"prim_init1"                        3456     3456 3.456000e+03   5.517240e+03     1.638 (   192      0)     1.462 (  3264      0)
"PartitioningTime"                  3456     3456 3.456000e+03   9.805187e+00     0.005 (  2332      0)     0.002 (   214      0)
"repro_sum_int"                     3456     3456 1.555200e+05   5.406183e+02     0.484 (  2880      0)     0.044 (  3155      0)
"prim_init2"                        3456     6912 6.912000e+03   1.592266e+03     0.557 (  2880      0)     0.121 (  3136      1)
"prim_printstate"                   3456     6912 6.912000e+03   4.929457e+02     0.076 (     0      0)     0.070 (  1661      0)
"interp_movie_output"               3456     3456 6.912000e+03   4.337048e+00     0.002 (  2412      0)     0.000 (     2      0)
"prim_main_loop"                    3456     3456 3.456000e+03   5.456470e+05   158.005 (  3139      0)   157.767 (  2333      0)
"prim_run"                          3456     6912 1.244160e+06   1.091277e+06   158.002 (  3139      1)   157.764 (  2333      0)
"ApplyCAMForcing"                   3456     6912 1.244160e+06   1.019432e+04     2.133 (  1088      0)     1.156 (  2610      1)
"prim_step_rX"                      3456     6912 3.732480e+06   9.852444e+05   143.562 (  2612      0)   139.954 (  3026      1)
"prim_step_dyn"                     3456     6912 3.732480e+06   2.772263e+05    48.882 (  2585      1)    27.168 (  1134      0)
"prim_advance_exp"                  3456     6912 3.732480e+06   2.771728e+05    48.874 (  2585      1)    27.162 (  1134      0)
"U3-5stage_timestep"                3456     6912 3.732480e+06   1.396075e+05    29.814 (  3125      1)    12.977 (  1050      0)
"compute_and_apply_rhs"             3456     6912 1.866240e+07   1.385444e+05    29.656 (  3125      1)    12.823 (  1050      0)
"caar_bexchV"                       3456     6912 1.866240e+07   7.865022e+04    21.982 (  3100      1)     3.336 (  1140      0)
"advance_hypervis_dp"               3456     6912 3.732480e+06   1.374761e+05    27.945 (   852      0)    13.361 (  1127      1)
"biwkdp3d_bexchV"                   3456     6912 1.119744e+07   3.965947e+04    11.404 (  1294      1)     1.703 (  1119      0)
"ahdp_bexchV2"                      3456     6912 1.119744e+07   3.932989e+04    11.094 (  1296      1)     1.860 (  1134      0)
"prim_step_advec"                   3456     6912 3.732480e+06   7.066093e+05   114.739 (  1134      0)    93.843 (   893      1)
"PAT_remap"                         3456     6912 3.732480e+06   7.065763e+05   114.735 (  1134      0)    93.838 (   893      1)
"prim_advec_tracers_remap_rk2"      3456     6912 3.732480e+06   7.065318e+05   114.729 (  1134      0)    93.831 (   893      1)
"precomput_divdp"                   3456     6912 3.732480e+06   1.000616e+03     0.187 (  1152      0)     0.124 (   835      1)
"euler_step_0"                      3456     6912 3.732480e+06   1.719582e+05    29.930 (  1092      0)    21.173 (  2575      1)
"bihmix_qminmax"                    3456     6912 1.119744e+07   3.102697e+05    51.290 (  1092      1)    40.745 (  2585      1)
"eus_neighbor_minmax1"              3456     6912 3.732480e+06   3.293280e+04     8.224 (  1237      1)     3.025 (   892      0)
"nmm_bexchV"                        3456     6912 3.732480e+06   1.951852e+04     6.649 (  1237      1)     1.247 (   892      0)
"eus_2d_advec"                      3456     6912 1.119744e+07   3.849622e+05    63.582 (  2059      0)    49.622 (   877      1)
"eus_bexchV"                        3456     6912 1.119744e+07   9.513278e+04    23.089 (  3118      1)     7.262 (  2624      0)
"euler_step_1"                      3456     6912 3.732480e+06   1.375793e+05    23.719 (  1462      0)    17.516 (  2584      1)
"euler_step_2"                      3456     6912 3.732480e+06   3.860599e+05    62.473 (  3083      1)    51.085 (   895      1)
"nmm_bexchS_start"                  3456     6912 3.732480e+06   2.432708e+03     1.465 (   576      1)     0.026 (  2272      0)
"biwksc_bexchV"                     3456     6912 3.732480e+06   3.486778e+04    10.380 (  1573      1)     2.826 (   472      0)
"nmm_bexchS_fini"                   3456     6912 3.732480e+06   3.726797e+03     2.322 (  1097      1)     0.015 (  1692      0)
"qdp_tavg"                          3456     6912 3.732480e+06   9.746191e+03     2.921 (  1128      0)     0.890 (  3110      1)
"vertical_remap"                    3456     6912 1.244160e+06   8.543657e+04    15.683 (  3026      0)    11.256 (  2579      1)
"vertical_remap1_1"                 3456     6912 1.555200e+07   3.682487e+03     0.715 (  3026      0)     0.474 (  2586      1)
"remap_Q_ppm"                       3456     6912 4.665600e+07   8.397349e+04    15.446 (  3026      0)    11.057 (  2579      1)
"vertical_remap1_2"                 3456     6912 1.555200e+07   5.252854e+03     1.030 (  3026      0)     0.674 (  2593      1)
"vertical_remap1_3"                 3456     6912 1.555200e+07   7.562338e+04    13.799 (  3026      0)     9.974 (  2579      1)
"prim_run_subcyle_diags"            3456     6912 1.244160e+06   3.897910e+03     0.984 (  1102      0)     0.398 (  2583      1)
"t_prf"                                0        0 0.000000e+00   0.000000e+00     0.000 (     0      0)     0.000 (     0      0)

10950812
