LAST_GIT_COMMIT_SHA:STRING=adf77c97ed8425a245449f2582d2441f4b72da1e
10950806

***** GLOBAL STATISTICS (   960 MPI TASKS) *****

$Id: gptl.c,v 1.157 2011-03-28 20:55:18 rosinski Exp $
'count' is cumulative. All other stats are max/min
name                           processes  threads        count      walltotal   wallmax (proc   thrd  )   wallmin (proc   thrd  )
"Total"                              960      960 9.600000e+02   2.013152e+05   209.954 (   740      0)   209.405 (   471      0)
"prim_init1"                         960      960 9.600000e+02   1.718160e+03     1.824 (     0      0)     1.698 (    82      0)
"PartitioningTime"                   960      960 9.600000e+02   2.773678e+00     0.004 (   211      0)     0.002 (   891      0)
"repro_sum_int"                      960      960 4.320000e+04   9.212663e+01     0.172 (    30      0)     0.037 (     0      0)
"prim_init2"                         960     1920 1.920000e+03   4.995639e+02     0.336 (   163      0)     0.205 (     0      1)
"prim_printstate"                    960     1920 1.920000e+03   1.679892e+02     0.092 (     0      0)     0.086 (    49      0)
"interp_movie_output"                960      960 1.920000e+03   7.383068e-01     0.001 (    93      0)     0.000 (     0      0)
"prim_main_loop"                     960      960 9.600000e+02   1.840362e+05   191.955 (   740      0)   191.406 (   471      0)
"prim_run"                           960     1920 9.600000e+04   3.680702e+05   191.954 (   740      0)   191.405 (   471      0)
"ApplyCAMForcing"                    960     1920 9.600000e+04   3.103177e+03     3.161 (     6      1)     1.108 (   703      1)
"prim_step_rX"                       960     1920 2.880000e+05   3.383460e+05   178.069 (   251      1)   174.338 (   607      1)
"prim_step_dyn"                      960     1920 2.880000e+05   1.043978e+05    78.625 (   463      1)    24.119 (   740      0)
"prim_advance_exp"                   960     1920 2.880000e+05   1.043932e+05    78.623 (   463      1)    24.117 (   740      0)
"U3-5stage_timestep"                 960     1920 2.880000e+05   5.609382e+04    56.297 (   463      1)    12.022 (   740      0)
"compute_and_apply_rhs"              960     1920 1.440000e+06   5.583492e+04    56.180 (   463      1)    11.838 (   740      0)
"caar_bexchV"                        960     1920 1.440000e+06   3.930739e+04    48.595 (   463      1)     1.680 (   740      0)
"advance_hypervis_dp"                960     1920 2.880000e+05   4.829123e+04    43.596 (   856      0)    11.996 (   737      1)
"biwkdp3d_bexchV"                    960     1920 8.640000e+05   1.640340e+04    22.355 (   291      0)     0.848 (   719      1)
"ahdp_bexchV2"                       960     1920 8.640000e+05   1.567844e+04    22.490 (   856      1)     1.293 (   738      1)
"prim_step_advec"                    960     1920 2.880000e+05   2.334749e+05   152.320 (   740      0)    98.537 (   463      1)
"PAT_remap"                          960     1920 2.880000e+05   2.334723e+05   152.319 (   740      0)    98.536 (   463      1)
"prim_advec_tracers_remap_rk2"       960     1920 2.880000e+05   2.334685e+05   152.317 (   740      0)    98.534 (   463      1)
"precomput_divdp"                    960     1920 2.880000e+05   3.041447e+02     0.258 (    57      0)     0.126 (   317      1)
"euler_step_0"                       960     1920 2.880000e+05   5.890449e+04    44.799 (   918      0)    20.169 (   900      1)
"bihmix_qminmax"                     960     1920 8.640000e+05   1.073661e+05    77.294 (   230      0)    43.269 (   877      1)
"eus_neighbor_minmax1"               960     1920 2.880000e+05   1.354908e+04    17.254 (   828      1)     2.919 (   893      0)
"nmm_bexchV"                         960     1920 2.880000e+05   7.590053e+03    15.525 (   923      1)     1.045 (   510      0)
"eus_2d_advec"                       960     1920 8.640000e+05   1.220051e+05    84.413 (   705      0)    49.282 (   341      0)
"eus_bexchV"                         960     1920 8.640000e+05   4.033570e+04    40.130 (   885      0)    10.388 (   931      0)
"euler_step_1"                       960     1920 2.880000e+05   4.340607e+04    35.587 (   885      1)    16.674 (   490      0)
"euler_step_2"                       960     1920 2.880000e+05   1.270917e+05    80.723 (   705      0)    53.916 (   881      0)
"nmm_bexchS_start"                   960     1920 2.880000e+05   1.265762e+02     0.856 (   269      1)     0.002 (   381      1)
"biwksc_bexchV"                      960     1920 2.880000e+05   1.680862e+04    24.096 (   250      1)     3.825 (   881      0)
"nmm_bexchS_fini"                    960     1920 2.880000e+05   3.678920e+03     6.678 (   719      0)     0.659 (   174      0)
"qdp_tavg"                           960     1920 2.880000e+05   3.745631e+03     3.517 (   167      0)     0.962 (   768      1)
"vertical_remap"                     960     1920 9.600000e+04   2.392916e+04    14.214 (   590      1)    11.477 (   239      0)
"vertical_remap1_1"                  960     1920 4.320000e+06   1.037813e+03     0.585 (   590      0)     0.495 (   451      0)
"remap_Q_ppm"                        960     1920 1.296000e+07   2.349607e+04    13.941 (   590      1)    11.264 (   239      0)
"vertical_remap1_2"                  960     1920 4.320000e+06   1.470009e+03     0.824 (   403      1)     0.706 (   500      1)
"vertical_remap1_3"                  960     1920 4.320000e+06   2.116142e+04    12.637 (   590      1)    10.113 (   239      0)
"prim_run_subcyle_diags"             960     1920 9.600000e+04   1.998866e+03     2.130 (    44      0)     0.592 (   768      1)
"t_prf"                                0        0 0.000000e+00   0.000000e+00     0.000 (     0      0)     0.000 (     0      0)

10950806
