LAST_GIT_COMMIT_SHA:STRING=4790f40f2fb6acbc051ce4c988681a628c18e83d

***** GLOBAL STATISTICS (  3072 MPI TASKS) *****

$Id: gptl.c,v 1.157 2011-03-28 20:55:18 rosinski Exp $
'count' is cumulative. All other stats are max/min
name                               processes  threads        count      walltotal   wallmax (proc   thrd  )   wallmin (proc   thrd  )
Total                                   3072     3072 3.072000e+03   4.591969e+05   149.493 (   896      0)   149.469 (  1400      0)
prim_init1                              3072     3072 3.072000e+03   2.257670e+03     0.744 (     0      0)     0.701 (  1339      0)
repro_sum_int                           3072     3072 1.382400e+05   2.770480e+02     0.238 (  2627      0)     0.030 (  1112      0)
prim_init2                              3072     3072 3.072000e+03   1.131254e+03     0.510 (  1477      0)     0.309 (  1129      0)
prim_printstate                         3072     3072 3.072000e+03   2.263655e+02     0.082 (     0      0)     0.072 (  1446      0)
interp_movie_output                     3072     3072 6.144000e+03   2.061155e+00     0.003 (  1447      0)     0.000 (  2479      0)
prim_main_loop                          3072     3072 3.072000e+03   4.428984e+05   144.187 (  2688      0)   144.164 (  1666      0)
prim_run                                3072     3072 1.966080e+06   4.428811e+05   144.181 (  2688      0)   144.158 (  1408      0)
tl-sc prim_run_subcycle_c               3072     3072 1.966080e+06   4.428272e+05   144.165 (  2687      0)   144.138 (  1408      0)
tl-sc dp3d-from-ps                      3072     3072 1.966080e+06   9.661007e+01     0.038 (   960      0)     0.029 (   376      0)
tl-sc prim_step-loop                    3072     3072 1.966080e+06   3.998148e+05   130.613 (  2929      0)   129.188 (  1885      0)
tl-s prim_step                          3072     3072 5.898240e+06   3.997753e+05   130.603 (  2929      0)   129.175 (  1885      0)
tl-s deep_copy+derived_dp               3072     3072 5.898240e+06   5.888484e+02     0.236 (  1073      0)     0.157 (  2685      0)
tl-s prim_advance_exp-loop              3072     3072 5.898240e+06   1.330036e+05    49.546 (   420      0)    33.264 (  2694      0)
tl-ae prim_advance_exp                  3072     3072 5.898240e+06   1.329572e+05    49.532 (   420      0)    33.249 (  2694      0)
tl-ae U3-5stage_timestep                3072     3072 5.898240e+06   6.774823e+04    31.649 (   407      0)    15.072 (  2688      0)
caar compute                            3072     3072 2.949120e+07   1.908591e+04     7.169 (   960      0)     5.430 (   616      0)
caar_bexchV                             3072     3072 2.949120e+07   4.734399e+04    25.438 (   407      0)     7.837 (  2560      0)
tl-ae advance_hypervis_dp               3072     3072 5.898240e+06   6.510117e+04    27.270 (   503      0)    16.379 (  2654      0)
hvf-bhwk                                3072     3072 1.769472e+07   3.626004e+04    16.902 (   311      0)     9.302 (   612      0)
hvf-bexch                               3072     3072 3.538944e+07   4.697738e+04    21.689 (   506      0)    10.345 (  2802      0)
tl-s prim_advec_tracers_remap           3072     3072 5.898240e+06   2.660458e+05    96.696 (  2694      0)    80.428 (   420      0)
tl-at prim_advec_tracers_remap_RK2      3072     3072 5.898240e+06   2.659873e+05    96.677 (  2694      0)    80.410 (   420      0)
tl-at precompute_divdp                  3072     3072 5.898240e+06   5.884431e+02     0.256 (   896      0)     0.157 (  1215      0)
tl-at esf-0                             3072     3072 5.898240e+06   7.088931e+04    28.073 (  2266      0)    19.937 (  1115      0)
tl-at esf-1                             3072     3072 5.898240e+06   5.592145e+04    21.456 (  2246      0)    15.999 (  3067      0)
tl-at esf-2                             3072     3072 5.898240e+06   1.320132e+05    51.476 (  2694      0)    39.965 (   370      0)
tl-at qdp_time_avg                      3072     3072 5.898240e+06   6.270331e+03     2.321 (   192      0)     1.587 (  2685      0)
tl-sc vertical_remap                    3072     3072 1.966080e+06   3.818228e+04    13.367 (  1885      0)    11.973 (  2929      0)
Remap Thickness Functor                 3072     3072 1.966080e+06   2.896656e+02     0.105 (  2620      0)     0.079 (  2680      0)
Remap Scale States Functor              3072     3072 1.966080e+06   1.478055e+02     0.061 (  1045      0)     0.039 (   383      0)
Remap Compute Grids Functor             3072     3072 1.966080e+06   1.411990e+03     0.508 (  2155      0)     0.402 (   383      0)
Remap Compute Remap Functor             3072     3072 1.966080e+06   3.598270e+04    12.624 (  1885      0)    11.315 (   368      0)
Remap Rescale States Functor            3072     3072 1.966080e+06   1.738767e+02     0.069 (  2560      0)     0.053 (  1078      0)
tl-sc Q-from-qdp                        3072     3072 1.966080e+06   4.679402e+03     1.704 (  2752      0)     1.509 (  2869      0)
t_prf                                      0        0 0.000000e+00   0.000000e+00     0.000 (     0      0)     0.000 (     0      0)

